0.015625 1.9999999999999996 24.0 2.00000000000077 23.99999999999999 -2.27822078484169e-70
0.046875 1.9999999999999996 24.0 2.00000000000077 23.99999999999999 -6.85218368134225e-70
0.078125 1.9999999999999996 24.0 2.00000000000077 23.999999999999993 -1.8996549218085223e-69
0.109375 1.9999999999999996 24.0 2.0000000000007687 23.999999999999982 -5.008720464462768e-69
0.140625 1.9999999999999996 24.0 2.0000000000007674 23.99999999999998 -1.275954546258792e-68
0.171875 1.9999999999999996 24.0 2.0000000000007665 23.99999999999997 -3.1691289287035775e-68
0.203125 1.9999999999999996 24.0 2.0000000000007656 23.999999999999964 -7.718206623049324e-68
0.234375 1.9999999999999996 24.0 2.000000000000763 23.99999999999995 -1.8502142513491473e-67
0.265625 1.9999999999999996 24.0 2.0000000000007603 23.999999999999936 -4.377446861968469e-67
0.296875 1.9999999999999996 24.0 2.0000000000007594 23.99999999999993 -1.0241461876918614e-66
0.328125 1.9999999999999996 24.0 2.0000000000007594 23.999999999999925 -2.372921497325267e-66
0.359375 1.9999999999999996 24.0 2.0000000000007585 23.99999999999992 -5.451008665905134e-66
0.390625 1.9999999999999996 24.0 2.0000000000007576 23.999999999999915 -1.2425942366207413e-65
0.421875 1.9999999999999996 24.0 2.000000000000756 23.999999999999904 -2.8128757645194546e-65
0.453125 1.9999999999999996 24.0 2.0000000000007554 23.999999999999904 -6.326920398120275e-65
0.484375 1.9999999999999996 24.0 2.000000000000756 23.999999999999908 -1.414693107295441e-64
0.515625 1.9999999999999996 24.0 2.000000000000754 23.999999999999897 -3.145813634902412e-64
0.546875 1.9999999999999996 24.0 2.0000000000007527 23.999999999999893 -6.959052145299416e-64
0.578125 1.9999999999999996 24.0 2.0000000000007523 23.999999999999886 -1.5319234162033377e-63
0.609375 1.9999999999999996 24.0 2.0000000000007523 23.99999999999988 -3.356600044717967e-63
0.640625 1.9999999999999996 24.0 2.0000000000007523 23.999999999999876 -7.321984942534789e-63
0.671875 1.9999999999999996 24.0 2.0000000000007527 23.99999999999988 -1.5903905636321816e-62
0.703125 1.9999999999999996 24.0 2.0000000000007523 23.999999999999872 -3.4402769321153487e-62
0.734375 1.9999999999999996 24.0 2.0000000000007523 23.999999999999872 -7.4123871613528855e-62
0.765625 1.9999999999999996 24.0 2.0000000000007527 23.999999999999872 -1.590929990931295e-61
0.796875 1.9999999999999996 24.0 2.000000000000753 23.999999999999872 -3.401882857024736e-61
0.828125 1.9999999999999996 24.0 2.0000000000007523 23.999999999999865 -7.247774453020917e-61
0.859375 1.9999999999999996 24.0 2.0000000000007523 23.999999999999865 -1.5386651948267813e-60
0.890625 1.9999999999999996 24.0 2.0000000000007523 23.999999999999865 -3.2551487659220895e-60
0.921875 1.9999999999999996 24.0 2.0000000000007523 23.99999999999986 -6.863006283915339e-60
0.953125 1.9999999999999996 24.0 2.0000000000007523 23.999999999999865 -1.442119640701555e-59
0.984375 1.9999999999999996 24.0 2.0000000000007514 23.999999999999854 -3.0203361416968546e-59
1.015625 1.9999999999999996 24.0 2.0000000000007505 23.999999999999844 -6.305182608170241e-59
1.046875 1.9999999999999996 24.0 2.00000000000075 23.999999999999844 -1.3120415267055653e-58
1.078125 1.9999999999999996 24.0 2.000000000000751 23.999999999999844 -2.7215866533612825e-58
1.109375 1.9999999999999996 24.0 2.0000000000007514 23.999999999999844 -5.6277758939184945e-58
1.140625 1.9999999999999996 24.0 2.0000000000007505 23.999999999999837 -1.1601261438237894e-57
1.171875 1.9999999999999996 24.0 2.0000000000007505 23.999999999999837 -2.3841835575636754e-57
1.203125 1.9999999999999996 24.0 2.0000000000007505 23.999999999999837 -4.884848740431868e-57
1.234375 1.9999999999999996 24.0 2.0000000000007505 23.999999999999833 -9.978129800561989e-57
1.265625 1.9999999999999996 24.0 2.0000000000007496 23.99999999999983 -2.0320867377757505e-56
1.296875 1.9999999999999996 24.0 2.0000000000007505 23.999999999999833 -4.126081146814488e-56
1.328125 1.9999999999999996 24.0 2.0000000000007496 23.99999999999983 -8.352991740634592e-56
1.359375 1.9999999999999996 24.0 2.0000000000007496 23.99999999999983 -1.686011193240446e-55
1.390625 1.9999999999999996 24.0 2.0000000000007496 23.99999999999983 -3.3931056550831865e-55
1.421875 1.9999999999999996 24.0 2.0000000000007505 23.99999999999983 -6.808576983337657e-55
1.453125 1.9999999999999996 24.0 2.0000000000007496 23.999999999999822 -1.3621972531801136e-54
1.484375 1.9999999999999996 24.0 2.0000000000007496 23.999999999999822 -2.71737836329482e-54
1.515625 1.9999999999999996 24.0 2.0000000000007496 23.99999999999982 -5.404899700758321e-54
1.546875 1.9999999999999996 24.0 2.0000000000007496 23.99999999999982 -1.07189611230049e-53
1.578125 1.9999999999999996 24.0 2.0000000000007496 23.99999999999982 -2.119554414886232e-53
1.609375 1.9999999999999996 24.0 2.0000000000007496 23.99999999999982 -4.178897469918695e-53
1.640625 1.9999999999999996 24.0 2.0000000000007496 23.99999999999982 -8.214889684997225e-53
1.671875 1.9999999999999996 24.0 2.0000000000007496 23.99999999999982 -1.6101315822779676e-52
1.703125 1.9999999999999996 24.0 2.0000000000007496 23.999999999999822 -3.1465632025112256e-52
1.734375 1.9999999999999996 24.0 2.0000000000007496 23.999999999999815 -6.1308674558564455e-52
1.765625 1.9999999999999996 24.0 2.0000000000007496 23.999999999999815 -1.1909998921582205e-51
1.796875 1.9999999999999996 24.0 2.0000000000007496 23.999999999999815 -2.3067406877601848e-51
1.828125 1.9999999999999996 24.0 2.0000000000007496 23.99999999999981 -4.454253611117328e-51
1.859375 1.9999999999999996 24.0 2.0000000000007505 23.999999999999815 -8.574936586047256e-51
1.890625 1.9999999999999996 24.0 2.0000000000007496 23.99999999999981 -1.645720846417934e-50
1.921875 1.9999999999999996 24.0 2.0000000000007496 23.999999999999808 -3.1487547339947423e-50
1.953125 1.9999999999999996 24.0 2.0000000000007496 23.999999999999808 -6.005727064687491e-50
1.984375 1.9999999999999996 24.0 2.0000000000007496 23.999999999999808 -1.1418828486624206e-49
2.015625 1.9999999999999996 24.0 2.0000000000007514 23.999999999999815 -2.164163558795051e-49
2.046875 1.9999999999999996 24.0 2.0000000000007514 23.99999999999981 -4.0883930329748965e-49
2.078125 1.9999999999999996 24.0 2.0000000000007496 23.9999999999998 -7.698188899911537e-49
2.109375 1.9999999999999996 24.0 2.0000000000007496 23.9999999999998 -1.4446905109718582e-48
2.140625 1.9999999999999996 24.0 2.0000000000007496 23.9999999999998 -2.702002356417873e-48
2.171875 1.9999999999999996 24.0 2.0000000000007487 23.999999999999794 -5.0360797287801475e-48
2.203125 1.9999999999999996 24.0 2.000000000000747 23.99999999999978 -9.353267962350299e-48
2.234375 1.9999999999999996 24.0 2.000000000000747 23.99999999999978 -1.7308607822853055e-47
2.265625 1.9999999999999996 24.0 2.000000000000747 23.99999999999978 -3.1911596593010844e-47
2.296875 1.9999999999999996 24.0 2.000000000000747 23.99999999999978 -5.8610728285051535e-47
2.328125 1.9999999999999996 24.0 2.000000000000747 23.999999999999776 -1.0722511834554478e-46
2.359375 1.9999999999999996 24.0 2.000000000000747 23.999999999999776 -1.9536579209753196e-46
2.390625 1.9999999999999996 24.0 2.000000000000747 23.99999999999978 -3.544595714090166e-46
2.421875 1.9999999999999996 24.0 2.000000000000746 23.99999999999977 -6.402876193520721e-46
2.453125 1.9999999999999996 24.0 2.000000000000745 23.999999999999766 -1.1512940178789018e-45
2.484375 1.9999999999999996 24.0 2.0000000000007443 23.99999999999976 -2.060150041016556e-45
2.515625 1.9999999999999996 24.0 2.0000000000007443 23.99999999999976 -3.6677085226756304e-45
2.546875 1.9999999999999996 24.0 2.0000000000007443 23.99999999999975 -6.494345351696857e-45
2.578125 1.9999999999999996 24.0 2.0000000000007443 23.99999999999975 -1.1432892156771465e-44
2.609375 1.9999999999999996 24.0 2.0000000000007434 23.999999999999748 -2.0001391905388715e-44
2.640625 1.9999999999999996 24.0 2.0000000000007434 23.99999999999975 -3.4754386748737267e-44
2.671875 1.9999999999999996 24.0 2.0000000000007434 23.999999999999748 -5.993943055649722e-44
2.703125 1.9999999999999996 24.0 2.0000000000007425 23.999999999999744 -1.025195040406753e-43
2.734375 1.9999999999999996 24.0 2.0000000000007416 23.999999999999737 -1.7371316768754017e-43
2.765625 1.9999999999999996 24.0 2.0000000000007407 23.99999999999973 -2.91205779188509e-43
2.796875 1.9999999999999996 24.0 2.0000000000007407 23.999999999999734 -4.8208921257584945e-43
2.828125 1.9999999999999996 24.0 2.000000000000742 23.999999999999737 -7.862381985663504e-43
2.859375 1.9999999999999996 24.0 2.000000000000742 23.999999999999737 -1.258888113997978e-42
2.890625 1.9999999999999996 24.0 2.0000000000007416 23.999999999999734 -1.9689254483153933e-42
2.921875 1.9999999999999996 24.0 2.0000000000007416 23.999999999999734 -2.984371359915005e-42
2.953125 1.9999999999999996 24.0 2.0000000000007416 23.999999999999734 -4.325788212120148e-42
2.984375 1.9999999999999996 24.0 2.000000000000742 23.999999999999734 -5.846063377957028e-42
3.015625 1.9999999999999996 24.0 2.000000000000742 23.999999999999734 -6.949926403797957e-42
3.046875 1.9999999999999996 24.0 2.000000000000742 23.999999999999734 -5.97690423008472e-42
3.078125 1.9999999999999996 24.0 2.000000000000742 23.999999999999734 1.1041630246284527e-42
3.109375 1.9999999999999996 24.0 2.0000000000007416 23.99999999999973 2.3380523158598155e-41
3.140625 1.9999999999999996 24.0 2.0000000000007407 23.999999999999723 8.040211368904828e-41
3.171875 1.9999999999999996 24.0 2.00000000000074 23.99999999999972 2.128823627925937e-40
3.203125 1.9999999999999996 24.0 2.00000000000074 23.999999999999723 5.035814308975148e-40
3.234375 1.9999999999999996 24.0 2.000000000000739 23.999999999999716 1.1175793032213454e-39
3.265625 1.9999999999999996 24.0 2.000000000000738 23.99999999999971 2.379148315477548e-39
3.296875 1.9999999999999996 24.0 2.0000000000007394 23.99999999999971 4.9171664344323987e-39
3.328125 1.9999999999999996 24.0 2.0000000000007394 23.99999999999971 9.937973385277114e-39
3.359375 1.9999999999999996 24.0 2.00000000000074 23.99999999999971 1.9733640409492698e-38
3.390625 1.9999999999999996 24.0 2.000000000000739 23.9999999999997 3.862246412839405e-38
3.421875 1.9999999999999996 24.0 2.000000000000739 23.9999999999997 7.467854512244359e-38
3.453125 1.9999999999999996 24.0 2.000000000000739 23.9999999999997 1.4289429136809048e-37
3.484375 1.9999999999999996 24.0 2.000000000000739 23.9999999999997 2.709319313161419e-37
3.515625 1.9999999999999996 24.0 2.000000000000739 23.999999999999694 5.095304745953352e-37
3.546875 1.9999999999999996 24.0 2.000000000000739 23.999999999999694 9.512456240138327e-37
3.578125 1.9999999999999996 24.0 2.000000000000739 23.999999999999694 1.764039657518716e-36
3.609375 1.9999999999999996 24.0 2.000000000000738 23.999999999999694 3.251223154159321e-36
3.640625 1.9999999999999996 24.0 2.000000000000739 23.999999999999694 5.957967746992783e-36
3.671875 1.9999999999999996 24.0 2.000000000000739 23.999999999999694 1.0859796109704051e-35
3.703125 1.9999999999999996 24.0 2.000000000000739 23.99999999999969 1.969481613251063e-35
3.734375 1.9999999999999996 24.0 2.000000000000738 23.999999999999694 3.554705609886775e-35
3.765625 1.9999999999999996 24.0 2.0000000000007407 23.9999999999997 6.386682306426079e-35
3.796875 1.9999999999999996 24.0 2.00000000000074 23.999999999999694 1.142489249897584e-34
3.828125 1.9999999999999996 24.0 2.00000000000074 23.999999999999694 2.0352048920353324e-34
3.859375 1.9999999999999996 24.0 2.0000000000007407 23.999999999999694 3.610838991254936e-34
3.890625 1.9999999999999996 24.0 2.0000000000007407 23.999999999999694 6.381297208125961e-34
3.921875 1.9999999999999996 24.0 2.00000000000074 23.999999999999687 1.123468433039923e-33
3.953125 1.9999999999999996 24.0 2.00000000000074 23.999999999999694 1.9706444301768363e-33
3.984375 1.9999999999999996 24.0 2.000000000000739 23.999999999999687 3.444218049896123e-33
4.015625 1.9999999999999996 24.0 2.000000000000738 23.99999999999968 5.998506676741735e-33
4.046875 1.9999999999999996 24.0 2.0000000000007367 23.99999999999967 1.04111138669265e-32
4.078125 1.9999999999999996 24.0 2.0000000000007354 23.999999999999666 1.8008638503315503e-32
4.109375 1.9999999999999996 24.0 2.0000000000007336 23.999999999999652 3.104698038737646e-32
4.140625 1.9999999999999996 24.0 2.0000000000007327 23.999999999999645 5.335009896503985e-32
4.171875 1.9999999999999996 24.0 2.0000000000007327 23.999999999999645 9.137948787512768e-32
4.203125 1.9999999999999996 24.0 2.0000000000007327 23.99999999999964 1.5601918693651058e-31
4.234375 1.9999999999999996 24.0 2.000000000000731 23.99999999999963 2.65545774288298e-31
4.265625 1.9999999999999996 24.0 2.000000000000731 23.99999999999963 4.505546363689017e-31
4.296875 1.9999999999999996 24.0 2.00000000000073 23.999999999999616 7.621057735477044e-31
4.328125 1.9999999999999996 24.0 2.0000000000007274 23.999999999999606 1.2851516331372023e-30
4.359375 1.9999999999999996 24.0 2.000000000000726 23.999999999999602 2.1606037380466126e-30
4.390625 1.9999999999999996 24.0 2.0000000000007256 23.999999999999595 3.621484103504994e-30
4.421875 1.9999999999999996 24.0 2.0000000000007248 23.999999999999588 6.0519690049571036e-30
4.453125 1.9999999999999996 24.0 2.000000000000724 23.999999999999584 1.0083523940785047e-29
4.484375 1.9999999999999996 24.0 2.000000000000723 23.999999999999574 1.6750947021985322e-29
4.515625 1.9999999999999996 24.0 2.0000000000007208 23.99999999999956 2.774487006777097e-29
4.546875 1.9999999999999996 24.0 2.0000000000007203 23.999999999999556 4.5819074330769235e-29
4.578125 1.9999999999999996 24.0 2.0000000000007194 23.999999999999552 7.544549486732463e-29
4.609375 1.9999999999999996 24.0 2.0000000000007185 23.999999999999545 1.238642375332453e-28
4.640625 1.9999999999999996 24.0 2.0000000000007176 23.999999999999538 2.027615344466844e-28
4.671875 1.9999999999999996 24.0 2.0000000000007176 23.999999999999535 3.3094267750190695e-28
4.703125 1.9999999999999996 24.0 2.0000000000007176 23.999999999999535 5.38576355657764e-28
4.734375 1.9999999999999996 24.0 2.0000000000007176 23.999999999999535 8.73912572067705e-28
4.765625 1.9999999999999996 24.0 2.0000000000007168 23.99999999999953 1.4138812796945444e-27
4.796875 1.9999999999999996 24.0 2.0000000000007168 23.99999999999953 2.2807587812770227e-27
4.828125 1.9999999999999996 24.0 2.0000000000007176 23.999999999999535 3.668289004728993e-27
4.859375 1.9999999999999996 24.0 2.0000000000007185 23.999999999999535 5.882486307471667e-27
4.890625 1.9999999999999996 24.0 2.0000000000007185 23.999999999999535 9.405155247393542e-27
4.921875 1.9999999999999996 24.0 2.0000000000007185 23.999999999999535 1.49924343140427e-26
4.953125 1.9999999999999996 24.0 2.0000000000007185 23.999999999999535 2.3827139994964814e-26
4.984375 1.9999999999999996 24.0 2.0000000000007185 23.999999999999535 3.775344399229274e-26
5.015625 1.9999999999999996 24.0 2.0000000000007185 23.99999999999953 5.963706537766583e-26
5.046875 1.9999999999999996 24.0 2.0000000000007176 23.999999999999524 9.391605402168255e-26
5.078125 1.9999999999999996 24.0 2.0000000000007176 23.999999999999524 1.474398097469421e-25
5.109375 1.9999999999999996 24.0 2.0000000000007176 23.999999999999524 2.3074218514254646e-25
5.140625 1.9999999999999996 24.0 2.0000000000007176 23.999999999999524 3.599654906553355e-25
5.171875 1.9999999999999996 24.0 2.0000000000007168 23.999999999999513 5.5975613110885925e-25
5.203125 1.9999999999999996 24.0 2.000000000000716 23.999999999999503 8.676038409735593e-25
5.234375 1.9999999999999996 24.0 2.000000000000715 23.999999999999496 1.3403152088627167e-24
5.265625 1.9999999999999996 24.0 2.0000000000007154 23.999999999999496 2.063626327147327e-24
5.296875 1.9999999999999996 24.0 2.000000000000715 23.999999999999496 3.1664072085467803e-24
5.328125 1.9999999999999996 24.0 2.000000000000715 23.999999999999496 4.8415436441065506e-24
5.359375 1.9999999999999996 24.0 2.000000000000714 23.99999999999949 7.376468727502132e-24
5.390625 1.9999999999999996 24.0 2.000000000000713 23.99999999999948 1.1197544736359961e-23
5.421875 1.9999999999999996 24.0 2.000000000000713 23.99999999999948 1.6934177460038927e-23
5.453125 1.9999999999999996 24.0 2.0000000000007128 23.999999999999478 2.5510813027808987e-23
5.484375 1.9999999999999996 24.0 2.0000000000007114 23.99999999999947 3.8277972523577195e-23
5.515625 1.9999999999999996 24.0 2.0000000000007114 23.999999999999467 5.719737357640802e-23
5.546875 1.9999999999999996 24.0 2.0000000000007105 23.999999999999464 8.510108664216983e-23
5.578125 1.9999999999999996 24.0 2.0000000000007088 23.999999999999456 1.2605058654817386e-22
5.609375 1.9999999999999996 24.0 2.000000000000707 23.999999999999446 1.8582826090560647e-22
5.640625 1.9999999999999996 24.0 2.000000000000706 23.99999999999944 2.7260073698019643e-22
5.671875 1.9999999999999996 24.0 2.000000000000706 23.99999999999944 3.977987490968176e-22
5.703125 1.9999999999999996 24.0 2.0000000000007048 23.999999999999428 5.77259160798956e-22
5.734375 1.9999999999999996 24.0 2.0000000000007025 23.999999999999417 8.326656155385357e-22
5.765625 1.9999999999999996 24.0 2.0000000000007025 23.999999999999414 1.193295339358929e-21
5.796875 1.9999999999999996 24.0 2.0000000000007017 23.999999999999407 1.698014209741317e-21
5.828125 1.9999999999999996 24.0 2.0000000000007008 23.999999999999407 2.397332648142728e-21
5.859375 1.9999999999999996 24.0 2.0000000000007008 23.999999999999403 3.3550959936201877e-21
5.890625 1.9999999999999996 24.0 2.0000000000007 23.999999999999396 4.648962114637106e-21
5.921875 1.9999999999999996 24.0 2.000000000000698 23.999999999999382 6.368100805829833e-21
5.953125 1.9999999999999996 24.0 2.000000000000698 23.999999999999382 8.605353010410987e-21
5.984375 1.9999999999999996 24.0 2.0000000000006977 23.999999999999382 1.143913179228943e-20
6.015625 1.9999999999999996 24.0 2.000000000000698 23.999999999999382 1.489719778190366e-20
6.046875 1.9999999999999996 24.0 2.000000000000697 23.999999999999382 1.8889436847287846e-20
6.078125 1.9999999999999996 24.0 2.0000000000006963 23.999999999999375 2.3088901174160298e-20
6.109375 1.9999999999999996 24.0 2.0000000000006968 23.999999999999375 2.672813031849725e-20
6.140625 1.9999999999999996 24.0 2.0000000000006977 23.999999999999375 2.8258874022225216e-20
6.171875 1.9999999999999996 24.0 2.000000000000697 23.99999999999937 2.4794409328619503e-20
6.203125 1.9999999999999996 24.0 2.000000000000697 23.999999999999375 1.120966778113034e-20
6.234375 1.9999999999999996 24.0 2.0000000000006963 23.999999999999368 -2.1292021952213176e-20
6.265625 1.9999999999999996 24.0 2.0000000000006954 23.99999999999936 -8.743644241968582e-20
6.296875 1.9999999999999996 24.0 2.0000000000006946 23.999999999999353 -2.1139984100659238e-19
6.328125 1.9999999999999996 24.0 2.000000000000693 23.999999999999343 -4.3225443940309184e-19
6.359375 1.9999999999999996 24.0 2.000000000000692 23.999999999999332 -8.123242558628094e-19
6.390625 1.9999999999999996 24.0 2.000000000000691 23.99999999999933 -1.449916056694189e-18
6.421875 1.9999999999999996 24.0 2.00000000000069 23.999999999999318 -2.498590031010466e-18
6.453125 1.9999999999999996 24.0 2.0000000000006892 23.99999999999931 -4.1961531058258706e-18
6.484375 1.9999999999999996 24.0 2.0000000000006883 23.999999999999307 -6.908033070364404e-18
6.515625 1.9999999999999996 24.0 2.0000000000006897 23.99999999999931 -1.1191819602844879e-17
6.546875 1.9999999999999996 24.0 2.00000000000069 23.99999999999931 -1.7892814642745072e-17
6.578125 1.9999999999999996 24.0 2.0000000000006883 23.9999999999993 -2.828480622676629e-17
6.609375 1.9999999999999996 24.0 2.0000000000006875 23.99999999999929 -4.427650759039602e-17
6.640625 1.9999999999999996 24.0 2.0000000000006857 23.99999999999928 -6.871293963104205e-17
6.671875 1.9999999999999996 24.0 2.000000000000685 23.999999999999275 -1.0581352319837788e-16
6.703125 1.9999999999999996 24.0 2.000000000000685 23.999999999999275 -1.6180622920595578e-16
6.734375 1.9999999999999996 24.0 2.000000000000685 23.999999999999275 -2.4584179170539287e-16
6.765625 1.9999999999999996 24.0 2.0000000000006857 23.999999999999275 -3.7130643844254734e-16
6.796875 1.9999999999999996 24.0 2.0000000000006866 23.999999999999275 -5.576995431938721e-16
6.828125 1.9999999999999996 24.0 2.0000000000006866 23.999999999999275 -8.333090963179003e-16
6.859375 2.0000000000000018 24.0 2.0000000000006857 23.999999999999275 -1.2390097532254693e-15
6.890625 2.0000000000000018 24.0 2.000000000000683 23.999999999999257 -1.833634667520214e-15
6.921875 2.0000000000000018 24.0 2.000000000000682 23.999999999999254 -2.7015457262591083e-15
6.953125 1.9999999999999991 24.0 2.000000000000682 23.999999999999254 -3.963263749308563e-15
6.984375 2.0000000000000004 24.0 2.000000000000682 23.999999999999247 -5.790342783568785e-15
7.015625 2.0000000000000018 24.0 2.000000000000682 23.99999999999924 -8.426110147273168e-15
7.046875 2.0000000000000036 24.0 2.000000000000682 23.99999999999924 -1.2214485147172358e-14
7.078125 2.0000000000000027 24.0 2.000000000000683 23.99999999999924 -1.7639885483553146e-14
7.109375 2.0000000000000053 24.0 2.000000000000685 23.99999999999924 -2.53822982660602e-14
7.140625 2.000000000000008 24.0 2.000000000000686 23.999999999999236 -3.63930197719041e-14
7.171875 2.000000000000011 24.0 2.0000000000006892 23.99999999999924 -5.1998468342356297e-14
7.203125 2.0000000000000133 24.0 2.000000000000693 23.99999999999924 -7.404199539793786e-14
7.234375 2.0000000000000218 24.0 2.000000000000697 23.999999999999236 -1.050769502468153e-13
7.265625 2.0000000000000275 24.0 2.0000000000007034 23.999999999999233 -1.4862863863463673e-13
7.296875 2.00000000000004 24.0 2.000000000000713 23.999999999999233 -2.0954856369736308e-13
7.328125 2.000000000000054 24.0 2.0000000000007256 23.999999999999226 -2.9449184610589434e-13
7.359375 2.0000000000000773 24.0 2.0000000000007443 23.99999999999922 -4.1255848706260836e-13
7.390625 2.000000000000107 24.0 2.0000000000007683 23.99999999999921 -5.761517913992377e-13
7.421875 2.0000000000001497 24.0 2.000000000000802 23.999999999999204 -8.021235938183894e-13
7.453125 2.000000000000207 24.0 2.00000000000085 23.999999999999197 -1.113296906264696e-12
7.484375 2.0000000000002847 24.0 2.0000000000009166 23.99999999999919 -1.5404834363647938e-12
7.515625 2.0000000000003926 24.0 2.0000000000010094 23.99999999999919 -2.1251475998174054e-12
7.546875 2.000000000000539 24.0 2.0000000000011346 23.999999999999183 -2.922911974610753e-12
7.578125 2.0000000000007403 24.0 2.0000000000013056 23.999999999999183 -4.008153816462366e-12
7.609375 2.0000000000010103 24.0 2.0000000000015374 23.999999999999183 -5.480010911465506e-12
7.640625 2.0000000000013767 24.0 2.0000000000018514 23.99999999999918 -7.470200829441743e-12
7.671875 2.0000000000018665 24.0 2.0000000000022746 23.99999999999918 -1.0153164275917284e-11
7.703125 2.0000000000025255 24.0 2.000000000002843 23.999999999999176 -1.3759175065993107e-11
7.734375 2.0000000000034057 24.0 2.0000000000036042 23.99999999999917 -1.8591221278310382e-11
7.765625 2.0000000000045817 24.0 2.000000000004622 23.99999999999917 -2.5046660111161175e-11
7.796875 2.000000000006146 24.0 2.0000000000059774 23.99999999999916 -3.364488926874075e-11
7.828125 2.0000000000082188 24.0 2.0000000000077787 23.999999999999154 -4.506256740414861e-11
7.859375 2.0000000000109623 24.0 2.0000000000101625 23.99999999999915 -6.017826279695694e-11
7.890625 2.0000000000145706 24.0 2.0000000000133076 23.99999999999914 -8.012882088826562e-11
7.921875 2.000000000019319 24.0 2.0000000000174474 23.999999999999126 -1.0638022529341046e-10
7.953125 2.0000000000255342 24.0 2.0000000000228804 23.999999999999122 -1.4081629059050188e-10
7.984375 2.0000000000336504 24.0 2.000000000029986 23.999999999999126 -1.8584917425466984e-10
8.015625 2.000000000044214 24.0 2.000000000039247 23.999999999999112 -2.445564327745659e-10
8.046875 2.000000000057919 24.0 2.0000000000512843 23.999999999999112 -3.2085017244722926e-10
8.078125 2.0000000000756475 24.0 2.0000000000668785 23.999999999999112 -4.196847518033573e-10
8.109375 2.000000000098502 24.0 2.0000000000870157 23.999999999999112 -5.473104646628257e-10
8.140625 2.0000000001278706 24.0 2.000000000112935 23.999999999999112 -7.115816430660233e-10
8.171875 2.0000000001654876 24.0 2.000000000146187 23.999999999999112 -9.22328624068492e-10
8.203125 2.0000000002135057 24.0 2.000000000188704 23.999999999999105 -1.191803958165589e-09
8.234375 2.000000000274591 24.0 2.000000000242887 23.999999999999105 -1.5352140059132596e-09
8.265625 2.000000000352041 24.0 2.0000000003117018 23.99999999999911 -1.971347542156692e-09
8.296875 2.0000000004498846 24.0 2.0000000003987903 23.999999999999105 -2.523312985973188e-09
8.328125 2.0000000005730527 24.0 2.0000000005086145 23.999999999999083 -3.219395161131922e-09
8.359375 2.0000000007275305 24.0 2.0000000006466148 23.999999999999076 -4.094040754180995e-09
8.390625 2.0000000009205494 24.0 2.000000000819374 23.999999999999076 -5.1889784705830064e-09
8.421875 2.000000001160797 24.0 2.000000001034821 23.99999999999907 -6.554474776039984e-09
8.453125 2.0000000014586345 24.0 2.0000000013024524 23.999999999999066 -8.250718395545009e-09
8.484375 2.0000000018263617 24.0 2.000000001633568 23.999999999999062 -1.0349315607112637e-08
8.515625 2.000000002278438 24.0 2.0000000020415136 23.999999999999055 -1.2934862794373492e-08
8.546875 2.000000002831756 24.0 2.00000000254194 23.999999999999055 -1.610654146399652e-08
8.578125 2.000000003505867 24.0 2.000000003153037 23.999999999999044 -1.9979652470463198e-08
8.609375 2.00000000432316 24.0 2.000000003895755 23.99999999999904 -2.4686968687730042e-08
8.640625 2.000000005308984 24.0 2.0000000047939572 23.99999999999904 -3.037973662956737e-08
8.671875 2.0000000064916637 24.0 2.0000000058744876 23.999999999999034 -3.722809494294276e-08
8.703125 2.0000000079023086 24.0 2.000000007167097 23.999999999999027 -4.542059821685135e-08
8.734375 2.0000000095744124 24.0 2.00000000870416 23.999999999999023 -5.5162434587404565e-08
8.765625 2.0000000115430976 24.0 2.000000010520103 23.99999999999902 -6.667180104523568e-08
8.796875 2.000000013843881 24.0 2.000000012650435 23.99999999999902 -8.017374642759501e-08
8.828125 2.000000016510853 24.0 2.0000000151302353 23.999999999999012 -9.589060343071351e-08
8.859375 2.0000000195739975 24.0 2.000000017991932 23.99999999999902 -1.1402790157076528e-07
8.890625 2.0000000230554904 24.0 2.0000000212621485 23.999999999999023 -1.3475437614470108e-07
8.921875 2.0000000269646145 24.0 2.0000000249573437 23.999999999999023 -1.581743565263702e-07
8.953125 2.0000000312909463 24.0 2.0000000290779276 23.99999999999902 -1.842904225897277e-07
8.984375 2.0000000359953884 24.0 2.0000000336004176 23.99999999999902 -2.129537521443204e-07
9.015625 2.000000040998452 24.0 2.0000000384671757 23.99999999999902 -2.4379903603245343e-07
9.046875 2.0000000461651943 24.0 2.000000043573109 23.99999999999902 -2.7616020174017365e-07
9.078125 2.000000051286009 24.0 2.0000000487486345 23.999999999999005 -3.089624517400078e-07
9.109375 2.0000000560523588 24.0 2.0000000537380735 23.999999999999 -3.405852802832484e-07
9.140625 2.0000000600263803 24.0 2.0000000581724526 23.99999999999899 -3.686901735755997e-07
9.171875 2.0000000626030965 24.0 2.0000000615355953 23.99999999999899 -3.900056158431509e-07
9.203125 2.000000062963799 24.0 2.0000000631220995 23.999999999998984 -4.00060811963365e-07
9.234375 2.000000060018857 24.0 2.000000061985671 23.999999999998977 -3.92858192564735e-07
9.265625 2.000000052338133 24.0 2.000000056875991 23.99999999999897 -3.6047328921586107e-07
9.296875 2.000000038066707 24.0 2.0000000461620675 23.999999999998956 -2.9256895874623466e-07
9.328125 2.000000014823507 24.0 2.000000027739752 23.99999999999894 -1.75809204796358e-07
9.359375 1.99999997958007 24.0 1.9999999989207953 23.999999999998938 6.84399496390746e-09
9.390625 1.9999999285163117 24.0 1.9999999563005122 23.999999999998934 2.769693754259723e-07
9.421875 1.9999998568499835 24.0 1.9999998956008442 23.999999999998934 6.6168109169794e-07
9.453125 1.9999997586360239 24.0 1.9999998114852469 23.999999999998927 1.1948019652308614e-06
9.484375 1.9999996265318678 24.0 1.9999996973415393 23.999999999998927 1.91823977061019e-06
9.515625 1.9999994515243338 24.0 1.9999995450285595 23.999999999998913 2.8835929655655025e-06
9.546875 1.9999992226135865 24.0 1.9999993445821764 23.999999999998902 4.154014011294916e-06
9.578125 1.9999989264493645 24.0 1.999999083875985 23.999999999998895 5.806359934410772e-06
9.609375 1.9999985469145345 24.0 1.9999987482318256 23.99999999999889 7.933660947464523e-06
9.640625 1.9999980646510156 24.0 1.9999983199751497 23.99999999999889 1.0647938659910819e-05
9.671875 1.99999745652309 24.0 1.9999977779302447 23.99999999999889 1.4083405549510238e-05
9.703125 1.9999966950132855 24.0 1.9999970968504206 23.999999999998884 1.8400076786345152e-05
9.734375 1.9999957475463594 24.0 1.9999962467784758 23.99999999999888 2.3787824056655596e-05
9.765625 1.999994575737341 24.0 1.9999951923331725 23.999999999998877 3.047089856032277e-05
9.796875 1.9999931345603434 24.0 1.999993891918032 23.99999999999887 3.871294668531413e-05
9.828125 1.9999913714357194 24.0 1.9999922968495505 23.99999999999887 4.882253682205016e-05
9.859375 1.9999892252343539 24.0 1.9999903504029808 23.999999999998863 6.115920919813026e-05
9.890625 1.9999866251992728 24.0 1.999987986775161 23.999999999998863 7.614005232250465e-05
9.921875 1.9999834897866702 24.0 1.9999851299654536 23.999999999998852 9.424679947325484e-05
9.953125 1.9999797254303564 24.0 1.9999816925778258 23.99999999999885 0.00011603342650898227
9.984375 1.9999752252362357 24.0 1.9999775745493258 23.99999999999885 0.00014213421802187232
10.015625 1.9999698676160949 24.0 1.9999726618128526 23.999999999998842 0.00017327225240822825
10.046875 1.9999635148731965 24.0 1.9999668249050901 23.999999999998835 0.00021026823778249598
10.078125 1.9999560117556454 24.0 1.9999599175337521 23.999999999998828 0.00025404960983168684
10.109375 1.999947183997248 24.0 1.9999517751219649 23.99999999999882 0.0003056597797921633
10.140625 1.9999368368697208 24.0 1.9999422133515639 23.999999999998813 0.0003662673958988225
10.171875 1.9999247537744853 24.0 1.9999310267312878 23.999999999998813 0.00043717545516134556
10.203125 1.9999106949066663 24.0 1.9999179872202895 23.999999999998813 0.0005198300745101878
10.234375 1.9998943960286535 24.0 1.9999028429419718 23.999999999998813 0.0006158287016735327
10.265625 1.9998755673951087 24.0 1.9998853170277453 23.999999999998806 0.0007269275171483163
10.296875 1.9998538928758636 24.0 1.9998651066349042 23.9999999999988 0.0008550477499748933
10.328125 1.9998290293272576 24.0 1.9998418821871626 23.999999999998796 0.0010022806024855794
10.359375 1.9998006062665017 24.0 1.9998152868904897 23.999999999998796 0.0011708904536466504
10.390625 1.999768225906742 24.0 1.999784936580431 23.999999999998792 0.00136331598802327
10.421875 1.9997314636131214 24.0 1.9997504199600187 23.999999999998785 0.0015821688788247121
10.453125 1.9996898688416709 24.0 1.9997112992894837 23.999999999998785 0.001830229640059798
10.484375 1.9996429666233557 24.0 1.9996671115899725 23.999999999998778 0.0021104402557239545
10.515625 1.9995902596546722 24.0 1.9996173704233278 23.99999999999877 0.0024258931943456344
10.546875 1.9995312310537827 24.0 1.9995615683083292 23.999999999998767 0.002779816426326757
10.578125 1.999465347837121 24.0 1.9994991798305644 23.99999999999877 0.0031755540804596885
10.609375 1.9993920651653252 24.0 1.9994296654980714 23.999999999998764 0.003616542405846326
10.640625 1.9993108313993964 24.0 1.9993524763878958 23.99999999999875 0.004106280747108303
10.671875 1.9992210939978836 24.0 1.9992670596196813 23.999999999998742 0.004648297295010989
10.703125 1.9991223062736054 24.0 1.9991728646811935 23.999999999998742 0.005246109441955015
10.734375 1.9990139350139449 24.0 1.9990693506173471 23.999999999998742 0.00590317865247471
10.765625 1.9988954689522282 24.0 1.9989559940787598 23.999999999998735 0.006622859852864577
10.796875 1.998766428059115 24.0 1.9988322982082667 23.999999999998728 0.007408345450915949
10.828125 1.998626373602549 24.0 1.9986978023243593 23.99999999999872 0.008262604215674192
10.859375 1.9984749189029762 24.0 1.9985520923393372 23.999999999998714 0.009188315376884767
10.890625 1.9983117406874429 24.0 1.9983948118274406 23.999999999998707 0.01018779844269984
10.921875 1.998136590922492 24.0 1.9982256736348005 23.9999999999987 0.01126293938012599
10.953125 1.9979493089816849 24.0 1.9980444718990396 23.9999999999987 0.012415113953013106
10.984375 1.997749833979997 24.0 1.9978510943225194 23.999999999998693 0.013645109164084353
11.015625 1.997538217084751 24.0 1.9976455345199828 23.999999999998685 0.014953043897151557
11.046875 1.997314633591705 24.0 1.997427904239503 23.99999999999868 0.016338289999458067
11.078125 1.997079394536469 24.0 1.9971984452357843 23.99999999999867 0.017799395177961152
11.109375 1.9968329575959611 24.0 1.996957540557831 23.99999999999867 0.019334009203016627
11.140625 1.9965759370229155 24.0 1.9967057249993494 23.99999999999867 0.020938815013958157
11.171875 1.996309112349528 24.0 1.99644369445083 23.999999999998657 0.022609466399069394
11.203125 1.9960334355940061 24.0 1.9961723138875977 23.99999999999865 0.02434053397314911
11.234375 1.9957500367075387 24.0 1.9958926237287566 23.99999999999865 0.026125461195244212
11.265625 1.9954602270085378 24.0 1.9956058443084779 23.999999999998643 0.027956532153544326
11.296875 1.9951655003668594 24.0 1.9953133782136263 23.999999999998643 0.02982485279080091
11.328125 1.9948675319225997 24.0 1.9950168102606147 23.999999999998643 0.031720347149536324
11.359375 1.9945681741525068 24.0 1.9947179049095598 23.999999999998643 0.033631770080131254
11.390625 1.9942694501313294 24.0 1.994418600945182 23.999999999998643 0.03554673767593849
11.421875 1.9939735438753277 24.0 1.994121003291061 23.999999999998636 0.037451776478212004
11.453125 1.993682787700136 24.0 1.9938273718663857 23.99999999999863 0.039332392231319985
11.484375 1.993399646574463 24.0 1.9935401074415195 23.999999999998614 0.041173158668053204
11.515625 1.9931266995036017 24.0 1.9932617344997492 23.999999999998614 0.04295782646966331
11.546875 1.992866618031946 24.0 1.9929948811665072 23.999999999998607 0.04466945218057142
11.578125 1.9926221420097896 24.0 1.992742256323198 23.999999999998604 0.04629054646961692
11.609375 1.9923960528264235 24.0 1.9925066240792693 23.999999999998597 0.04780324072547297
11.640625 1.9921911443667955 24.0 1.992290775832326 23.999999999998593 0.04918947056157731
11.671875 1.99201019200249 24.0 1.9920975002005594 23.999999999998586 0.05043117439454236
11.703125 1.9918559199774992 24.0 1.9919295511635646 23.999999999998586 0.051510504859034176
11.734375 1.9917309675950727 24.0 1.991789614795482 23.999999999998586 0.052410050441439045
11.765625 1.9916378546518405 24.0 1.991680275017373 23.999999999998586 0.05311306436428788
11.796875 1.9915789465994957 24.0 1.9916039788328976 23.999999999998582 0.05360369744326279
11.828125 1.9915564199409557 24.0 1.9915630015418007 23.99999999999858 0.05386723137812902
11.859375 1.9915722283871957 24.0 1.991559412448746 23.99999999999858 0.05389030873688286
11.890625 1.9916280703116893 24.0 1.991595041600159 23.99999999999858 0.05366115575656725
11.921875 1.9917253580417686 24.0 1.991671448088345 23.999999999998572 0.05316979402112389
11.953125 1.9918651895195483 24.0 1.99178989046003 23.999999999998565 0.05240823709138409
11.984375 1.9920483228493788 24.0 1.9919512997553532 23.999999999998565 0.05137066825821273
12.015625 1.992275154224112 24.0 1.992156255683168 23.999999999998565 0.05005359576840977
12.046875 1.9925456996887094 24.0 1.9924049664092802 23.999999999998565 0.048455982133748285
12.078125 1.9928595811572143 24.0 1.992697252396078 23.999999999998565 0.046579344473933665
12.109375 1.9932160170480222 24.0 1.9930325346852023 23.999999999998565 0.04442782325967287
12.140625 1.9936138178433769 24.0 1.9934098279597596 23.99999999999856 0.04200821730578457
12.171875 1.9940513868122034 24.0 1.9938277386595615 23.999999999998558 0.03932998340777328
12.203125 1.9945267260619293 24.0 1.9942844683526793 23.999999999998554 0.03640519960818808
12.234375 1.9950374480053366 24.0 1.9947778224898531 23.99999999999855 0.033248491709506556
12.265625 1.9955807922437934 24.0 1.9953052245860305 23.999999999998543 0.02987692330508533
12.296875 1.9961536477796722 24.0 1.995863735786478 23.999999999998543 0.026309850264809496
12.328125 1.9967525803796664 24.0 1.9964500796848899 23.999999999998533 0.022568741272777516
12.359375 1.9973738648186663 24.0 1.99706067216908 23.99999999999853 0.018676966655785724
12.390625 1.998013521642256 24.0 1.9976916559778026 23.99999999999853 0.014659558348819613
12.421875 1.998667357997329 24.0 1.9983389395619104 23.999999999998522 0.01054294440308875
12.453125 1.9993310119959429 24.0 1.9989982397562467 23.99999999999851 0.006354661940193942
12.484375 1.9999999999999996 24.0 1.999665127687547 23.99999999999851 0.002123052880951984
12.515625 2.000669766145818 24.0 2.0003350772702593 23.999999999998508 -0.002123052880951984
12.546875 2.0013357333697948 24.0 2.001003515578791 23.9999999999985 -0.006354661940193942
12.578125 2.001993355151661 24.0 2.0016658743332227 23.9999999999985 -0.01054294440308875
12.609375 2.0026381671618303 24.0 2.0023176416979345 23.9999999999985 -0.014659558348819613
12.640625 2.0032658379854444 24.0 2.0029544135706043 23.9999999999985 -0.018676966655785724
12.671875 2.003872218099441 24.0 2.0035719435338075 23.9999999999985 -0.022568741272777516
12.703125 2.0044533863004075 24.0 2.0041661906540433 23.999999999998497 -0.026309850264809496
12.734375 2.005005692820967 24.0 2.0047333643437995 23.9999999999985 -0.02987692330508533
12.765625 2.005525798429853 24.0 2.0052699655510127 23.999999999998487 -0.033248491709506556
12.796875 2.006010708885205 24.0 2.0057728236064705 23.99999999999848 -0.03640519960818808
12.828125 2.0064578042001333 24.0 2.0062391281417815 23.999999999998465 -0.03932998340777328
12.859375 2.0068648622820344 24.0 2.0066664555869016 23.999999999998458 -0.04200821730578457
12.890625 2.0072300766200724 24.0 2.00705278986419 23.99999999999845 -0.04442782325967287
12.921875 2.0075520678154595 24.0 2.0073965370129523 23.999999999998437 -0.046579344473933665
12.953125 2.007829888873526 24.0 2.007696533601096 23.99999999999843 -0.048455982133748285
12.984375 2.0080630243013196 24.0 2.0079520489054836 23.999999999998423 -0.05005359576840977
13.015625 2.0082513831765967 24.0 2.0081627809664324 23.999999999998415 -0.05137066825821273
13.046875 2.008395286469621 24.0 2.008328846740967 23.999999999998415 -0.05240823709138409
13.078125 2.008495449005603 24.0 2.0084507666907836 23.999999999998415 -0.05316979402112389
13.109375 2.0085529565497833 24.0 2.008529444241444 23.999999999998415 -0.05366115575656725
13.140625 2.008569238577031 24.0 2.008566140636562 23.999999999998394 -0.05389030873688286
13.171875 2.0085460373516018 24.0 2.008562445782732 23.999999999998387 -0.05386723137812902
13.203125 2.0084853739893846 24.0 2.0085202457362437 23.99999999999838 -0.05360369744326279
13.234375 2.0083895122038564 24.0 2.00844168752045 23.999999999998362 -0.05311306436428788
13.265625 2.0082609204483695 24.0 2.0083291419827978 23.99999999999835 -0.052410050441439045
13.296875 2.0081022331618894 24.0 2.008185165403284 23.999999999998344 -0.051510504859034176
13.328125 2.007916211803962 24.0 2.008012460552629 23.99999999999833 -0.05043117439454236
13.359375 2.007705706329197 24.0 2.0078138378697745 23.99999999999833 -0.04918947056157731
13.390625 2.0074736177037313 24.0 2.0075921773864525 23.99999999999833 -0.04780324072547297
13.421875 2.00722286200814 24.0 2.0073503919734197 23.999999999998337 -0.04629054646961692
13.453125 2.0069563366052674 24.0 2.0070913924206586 23.99999999999833 -0.04466945218057142
13.484375 2.0066768887798587 24.0 2.006818054794854 23.99999999999833 -0.04295782646966331
13.515625 2.006387287181946 24.0 2.006533190443828 23.999999999998323 -0.041173158668053204
13.546875 2.006090196329485 24.0 2.006239518941781 23.999999999998316 -0.039332392231319985
13.578125 2.0057881543504377 24.0 2.0059396441930524 23.999999999998302 -0.037451776478212004
13.609375 2.005483554071176 24.0 2.00563603383754 23.9999999999983 -0.03554673767593849
13.640625 2.0051786274890864 24.0 2.005331002029693 23.999999999998302 -0.033631770080131254
13.671875 2.004875433603247 24.0 2.0050266955962446 23.999999999998295 -0.031720347149536324
13.703125 2.0045758495192922 24.0 2.00472508351695 23.999999999998295 -0.02982485279080091
13.734375 2.0042815646937573 24.0 2.004427949618126 23.999999999998295 -0.027956532153544326
13.765625 2.003994078139513 24.0 2.004136888321587 23.999999999998295 -0.026125461195244212
13.796875 2.0037146983780856 24.0 2.0038533032517134 23.9999999999983 -0.02434053397314911
13.828125 2.0034445458961168 24.0 2.0035784084712533 23.999999999998295 -0.022609466399069394
13.859375 2.00318455784232 24.0 2.0033132320917515 23.999999999998295 -0.020938815013958157
13.890625 2.0029354946873217 24.0 2.0030586219871003 23.999999999998288 -0.019334009203016627
13.921875 2.0026979485616576 24.0 2.002815253328247 23.999999999998277 -0.017799395177961152
13.953125 2.0024723529859534 24.0 2.0025836376529433 23.999999999998273 -0.016338289999458067
13.984375 2.0022589937118487 24.0 2.0023641331861706 23.999999999998273 -0.014953043897151557
14.015625 2.0020580204012908 24.0 2.002156956133735 23.999999999998266 -0.013645109164084353
14.046875 2.001869458885275 24.0 2.001962192682937 23.999999999998256 -0.012415113953013106
14.078125 2.0016932237598835 24.0 2.0017798114593264 23.999999999998252 -0.01126293938012599
14.109375 2.0015291310969436 24.0 2.0016096762068325 23.999999999998245 -0.01018779844269984
14.140625 2.001376911068173 24.0 2.0014515584791406 23.999999999998245 -0.009188315376884767
14.171875 2.0012362203047003 24.0 2.001305150152561 23.99999999999823 -0.008262604215674192
14.203125 2.0011066538375526 24.0 2.0011700755940263 23.999999999998217 -0.007408345450915949
14.234375 2.0009877564886773 24.0 2.0010459033418107 23.999999999998213 -0.006622859852864577
14.265625 2.000879033605768 24.0 2.0009321571804684 23.99999999999821 -0.00590317865247471
14.296875 2.0007799610573245 24.0 2.0008283265149247 23.999999999998202 -0.005246109441955015
14.328125 2.000689994426066 24.0 2.0007338759711755 23.9999999999982 -0.004648297295010989
14.359375 2.0006085773596554 24.0 2.0006482541723143 23.999999999998195 -0.004106280747108303
14.390625 2.00053514905634 24.0 2.0005709016583975 23.999999999998188 -0.003616542405846326
14.421875 2.000469150880423 24.0 2.0005012579366497 23.999999999998188 -0.0031755540804596885
14.453125 2.0004100321174434 24.0 2.000438767664652 23.99999999999818 -0.002779816426326757
14.484375 2.000357254892171 24.0 2.000382885983276 23.99999999999818 -0.0024258931943456344
14.515625 2.0003102982835324 24.0 2.000333083028222 23.99999999999817 -0.0021104402557239545
14.546875 2.000268661679659 24.0 2.000288847659079 23.99999999999817 -0.001830229640059798
14.578125 2.000231867423374 24.0 2.000249690452891 23.999999999998167 -0.0015821688788247121
14.609375 2.0001994628036814 24.0 2.000215146015395 23.99999999999816 -0.00136331598802327
14.640625 2.0001710214523563 24.0 2.0001847746674786 23.99999999999816 -0.0011708904536466504
14.671875 2.000146144206738 24.0 2.000158163567134 23.99999999999815 -0.0010022806024855794
14.703125 2.0001244595003778 24.0 2.000134927328463 23.999999999998145 -0.0008550477499748933
14.734375 2.0001056233425842 24.0 2.0001147081991997 23.999999999998145 -0.0007269275171483163
14.765625 2.0000893189461166 24.0 2.000097175857041 23.99999999999814 -0.0006158287016735327
14.796875 2.0000752560598136 24.0 2.0000820268828985 23.99999999999814 -0.0005198300745101878
14.828125 2.0000631700596236 24.0 2.0000689839662593 23.99999999999814 -0.00043717545516134556
14.859375 2.000052820847689 24.0 2.000057794894274 23.999999999998135 -0.0003662673958988225
14.890625 2.0000439916050072 24.0 2.000048231372216 23.99999999999814 -0.0003056597797921633
14.921875 2.0000364874387433 24.0 2.000040087718614 23.99999999999814 -0.00025404960983168684
14.953125 2.000030133960817 24.0 2.0000331794739035 23.99999999999814 -0.00021026823778249598
14.984375 2.0000247758297576 24.0 2.0000273419569305 23.99999999999814 -0.00017327225240822825
15.015625 2.000020275283539 24.0 2.00002242879911 23.999999999998135 -0.00014213421802187232
15.046875 2.0000165106867387 24.0 2.0000183104817584 23.99999999999813 -0.00011603342650898227
15.078125 2.0000133751113984 24.0 2.0000148728979283 23.999999999998128 -9.424679947325484e-05
15.109375 2.000010774967268 24.0 2.00001201595623 23.999999999998124 -7.614005232250465e-05
15.140625 2.0000086286935783 24.0 2.0000096522405144 23.999999999998117 -6.115920919813026e-05
15.171875 2.000006865521515 24.0 2.0000077057360413 23.999999999998117 -4.882253682205016e-05
15.203125 2.0000054243137564 24.0 2.0000061106298515 23.999999999998117 -3.871294668531413e-05
15.234375 2.000004252485046 24.0 2.0000048101904575 23.999999999998124 -3.047089856032277e-05
15.265625 2.000003305005682 24.0 2.00000375572976 23.999999999998117 -2.3787824056655596e-05
15.296875 2.0000025434881463 24.0 2.0000029056481874 23.999999999998106 -1.8400076786345152e-05
15.328125 2.00000193535549 24.0 2.000002224562442 23.999999999998103 -1.4083405549510238e-05
15.359375 2.0000014530891326 24.0 2.00000168251396 23.999999999998096 -1.0647938659910819e-05
15.390625 2.0000010735526357 24.0 2.000001254255169 23.99999999999809 -7.933660947464523e-06
15.421875 2.00000077738746 24.0 2.000000918609792 23.999999999998085 -5.806359934410772e-06
15.453125 2.00000054847619 24.0 2.0000006579029206 23.99999999999808 -4.154014011294916e-06
15.484375 2.0000003734683762 24.0 2.0000004574561734 23.99999999999808 -2.8835929655655025e-06
15.515625 2.0000002413640776 24.0 2.0000003051430078 23.99999999999808 -1.91823977061019e-06
15.546875 2.000000143150053 24.0 2.000000190999213 23.999999999998085 -1.1948019652308614e-06
15.578125 2.0000000714836967 24.0 2.0000001068835793 23.99999999999809 -6.6168109169794e-07
15.609375 2.000000020419934 24.0 2.0000000461838976 23.999999999998074 -2.769693754259723e-07
15.640625 1.9999999851764942 24.0 2.0000000035636134 23.999999999998074 -6.84399496390746e-09
15.671875 1.9999999619332995 24.0 1.9999999747446604 23.999999999998074 1.75809204796358e-07
15.703125 1.9999999476618735 24.0 1.9999999563223505 23.999999999998074 2.9256895874623466e-07
15.734375 1.9999999399811483 24.0 1.9999999456084303 23.99999999999807 3.6047328921586107e-07
15.765625 1.999999937036209 24.0 1.9999999404987523 23.999999999998067 3.92858192564735e-07
15.796875 1.9999999373969073 24.0 1.9999999393623253 23.99999999999806 4.00060811963365e-07
15.828125 1.9999999399736268 24.0 1.9999999409488307 23.99999999999806 3.900056158431509e-07
15.859375 1.999999943947647 24.0 1.9999999443119734 23.99999999999806 3.686901735755997e-07
15.890625 1.9999999487139977 24.0 1.999999948746352 23.999999999998053 3.405852802832484e-07
15.921875 1.9999999538348094 24.0 1.9999999537357889 23.999999999998042 3.089624517400078e-07
15.953125 1.9999999590015503 24.0 1.9999999589113144 23.99999999999804 2.7616020174017365e-07
15.984375 1.9999999640046155 24.0 1.9999999640172468 23.999999999998032 2.4379903603245343e-07
16.015625 1.9999999687090562 24.0 1.9999999688840038 23.99999999999803 2.129537521443204e-07
16.046875 1.9999999730353897 24.0 1.9999999734064928 23.99999999999803 1.842904225897277e-07
16.078125 1.999999976944513 24.0 1.9999999775270765 23.999999999998032 1.581743565263702e-07
16.109375 1.9999999804260038 24.0 1.9999999812222722 23.999999999998025 1.3475437614470108e-07
16.140625 1.9999999834891504 24.0 1.9999999844924874 23.99999999999802 1.1402790157076528e-07
16.171875 1.9999999861561206 24.0 1.9999999873541832 23.99999999999802 9.589060343071351e-08
16.203125 1.9999999884569069 24.0 1.9999999898339835 23.99999999999802 8.017374642759501e-08
16.234375 1.9999999904255894 24.0 1.9999999919643154 23.999999999998018 6.667180104523568e-08
16.265625 1.9999999920976914 24.0 1.9999999937802588 23.999999999998018 5.5162434587404565e-08
16.296875 1.9999999935083348 24.0 1.9999999953173226 23.999999999998018 4.542059821685135e-08
16.328125 1.9999999946910147 24.0 1.9999999966099327 23.999999999998018 3.722809494294276e-08
16.359375 1.9999999956768408 24.0 1.9999999976904639 23.99999999999801 3.037973662956737e-08
16.390625 1.9999999964941326 24.0 1.9999999985886658 23.999999999998003 2.4686968687730042e-08
16.421875 1.9999999971682425 24.0 1.9999999993313842 23.999999999998 1.9979652470463198e-08
16.453125 1.999999997721563 24.0 1.999999999942481 23.999999999997996 1.610654146399652e-08
16.484375 1.9999999981736396 24.0 2.0000000004429084 23.999999999998 1.2934862794373492e-08
16.515625 1.9999999985413641 24.0 2.0000000008508536 23.99999999999799 1.0349315607112637e-08
16.546875 1.9999999988392057 24.0 2.000000001181969 23.99999999999799 8.250718395545009e-09
16.578125 1.9999999990794535 24.0 2.000000001449602 23.99999999999799 6.554474776039984e-09
16.609375 1.9999999992724706 24.0 2.000000001665051 23.999999999997996 5.1889784705830064e-09
16.640625 1.9999999994269466 24.0 2.0000000018378095 23.99999999999799 4.094040754180995e-09
16.671875 1.9999999995501154 24.0 2.0000000019758097 23.99999999999799 3.219395161131922e-09
16.703125 1.999999999647959 24.0 2.0000000020856374 23.99999999999799 2.523312985973188e-09
16.734375 1.999999999725407 24.0 2.000000002172726 23.999999999997982 1.971347542156692e-09
16.765625 1.9999999997864955 24.0 2.0000000022415376 23.999999999997975 1.5352140059132596e-09
16.796875 1.9999999998345113 24.0 2.000000002295722 23.999999999997975 1.191803958165589e-09
16.828125 1.999999999872129 24.0 2.0000000023382376 23.999999999997957 9.22328624068492e-10
16.859375 1.9999999999014986 24.0 2.000000002371487 23.999999999997947 7.115816430660233e-10
16.890625 1.9999999999243536 24.0 2.000000002397404 23.999999999997936 5.473104646628257e-10
16.921875 1.9999999999420819 24.0 2.00000000241754 23.999999999997925 4.196847518033573e-10
16.953125 1.9999999999557878 24.0 2.0000000024331337 23.99999999999792 3.2085017244722926e-10
16.984375 1.9999999999663503 24.0 2.0000000024451703 23.999999999997915 2.445564327745659e-10
17.015625 1.9999999999744664 24.0 2.000000002454433 23.999999999997918 1.8584917425466984e-10
17.046875 1.9999999999806826 24.0 2.0000000024615368 23.999999999997904 1.4081629059050188e-10
17.078125 1.999999999985427 24.0 2.000000002466969 23.999999999997904 1.0638022529341046e-10
17.109375 1.999999999989039 24.0 2.0000000024711104 23.999999999997904 8.012882088826562e-11
17.140625 1.999999999991783 24.0 2.000000002474257 23.99999999999789 6.017826279695694e-11
17.171875 1.9999999999938554 24.0 2.0000000024766393 23.99999999999788 4.506256740414861e-11
17.203125 1.9999999999954179 24.0 2.0000000024784397 23.99999999999787 3.364488926874075e-11
17.234375 1.9999999999965936 24.0 2.000000002479795 23.99999999999786 2.5046660111161175e-11
17.265625 1.9999999999974742 24.0 2.0000000024808138 23.99999999999786 1.8591221278310382e-11
17.296875 1.9999999999981335 24.0 2.000000002481576 23.999999999997858 1.3759175065993107e-11
17.328125 1.999999999998626 24.0 2.0000000024821443 23.999999999997854 1.0153164275917284e-11
17.359375 1.9999999999989901 24.0 2.000000002482566 23.999999999997847 7.470200829441743e-12
17.390625 1.999999999999261 24.0 2.000000002482879 23.99999999999784 5.480010911465506e-12
17.421875 1.9999999999994613 24.0 2.000000002483109 23.999999999997826 4.008153816462366e-12
17.453125 1.9999999999996065 24.0 2.0000000024832802 23.999999999997826 2.922911974610753e-12
17.484375 1.9999999999997142 24.0 2.0000000024834046 23.99999999999782 2.1251475998174054e-12
17.515625 1.9999999999997953 24.0 2.0000000024834983 23.999999999997826 1.5404834363647938e-12
17.546875 1.999999999999851 24.0 2.0000000024835662 23.999999999997826 1.113296906264696e-12
17.578125 1.9999999999998939 24.0 2.000000002483616 23.99999999999783 8.021235938183894e-13
17.609375 1.9999999999999238 24.0 2.0000000024836506 23.99999999999782 5.761517913992377e-13
17.640625 1.9999999999999432 24.0 2.0000000024836755 23.999999999997815 4.1255848706260836e-13
17.671875 1.9999999999999618 24.0 2.0000000024836946 23.99999999999782 2.9449184610589434e-13
17.703125 1.9999999999999722 24.0 2.0000000024837084 23.999999999997826 2.0954856369736308e-13
17.734375 1.9999999999999798 24.0 2.0000000024837172 23.99999999999782 1.4862863863463673e-13
17.765625 1.9999999999999867 24.0 2.0000000024837234 23.99999999999782 1.050769502468153e-13
17.796875 1.999999999999991 24.0 2.000000002483727 23.999999999997808 7.404199539793786e-14
17.828125 1.9999999999999931 24.0 2.0000000024837297 23.999999999997804 5.1998468342356297e-14
17.859375 1.9999999999999964 24.0 2.0000000024837306 23.99999999999779 3.63930197719041e-14
17.890625 1.9999999999999956 24.0 2.000000002483732 23.999999999997787 2.53822982660602e-14
17.921875 1.9999999999999987 24.0 2.000000002483733 23.99999999999779 1.7639885483553146e-14
17.953125 1.9999999999999982 24.0 2.000000002483733 23.999999999997787 1.2214485147172358e-14
17.984375 1.9999999999999991 24.0 2.000000002483733 23.999999999997787 8.426110147273168e-15
18.015625 1.9999999999999987 24.0 2.000000002483733 23.999999999997783 5.790342783568785e-15
18.046875 1.9999999999999987 24.0 2.000000002483734 23.999999999997783 3.963263749308563e-15
18.078125 2.000000000000001 24.0 2.000000002483733 23.999999999997776 2.7015457262591083e-15
18.109375 1.9999999999999996 24.0 2.000000002483733 23.999999999997776 1.833634667520214e-15
18.140625 1.9999999999999996 24.0 2.000000002483733 23.999999999997772 1.2390097532254693e-15
18.171875 1.9999999999999996 24.0 2.000000002483733 23.999999999997772 8.333090963179003e-16
18.203125 1.9999999999999996 24.0 2.000000002483734 23.999999999997776 5.576995431938721e-16
18.234375 1.9999999999999996 24.0 2.000000002483735 23.999999999997776 3.7130643844254734e-16
18.265625 1.9999999999999996 24.0 2.000000002483735 23.999999999997776 2.4584179170539287e-16
18.296875 1.9999999999999996 24.0 2.000000002483735 23.999999999997772 1.6180622920595578e-16
18.328125 1.9999999999999996 24.0 2.000000002483734 23.99999999999777 1.0581352319837788e-16
18.359375 1.9999999999999996 24.0 2.000000002483733 23.99999999999777 6.871293963104205e-17
18.390625 1.9999999999999996 24.0 2.000000002483734 23.99999999999777 4.427650759039602e-17
18.421875 1.9999999999999996 24.0 2.000000002483736 23.999999999997776 2.828480622676629e-17
18.453125 1.9999999999999996 24.0 2.000000002483733 23.999999999997762 1.7892814642745072e-17
18.484375 1.9999999999999996 24.0 2.000000002483733 23.999999999997762 1.1191819602844879e-17
18.515625 1.9999999999999996 24.0 2.000000002483733 23.999999999997762 6.908033070364404e-18
18.546875 1.9999999999999996 24.0 2.0000000024837328 23.999999999997755 4.1961531058258706e-18
18.578125 1.9999999999999996 24.0 2.000000002483734 23.999999999997755 2.498590031010466e-18
18.609375 1.9999999999999996 24.0 2.0000000024837323 23.999999999997744 1.449916056694189e-18
18.640625 1.9999999999999996 24.0 2.0000000024837323 23.999999999997744 8.123242558628094e-19
18.671875 1.9999999999999996 24.0 2.0000000024837323 23.999999999997744 4.3225443940309184e-19
18.703125 1.9999999999999996 24.0 2.000000002483733 23.999999999997755 2.1139984100659238e-19
18.734375 1.9999999999999996 24.0 2.000000002483733 23.999999999997748 8.743644241968582e-20
18.765625 1.9999999999999996 24.0 2.000000002483734 23.999999999997748 2.1292021952213176e-20
18.796875 1.9999999999999996 24.0 2.000000002483734 23.999999999997744 -1.120966778113034e-20
18.828125 1.9999999999999996 24.0 2.000000002483734 23.999999999997744 -2.4794409328619503e-20
18.859375 1.9999999999999996 24.0 2.000000002483734 23.999999999997748 -2.8258874022225216e-20
18.890625 1.9999999999999996 24.0 2.000000002483733 23.99999999999774 -2.672813031849725e-20
18.921875 1.9999999999999996 24.0 2.0000000024837346 23.99999999999774 -2.3088901174160298e-20
18.953125 1.9999999999999996 24.0 2.000000002483734 23.999999999997733 -1.8889436847287846e-20
18.984375 1.9999999999999996 24.0 2.000000002483733 23.999999999997733 -1.489719778190366e-20
19.015625 1.9999999999999996 24.0 2.000000002483733 23.999999999997733 -1.143913179228943e-20
19.046875 1.9999999999999996 24.0 2.000000002483733 23.999999999997733 -8.605353010410987e-21
19.078125 1.9999999999999996 24.0 2.000000002483734 23.999999999997733 -6.368100805829833e-21
19.109375 1.9999999999999996 24.0 2.000000002483734 23.999999999997733 -4.648962114637106e-21
19.140625 1.9999999999999996 24.0 2.0000000024837346 23.999999999997733 -3.3550959936201877e-21
19.171875 1.9999999999999996 24.0 2.000000002483735 23.999999999997733 -2.397332648142728e-21
19.203125 1.9999999999999996 24.0 2.000000002483735 23.999999999997733 -1.698014209741317e-21
19.234375 1.9999999999999996 24.0 2.000000002483735 23.999999999997733 -1.193295339358929e-21
19.265625 1.9999999999999996 24.0 2.000000002483733 23.999999999997726 -8.326656155385357e-22
19.296875 1.9999999999999996 24.0 2.000000002483733 23.999999999997723 -5.77259160798956e-22
19.328125 1.9999999999999996 24.0 2.000000002483733 23.99999999999772 -3.977987490968176e-22
19.359375 1.9999999999999996 24.0 2.000000002483734 23.99999999999772 -2.7260073698019643e-22
19.390625 1.9999999999999996 24.0 2.000000002483735 23.99999999999772 -1.8582826090560647e-22
19.421875 1.9999999999999996 24.0 2.000000002483733 23.999999999997712 -1.2605058654817386e-22
19.453125 1.9999999999999996 24.0 2.0000000024837328 23.99999999999771 -8.510108664216983e-23
19.484375 1.9999999999999996 24.0 2.000000002483733 23.99999999999771 -5.719737357640802e-23
19.515625 1.9999999999999996 24.0 2.000000002483733 23.999999999997705 -3.8277972523577195e-23
19.546875 1.9999999999999996 24.0 2.000000002483733 23.999999999997705 -2.5510813027808987e-23
19.578125 1.9999999999999996 24.0 2.000000002483733 23.999999999997705 -1.6934177460038927e-23
19.609375 1.9999999999999996 24.0 2.000000002483732 23.99999999999769 -1.1197544736359961e-23
19.640625 1.9999999999999996 24.0 2.0000000024837306 23.99999999999768 -7.376468727502132e-24
19.671875 1.9999999999999996 24.0 2.0000000024837297 23.999999999997677 -4.8415436441065506e-24
19.703125 1.9999999999999996 24.0 2.0000000024837297 23.999999999997677 -3.1664072085467803e-24
19.734375 1.9999999999999996 24.0 2.0000000024837297 23.999999999997677 -2.063626327147327e-24
19.765625 1.9999999999999996 24.0 2.0000000024837292 23.99999999999767 -1.3403152088627167e-24
19.796875 1.9999999999999996 24.0 2.0000000024837297 23.99999999999767 -8.676038409735593e-25
19.828125 1.9999999999999996 24.0 2.00000000248373 23.99999999999767 -5.5975613110885925e-25
19.859375 1.9999999999999996 24.0 2.00000000248373 23.99999999999767 -3.599654906553355e-25
19.890625 1.9999999999999996 24.0 2.0000000024837306 23.99999999999767 -2.3074218514254646e-25
19.921875 1.9999999999999996 24.0 2.0000000024837297 23.99999999999767 -1.474398097469421e-25
19.953125 1.9999999999999996 24.0 2.0000000024837297 23.99999999999767 -9.391605402168255e-26
19.984375 1.9999999999999996 24.0 2.0000000024837297 23.99999999999767 -5.963706537766583e-26
20.015625 1.9999999999999996 24.0 2.0000000024837297 23.99999999999767 -3.775344399229274e-26
20.046875 1.9999999999999996 24.0 2.000000002483728 23.999999999997655 -2.3827139994964814e-26
20.078125 1.9999999999999996 24.0 2.0000000024837274 23.999999999997648 -1.49924343140427e-26
20.109375 1.9999999999999996 24.0 2.000000002483728 23.999999999997648 -9.405155247393542e-27
20.140625 1.9999999999999996 24.0 2.000000002483728 23.999999999997648 -5.882486307471667e-27
20.171875 1.9999999999999996 24.0 2.000000002483728 23.999999999997648 -3.668289004728993e-27
20.203125 1.9999999999999996 24.0 2.000000002483727 23.99999999999764 -2.2807587812770227e-27
20.234375 1.9999999999999996 24.0 2.000000002483726 23.999999999997634 -1.4138812796945444e-27
20.265625 1.9999999999999996 24.0 2.0000000024837252 23.999999999997627 -8.73912572067705e-28
20.296875 1.9999999999999996 24.0 2.0000000024837243 23.999999999997623 -5.38576355657764e-28
20.328125 1.9999999999999996 24.0 2.000000002483724 23.99999999999762 -3.3094267750190695e-28
20.359375 1.9999999999999996 24.0 2.0000000024837234 23.999999999997616 -2.027615344466844e-28
20.390625 1.9999999999999996 24.0 2.0000000024837226 23.999999999997613 -1.238642375332453e-28
20.421875 1.9999999999999996 24.0 2.0000000024837226 23.999999999997613 -7.544549486732463e-29
20.453125 1.9999999999999996 24.0 2.0000000024837226 23.999999999997613 -4.5819074330769235e-29
20.484375 1.9999999999999996 24.0 2.0000000024837226 23.999999999997613 -2.774487006777097e-29
20.515625 1.9999999999999996 24.0 2.0000000024837226 23.999999999997613 -1.6750947021985322e-29
20.546875 1.9999999999999996 24.0 2.0000000024837226 23.999999999997605 -1.0083523940785047e-29
20.578125 1.9999999999999996 24.0 2.0000000024837226 23.999999999997605 -6.0519690049571036e-30
20.609375 1.9999999999999996 24.0 2.0000000024837226 23.999999999997602 -3.621484103504994e-30
20.640625 1.9999999999999996 24.0 2.0000000024837226 23.999999999997602 -2.1606037380466126e-30
20.671875 1.9999999999999996 24.0 2.0000000024837234 23.999999999997605 -1.2851516331372023e-30
20.703125 1.9999999999999996 24.0 2.0000000024837234 23.999999999997605 -7.621057735477044e-31
20.734375 1.9999999999999996 24.0 2.0000000024837226 23.999999999997595 -4.505546363689017e-31
20.765625 1.9999999999999996 24.0 2.000000002483722 23.99999999999759 -2.65545774288298e-31
20.796875 1.9999999999999996 24.0 2.0000000024837226 23.99999999999759 -1.5601918693651058e-31
20.828125 1.9999999999999996 24.0 2.00000000248372 23.999999999997577 -9.137948787512768e-32
20.859375 1.9999999999999996 24.0 2.00000000248372 23.999999999997573 -5.335009896503985e-32
20.890625 1.9999999999999996 24.0 2.000000002483719 23.99999999999757 -3.104698038737646e-32
20.921875 1.9999999999999996 24.0 2.0000000024837172 23.999999999997563 -1.8008638503315503e-32
20.953125 1.9999999999999996 24.0 2.0000000024837155 23.999999999997552 -1.04111138669265e-32
20.984375 1.9999999999999996 24.0 2.0000000024837146 23.99999999999754 -5.998506676741735e-33
21.015625 1.9999999999999996 24.0 2.0000000024837137 23.99999999999753 -3.444218049896123e-33
21.046875 1.9999999999999996 24.0 2.000000002483713 23.99999999999753 -1.9706444301768363e-33
21.078125 1.9999999999999996 24.0 2.000000002483712 23.999999999997527 -1.123468433039923e-33
21.109375 1.9999999999999996 24.0 2.000000002483713 23.99999999999753 -6.381297208125961e-34
21.140625 1.9999999999999996 24.0 2.000000002483712 23.999999999997527 -3.610838991254936e-34
21.171875 1.9999999999999996 24.0 2.000000002483712 23.99999999999752 -2.0352048920353324e-34
21.203125 1.9999999999999996 24.0 2.000000002483712 23.99999999999752 -1.142489249897584e-34
21.234375 1.9999999999999996 24.0 2.0000000024837106 23.999999999997506 -6.386682306426079e-35
21.265625 1.9999999999999996 24.0 2.0000000024837084 23.9999999999975 -3.554705609886775e-35
21.296875 1.9999999999999996 24.0 2.0000000024837084 23.9999999999975 -1.969481613251063e-35
21.328125 1.9999999999999996 24.0 2.0000000024837075 23.999999999997492 -1.0859796109704051e-35
21.359375 1.9999999999999996 24.0 2.0000000024837066 23.99999999999749 -5.957967746992783e-36
21.390625 1.9999999999999996 24.0 2.0000000024837066 23.999999999997485 -3.251223154159321e-36
21.421875 1.9999999999999996 24.0 2.0000000024837057 23.999999999997478 -1.764039657518716e-36
21.453125 1.9999999999999996 24.0 2.000000002483705 23.999999999997478 -9.512456240138327e-37
21.484375 1.9999999999999996 24.0 2.000000002483704 23.99999999999747 -5.095304745953352e-37
21.515625 1.9999999999999996 24.0 2.000000002483703 23.999999999997463 -2.709319313161419e-37
21.546875 1.9999999999999996 24.0 2.000000002483703 23.999999999997463 -1.4289429136809048e-37
21.578125 1.9999999999999996 24.0 2.0000000024837012 23.999999999997453 -7.467854512244359e-38
21.609375 1.9999999999999996 24.0 2.0000000024837012 23.99999999999745 -3.862246412839405e-38
21.640625 1.9999999999999996 24.0 2.0000000024837012 23.99999999999745 -1.9733640409492698e-38
21.671875 1.9999999999999996 24.0 2.0000000024837012 23.99999999999745 -9.937973385277114e-39
21.703125 1.9999999999999996 24.0 2.000000002483701 23.999999999997446 -4.9171664344323987e-39
21.734375 1.9999999999999996 24.0 2.000000002483701 23.99999999999745 -2.379148315477548e-39
21.765625 1.9999999999999996 24.0 2.000000002483701 23.999999999997446 -1.1175793032213454e-39
21.796875 1.9999999999999996 24.0 2.0000000024837004 23.999999999997442 -5.035814308975148e-40
21.828125 1.9999999999999996 24.0 2.0000000024837 23.999999999997435 -2.128823627925937e-40
21.859375 1.9999999999999996 24.0 2.0000000024836986 23.999999999997428 -8.040211368904828e-41
21.890625 1.9999999999999996 24.0 2.0000000024836977 23.99999999999742 -2.3380523158598155e-41
21.921875 1.9999999999999996 24.0 2.0000000024836977 23.99999999999742 -1.1041630246284527e-42
21.953125 1.9999999999999996 24.0 2.0000000024836977 23.99999999999742 5.97690423008472e-42
21.984375 1.9999999999999996 24.0 2.0000000024836977 23.99999999999742 6.949926403797957e-42
22.015625 1.9999999999999996 24.0 2.0000000024836977 23.99999999999742 5.846063377957028e-42
22.046875 1.9999999999999996 24.0 2.000000002483697 23.999999999997414 4.325788212120148e-42
22.078125 1.9999999999999996 24.0 2.000000002483696 23.999999999997407 2.984371359915005e-42
22.109375 1.9999999999999996 24.0 2.0000000024836946 23.9999999999974 1.9689254483153933e-42
22.140625 1.9999999999999996 24.0 2.0000000024836924 23.99999999999739 1.258888113997978e-42
22.171875 1.9999999999999996 24.0 2.0000000024836924 23.99999999999739 7.862381985663504e-43
22.203125 1.9999999999999996 24.0 2.0000000024836933 23.999999999997392 4.8208921257584945e-43
22.234375 1.9999999999999996 24.0 2.0000000024836924 23.999999999997392 2.91205779188509e-43
22.265625 1.9999999999999996 24.0 2.0000000024836924 23.999999999997392 1.7371316768754017e-43
22.296875 1.9999999999999996 24.0 2.0000000024836924 23.999999999997392 1.025195040406753e-43
22.328125 1.9999999999999996 24.0 2.0000000024836915 23.999999999997385 5.993943055649722e-44
22.359375 1.9999999999999996 24.0 2.0000000024836906 23.999999999997378 3.4754386748737267e-44
22.390625 1.9999999999999996 24.0 2.0000000024836906 23.99999999999737 2.0001391905388715e-44
22.421875 1.9999999999999996 24.0 2.0000000024836897 23.999999999997367 1.1432892156771465e-44
22.453125 1.9999999999999996 24.0 2.00000000248369 23.999999999997367 6.494345351696857e-45
22.484375 1.9999999999999996 24.0 2.0000000024836897 23.999999999997367 3.6677085226756304e-45
22.515625 1.9999999999999996 24.0 2.00000000248369 23.999999999997367 2.060150041016556e-45
22.546875 1.9999999999999996 24.0 2.00000000248369 23.999999999997364 1.1512940178789018e-45
22.578125 1.9999999999999996 24.0 2.00000000248369 23.999999999997364 6.402876193520721e-46
22.609375 1.9999999999999996 24.0 2.0000000024836906 23.999999999997364 3.544595714090166e-46
22.640625 1.9999999999999996 24.0 2.0000000024836906 23.999999999997364 1.9536579209753196e-46
22.671875 1.9999999999999996 24.0 2.00000000248369 23.99999999999736 1.0722511834554478e-46
22.703125 1.9999999999999996 24.0 2.0000000024836906 23.999999999997367 5.8610728285051535e-47
22.734375 1.9999999999999996 24.0 2.0000000024836893 23.999999999997353 3.1911596593010844e-47
22.765625 1.9999999999999996 24.0 2.0000000024836897 23.99999999999735 1.7308607822853055e-47
22.796875 1.9999999999999996 24.0 2.00000000248369 23.99999999999735 9.353267962350299e-48
22.828125 1.9999999999999996 24.0 2.0000000024836906 23.99999999999735 5.0360797287801475e-48
22.859375 1.9999999999999996 24.0 2.0000000024836893 23.99999999999734 2.702002356417873e-48
22.890625 1.9999999999999996 24.0 2.000000002483688 23.99999999999733 1.4446905109718582e-48
22.921875 1.9999999999999996 24.0 2.000000002483687 23.99999999999732 7.698188899911537e-49
22.953125 1.9999999999999996 24.0 2.0000000024836866 23.99999999999732 4.0883930329748965e-49
22.984375 1.9999999999999996 24.0 2.0000000024836866 23.99999999999732 2.164163558795051e-49
23.015625 1.9999999999999996 24.0 2.000000002483688 23.99999999999732 1.1418828486624206e-49
23.046875 1.9999999999999996 24.0 2.000000002483688 23.99999999999732 6.005727064687491e-50
23.078125 1.9999999999999996 24.0 2.000000002483688 23.999999999997318 3.1487547339947423e-50
23.109375 1.9999999999999996 24.0 2.000000002483688 23.999999999997318 1.645720846417934e-50
23.140625 1.9999999999999996 24.0 2.000000002483688 23.999999999997318 8.574936586047256e-51
23.171875 1.9999999999999996 24.0 2.000000002483688 23.999999999997318 4.454253611117328e-51
23.203125 1.9999999999999996 24.0 2.000000002483687 23.999999999997314 2.3067406877601848e-51
23.234375 1.9999999999999996 24.0 2.0000000024836853 23.9999999999973 1.1909998921582205e-51
23.265625 1.9999999999999996 24.0 2.0000000024836844 23.999999999997293 6.1308674558564455e-52
23.296875 1.9999999999999996 24.0 2.0000000024836853 23.999999999997293 3.1465632025112256e-52
23.328125 1.9999999999999996 24.0 2.000000002483684 23.999999999997286 1.6101315822779676e-52
23.359375 1.9999999999999996 24.0 2.0000000024836826 23.999999999997275 8.214889684997225e-53
23.390625 1.9999999999999996 24.0 2.0000000024836817 23.99999999999727 4.178897469918695e-53
23.421875 1.9999999999999996 24.0 2.00000000248368 23.999999999997264 2.119554414886232e-53
23.453125 1.9999999999999996 24.0 2.000000002483679 23.999999999997254 1.07189611230049e-53
23.484375 1.9999999999999996 24.0 2.0000000024836773 23.999999999997243 5.404899700758321e-54
23.515625 1.9999999999999996 24.0 2.0000000024836773 23.999999999997236 2.71737836329482e-54
23.546875 1.9999999999999996 24.0 2.0000000024836755 23.999999999997222 1.3621972531801136e-54
23.578125 1.9999999999999996 24.0 2.0000000024836746 23.999999999997222 6.808576983337657e-55
23.609375 1.9999999999999996 24.0 2.0000000024836737 23.999999999997215 3.3931056550831865e-55
23.640625 1.9999999999999996 24.0 2.000000002483672 23.9999999999972 1.686011193240446e-55
23.671875 1.9999999999999996 24.0 2.000000002483671 23.9999999999972 8.352991740634592e-56
23.703125 1.9999999999999996 24.0 2.000000002483671 23.9999999999972 4.126081146814488e-56
23.734375 1.9999999999999996 24.0 2.0000000024836706 23.999999999997197 2.0320867377757505e-56
23.765625 1.9999999999999996 24.0 2.0000000024836706 23.9999999999972 9.978129800561989e-57
23.796875 1.9999999999999996 24.0 2.000000002483672 23.999999999997208 4.884848740431868e-57
23.828125 1.9999999999999996 24.0 2.000000002483672 23.999999999997208 2.3841835575636754e-57
23.859375 1.9999999999999996 24.0 2.000000002483672 23.9999999999972 1.1601261438237894e-57
23.890625 1.9999999999999996 24.0 2.000000002483672 23.999999999997197 5.6277758939184945e-58
23.921875 1.9999999999999996 24.0 2.000000002483672 23.999999999997204 2.7215866533612825e-58
23.953125 1.9999999999999996 24.0 2.000000002483672 23.9999999999972 1.3120415267055653e-58
23.984375 1.9999999999999996 24.0 2.000000002483671 23.999999999997193 6.305182608170241e-59
24.015625 1.9999999999999996 24.0 2.0000000024836693 23.999999999997186 3.0203361416968546e-59
24.046875 1.9999999999999996 24.0 2.0000000024836693 23.999999999997186 1.442119640701555e-59
24.078125 1.9999999999999996 24.0 2.0000000024836693 23.999999999997186 6.863006283915339e-60
24.109375 1.9999999999999996 24.0 2.0000000024836693 23.999999999997186 3.2551487659220895e-60
24.140625 1.9999999999999996 24.0 2.0000000024836693 23.999999999997186 1.5386651948267813e-60
24.171875 1.9999999999999996 24.0 2.00000000248367 23.999999999997186 7.247774453020917e-61
24.203125 1.9999999999999996 24.0 2.0000000024836693 23.99999999999718 3.401882857024736e-61
24.234375 1.9999999999999996 24.0 2.0000000024836675 23.999999999997165 1.590929990931295e-61
24.265625 1.9999999999999996 24.0 2.0000000024836666 23.999999999997165 7.4123871613528855e-62
24.296875 1.9999999999999996 24.0 2.0000000024836666 23.999999999997165 3.4402769321153487e-62
24.328125 1.9999999999999996 24.0 2.000000002483666 23.999999999997158 1.5903905636321816e-62
24.359375 1.9999999999999996 24.0 2.000000002483666 23.999999999997158 7.321984942534789e-63
24.390625 1.9999999999999996 24.0 2.0000000024836657 23.999999999997154 3.356600044717967e-63
24.421875 1.9999999999999996 24.0 2.0000000024836657 23.999999999997158 1.5319234162033377e-63
24.453125 1.9999999999999996 24.0 2.000000002483665 23.99999999999715 6.959052145299416e-64
24.484375 1.9999999999999996 24.0 2.000000002483665 23.999999999997144 3.145813634902412e-64
24.515625 1.9999999999999996 24.0 2.000000002483664 23.999999999997137 1.414693107295441e-64
24.546875 1.9999999999999996 24.0 2.0000000024836626 23.999999999997137 6.326920398120275e-65
24.578125 1.9999999999999996 24.0 2.000000002483663 23.999999999997137 2.8128757645194546e-65
24.609375 1.9999999999999996 24.0 2.000000002483662 23.999999999997133 1.2425942366207413e-65
24.640625 1.9999999999999996 24.0 2.0000000024836613 23.999999999997122 5.451008665905134e-66
24.671875 1.9999999999999996 24.0 2.0000000024836604 23.999999999997115 2.372921497325267e-66
24.703125 1.9999999999999996 24.0 2.0000000024836595 23.999999999997108 1.0241461876918614e-66
24.734375 1.9999999999999996 24.0 2.0000000024836586 23.999999999997108 4.377446861968469e-67
24.765625 1.9999999999999996 24.0 2.000000002483658 23.999999999997105 1.8502142513491473e-67
24.796875 1.9999999999999996 24.0 2.0000000024836577 23.9999999999971 7.718206623049324e-68
24.828125 1.9999999999999996 24.0 2.000000002483656 23.999999999997087 3.1691289287035775e-68
24.859375 1.9999999999999996 24.0 2.0000000024836546 23.99999999999708 1.275954546258792e-68
24.890625 1.9999999999999996 24.0 2.0000000024836546 23.99999999999708 5.008720464462768e-69
24.921875 1.9999999999999996 24.0 2.000000002483655 23.999999999997083 1.8996549218085223e-69
24.953125 1.9999999999999996 24.0 2.0000000024836533 23.999999999997065 6.85218368134225e-70
24.984375 1.9999999999999996 24.0 2.0000000024836533 23.999999999997065 2.27822078484169e-70
