-9.966666666666665897e-01 9.051391142117970467e-01 -9.966666666666666730e-02
-9.899999999999999911e-01 9.057427414820904410e-01 -9.900000000000000466e-02
-9.833333333333333925e-01 9.063467712954617062e-01 -9.833333333333334203e-02
-9.766666666666666829e-01 9.069512039314844287e-01 -9.766666666666667940e-02
-9.699999999999999734e-01 9.075560396569465338e-01 -9.700000000000000289e-02
-9.633333333333333748e-01 9.081612787406629916e-01 -9.633333333333334025e-02
-9.566666666666666652e-01 9.087669214516290728e-01 -9.566666666666667762e-02
-9.499999999999999556e-01 9.093729680590191267e-01 -9.500000000000000111e-02
-9.433333333333333570e-01 9.099794188321879140e-01 -9.433333333333333848e-02
-9.366666666666666474e-01 9.105862740406688305e-01 -9.366666666666667584e-02
-9.299999999999999378e-01 9.111935339541754608e-01 -9.299999999999999933e-02
-9.233333333333333393e-01 9.118011988426010239e-01 -9.233333333333333670e-02
-9.166666666666667407e-01 9.124092689760188168e-01 -9.166666666666667407e-02
-9.099999999999999201e-01 9.130177446246823258e-01 -9.099999999999999756e-02
-9.033333333333333215e-01 9.136266260590248933e-01 -9.033333333333333492e-02
-8.966666666666667229e-01 9.142359135496609390e-01 -8.966666666666667229e-02
-8.900000000000000133e-01 9.148456073673848499e-01 -8.900000000000000966e-02
-8.833333333333333037e-01 9.154557077831715350e-01 -8.833333333333333315e-02
-8.766666666666667052e-01 9.160662150681768701e-01 -8.766666666666667052e-02
-8.699999999999999956e-01 9.166771294937374748e-01 -8.700000000000000788e-02
-8.633333333333332860e-01 9.172884513313704913e-01 -8.633333333333333137e-02
-8.566666666666666874e-01 9.179001808527749162e-01 -8.566666666666666874e-02
-8.499999999999999778e-01 9.185123183298302685e-01 -8.500000000000000611e-02
-8.433333333333332682e-01 9.191248640345979215e-01 -8.433333333333332960e-02
-8.366666666666666696e-01 9.197378182393204371e-01 -8.366666666666666696e-02
-8.299999999999999600e-01 9.203511812164215655e-01 -8.300000000000000433e-02
-8.233333333333332504e-01 9.209649532385072446e-01 -8.233333333333332782e-02
-8.166666666666666519e-01 9.215791345783649335e-01 -8.166666666666666519e-02
-8.100000000000000533e-01 9.221937255089645014e-01 -8.100000000000001643e-02
-8.033333333333333437e-01 9.228087263034571164e-01 -8.033333333333333992e-02
-7.966666666666666341e-01 9.234241372351771338e-01 -7.966666666666666341e-02
-7.900000000000000355e-01 9.240399585776398750e-01 -7.900000000000001465e-02
-7.833333333333333259e-01 9.246561906045444035e-01 -7.833333333333333814e-02
-7.766666666666666163e-01 9.252728335897716372e-01 -7.766666666666666163e-02
-7.700000000000000178e-01 9.258898878073849037e-01 -7.700000000000001288e-02
-7.633333333333333082e-01 9.265073535316290521e-01 -7.633333333333333637e-02
-7.566666666666665986e-01 9.271252310369337835e-01 -7.566666666666665986e-02
-7.500000000000000000e-01 9.277435205979122079e-01 -7.500000000000001110e-02
-7.433333333333332904e-01 9.283622224893596231e-01 -7.433333333333333459e-02
-7.366666666666666918e-01 9.289813369862540693e-01 -7.366666666666667196e-02
-7.299999999999999822e-01 9.296008643637583280e-01 -7.299999999999999545e-02
-7.233333333333332726e-01 9.302208048972173682e-01 -7.233333333333333282e-02
-7.166666666666666741e-01 9.308411588621605670e-01 -7.166666666666667018e-02
-7.099999999999999645e-01 9.314619265343008214e-01 -7.099999999999999367e-02
-7.033333333333333659e-01 9.320831081895348813e-01 -7.033333333333334492e-02
-6.966666666666666563e-01 9.327047041039431274e-01 -6.966666666666666841e-02
-6.899999999999999467e-01 9.333267145537904597e-01 -6.899999999999999190e-02
-6.833333333333333481e-01 9.339491398155252977e-01 -6.833333333333334314e-02
-6.766666666666666385e-01 9.345719801657830228e-01 -6.766666666666666663e-02
-6.699999999999999289e-01 9.351952358813802046e-01 -6.699999999999999012e-02
-6.633333333333333304e-01 9.358189072393192642e-01 -6.633333333333334136e-02
-6.566666666666666208e-01 9.364429945167889180e-01 -6.566666666666666485e-02
-6.500000000000000222e-01 9.370674979911599589e-01 -6.500000000000000222e-02
-6.433333333333333126e-01 9.376924179399883652e-01 -6.433333333333333959e-02
-6.366666666666666030e-01 9.383177546410199632e-01 -6.366666666666666308e-02
-6.300000000000000044e-01 9.389435083721797692e-01 -6.300000000000000044e-02
-6.233333333333332948e-01 9.395696794115806494e-01 -6.233333333333333087e-02
-6.166666666666666963e-01 9.401962680375202108e-01 -6.166666666666667518e-02
-6.099999999999999867e-01 9.408232745284850207e-01 -6.099999999999999867e-02
-6.033333333333332771e-01 9.414506991631428345e-01 -6.033333333333332910e-02
-5.966666666666666785e-01 9.420785422203479254e-01 -5.966666666666667340e-02
-5.899999999999999689e-01 9.427068039791393073e-01 -5.899999999999999689e-02
-5.833333333333332593e-01 9.433354847187320757e-01 -5.833333333333332732e-02
-5.766666666666666607e-01 9.439645847185492711e-01 -5.766666666666667163e-02
-5.699999999999999512e-01 9.445941042582183256e-01 -5.699999999999999512e-02
-5.633333333333333526e-01 9.452240436175601834e-01 -5.633333333333333942e-02
-5.566666666666666430e-01 9.458544030765367872e-01 -5.566666666666666985e-02
-5.499999999999999334e-01 9.464851829152072238e-01 -5.499999999999999334e-02
-5.433333333333333348e-01 9.471163834137787951e-01 -5.433333333333333764e-02
-5.366666666666666252e-01 9.477480048527693324e-01 -5.366666666666666807e-02
-5.300000000000000266e-01 9.483800475131755059e-01 -5.300000000000000544e-02
-5.233333333333333171e-01 9.490125116764238644e-01 -5.233333333333333587e-02
-5.166666666666666075e-01 9.496453976239371819e-01 -5.166666666666666630e-02
-5.100000000000000089e-01 9.502787056364897511e-01 -5.100000000000000366e-02
-5.033333333333332993e-01 9.509124359939389315e-01 -5.033333333333333409e-02
-4.966666666666666452e-01 9.515465889760305052e-01 -4.966666666666666452e-02
-4.899999999999999356e-01 9.521811648643585535e-01 -4.899999999999999495e-02
-4.833333333333332815e-01 9.528161639443564201e-01 -4.833333333333333232e-02
-4.766666666666666274e-01 9.534515865052243244e-01 -4.766666666666666274e-02
-4.699999999999999734e-01 9.540874328360717804e-01 -4.700000000000000011e-02
-4.633333333333333193e-01 9.547237032188851114e-01 -4.633333333333333748e-02
-4.566666666666666097e-01 9.553603979223530551e-01 -4.566666666666666097e-02
-4.499999999999999556e-01 9.559975172026893286e-01 -4.499999999999999833e-02
-4.433333333333333015e-01 9.566350613159341210e-01 -4.433333333333333570e-02
-4.366666666666666474e-01 9.572730305399952400e-01 -4.366666666666666613e-02
-4.299999999999999933e-01 9.579114251963548599e-01 -4.300000000000000350e-02
-4.233333333333332837e-01 9.585502456559666928e-01 -4.233333333333333393e-02
-4.166666666666666297e-01 9.591894923162977982e-01 -4.166666666666666435e-02
-4.099999999999999756e-01 9.598291655481714368e-01 -4.100000000000000172e-02
-4.033333333333332660e-01 9.604692656278910334e-01 -4.033333333333333215e-02
-3.966666666666666119e-01 9.611097926835652228e-01 -3.966666666666666258e-02
-3.899999999999999578e-01 9.617507466863006726e-01 -3.899999999999999994e-02
-3.833333333333333037e-01 9.623921275032631950e-01 -3.833333333333333037e-02
-3.766666666666666496e-01 9.630339350050485248e-01 -3.766666666666666774e-02
-3.699999999999999400e-01 9.636761691949121689e-01 -3.699999999999999817e-02
-3.633333333333332860e-01 9.643188303141733142e-01 -3.633333333333332860e-02
-3.566666666666666319e-01 9.649619188835567574e-01 -3.566666666666666596e-02
-3.499999999999999778e-01 9.656054356627411517e-01 -3.499999999999999639e-02
-3.433333333333333237e-01 9.662493815403447872e-01 -3.433333333333333376e-02
-3.366666666666666141e-01 9.668937573911260408e-01 -3.366666666666666419e-02
-3.299999999999999600e-01 9.675385639464985088e-01 -3.299999999999999462e-02
-3.233333333333333059e-01 9.681838017159074550e-01 -3.233333333333333198e-02
-3.166666666666665964e-01 9.688294709755804757e-01 -3.166666666666666241e-02
-3.099999999999999423e-01 9.694755718173335701e-01 -3.099999999999999631e-02
-3.033333333333332882e-01 9.701221042327069499e-01 -3.033333333333333021e-02
-2.966666666666666341e-01 9.707690682016085759e-01 -2.966666666666666410e-02
-2.899999999999999800e-01 9.714164637594427942e-01 -2.899999999999999800e-02
-2.833333333333332704e-01 9.720642910288719296e-01 -2.833333333333332843e-02
-2.766666666666666163e-01 9.727125502172333515e-01 -2.766666666666666233e-02
-2.699999999999999623e-01 9.733612415935943840e-01 -2.699999999999999623e-02
-2.633333333333332527e-01 9.740103654648321063e-01 -2.633333333333332665e-02
-2.566666666666665986e-01 9.746599221634435484e-01 -2.566666666666666055e-02
-2.499999999999999445e-01 9.753099120420388735e-01 -2.499999999999999445e-02
-2.433333333333332904e-01 9.759603354533038511e-01 -2.433333333333333182e-02
-2.366666666666666363e-01 9.766111927002321114e-01 -2.366666666666666571e-02
-2.299999999999999267e-01 9.772624839805854613e-01 -2.299999999999999267e-02
-2.233333333333332726e-01 9.779142093990436102e-01 -2.233333333333333004e-02
-2.166666666666666186e-01 9.785663691201840209e-01 -2.166666666666666394e-02
-2.099999999999999645e-01 9.792189636292991661e-01 -2.099999999999999784e-02
-2.033333333333333104e-01 9.798719938803314156e-01 -2.033333333333333173e-02
-1.966666666666666008e-01 9.805254609957166911e-01 -1.966666666666666216e-02
-1.899999999999999467e-01 9.811793653648703817e-01 -1.899999999999999606e-02
-1.833333333333332926e-01 9.818337055594095197e-01 -1.833333333333332996e-02
-1.766666666666665830e-01 9.824884781764053887e-01 -1.766666666666666038e-02
-1.699999999999999289e-01 9.831436798731795212e-01 -1.699999999999999428e-02
-1.633333333333332749e-01 9.837993117668458742e-01 -1.633333333333332818e-02
-1.566666666666666208e-01 9.844553839898548819e-01 -1.566666666666666208e-02
-1.499999999999999667e-01 9.851119157230645573e-01 -1.499999999999999771e-02
-1.433333333333332571e-01 9.857689258012966027e-01 -1.433333333333332640e-02
-1.366666666666666030e-01 9.864264132012382502e-01 -1.366666666666666030e-02
-1.299999999999999489e-01 9.870843354005195414e-01 -1.299999999999999593e-02
-1.233333333333332948e-01 9.877426020348405444e-01 -1.233333333333332983e-02
-1.166666666666666408e-01 9.884011041965151678e-01 -1.166666666666666546e-02
-1.099999999999999312e-01 9.890597888776588853e-01 -1.099999999999999416e-02
-1.033333333333332771e-01 9.897187634255729671e-01 -1.033333333333332806e-02
-9.666666666666662300e-02 9.903783805176910038e-01 -9.666666666666663688e-03
-8.999999999999991340e-02 9.910392257863427368e-01 -8.999999999999992381e-03
-8.333333333333325932e-02 9.917019910495878943e-01 -8.333333333333326279e-03
-7.666666666666660523e-02 9.923673695021165697e-01 -7.666666666666661044e-03
-6.999999999999995115e-02 9.930361026094863819e-01 -6.999999999999995809e-03
-6.333333333333329707e-02 9.937091470834719109e-01 -6.333333333333329707e-03
-5.666666666666658747e-02 9.943878851645320260e-01 -5.666666666666659267e-03
-4.999999999999993339e-02 9.950743542708750944e-01 -4.999999999999994033e-03
-4.333333333333327930e-02 9.957715079405732306e-01 -4.333333333333327930e-03
-3.666666666666662522e-02 9.964835273739585109e-01 -3.666666666666662695e-03
-2.999999999999997113e-02 9.972161984310463634e-01 -2.999999999999997460e-03
-2.333333333333326154e-02 9.979773589118535737e-01 -2.333333333333326154e-03
-1.666666666666660745e-02 9.987774205167669894e-01 -1.666666666666660919e-03
-9.999999999999953371e-03 9.996296738987127117e-01 -9.999999999999954672e-04
-3.333333333333299286e-03 1.000556312485436639e+00 -3.333333333333299612e-04
3.333333333333410309e-03 2.478667441561023033e+00 9.033333333333334325e-01
1.000000000000011990e-02 2.495573237684374224e+00 9.100000000000001421e-01
1.666666666666671848e-02 2.512647946478113958e+00 9.166666666666667407e-01
2.333333333333342807e-02 2.529887329023073228e+00 9.233333333333334503e-01
3.000000000000013767e-02 2.547294234735419494e+00 9.300000000000001599e-01
3.666666666666673624e-02 2.564873295754004801e+00 9.366666666666667584e-01
4.333333333333333481e-02 2.582630476424661037e+00 9.433333333333333570e-01
5.000000000000004441e-02 2.600571715773210446e+00 9.500000000000000666e-01
5.666666666666675400e-02 2.618703121374295506e+00 9.566666666666667762e-01
6.333333333333335258e-02 2.637030912953670647e+00 9.633333333333333748e-01
7.000000000000006217e-02 2.655561377661118883e+00 9.700000000000000844e-01
7.666666666666677177e-02 2.674300826186541524e+00 9.766666666666667940e-01
8.333333333333337034e-02 2.693255547011724982e+00 9.833333333333333925e-01
9.000000000000007994e-02 2.712431758788510727e+00 9.900000000000001021e-01
9.666666666666678953e-02 2.731835561545930879e+00 9.966666666666668117e-01
1.033333333333333881e-01 2.751472887672073320e+00 1.003333333333333410e+00
1.100000000000000977e-01 2.771349453721184020e+00 1.010000000000000231e+00
1.166666666666668073e-01 2.791470714139308029e+00 1.016666666666666829e+00
1.233333333333334059e-01 2.811841817998390614e+00 1.023333333333333428e+00
1.300000000000000044e-01 2.832467569781479622e+00 1.030000000000000027e+00
1.366666666666667140e-01 2.853352395171940170e+00 1.036666666666666625e+00
1.433333333333334236e-01 2.874500312669621138e+00 1.043333333333333446e+00
1.500000000000000222e-01 2.895914911691905402e+00 1.050000000000000044e+00
1.566666666666667318e-01 2.917599337624278810e+00 1.056666666666666643e+00
1.633333333333334414e-01 2.939556284072368797e+00 1.063333333333333464e+00
1.700000000000000400e-01 2.961787992345370935e+00 1.070000000000000062e+00
1.766666666666667496e-01 2.984296257980116884e+00 1.076666666666666661e+00
1.833333333333334592e-01 3.007082443906287317e+00 1.083333333333333481e+00
1.900000000000000577e-01 3.030147499666238975e+00 1.090000000000000080e+00
1.966666666666667673e-01 3.053491985946047205e+00 1.096666666666666679e+00
2.033333333333334769e-01 3.077116103553980242e+00 1.103333333333333499e+00
2.100000000000000755e-01 3.101019725902806279e+00 1.110000000000000098e+00
2.166666666666666741e-01 3.125202434014698660e+00 1.116666666666666696e+00
2.233333333333333837e-01 3.149663553070880084e+00 1.123333333333333517e+00
2.300000000000000933e-01 3.174402189569362154e+00 1.130000000000000115e+00
2.366666666666666918e-01 3.199417268227835898e+00 1.136666666666666714e+00
2.433333333333334014e-01 3.224707567868067670e+00 1.143333333333333535e+00
2.500000000000001110e-01 3.250271755635858462e+00 1.150000000000000133e+00
2.566666666666667096e-01 3.276108419038437525e+00 1.156666666666666732e+00
2.633333333333334192e-01 3.302216095412023655e+00 1.163333333333333552e+00
2.700000000000001288e-01 3.328593298559425762e+00 1.170000000000000151e+00
2.766666666666667274e-01 3.355238542415484915e+00 1.176666666666666750e+00
2.833333333333334370e-01 3.382150361702946029e+00 1.183333333333333570e+00
2.900000000000001465e-01 3.409327329630237102e+00 1.190000000000000169e+00
2.966666666666667451e-01 3.436768072754420533e+00 1.196666666666666767e+00
3.033333333333333437e-01 3.464471283187191997e+00 1.203333333333333366e+00
3.100000000000000533e-01 3.492435728360077540e+00 1.209999999999999964e+00
3.166666666666667629e-01 3.520660258588498515e+00 1.216666666666666785e+00
3.233333333333333615e-01 3.549143812685139121e+00 1.223333333333333384e+00
3.300000000000000711e-01 3.577885421873371996e+00 1.229999999999999982e+00
3.366666666666667806e-01 3.606884212243500087e+00 1.236666666666666803e+00
3.433333333333333792e-01 3.636139405980577610e+00 1.243333333333333401e+00
3.500000000000000888e-01 3.665650321574302151e+00 1.250000000000000000e+00
3.566666666666667984e-01 3.695416373200791416e+00 1.256666666666666821e+00
3.633333333333333970e-01 3.725437069444213378e+00 1.263333333333333419e+00
3.700000000000001066e-01 3.755712011504308112e+00 1.270000000000000018e+00
3.766666666666668162e-01 3.786240891014739596e+00 1.276666666666666838e+00
3.833333333333334147e-01 3.817023487577381413e+00 1.283333333333333437e+00
3.900000000000000133e-01 3.848059666099511666e+00 1.290000000000000036e+00
3.966666666666667229e-01 3.879349374004662288e+00 1.296666666666666856e+00
4.033333333333334325e-01 3.910892638373667740e+00 1.303333333333333455e+00
4.100000000000000311e-01 3.942689563060081781e+00 1.310000000000000053e+00
4.166666666666667407e-01 3.974740325813806763e+00 1.316666666666666874e+00
4.233333333333334503e-01 4.007045175437962570e+00 1.323333333333333472e+00
4.300000000000000488e-01 4.039604428997028762e+00 1.330000000000000071e+00
4.366666666666667584e-01 4.072418469088465720e+00 1.336666666666666892e+00
4.433333333333334680e-01 4.105487741185580575e+00 1.343333333333333490e+00
4.500000000000000666e-01 4.138812751055966466e+00 1.350000000000000089e+00
4.566666666666667762e-01 4.172394062257225755e+00 1.356666666666666909e+00
4.633333333333334858e-01 4.206232293709920356e+00 1.363333333333333508e+00
4.700000000000000844e-01 4.240328117346483516e+00 1.370000000000000107e+00
4.766666666666667940e-01 4.274682255834097333e+00 1.376666666666666927e+00
4.833333333333335036e-01 4.309295480369142339e+00 1.383333333333333526e+00
4.900000000000001021e-01 4.344168608540808663e+00 1.390000000000000124e+00
4.966666666666667007e-01 4.379302502261643859e+00 1.396666666666666723e+00
5.033333333333334103e-01 4.414698065763047907e+00 1.403333333333333321e+00
5.100000000000001199e-01 4.450356243654136179e+00 1.410000000000000142e+00
5.166666666666667185e-01 4.486278019042798881e+00 1.416666666666666741e+00
5.233333333333334281e-01 4.522464411718365440e+00 1.423333333333333339e+00
5.300000000000001377e-01 4.558916476395528328e+00 1.430000000000000160e+00
5.366666666666667362e-01 4.595635301019776797e+00 1.436666666666666758e+00
5.433333333333334458e-01 4.632622005134862775e+00 1.443333333333333357e+00
5.500000000000001554e-01 4.669877738313161331e+00 1.450000000000000178e+00
5.566666666666667540e-01 4.707403678650118550e+00 1.456666666666666776e+00
5.633333333333334636e-01 4.745201031324125296e+00 1.463333333333333375e+00
5.700000000000001732e-01 4.783271027223314320e+00 1.470000000000000195e+00
5.766666666666667718e-01 4.821614921640986928e+00 1.476666666666666794e+00
5.833333333333333703e-01 4.860233993041312317e+00 1.483333333333333393e+00
5.900000000000000799e-01 4.899129541897112361e+00 1.490000000000000213e+00
5.966666666666667895e-01 4.938302889601366097e+00 1.496666666666666812e+00
6.033333333333333881e-01 4.977755377454188057e+00 1.503333333333333410e+00
6.100000000000000977e-01 5.017488365726819666e+00 1.510000000000000231e+00
6.166666666666668073e-01 5.057503232804154258e+00 1.516666666666666829e+00
6.233333333333334059e-01 5.097801374407137764e+00 1.523333333333333428e+00
6.300000000000001155e-01 5.138384202896216557e+00 1.530000000000000249e+00
6.366666666666668251e-01 5.179253146656797924e+00 1.536666666666666847e+00
6.433333333333334236e-01 5.220409649567509192e+00 1.543333333333333446e+00
6.500000000000001332e-01 5.261855170551707594e+00 1.550000000000000266e+00
6.566666666666668428e-01 5.303591183212436277e+00 1.556666666666666865e+00
6.633333333333334414e-01 5.345619175550670121e+00 1.563333333333333464e+00
6.700000000000000400e-01 5.387940649766324697e+00 1.570000000000000062e+00
6.766666666666667496e-01 5.430557122141109971e+00 1.576666666666666661e+00
6.833333333333334592e-01 5.473470123001827226e+00 1.583333333333333481e+00
6.900000000000000577e-01 5.516681196762280415e+00 1.590000000000000080e+00
6.966666666666667673e-01 5.560191902041410117e+00 1.596666666666666679e+00
7.033333333333334769e-01 5.604003811854769701e+00 1.603333333333333499e+00
7.100000000000000755e-01 5.648118513875908242e+00 1.610000000000000098e+00
7.166666666666667851e-01 5.692537610763672262e+00 1.616666666666666696e+00
7.233333333333334947e-01 5.737262720550839745e+00 1.623333333333333517e+00
7.300000000000000933e-01 5.782295477089077984e+00 1.630000000000000115e+00
7.366666666666668029e-01 5.827637530544587108e+00 1.636666666666666714e+00
7.433333333333335124e-01 5.873290547938430528e+00 1.643333333333333535e+00
7.500000000000001110e-01 5.919256213725105908e+00 1.650000000000000133e+00
7.566666666666667096e-01 5.965536230402586071e+00 1.656666666666666732e+00
7.633333333333334192e-01 6.012132319146840764e+00 1.663333333333333552e+00
7.700000000000001288e-01 6.059046220463716992e+00 1.670000000000000151e+00
7.766666666666667274e-01 6.106279694850942796e+00 1.676666666666666750e+00
7.833333333333334370e-01 6.153834523463165951e+00 1.683333333333333570e+00
7.900000000000001465e-01 6.201712508773047361e+00 1.690000000000000169e+00
7.966666666666667451e-01 6.249915475221742511e+00 1.696666666666666767e+00
8.033333333333334547e-01 6.298445269852447126e+00 1.703333333333333588e+00
8.100000000000001643e-01 6.347303762921240100e+00 1.710000000000000187e+00
8.166666666666667629e-01 6.396492848479990556e+00 1.716666666666666785e+00
8.233333333333334725e-01 6.446014444926846387e+00 1.723333333333333606e+00
8.300000000000001821e-01 6.495870495520541077e+00 1.730000000000000204e+00
8.366666666666667806e-01 6.546062968855731690e+00 1.736666666666666803e+00
8.433333333333333792e-01 6.596593859297481544e+00 1.743333333333333401e+00
8.500000000000000888e-01 6.647465187374016260e+00 1.750000000000000000e+00
8.566666666666667984e-01 6.698679000127955696e+00 1.756666666666666821e+00
8.633333333333333970e-01 6.750237371427447286e+00 1.763333333333333419e+00
8.700000000000001066e-01 6.802142402239118368e+00 1.770000000000000018e+00
8.766666666666668162e-01 6.854396220867311484e+00 1.776666666666666838e+00
8.833333333333334147e-01 6.907000983160876295e+00 1.783333333333333437e+00
8.900000000000001243e-01 6.959958872700747534e+00 1.790000000000000036e+00
8.966666666666668339e-01 7.013272100951606802e+00 1.796666666666666856e+00
9.033333333333334325e-01 7.066942907445330491e+00 1.803333333333333455e+00
9.100000000000001421e-01 7.120973559833917221e+00 1.810000000000000053e+00
9.166666666666668517e-01 7.175366354282248338e+00 1.816666666666666874e+00
9.233333333333334503e-01 7.230123614933773979e+00 1.823333333333333472e+00
9.300000000000000488e-01 7.285247695955865410e+00 1.830000000000000071e+00
9.366666666666667584e-01 7.340740976549382069e+00 1.836666666666666892e+00
9.433333333333334680e-01 7.396605875390820373e+00 1.843333333333333490e+00
9.500000000000000666e-01 7.452844811712688866e+00 1.850000000000000089e+00
9.566666666666667762e-01 7.509460313380104779e+00 1.856666666666666909e+00
9.633333333333334858e-01 7.566454720414055757e+00 1.863333333333333508e+00
9.700000000000000844e-01 7.623831002826439551e+00 1.870000000000000107e+00
9.766666666666667940e-01 7.681590509076633211e+00 1.876666666666666927e+00
9.833333333333335036e-01 7.739739172859298577e+00 1.883333333333333526e+00
9.900000000000001021e-01 7.798270411744339548e+00 1.890000000000000124e+00
9.966666666666667007e-01 7.857212314132164366e+00 1.896666666666666723e+00
