-9.966666666666665897e-01 9.051391142117970467e-01 -9.966666666666666730e-02
-9.899999999999999911e-01 9.057427414820906630e-01 -9.900000000000000466e-02
-9.833333333333333925e-01 9.063467712954581534e-01 -9.833333333333334203e-02
-9.766666666666666829e-01 9.069512039314540086e-01 -9.766666666666667940e-02
-9.699999999999999734e-01 9.075560396569090083e-01 -9.700000000000000289e-02
-9.633333333333333748e-01 9.081612787407329357e-01 -9.633333333333334025e-02
-9.566666666666666652e-01 9.087669214517574146e-01 -9.566666666666667762e-02
-9.499999999999999556e-01 9.093729680587558928e-01 -9.500000000000000111e-02
-9.433333333333333570e-01 9.099794188314807020e-01 -9.433333333333333848e-02
-9.366666666666666474e-01 9.105862740410233247e-01 -9.366666666666667584e-02
-9.299999999999999378e-01 9.111935339568665304e-01 -9.299999999999999933e-02
-9.233333333333333393e-01 9.118011988439486126e-01 -9.233333333333333670e-02
-9.166666666666667407e-01 9.124092689686239543e-01 -9.166666666666667407e-02
-9.099999999999999201e-01 9.130177446116284345e-01 -9.099999999999999756e-02
-9.033333333333333215e-01 9.136266260651337845e-01 -9.033333333333333492e-02
-8.966666666666667229e-01 9.142359135976058093e-01 -8.966666666666667229e-02
-8.900000000000000133e-01 9.148456074208750621e-01 -8.900000000000000966e-02
-8.833333333333333037e-01 9.154557077299325663e-01 -8.833333333333333315e-02
-8.766666666666667052e-01 9.160662148261549120e-01 -8.766666666666667052e-02
-8.699999999999999956e-01 9.166771292036578478e-01 -8.700000000000000788e-02
-8.633333333333332860e-01 9.172884514320047700e-01 -8.633333333333333137e-02
-8.566666666666666874e-01 9.179001818236853794e-01 -8.566666666666666874e-02
-8.499999999999999778e-01 9.185123201277705096e-01 -8.500000000000000611e-02
-8.433333333333332682e-01 9.191248655755209773e-01 -8.433333333333332960e-02
-8.366666666666666696e-01 9.197378173740823337e-01 -8.366666666666666696e-02
-8.299999999999999600e-01 9.203511753679043395e-01 -8.300000000000000433e-02
-8.233333333333332504e-01 9.209649404050255228e-01 -8.233333333333332782e-02
-8.166666666666666519e-01 9.215791141351261651e-01 -8.166666666666666519e-02
-8.100000000000000533e-01 9.221936983701028989e-01 -8.100000000000001643e-02
-8.033333333333333437e-01 9.228086944210149856e-01 -8.033333333333333992e-02
-7.966666666666666341e-01 9.234241027857914563e-01 -7.966666666666666341e-02
-7.900000000000000355e-01 9.240399232808158558e-01 -7.900000000000001465e-02
-7.833333333333333259e-01 9.246561554322477727e-01 -7.833333333333333814e-02
-7.766666666666666163e-01 9.252727988533804293e-01 -7.766666666666666163e-02
-7.700000000000000178e-01 9.258898534342239195e-01 -7.700000000000001288e-02
-7.633333333333333082e-01 9.265073193329157464e-01 -7.633333333333333637e-02
-7.566666666666665986e-01 9.271251968631640805e-01 -7.566666666666665986e-02
-7.500000000000000000e-01 9.277434863801667930e-01 -7.500000000000001110e-02
-7.433333333333332904e-01 9.283621882171828599e-01 -7.433333333333333459e-02
-7.366666666666666918e-01 9.289813026723710010e-01 -7.366666666666667196e-02
-7.299999999999999822e-01 9.296008300213335351e-01 -7.299999999999999545e-02
-7.233333333333332726e-01 9.302207705328553455e-01 -7.233333333333333282e-02
-7.166666666666666741e-01 9.308411244772520909e-01 -7.166666666666667018e-02
-7.099999999999999645e-01 9.314618921275279462e-01 -7.099999999999999367e-02
-7.033333333333333659e-01 9.320830737592553650e-01 -7.033333333333334492e-02
-6.966666666666666563e-01 9.327046696513454638e-01 -6.966666666666666841e-02
-6.899999999999999467e-01 9.333266800814982167e-01 -6.899999999999999190e-02
-6.833333333333333481e-01 9.339491053182746860e-01 -6.833333333333334314e-02
-6.766666666666666385e-01 9.345719456326213592e-01 -6.766666666666666663e-02
-6.699999999999999289e-01 9.351952013272872843e-01 -6.699999999999999012e-02
-6.633333333333333304e-01 9.358188727117575656e-01 -6.633333333333334136e-02
-6.566666666666666208e-01 9.364429599956272110e-01 -6.566666666666666485e-02
-6.500000000000000222e-01 9.370674633045188440e-01 -6.500000000000000222e-02
-6.433333333333333126e-01 9.376923830313524943e-01 -6.433333333333333959e-02
-6.366666666666666030e-01 9.383177200883473512e-01 -6.366666666666666308e-02
-6.300000000000000044e-01 9.389434750875080837e-01 -6.300000000000000044e-02
-6.233333333333332948e-01 9.395696467722196576e-01 -6.233333333333333087e-02
-6.166666666666666963e-01 9.401962327654792562e-01 -6.166666666666667518e-02
-6.099999999999999867e-01 9.408232353223109357e-01 -6.099999999999999867e-02
-6.033333333333332771e-01 9.414506673545396387e-01 -6.033333333333332910e-02
-5.966666666666666785e-01 9.420785456129243673e-01 -5.966666666666667340e-02
-5.899999999999999689e-01 9.427068647820311398e-01 -5.899999999999999689e-02
-5.833333333333332593e-01 9.433355763034868557e-01 -5.833333333333332732e-02
-5.766666666666666607e-01 9.439646262045523484e-01 -5.766666666666667163e-02
-5.699999999999999512e-01 9.445940889721506917e-01 -5.699999999999999512e-02
-5.633333333333333526e-01 9.452243427910750340e-01 -5.633333333333333942e-02
-5.566666666666666430e-01 9.458561251736512521e-01 -5.566666666666666985e-02
-5.499999999999999334e-01 9.464903904531588585e-01 -5.499999999999999334e-02
-5.433333333333333348e-01 9.471282060775656486e-01 -5.433333333333333764e-02
-5.366666666666666252e-01 9.477709405579883839e-01 -5.366666666666666807e-02
-5.300000000000000266e-01 9.484206876517258245e-01 -5.300000000000000544e-02
-5.233333333333333171e-01 9.490808111747680575e-01 -5.233333333333333587e-02
-5.166666666666666075e-01 9.497566080677413147e-01 -5.166666666666666630e-02
-5.100000000000000089e-01 9.504561469780559158e-01 -5.100000000000000366e-02
-5.033333333333332993e-01 9.511913410828372051e-01 -5.033333333333333409e-02
-4.966666666666666452e-01 9.519792887788744995e-01 -4.966666666666666452e-02
-4.899999999999999356e-01 9.528438760841633215e-01 -4.899999999999999495e-02
-4.833333333333332815e-01 9.538175777905056885e-01 -4.833333333333333232e-02
-4.766666666666666274e-01 9.549433142316445799e-01 -4.766666666666666274e-02
-4.699999999999999734e-01 9.562761150124526877e-01 -4.700000000000000011e-02
-4.633333333333333193e-01 9.578842198541069886e-01 -4.633333333333333748e-02
-4.566666666666666097e-01 9.598491386263494629e-01 -4.566666666666666097e-02
-4.499999999999999556e-01 9.622641496622529322e-01 -4.499999999999999833e-02
-4.433333333333333015e-01 9.652308060546893609e-01 -4.433333333333333570e-02
-4.366666666666666474e-01 9.688533035600472854e-01 -4.366666666666666613e-02
-4.299999999999999933e-01 9.732310486188955334e-01 -4.300000000000000350e-02
-4.233333333333332837e-01 9.784503618235341760e-01 -4.233333333333333393e-02
-4.166666666666666297e-01 9.845767608274215155e-01 -4.166666666666666435e-02
-4.099999999999999756e-01 9.916494143926086746e-01 -4.100000000000000172e-02
-4.033333333333332660e-01 9.996789040554654449e-01 -4.033333333333333215e-02
-3.966666666666666119e-01 1.008648387734822460e+00 -3.966666666666666258e-02
-3.899999999999999578e-01 1.018517222209998074e+00 -3.899999999999999994e-02
-3.833333333333333037e-01 1.029226064583222744e+00 -3.833333333333333037e-02
-3.766666666666666496e-01 1.040703527291091834e+00 -3.766666666666666774e-02
-3.699999999999999400e-01 1.052874634069424165e+00 -3.699999999999999817e-02
-3.633333333333332860e-01 1.065668441755807549e+00 -3.633333333333332860e-02
-3.566666666666666319e-01 1.079018029246468391e+00 -3.566666666666666596e-02
-3.499999999999999778e-01 1.092846772603228267e+00 -3.499999999999999639e-02
-3.433333333333333237e-01 1.107045732572165209e+00 -3.433333333333333376e-02
-3.366666666666666141e-01 1.121465741315740505e+00 -3.366666666666666419e-02
-3.299999999999999600e-01 1.135955130337755747e+00 -3.299999999999999462e-02
-3.233333333333333059e-01 1.150442484279474264e+00 -3.233333333333333198e-02
-3.166666666666665964e-01 1.165016226867478633e+00 -3.166666666666666241e-02
-3.099999999999999423e-01 1.179956160106158558e+00 -3.099999999999999631e-02
-3.033333333333332882e-01 1.195697647391465779e+00 -3.033333333333333021e-02
-2.966666666666666341e-01 1.212588772171961260e+00 -2.966666666666666410e-02
-2.899999999999999800e-01 1.229866286809111919e+00 -2.899999999999999800e-02
-2.833333333333332704e-01 1.244688733680524129e+00 -2.833333333333332843e-02
-2.766666666666666163e-01 1.254958804929692029e+00 -2.766666666666666233e-02
-2.699999999999999623e-01 1.260778793050695068e+00 -2.699999999999999623e-02
-2.633333333333332527e-01 1.263282953588270363e+00 -2.633333333333332665e-02
-2.566666666666665986e-01 1.264100743594457565e+00 -2.566666666666666055e-02
-2.499999999999999445e-01 1.264010155936660995e+00 -2.499999999999999445e-02
-2.433333333333332904e-01 1.261645294738475309e+00 -2.433333333333333182e-02
-2.366666666666666363e-01 1.254631761298355741e+00 -2.366666666666666571e-02
-2.299999999999999267e-01 1.238875983730447938e+00 -2.299999999999999267e-02
-2.233333333333332726e-01 1.207629650154156797e+00 -2.233333333333333004e-02
-2.166666666666666186e-01 1.152287349768066793e+00 -2.166666666666666394e-02
-2.099999999999999645e-01 1.088479983256267936e+00 -2.099999999999999784e-02
-2.033333333333333104e-01 1.048560950153836879e+00 -2.033333333333333173e-02
-1.966666666666666008e-01 1.025233006250090284e+00 -1.966666666666666216e-02
-1.899999999999999467e-01 1.011088903548144957e+00 -1.899999999999999606e-02
-1.833333333333332926e-01 1.002184493320965819e+00 -1.833333333333332996e-02
-1.766666666666665830e-01 9.964423832931805780e-01 -1.766666666666666038e-02
-1.699999999999999289e-01 9.927223675359868604e-01 -1.699999999999999428e-02
-1.633333333333332749e-01 9.903534761452067459e-01 -1.633333333333332818e-02
-1.566666666666666208e-01 9.889126264018375245e-01 -1.566666666666666208e-02
-1.499999999999999667e-01 9.881184958666686668e-01 -1.499999999999999771e-02
-1.433333333333332571e-01 9.877775447532769482e-01 -1.433333333333332640e-02
-1.366666666666666030e-01 9.877540734846708137e-01 -1.366666666666666030e-02
-1.299999999999999489e-01 9.879520679960236418e-01 -1.299999999999999593e-02
-1.233333333333332948e-01 9.883034011000422225e-01 -1.233333333333332983e-02
-1.166666666666666408e-01 9.887598166942070943e-01 -1.166666666666666546e-02
-1.099999999999999312e-01 9.892873352507888240e-01 -1.099999999999999416e-02
-1.033333333333332771e-01 9.898622727466142024e-01 -1.033333333333332806e-02
-9.666666666666662300e-02 9.904683603038493267e-01 -9.666666666666663688e-03
-8.999999999999991340e-02 9.910946343310598206e-01 -8.999999999999992381e-03
-8.333333333333325932e-02 9.917338840820439927e-01 -8.333333333333326279e-03
-7.666666666666660523e-02 9.923815108959080922e-01 -7.666666666666661044e-03
-6.999999999999995115e-02 9.930346816631600015e-01 -6.999999999999995809e-03
-6.333333333333329707e-02 9.936916788325158567e-01 -6.333333333333329707e-03
-5.666666666666658747e-02 9.943514075592776447e-01 -5.666666666666659267e-03
-4.999999999999993339e-02 9.950130802996972612e-01 -4.999999999999994033e-03
-4.333333333333327930e-02 9.956760824003161314e-01 -4.333333333333327930e-03
-3.666666666666662522e-02 9.963399600380555832e-01 -3.666666666666662695e-03
-2.999999999999997113e-02 9.970044327356258895e-01 -2.999999999999997460e-03
-2.333333333333326154e-02 9.976693680887183113e-01 -2.333333333333326154e-03
-1.666666666666660745e-02 9.983347268189100010e-01 -1.666666666666660919e-03
-9.999999999999953371e-03 9.990005097192744543e-01 -9.999999999999954672e-04
-3.333333333333299286e-03 9.996667311732041483e-01 -3.333333333333299612e-04
3.333333333333410309e-03 2.476218327718856305e+00 9.033333333333334325e-01
1.000000000000011990e-02 2.492781840527156678e+00 9.100000000000001421e-01
1.666666666666671848e-02 2.509456147953464278e+00 9.166666666666667407e-01
2.333333333333342807e-02 2.526241991452449653e+00 9.233333333333334503e-01
3.000000000000013767e-02 2.543140117116722276e+00 9.300000000000001599e-01
3.666666666666673624e-02 2.560151023440475626e+00 9.366666666666667584e-01
4.333333333333333481e-02 2.577275714808829665e+00 9.433333333333333570e-01
5.000000000000004441e-02 2.594514952804642949e+00 9.500000000000000666e-01
5.666666666666675400e-02 2.611869503309402596e+00 9.566666666666667762e-01
6.333333333333335258e-02 2.629340137501297026e+00 9.633333333333333748e-01
7.000000000000006217e-02 2.646927631759464994e+00 9.700000000000000844e-01
7.666666666666677177e-02 2.664632767692879156e+00 9.766666666666667940e-01
8.333333333333337034e-02 2.682456332167166835e+00 9.833333333333333925e-01
9.000000000000007994e-02 2.700399117331054200e+00 9.900000000000001021e-01
9.666666666666678953e-02 2.718461920644000607e+00 9.966666666666668117e-01
1.033333333333333881e-01 2.736645544905734084e+00 1.003333333333333410e+00
1.100000000000000977e-01 2.754950798287838953e+00 1.010000000000000231e+00
1.166666666666668073e-01 2.773378494367254810e+00 1.016666666666666829e+00
1.233333333333334059e-01 2.791929452161368008e+00 1.023333333333333428e+00
1.300000000000000044e-01 2.810604496164296862e+00 1.030000000000000027e+00
1.366666666666667140e-01 2.829404456383945110e+00 1.036666666666666625e+00
1.433333333333334236e-01 2.848330168379368477e+00 1.043333333333333446e+00
1.500000000000000222e-01 2.867382473298160761e+00 1.050000000000000044e+00
1.566666666666667318e-01 2.886562217913644979e+00 1.056666666666666643e+00
1.633333333333334414e-01 2.905870254661998331e+00 1.063333333333333464e+00
1.700000000000000400e-01 2.925307441679627196e+00 1.070000000000000062e+00
1.766666666666667496e-01 2.944874642841333490e+00 1.076666666666666661e+00
1.833333333333334592e-01 2.964572727799646756e+00 1.083333333333333481e+00
1.900000000000000577e-01 2.984402572025408151e+00 1.090000000000000080e+00
1.966666666666667673e-01 3.004365056849087168e+00 1.096666666666666679e+00
2.033333333333334769e-01 3.024461069501759081e+00 1.103333333333333499e+00
2.100000000000000755e-01 3.044691503154435708e+00 1.110000000000000098e+00
2.166666666666666741e-01 3.065057256954801801e+00 1.116666666666666696e+00
2.233333333333333837e-01 3.085559236061325983e+00 1.123333333333333517e+00
2.300000000000000933e-01 3.106198351676164204e+00 1.130000000000000115e+00
2.366666666666666918e-01 3.126975521079637499e+00 1.136666666666666714e+00
2.433333333333334014e-01 3.147891667669960647e+00 1.143333333333333535e+00
2.500000000000001110e-01 3.168947721011351248e+00 1.150000000000000133e+00
2.566666666666667096e-01 3.190144616891445573e+00 1.156666666666666732e+00
2.633333333333334192e-01 3.211483297384758462e+00 1.163333333333333552e+00
2.700000000000001288e-01 3.232964710914177697e+00 1.170000000000000151e+00
2.766666666666667274e-01 3.254589812299528262e+00 1.176666666666666750e+00
2.833333333333334370e-01 3.276359562784078694e+00 1.183333333333333570e+00
2.900000000000001465e-01 3.298274930037575992e+00 1.190000000000000169e+00
2.966666666666667451e-01 3.320336888145744236e+00 1.196666666666666767e+00
3.033333333333333437e-01 3.342546417605392950e+00 1.203333333333333366e+00
3.100000000000000533e-01 3.364904505345410968e+00 1.209999999999999964e+00
3.166666666666667629e-01 3.387412144785943990e+00 1.216666666666666785e+00
3.233333333333333615e-01 3.410070335936627117e+00 1.223333333333333384e+00
3.300000000000000711e-01 3.432880085528944303e+00 1.229999999999999982e+00
3.366666666666667806e-01 3.455842407179733122e+00 1.236666666666666803e+00
3.433333333333333792e-01 3.478958321582069857e+00 1.243333333333333401e+00
3.500000000000000888e-01 3.502228856697141346e+00 1.250000000000000000e+00
3.566666666666667984e-01 3.525655047868689440e+00 1.256666666666666821e+00
3.633333333333333970e-01 3.549237937726681391e+00 1.263333333333333419e+00
3.700000000000001066e-01 3.572978575752196129e+00 1.270000000000000018e+00
3.766666666666668162e-01 3.596878017505783731e+00 1.276666666666666838e+00
3.833333333333334147e-01 3.620937323779091166e+00 1.283333333333333437e+00
3.900000000000000133e-01 3.645157560201750080e+00 1.290000000000000036e+00
3.966666666666667229e-01 3.669539797909875833e+00 1.296666666666666856e+00
4.033333333333334325e-01 3.694085115558102483e+00 1.303333333333333455e+00
4.100000000000000311e-01 3.718794602218786771e+00 1.310000000000000053e+00
4.166666666666667407e-01 3.743669359856108159e+00 1.316666666666666874e+00
4.233333333333334503e-01 3.768710503637651588e+00 1.323333333333333472e+00
4.300000000000000488e-01 3.793919158892919086e+00 1.330000000000000071e+00
4.366666666666667584e-01 3.819296455198382123e+00 1.336666666666666892e+00
4.433333333333334680e-01 3.844843520254165092e+00 1.343333333333333490e+00
4.500000000000000666e-01 3.870561477627163960e+00 1.350000000000000089e+00
4.566666666666667762e-01 3.896451451766555163e+00 1.356666666666666909e+00
4.633333333333334858e-01 3.922514580301181386e+00 1.363333333333333508e+00
4.700000000000000844e-01 3.948752028364057587e+00 1.370000000000000107e+00
4.766666666666667940e-01 3.975164995326383899e+00 1.376666666666666927e+00
4.833333333333335036e-01 4.001754704194325996e+00 1.383333333333333526e+00
4.900000000000001021e-01 4.028522370687085186e+00 1.390000000000000124e+00
4.966666666666667007e-01 4.055469160642163118e+00 1.396666666666666723e+00
5.033333333333334103e-01 4.082596157385252056e+00 1.403333333333333321e+00
5.100000000000001199e-01 4.109904374785356751e+00 1.410000000000000142e+00
5.166666666666667185e-01 4.137394819231521303e+00 1.416666666666666741e+00
5.233333333333334281e-01 4.165068525775748931e+00 1.423333333333333339e+00
5.300000000000001377e-01 4.192926526840835777e+00 1.430000000000000160e+00
5.366666666666667362e-01 4.220969792132081899e+00 1.436666666666666758e+00
5.433333333333334458e-01 4.249199169157977352e+00 1.443333333333333357e+00
5.500000000000001554e-01 4.277615323450266516e+00 1.450000000000000178e+00
5.566666666666667540e-01 4.306218669264514354e+00 1.456666666666666776e+00
5.633333333333334636e-01 4.335009282485658311e+00 1.463333333333333375e+00
5.700000000000001732e-01 4.363986789254192367e+00 1.470000000000000195e+00
5.766666666666667718e-01 4.393150225030490574e+00 1.476666666666666794e+00
5.833333333333333703e-01 4.422497859673083731e+00 1.483333333333333393e+00
5.900000000000000799e-01 4.452026985099402978e+00 1.490000000000000213e+00
5.966666666666667895e-01 4.481733663660667943e+00 1.496666666666666812e+00
6.033333333333333881e-01 4.511612437883136373e+00 1.503333333333333410e+00
6.100000000000000977e-01 4.541656006083042207e+00 1.510000000000000231e+00
6.166666666666668073e-01 4.571854873954215748e+00 1.516666666666666829e+00
6.233333333333334059e-01 4.602197000005588734e+00 1.523333333333333428e+00
6.300000000000001155e-01 4.632667463212714054e+00 1.530000000000000249e+00
6.366666666666668251e-01 4.663248195076430846e+00 1.536666666666666847e+00
6.433333333333334236e-01 4.693917836360599338e+00 1.543333333333333446e+00
6.500000000000001332e-01 4.724651803686548135e+00 1.550000000000000266e+00
6.566666666666668428e-01 4.755422701142374642e+00 1.556666666666666865e+00
6.633333333333334414e-01 4.786201446352359667e+00 1.563333333333333464e+00
6.700000000000000400e-01 4.816961107624627481e+00 1.570000000000000062e+00
6.766666666666667496e-01 4.847694938977401335e+00 1.576666666666666661e+00
6.833333333333334592e-01 4.878482463281620163e+00 1.583333333333333481e+00
6.900000000000000577e-01 4.909542424837013641e+00 1.590000000000000080e+00
6.966666666666667673e-01 4.941051086845767770e+00 1.596666666666666679e+00
7.033333333333334769e-01 4.973031065334337697e+00 1.603333333333333499e+00
7.100000000000000755e-01 5.005449911258255113e+00 1.610000000000000098e+00
7.166666666666667851e-01 5.038270867777687734e+00 1.616666666666666696e+00
7.233333333333334947e-01 5.071461107727539996e+00 1.623333333333333517e+00
7.300000000000000933e-01 5.104992707275502362e+00 1.630000000000000115e+00
7.366666666666668029e-01 5.138842565474871726e+00 1.636666666666666714e+00
7.433333333333335124e-01 5.172992011797417966e+00 1.643333333333333535e+00
7.500000000000001110e-01 5.207426280382858153e+00 1.650000000000000133e+00
7.566666666666667096e-01 5.242133944244315558e+00 1.656666666666666732e+00
7.633333333333334192e-01 5.277106364811537276e+00 1.663333333333333552e+00
7.700000000000001288e-01 5.312337187716554610e+00 1.670000000000000151e+00
7.766666666666667274e-01 5.347821899548701907e+00 1.676666666666666750e+00
7.833333333333334370e-01 5.383557449934308181e+00 1.683333333333333570e+00
7.900000000000001465e-01 5.419541936982831487e+00 1.690000000000000169e+00
7.966666666666667451e-01 5.455774350616966473e+00 1.696666666666666767e+00
8.033333333333334547e-01 5.492254366648393393e+00 1.703333333333333588e+00
8.100000000000001643e-01 5.528982184009262113e+00 1.710000000000000187e+00
8.166666666666667629e-01 5.565958397826394233e+00 1.716666666666666785e+00
8.233333333333334725e-01 5.603183901687609492e+00 1.723333333333333606e+00
8.300000000000001821e-01 5.640659813239741638e+00 1.730000000000000204e+00
8.366666666666667806e-01 5.678387417970517603e+00 1.736666666666666803e+00
8.433333333333333792e-01 5.716368126553145856e+00 1.743333333333333401e+00
8.500000000000000888e-01 5.754603441638330708e+00 1.750000000000000000e+00
8.566666666666667984e-01 5.793094931000050352e+00 1.756666666666666821e+00
8.633333333333333970e-01 5.831844205777876766e+00 1.763333333333333419e+00
8.700000000000001066e-01 5.870852904551268736e+00 1.770000000000000018e+00
8.766666666666668162e-01 5.910122685059893577e+00 1.776666666666666838e+00
8.833333333333334147e-01 5.949655224334409631e+00 1.783333333333333437e+00
8.900000000000001243e-01 5.989452224230443989e+00 1.790000000000000036e+00
8.966666666666668339e-01 6.029515416266040262e+00 1.796666666666666856e+00
9.033333333333334325e-01 6.069846561738557078e+00 1.803333333333333455e+00
9.100000000000001421e-01 6.110447447813909250e+00 1.810000000000000053e+00
9.166666666666668517e-01 6.151319882314637333e+00 1.816666666666666874e+00
9.233333333333334503e-01 6.192465689141577911e+00 1.823333333333333472e+00
9.300000000000000488e-01 6.233886705047613219e+00 1.830000000000000071e+00
9.366666666666667584e-01 6.275584777795689462e+00 1.836666666666666892e+00
9.433333333333334680e-01 6.317561765451428890e+00 1.843333333333333490e+00
9.500000000000000666e-01 6.359819536434505594e+00 1.850000000000000089e+00
9.566666666666667762e-01 6.402359970022653002e+00 1.856666666666666909e+00
9.633333333333334858e-01 6.445184956910315677e+00 1.863333333333333508e+00
9.700000000000000844e-01 6.488296399975394202e+00 1.870000000000000107e+00
9.766666666666667940e-01 6.531696214277616264e+00 1.876666666666666927e+00
9.833333333333335036e-01 6.575386328656237289e+00 1.883333333333333526e+00
9.900000000000001021e-01 6.619368682583067987e+00 1.890000000000000124e+00
9.966666666666667007e-01 6.663645235020345226e+00 1.896666666666666723e+00
