-9.966666666666665897e-01 9.051391142117970467e-01 -9.966666666666666730e-02
-9.899999999999999911e-01 9.057427414820904410e-01 -9.900000000000000466e-02
-9.833333333333333925e-01 9.063467712954617062e-01 -9.833333333333334203e-02
-9.766666666666666829e-01 9.069512039314844287e-01 -9.766666666666667940e-02
-9.699999999999999734e-01 9.075560396569465338e-01 -9.700000000000000289e-02
-9.633333333333333748e-01 9.081612787406629916e-01 -9.633333333333334025e-02
-9.566666666666666652e-01 9.087669214516290728e-01 -9.566666666666667762e-02
-9.499999999999999556e-01 9.093729680590191267e-01 -9.500000000000000111e-02
-9.433333333333333570e-01 9.099794188321879140e-01 -9.433333333333333848e-02
-9.366666666666666474e-01 9.105862740406688305e-01 -9.366666666666667584e-02
-9.299999999999999378e-01 9.111935339541754608e-01 -9.299999999999999933e-02
-9.233333333333333393e-01 9.118011988426046877e-01 -9.233333333333333670e-02
-9.166666666666667407e-01 9.124092689760279207e-01 -9.166666666666667407e-02
-9.099999999999999201e-01 9.130177446246734441e-01 -9.099999999999999756e-02
-9.033333333333333215e-01 9.136266260589713806e-01 -9.033333333333333492e-02
-8.966666666666667229e-01 9.142359135496087585e-01 -8.966666666666667229e-02
-8.900000000000000133e-01 9.148456073674539057e-01 -8.900000000000000966e-02
-8.833333333333333037e-01 9.154557077833376244e-01 -8.833333333333333315e-02
-8.766666666666667052e-01 9.160662150680778382e-01 -8.766666666666667052e-02
-8.699999999999999956e-01 9.166771294930644576e-01 -8.700000000000000788e-02
-8.633333333333332860e-01 9.172884513307932863e-01 -8.633333333333333137e-02
-8.566666666666666874e-01 9.179001808539275498e-01 -8.566666666666666874e-02
-8.499999999999999778e-01 9.185123183329380048e-01 -8.500000000000000611e-02
-8.433333333333332682e-01 9.191248640356259880e-01 -8.433333333333332960e-02
-8.366666666666666696e-01 9.197378182321529483e-01 -8.366666666666666696e-02
-8.299999999999999600e-01 9.203511812025808592e-01 -8.300000000000000433e-02
-8.233333333333332504e-01 9.209649532355883572e-01 -8.233333333333332782e-02
-8.166666666666666519e-01 9.215791346100981052e-01 -8.166666666666666519e-02
-8.100000000000000533e-01 9.221937255715069170e-01 -8.100000000000001643e-02
-8.033333333333333437e-01 9.228087263344211255e-01 -8.033333333333333992e-02
-7.966666666666666341e-01 9.234241371346658678e-01 -7.966666666666666341e-02
-7.900000000000000355e-01 9.240399583060693312e-01 -7.900000000000001465e-02
-7.833333333333333259e-01 9.246561903075432021e-01 -7.833333333333333814e-02
-7.766666666666666163e-01 9.252728336306237367e-01 -7.766666666666666163e-02
-7.700000000000000178e-01 9.258898885990211047e-01 -7.700000000000001288e-02
-7.633333333333333082e-01 9.265073551789476669e-01 -7.633333333333333637e-02
-7.566666666666665986e-01 9.271252329589030339e-01 -7.566666666666665986e-02
-7.500000000000000000e-01 9.277435213757616594e-01 -7.500000000000001110e-02
-7.433333333333332904e-01 9.283622201028393084e-01 -7.433333333333333459e-02
-7.366666666666666918e-01 9.289813293903648184e-01 -7.366666666666667196e-02
-7.299999999999999822e-01 9.296008501566250803e-01 -7.299999999999999545e-02
-7.233333333333332726e-01 9.302207837690616987e-01 -7.233333333333333282e-02
-7.166666666666666741e-01 9.308411316321517637e-01 -7.166666666666667018e-02
-7.099999999999999645e-01 9.314618947958900330e-01 -7.099999999999999367e-02
-7.033333333333333659e-01 9.320830737627501250e-01 -7.033333333333334492e-02
-6.966666666666666563e-01 9.327046685427039519e-01 -6.966666666666666841e-02
-6.899999999999999467e-01 9.333266788761560573e-01 -6.899999999999999190e-02
-6.833333333333333481e-01 9.339491044865073643e-01 -6.833333333333334314e-02
-6.766666666666666385e-01 9.345719452508343128e-01 -6.766666666666666663e-02
-6.699999999999999289e-01 9.351952012501029143e-01 -6.699999999999999012e-02
-6.633333333333333304e-01 9.358188727268890172e-01 -6.633333333333334136e-02
-6.566666666666666208e-01 9.364429600071011439e-01 -6.566666666666666485e-02
-6.500000000000000222e-01 9.370674634327765817e-01 -6.500000000000000222e-02
-6.433333333333333126e-01 9.376923833262347241e-01 -6.433333333333333959e-02
-6.366666666666666030e-01 9.383177199832545279e-01 -6.366666666666666308e-02
-6.300000000000000044e-01 9.389434736829022077e-01 -6.300000000000000044e-02
-6.233333333333332948e-01 9.395696446999989293e-01 -6.233333333333333087e-02
-6.166666666666666963e-01 9.401962333091160584e-01 -6.166666666666667518e-02
-6.099999999999999867e-01 9.408232397800895264e-01 -6.099999999999999867e-02
-6.033333333333332771e-01 9.414506643809270603e-01 -6.033333333333332910e-02
-5.966666666666666785e-01 9.420785073995362469e-01 -5.966666666666667340e-02
-5.899999999999999689e-01 9.427067691548959294e-01 -5.899999999999999689e-02
-5.833333333333332593e-01 9.433354499429543738e-01 -5.833333333333332732e-02
-5.766666666666666607e-01 9.439645499439390797e-01 -5.766666666666667163e-02
-5.699999999999999512e-01 9.445940692676242367e-01 -5.699999999999999512e-02
-5.633333333333333526e-01 9.452240082681087063e-01 -5.633333333333333942e-02
-5.566666666666666430e-01 9.458543678244677455e-01 -5.566666666666666985e-02
-5.499999999999999334e-01 9.464851488601448981e-01 -5.499999999999999334e-02
-5.433333333333333348e-01 9.471163509051245821e-01 -5.433333333333333764e-02
-5.366666666666666252e-01 9.477479712593643857e-01 -5.366666666666666807e-02
-5.300000000000000266e-01 9.483800075231112459e-01 -5.300000000000000544e-02
-5.233333333333333171e-01 9.490124639044048571e-01 -5.233333333333333587e-02
-5.166666666666666075e-01 9.496453553486443599e-01 -5.166666666666666630e-02
-5.100000000000000089e-01 9.502786988759490683e-01 -5.100000000000000366e-02
-5.033333333333332993e-01 9.509124881256993955e-01 -5.033333333333333409e-02
-4.966666666666666452e-01 9.515466683917388480e-01 -4.966666666666666452e-02
-4.899999999999999356e-01 9.521811521985085180e-01 -4.899999999999999495e-02
-4.833333333333332815e-01 9.528159119157348922e-01 -4.833333333333333232e-02
-4.766666666666666274e-01 9.534511351363477161e-01 -4.766666666666666274e-02
-4.699999999999999734e-01 9.540873429060970912e-01 -4.700000000000000011e-02
-4.633333333333333193e-01 9.547253372975150754e-01 -4.633333333333333748e-02
-4.566666666666666097e-01 9.553660299205543049e-01 -4.566666666666666097e-02
-4.499999999999999556e-01 9.560104211979558730e-01 -4.499999999999999833e-02
-4.433333333333333015e-01 9.566598349082362507e-01 -4.433333333333333570e-02
-4.366666666666666474e-01 9.573162966640935689e-01 -4.366666666666666613e-02
-4.299999999999999933e-01 9.579829871274172515e-01 -4.300000000000000350e-02
-4.233333333333332837e-01 9.586647894399120684e-01 -4.233333333333333393e-02
-4.166666666666666297e-01 9.593689790631645398e-01 -4.166666666666666435e-02
-4.099999999999999756e-01 9.601060973039006186e-01 -4.100000000000000172e-02
-4.033333333333332660e-01 9.608910264741479246e-01 -4.033333333333333215e-02
-3.966666666666666119e-01 9.617442492244813179e-01 -3.966666666666666258e-02
-3.899999999999999578e-01 9.626932246892853096e-01 -3.899999999999999994e-02
-3.833333333333333037e-01 9.637737472675586003e-01 -3.833333333333333037e-02
-3.766666666666666496e-01 9.650310727596870253e-01 -3.766666666666666774e-02
-3.699999999999999400e-01 9.665205130282272794e-01 -3.699999999999999817e-02
-3.633333333333332860e-01 9.683071386827973859e-01 -3.633333333333332860e-02
-3.566666666666666319e-01 9.704642265689781278e-01 -3.566666666666666596e-02
-3.499999999999999778e-01 9.730701882548282722e-01 -3.499999999999999639e-02
-3.433333333333333237e-01 9.762039497568129054e-01 -3.433333333333333376e-02
-3.366666666666666141e-01 9.799391169926120471e-01 -3.366666666666666419e-02
-3.299999999999999600e-01 9.843376876818049626e-01 -3.299999999999999462e-02
-3.233333333333333059e-01 9.894444168904005243e-01 -3.233333333333333198e-02
-3.166666666666665964e-01 9.952830236950505061e-01 -3.166666666666666241e-02
-3.099999999999999423e-01 1.001855094023949899e+00 -3.099999999999999631e-02
-3.033333333333332882e-01 1.009141816459302676e+00 -3.033333333333333021e-02
-2.966666666666666341e-01 1.017107880884790427e+00 -2.966666666666666410e-02
-2.899999999999999800e-01 1.025706426403466542e+00 -2.899999999999999800e-02
-2.833333333333332704e-01 1.034884075900653677e+00 -2.833333333333332843e-02
-2.766666666666666163e-01 1.044585557384651198e+00 -2.766666666666666233e-02
-2.699999999999999623e-01 1.054757613675764372e+00 -2.699999999999999623e-02
-2.633333333333332527e-01 1.065351581714524931e+00 -2.633333333333332665e-02
-2.566666666666665986e-01 1.076323566819378019e+00 -2.566666666666666055e-02
-2.499999999999999445e-01 1.087631282162209390e+00 -2.499999999999999445e-02
-2.433333333333332904e-01 1.099227894243818060e+00 -2.433333333333333182e-02
-2.366666666666666363e-01 1.111055576353619845e+00 -2.366666666666666571e-02
-2.299999999999999267e-01 1.123043979424187988e+00 -2.299999999999999267e-02
-2.233333333333332726e-01 1.135119148709678782e+00 -2.233333333333333004e-02
-2.166666666666666186e-01 1.147224087419341787e+00 -2.166666666666666394e-02
-2.099999999999999645e-01 1.159345007116987070e+00 -2.099999999999999784e-02
-2.033333333333333104e-01 1.171534511424749070e+00 -2.033333333333333173e-02
-1.966666666666666008e-01 1.183928367522146807e+00 -1.966666666666666216e-02
-1.899999999999999467e-01 1.196759124484419790e+00 -1.899999999999999606e-02
-1.833333333333332926e-01 1.210360144733684251e+00 -1.833333333333332996e-02
-1.766666666666665830e-01 1.225065976039156679e+00 -1.766666666666666038e-02
-1.699999999999999289e-01 1.240543141643422720e+00 -1.699999999999999428e-02
-1.633333333333332749e-01 1.254495447404726072e+00 -1.633333333333332818e-02
-1.566666666666666208e-01 1.264455787747663207e+00 -1.566666666666666208e-02
-1.499999999999999667e-01 1.270131342434035027e+00 -1.499999999999999771e-02
-1.433333333333332571e-01 1.272506256894390564e+00 -1.433333333333332640e-02
-1.366666666666666030e-01 1.273234644242315916e+00 -1.366666666666666030e-02
-1.299999999999999489e-01 1.272838448852826598e+00 -1.299999999999999593e-02
-1.233333333333332948e-01 1.269417516906338861e+00 -1.233333333333332983e-02
-1.166666666666666408e-01 1.259379511391083284e+00 -1.166666666666666546e-02
-1.099999999999999312e-01 1.235931932426271196e+00 -1.099999999999999416e-02
-1.033333333333332771e-01 1.187451566179223761e+00 -1.033333333333332806e-02
-9.666666666666662300e-02 1.109374749078356759e+00 -9.666666666666663688e-03
-8.999999999999991340e-02 1.052797619198607260e+00 -8.999999999999992381e-03
-8.333333333333325932e-02 1.025178486011925516e+00 -8.333333333333326279e-03
-7.666666666666660523e-02 1.011657328164733638e+00 -7.666666666666661044e-03
-6.999999999999995115e-02 1.004807755225154420e+00 -6.999999999999995809e-03
-6.333333333333329707e-02 1.001188714685526948e+00 -6.333333333333329707e-03
-5.666666666666658747e-02 9.992466703345768142e-01 -5.666666666666659267e-03
-4.999999999999993339e-02 9.982452027495734015e-01 -4.999999999999994033e-03
-4.333333333333327930e-02 9.978200693378211916e-01 -4.333333333333327930e-03
-3.666666666666662522e-02 9.977529429173258579e-01 -3.666666666666662695e-03
-2.999999999999997113e-02 9.979386753392358589e-01 -2.999999999999997460e-03
-2.333333333333326154e-02 9.982722395352522371e-01 -2.333333333333326154e-03
-1.666666666666660745e-02 9.987336716778587586e-01 -1.666666666666660919e-03
-9.999999999999953371e-03 9.992463364393615599e-01 -9.999999999999954672e-04
-3.333333333333299286e-03 9.998374372004141808e-01 -3.333333333333299612e-04
3.333333333333410309e-03 2.476584355176169261e+00 9.033333333333334325e-01
1.000000000000011990e-02 2.493089965342073722e+00 9.100000000000001421e-01
1.666666666666671848e-02 2.509713310260818453e+00 9.166666666666667407e-01
2.333333333333342807e-02 2.526456207280342703e+00 9.233333333333334503e-01
3.000000000000013767e-02 2.543318322900863571e+00 9.300000000000001599e-01
3.666666666666673624e-02 2.560299043846478106e+00 9.366666666666667584e-01
4.333333333333333481e-02 2.577398438216847776e+00 9.433333333333333570e-01
5.000000000000004441e-02 2.594616477006367106e+00 9.500000000000000666e-01
5.666666666666675400e-02 2.611953261440284280e+00 9.566666666666667762e-01
6.333333333333335258e-02 2.629409001567183157e+00 9.633333333333333748e-01
7.000000000000006217e-02 2.646983999383596409e+00 9.700000000000000844e-01
7.666666666666677177e-02 2.664678637635125913e+00 9.766666666666667940e-01
8.333333333333337034e-02 2.682493372568447221e+00 9.833333333333333925e-01
9.000000000000007994e-02 2.700428727909813809e+00 9.900000000000001021e-01
9.666666666666678953e-02 2.718485287555969965e+00 9.966666666666668117e-01
1.033333333333333881e-01 2.736663685969380921e+00 1.003333333333333410e+00
1.100000000000000977e-01 2.754964597126195791e+00 1.010000000000000231e+00
1.166666666666668073e-01 2.773388723987398663e+00 1.016666666666666829e+00
1.233333333333334059e-01 2.791936790265997281e+00 1.023333333333333428e+00
1.300000000000000044e-01 2.810609535074929166e+00 1.030000000000000027e+00
1.366666666666667140e-01 2.829407709865069620e+00 1.036666666666666625e+00
1.433333333333334236e-01 2.848332076672959623e+00 1.043333333333333446e+00
1.500000000000000222e-01 2.867383407060338563e+00 1.050000000000000044e+00
1.566666666666667318e-01 2.886562481685075454e+00 1.056666666666666643e+00
1.633333333333334414e-01 2.905870090693395191e+00 1.063333333333333464e+00
1.700000000000000400e-01 2.925307034931544869e+00 1.070000000000000062e+00
1.766666666666667496e-01 2.944874127570521249e+00 1.076666666666666661e+00
1.833333333333334592e-01 2.964572195498092810e+00 1.083333333333333481e+00
1.900000000000000577e-01 2.984402079965791543e+00 1.090000000000000080e+00
1.966666666666667673e-01 3.004364636360394858e+00 1.096666666666666679e+00
2.033333333333334769e-01 3.024460733309984661e+00 1.103333333333333499e+00
2.100000000000000755e-01 3.044691251461957737e+00 1.110000000000000098e+00
2.166666666666666741e-01 3.065057082215090212e+00 1.116666666666666696e+00
2.233333333333333837e-01 3.085559126567521293e+00 1.123333333333333517e+00
2.300000000000000933e-01 3.106198294143053040e+00 1.130000000000000115e+00
2.366666666666666918e-01 3.126975502403263718e+00 1.136666666666666714e+00
2.433333333333334014e-01 3.147891676031953523e+00 1.143333333333333535e+00
2.500000000000001110e-01 3.168947746473191884e+00 1.150000000000000133e+00
2.566666666666667096e-01 3.190144651603728843e+00 1.156666666666666732e+00
2.633333333333334192e-01 3.211483335520194604e+00 1.163333333333333552e+00
2.700000000000001288e-01 3.232964748420994017e+00 1.170000000000000151e+00
2.766666666666667274e-01 3.254589846562807587e+00 1.176666666666666750e+00
2.833333333333334370e-01 3.276359592272636512e+00 1.183333333333333570e+00
2.900000000000001465e-01 3.298274953998407977e+00 1.190000000000000169e+00
2.966666666666667451e-01 3.320336906383817066e+00 1.196666666666666767e+00
3.033333333333333437e-01 3.342546430356109433e+00 1.203333333333333366e+00
3.100000000000000533e-01 3.364904513218434090e+00 1.209999999999999964e+00
3.166666666666667629e-01 3.387412148740978513e+00 1.216666666666666785e+00
3.233333333333333615e-01 3.410070337247296024e+00 1.223333333333333384e+00
3.300000000000000711e-01 3.432880085693980732e+00 1.229999999999999982e+00
3.366666666666667806e-01 3.455842407743080713e+00 1.236666666666666803e+00
3.433333333333333792e-01 3.478958323827529231e+00 1.243333333333333401e+00
3.500000000000000888e-01 3.502228861210415545e+00 1.250000000000000000e+00
3.566666666666667984e-01 3.525655054039214420e+00 1.256666666666666821e+00
3.633333333333333970e-01 3.549237943396115647e+00 1.263333333333333419e+00
3.700000000000001066e-01 3.572978577345622409e+00 1.270000000000000018e+00
3.766666666666668162e-01 3.596878010980383067e+00 1.276666666666666838e+00
3.833333333333334147e-01 3.620937306466078365e+00 1.283333333333333437e+00
3.900000000000000133e-01 3.645157533086012869e+00 1.290000000000000036e+00
3.966666666666667229e-01 3.669539767285865395e+00 1.296666666666666856e+00
4.033333333333334325e-01 3.694085092718886632e+00 1.303333333333333455e+00
4.100000000000000311e-01 3.718794600291761121e+00 1.310000000000000053e+00
4.166666666666667407e-01 3.743669388211191329e+00 1.316666666666666874e+00
4.233333333333334503e-01 3.768710562031274858e+00 1.323333333333333472e+00
4.300000000000000488e-01 3.793919234701605525e+00 1.330000000000000071e+00
4.366666666666667584e-01 3.819296526616081433e+00 1.336666666666666892e+00
4.433333333333334680e-01 3.844843565662329432e+00 1.343333333333333490e+00
4.500000000000000666e-01 3.870561487271707346e+00 1.350000000000000089e+00
4.566666666666667762e-01 3.896451434469768937e+00 1.356666666666666909e+00
4.633333333333334858e-01 3.922514557927153867e+00 1.363333333333333508e+00
4.700000000000000844e-01 3.948752016010817378e+00 1.370000000000000107e+00
4.766666666666667940e-01 3.975164974835569076e+00 1.376666666666666927e+00
4.833333333333335036e-01 4.001754608315906125e+00 1.383333333333333526e+00
4.900000000000001021e-01 4.028522098218138225e+00 1.390000000000000124e+00
4.966666666666667007e-01 4.055468634212823886e+00 1.396666666666666723e+00
5.033333333333334103e-01 4.082595413927577965e+00 1.403333333333333321e+00
5.100000000000001199e-01 4.109903643000306417e+00 1.410000000000000142e+00
5.166666666666667185e-01 4.137394535132889573e+00 1.416666666666666741e+00
5.233333333333334281e-01 4.165069312145407210e+00 1.423333333333333339e+00
5.300000000000001377e-01 4.192929204030846790e+00 1.430000000000000160e+00
5.366666666666667362e-01 4.220975449010262892e+00 1.436666666666666758e+00
5.433333333333334458e-01 4.249209293588332770e+00 1.443333333333333357e+00
5.500000000000001554e-01 4.277631992609145506e+00 1.450000000000000178e+00
5.566666666666667540e-01 4.306244809312139488e+00 1.456666666666666776e+00
5.633333333333334636e-01 4.335049015388014126e+00 1.463333333333333375e+00
5.700000000000001732e-01 4.364045891034585622e+00 1.470000000000000195e+00
5.766666666666667718e-01 4.393236725012569011e+00 1.476666666666666794e+00
5.833333333333333703e-01 4.422622814701393068e+00 1.483333333333333393e+00
5.900000000000000799e-01 4.452205466155291447e+00 1.490000000000000213e+00
5.966666666666667895e-01 4.481985994160011089e+00 1.496666666666666812e+00
6.033333333333333881e-01 4.511965722290455894e+00 1.503333333333333410e+00
6.100000000000000977e-01 4.542145982969733709e+00 1.510000000000000231e+00
6.166666666666668073e-01 4.572528117529723879e+00 1.516666666666666829e+00
6.233333333333334059e-01 4.603113476273300364e+00 1.523333333333333428e+00
6.300000000000001155e-01 4.633903418537911989e+00 1.530000000000000249e+00
6.366666666666668251e-01 4.664899312760057093e+00 1.536666666666666847e+00
6.433333333333334236e-01 4.696102536539883410e+00 1.543333333333333446e+00
6.500000000000001332e-01 4.727514476705131585e+00 1.550000000000000266e+00
6.566666666666668428e-01 4.759136529373682478e+00 1.556666666666666865e+00
6.633333333333334414e-01 4.790970100014181554e+00 1.563333333333333464e+00
6.700000000000000400e-01 4.823016603504629352e+00 1.570000000000000062e+00
6.766666666666667496e-01 4.855277464189151182e+00 1.576666666666666661e+00
6.833333333333334592e-01 4.887754115933586441e+00 1.583333333333333481e+00
6.900000000000000577e-01 4.920448002180672908e+00 1.590000000000000080e+00
6.966666666666667673e-01 4.953360576005798599e+00 1.596666666666666679e+00
7.033333333333334769e-01 4.986493300174281273e+00 1.603333333333333499e+00
7.100000000000000755e-01 5.019847647201206797e+00 1.610000000000000098e+00
7.166666666666667851e-01 5.053425099414979194e+00 1.616666666666666696e+00
7.233333333333334947e-01 5.087227149025998152e+00 1.623333333333333517e+00
7.300000000000000933e-01 5.121255298202028072e+00 1.630000000000000115e+00
7.366666666666668029e-01 5.155511059151738351e+00 1.636666666666666714e+00
7.433333333333335124e-01 5.189995954217287988e+00 1.643333333333333535e+00
7.500000000000001110e-01 5.224711515975217324e+00 1.650000000000000133e+00
7.566666666666667096e-01 5.259659287342604017e+00 1.656666666666666732e+00
7.633333333333334192e-01 5.294840821682332610e+00 1.663333333333333552e+00
7.700000000000001288e-01 5.330257682898444926e+00 1.670000000000000151e+00
7.766666666666667274e-01 5.365911445510578304e+00 1.676666666666666750e+00
7.833333333333334370e-01 5.401803694696933889e+00 1.683333333333333570e+00
7.900000000000001465e-01 5.437936026298662462e+00 1.690000000000000169e+00
7.966666666666667451e-01 5.474310046785578088e+00 1.696666666666666767e+00
8.033333333333334547e-01 5.510927373192910039e+00 1.703333333333333588e+00
8.100000000000001643e-01 5.547789633049787561e+00 1.710000000000000187e+00
8.166666666666667629e-01 5.584898464329592471e+00 1.716666666666666785e+00
8.233333333333334725e-01 5.622255515457185382e+00 1.723333333333333606e+00
8.300000000000001821e-01 5.659862445405516418e+00 1.730000000000000204e+00
8.366666666666667806e-01 5.697720923902496182e+00 1.736666666666666803e+00
8.433333333333333792e-01 5.735832631748673194e+00 1.743333333333333401e+00
8.500000000000000888e-01 5.774199261219825630e+00 1.750000000000000000e+00
8.566666666666667984e-01 5.812822516501423564e+00 1.756666666666666821e+00
8.633333333333333970e-01 5.851704114081041297e+00 1.763333333333333419e+00
8.700000000000001066e-01 5.890845783016263937e+00 1.770000000000000018e+00
8.766666666666668162e-01 5.930249265005311798e+00 1.776666666666666838e+00
8.833333333333334147e-01 5.969916314217151410e+00 1.783333333333333437e+00
8.900000000000001243e-01 6.009848696886278319e+00 1.790000000000000036e+00
8.966666666666668339e-01 6.050048190737430609e+00 1.796666666666666856e+00
9.033333333333334325e-01 6.090516584364321417e+00 1.803333333333333455e+00
9.100000000000001421e-01 6.131255676728597948e+00 1.810000000000000053e+00
9.166666666666668517e-01 6.172267276955685666e+00 1.816666666666666874e+00
9.233333333333334503e-01 6.213553204581058864e+00 1.823333333333333472e+00
9.300000000000000488e-01 6.255115290315394816e+00 1.830000000000000071e+00
9.366666666666667584e-01 6.296955377335965665e+00 1.836666666666666892e+00
9.433333333333334680e-01 6.339075322811561719e+00 1.843333333333333490e+00
9.500000000000000666e-01 6.381476999735749445e+00 1.850000000000000089e+00
9.566666666666667762e-01 6.424162297568214441e+00 1.856666666666666909e+00
9.633333333333334858e-01 6.467133124223646945e+00 1.863333333333333508e+00
9.700000000000000844e-01 6.510391401389133748e+00 1.870000000000000107e+00
9.766666666666667940e-01 6.553939070983249238e+00 1.876666666666666927e+00
9.833333333333335036e-01 6.597778074150096650e+00 1.883333333333333526e+00
9.900000000000001021e-01 6.641910376489676970e+00 1.890000000000000124e+00
9.966666666666667007e-01 6.686337927359792488e+00 1.896666666666666723e+00
