-9.966666666666665897e-01 9.051391142122720002e-01 -9.966666666666666730e-02
-9.899999999999999911e-01 9.057427414779049002e-01 -9.900000000000000466e-02
-9.833333333333333925e-01 9.063467712896925432e-01 -9.833333333333334203e-02
-9.766666666666666829e-01 9.069512039538881742e-01 -9.766666666666667940e-02
-9.699999999999999734e-01 9.075560397015898229e-01 -9.700000000000000289e-02
-9.633333333333333748e-01 9.081612786837001128e-01 -9.633333333333334025e-02
-9.566666666666666652e-01 9.087669212059816815e-01 -9.566666666666667762e-02
-9.499999999999999556e-01 9.093729679369895180e-01 -9.500000000000000111e-02
-9.433333333333333570e-01 9.099794195121014839e-01 -9.433333333333333848e-02
-9.366666666666666474e-01 9.105862756802274305e-01 -9.366666666666667584e-02
-9.299999999999999378e-01 9.111935350675846035e-01 -9.299999999999999933e-02
-9.233333333333333393e-01 9.118011962379878321e-01 -9.233333333333333670e-02
-9.166666666666667407e-01 9.124092592249263278e-01 -9.166666666666667407e-02
-9.099999999999999201e-01 9.130177260043454979e-01 -9.099999999999999756e-02
-9.033333333333333215e-01 9.136265994136096857e-01 -9.033333333333333492e-02
-8.966666666666667229e-01 9.142358815395278393e-01 -8.966666666666667229e-02
-8.900000000000000133e-01 9.148455729144298054e-01 -8.900000000000000966e-02
-8.833333333333333037e-01 9.154556728923182174e-01 -8.833333333333333315e-02
-8.766666666666667052e-01 9.160661805641827637e-01 -8.766666666666667052e-02
-8.699999999999999956e-01 9.166770954179932485e-01 -8.700000000000000788e-02
-8.633333333333332860e-01 9.172884174603943563e-01 -8.633333333333333137e-02
-8.566666666666666874e-01 9.179001470049434896e-01 -8.566666666666666874e-02
-8.499999999999999778e-01 9.185122844353544869e-01 -8.500000000000000611e-02
-8.433333333333332682e-01 9.191248300918691827e-01 -8.433333333333332960e-02
-8.366666666666666696e-01 9.197377842636549339e-01 -8.366666666666666696e-02
-8.299999999999999600e-01 9.203511472174168428e-01 -8.300000000000000433e-02
-8.233333333333332504e-01 9.209649192184677924e-01 -8.233333333333332782e-02
-8.166666666666666519e-01 9.215791005366311683e-01 -8.166666666666666519e-02
-8.100000000000000533e-01 9.221936914447412814e-01 -8.100000000000001643e-02
-8.033333333333333437e-01 9.228086922164454586e-01 -8.033333333333333992e-02
-7.966666666666666341e-01 9.234241031253793697e-01 -7.966666666666666341e-02
-7.900000000000000355e-01 9.240399244450924199e-01 -7.900000000000001465e-02
-7.833333333333333259e-01 9.246561564492347118e-01 -7.833333333333333814e-02
-7.766666666666666163e-01 9.252727994119644972e-01 -7.766666666666666163e-02
-7.700000000000000178e-01 9.258898536070826468e-01 -7.700000000000001288e-02
-7.633333333333333082e-01 9.265073193089997661e-01 -7.633333333333333637e-02
-7.566666666666665986e-01 9.271251967957183648e-01 -7.566666666666665986e-02
-7.500000000000000000e-01 9.277434863408898780e-01 -7.500000000000001110e-02
-7.433333333333332904e-01 9.283621882193286989e-01 -7.433333333333333459e-02
-7.366666666666666918e-01 9.289813027465838591e-01 -7.366666666666667196e-02
-7.299999999999999822e-01 9.296008302355256436e-01 -7.299999999999999545e-02
-7.233333333333332726e-01 9.302207709308831785e-01 -7.233333333333333282e-02
-7.166666666666666741e-01 9.308411253622128623e-01 -7.166666666666667018e-02
-7.099999999999999645e-01 9.314618947001588323e-01 -7.099999999999999367e-02
-7.033333333333333659e-01 9.320830797925914180e-01 -7.033333333333334492e-02
-6.966666666666666563e-01 9.327046808075322160e-01 -6.966666666666666841e-02
-6.899999999999999467e-01 9.333267027450422582e-01 -6.899999999999999190e-02
-6.833333333333333481e-01 9.339491628465574902e-01 -6.833333333333334314e-02
-6.766666666666666385e-01 9.345720820715793797e-01 -6.766666666666666663e-02
-6.699999999999999289e-01 9.351954621804015044e-01 -6.699999999999999012e-02
-6.633333333333333304e-01 9.358193077764999090e-01 -6.633333333333334136e-02
-6.566666666666666208e-01 9.364437638740957803e-01 -6.566666666666666485e-02
-6.500000000000000222e-01 9.370693134298899718e-01 -6.500000000000000222e-02
-6.433333333333333126e-01 9.376968263002064541e-01 -6.433333333333333959e-02
-6.366666666666666030e-01 9.383274176915645803e-01 -6.366666666666666308e-02
-6.300000000000000044e-01 9.389624584883378144e-01 -6.300000000000000044e-02
-6.233333333333332948e-01 9.396039615329280226e-01 -6.233333333333333087e-02
-6.166666666666666963e-01 9.402552243061474968e-01 -6.166666666666667518e-02
-6.099999999999999867e-01 9.409216273405041076e-01 -6.099999999999999867e-02
-6.033333333333332771e-01 9.416116203022254494e-01 -6.033333333333332910e-02
-5.966666666666666785e-01 9.423379766304741390e-01 -5.966666666666667340e-02
-5.899999999999999689e-01 9.431193889262325936e-01 -5.899999999999999689e-02
-5.833333333333332593e-01 9.439824481696714731e-01 -5.833333333333332732e-02
-5.766666666666666607e-01 9.449640010689885905e-01 -5.766666666666667163e-02
-5.699999999999999512e-01 9.461137916580447671e-01 -5.699999999999999512e-02
-5.633333333333333526e-01 9.474971508767326966e-01 -5.633333333333333942e-02
-5.566666666666666430e-01 9.491973092997609829e-01 -5.566666666666666985e-02
-5.499999999999999334e-01 9.513167135578139977e-01 -5.499999999999999334e-02
-5.433333333333333348e-01 9.539765970357532154e-01 -5.433333333333333764e-02
-5.366666666666666252e-01 9.573140776173634237e-01 -5.366666666666666807e-02
-5.300000000000000266e-01 9.614763076695818089e-01 -5.300000000000000544e-02
-5.233333333333333171e-01 9.666117171128376651e-01 -5.233333333333333587e-02
-5.166666666666666075e-01 9.728591032155176066e-01 -5.166666666666666630e-02
-5.100000000000000089e-01 9.803359940021375563e-01 -5.100000000000000366e-02
-5.033333333333332993e-01 9.891280913164308686e-01 -5.033333333333333409e-02
-4.966666666666666452e-01 9.992818266781462455e-01 -4.966666666666666452e-02
-4.899999999999999356e-01 1.010801672910762505e+00 -4.899999999999999495e-02
-4.833333333333332815e-01 1.023650574774150890e+00 -4.833333333333333232e-02
-4.766666666666666274e-01 1.037749038723277950e+00 -4.766666666666666274e-02
-4.699999999999999734e-01 1.052978809011048567e+00 -4.700000000000000011e-02
-4.633333333333333193e-01 1.069208567597561110e+00 -4.633333333333333748e-02
-4.566666666666666097e-01 1.086322418041649085e+00 -4.566666666666666097e-02
-4.499999999999999556e-01 1.104173407941683616e+00 -4.499999999999999833e-02
-4.433333333333333015e-01 1.122456625980051914e+00 -4.433333333333333570e-02
-4.366666666666666474e-01 1.140735519103617701e+00 -4.366666666666666613e-02
-4.299999999999999933e-01 1.158814384553532362e+00 -4.300000000000000350e-02
-4.233333333333332837e-01 1.177065732825242073e+00 -4.233333333333333393e-02
-4.166666666666666297e-01 1.196234835297490084e+00 -4.166666666666666435e-02
-4.099999999999999756e-01 1.216207949885367956e+00 -4.100000000000000172e-02
-4.033333333333332660e-01 1.233768131462587014e+00 -4.033333333333333215e-02
-3.966666666666666119e-01 1.245673717468276598e+00 -3.966666666666666258e-02
-3.899999999999999578e-01 1.252047352825828019e+00 -3.899999999999999994e-02
-3.833333333333333037e-01 1.254511372042180106e+00 -3.833333333333333037e-02
-3.766666666666666496e-01 1.255183131462630719e+00 -3.766666666666666774e-02
-3.699999999999999400e-01 1.254702254499567182e+00 -3.699999999999999817e-02
-3.633333333333332860e-01 1.251551134818372768e+00 -3.633333333333332860e-02
-3.566666666666666319e-01 1.243655292071208507e+00 -3.566666666666666596e-02
-3.499999999999999778e-01 1.228318784723041679e+00 -3.499999999999999639e-02
-3.433333333333333237e-01 1.202512854315487933e+00 -3.433333333333333376e-02
-3.366666666666666141e-01 1.164726813678001571e+00 -3.366666666666666419e-02
-3.299999999999999600e-01 1.122285536886518775e+00 -3.299999999999999462e-02
-3.233333333333333059e-01 1.086602807678240357e+00 -3.233333333333333198e-02
-3.166666666666665964e-01 1.058605259273727839e+00 -3.166666666666666241e-02
-3.099999999999999423e-01 1.036793820041628011e+00 -3.099999999999999631e-02
-3.033333333333332882e-01 1.020043080511218170e+00 -3.033333333333333021e-02
-2.966666666666666341e-01 1.007396118632999604e+00 -2.966666666666666410e-02
-2.899999999999999800e-01 9.980092228043861979e-01 -2.899999999999999800e-02
-2.833333333333332704e-01 9.911663356845256123e-01 -2.833333333333332843e-02
-2.766666666666666163e-01 9.862819876707142885e-01 -2.766666666666666233e-02
-2.699999999999999623e-01 9.828885558860750438e-01 -2.699999999999999623e-02
-2.633333333333332527e-01 9.806180538145056191e-01 -2.633333333333332665e-02
-2.566666666666665986e-01 9.791842921882553119e-01 -2.566666666666666055e-02
-2.499999999999999445e-01 9.783669331865907370e-01 -2.499999999999999445e-02
-2.433333333333332904e-01 9.779978837061114039e-01 -2.433333333333333182e-02
-2.366666666666666363e-01 9.779503080992086872e-01 -2.366666666666666571e-02
-2.299999999999999267e-01 9.781299258864448731e-01 -2.299999999999999267e-02
-2.233333333333332726e-01 9.784678680108407356e-01 -2.233333333333333004e-02
-2.166666666666666186e-01 9.789146272849194030e-01 -2.166666666666666394e-02
-2.099999999999999645e-01 9.794350573590908660e-01 -2.099999999999999784e-02
-2.033333333333333104e-01 9.800044815978413704e-01 -2.033333333333333173e-02
-1.966666666666666008e-01 9.806058230177386870e-01 -1.966666666666666216e-02
-1.899999999999999467e-01 9.812275243151564741e-01 -1.899999999999999606e-02
-1.833333333333332926e-01 9.818620153715074128e-01 -1.833333333333332996e-02
-1.766666666666665830e-01 9.825045507011309631e-01 -1.766666666666666038e-02
-1.699999999999999289e-01 9.831522922518017849e-01 -1.699999999999999428e-02
-1.633333333333332749e-01 9.838035610409054943e-01 -1.633333333333332818e-02
-1.566666666666666208e-01 9.844572813048764193e-01 -1.566666666666666208e-02
-1.499999999999999667e-01 9.851126759686372747e-01 -1.499999999999999771e-02
-1.433333333333332571e-01 9.857691750321107005e-01 -1.433333333333332640e-02
-1.366666666666666030e-01 9.864264108156055588e-01 -1.366666666666666030e-02
-1.299999999999999489e-01 9.870841922772612964e-01 -1.299999999999999593e-02
-1.233333333333332948e-01 9.877424435275896641e-01 -1.233333333333332983e-02
-1.166666666666666408e-01 9.884011431912826939e-01 -1.166666666666666546e-02
-1.099999999999999312e-01 9.890602875423430973e-01 -1.099999999999999416e-02
-1.033333333333332771e-01 9.897198757378711242e-01 -1.033333333333332806e-02
-9.666666666666662300e-02 9.903799066470745371e-01 -9.666666666666663688e-03
-8.999999999999991340e-02 9.910403791900879167e-01 -8.999999999999992381e-03
-8.333333333333325932e-02 9.917012927848353199e-01 -8.333333333333326279e-03
-7.666666666666660523e-02 9.923626473226783151e-01 -7.666666666666661044e-03
-6.999999999999995115e-02 9.930244429607131273e-01 -6.999999999999995809e-03
-6.333333333333329707e-02 9.936866799626052904e-01 -6.333333333333329707e-03
-5.666666666666658747e-02 9.943493586088777425e-01 -5.666666666666659267e-03
-4.999999999999993339e-02 9.950124791901178156e-01 -4.999999999999994033e-03
-4.333333333333327930e-02 9.956760420138224266e-01 -4.333333333333327930e-03
-3.666666666666662522e-02 9.963400473505912291e-01 -3.666666666666662695e-03
-2.999999999999997113e-02 9.970044954872318010e-01 -2.999999999999997460e-03
-2.333333333333326154e-02 9.976693867749536482e-01 -2.333333333333326154e-03
-1.666666666666660745e-02 9.983347214840159189e-01 -1.666666666666660919e-03
-9.999999999999953371e-03 9.990004998618071674e-01 -9.999999999999954672e-04
-3.333333333333299286e-03 9.996667220672388332e-01 -3.333333333333299612e-04
3.333333333333410309e-03 2.476218309534028883e+00 9.033333333333334325e-01
1.000000000000011990e-02 2.492781827287230634e+00 9.100000000000001421e-01
1.666666666666671848e-02 2.509456139561829779e+00 9.166666666666667407e-01
2.333333333333342807e-02 2.526241987456624649e+00 9.233333333333334503e-01
3.000000000000013767e-02 2.543140116591669830e+00 9.300000000000001599e-01
3.666666666666673624e-02 2.560151024786794238e+00 9.366666666666667584e-01
4.333333333333333481e-02 2.577275715857783034e+00 9.433333333333333570e-01
5.000000000000004441e-02 2.594514951544755199e+00 9.500000000000000666e-01
5.666666666666675400e-02 2.611869499144986229e+00 9.566666666666667762e-01
6.333333333333335258e-02 2.629340132325970192e+00 9.633333333333333748e-01
7.000000000000006217e-02 2.646927629783447422e+00 9.700000000000000844e-01
7.666666666666677177e-02 2.664632773564675539e+00 9.766666666666667940e-01
8.333333333333337034e-02 2.682456348112328470e+00 9.833333333333333925e-01
9.000000000000007994e-02 2.700399140358411110e+00 9.900000000000001021e-01
9.666666666666678953e-02 2.718461940194103477e+00 9.966666666666668117e-01
1.033333333333333881e-01 2.736645542297147404e+00 1.003333333333333410e+00
1.100000000000000977e-01 2.754950753188993851e+00 1.010000000000000231e+00
1.166666666666668073e-01 2.773378403698800287e+00 1.016666666666666829e+00
1.233333333333334059e-01 2.791929353525448132e+00 1.023333333333333428e+00
1.300000000000000044e-01 2.810604467126763595e+00 1.030000000000000027e+00
1.366666666666667140e-01 2.829404563226098901e+00 1.036666666666666625e+00
1.433333333333334236e-01 2.848330387046901890e+00 1.043333333333333446e+00
1.500000000000000222e-01 2.867382669295849951e+00 1.050000000000000044e+00
1.566666666666667318e-01 2.886562257509440954e+00 1.056666666666666643e+00
1.633333333333334414e-01 2.905870181941385244e+00 1.063333333333333464e+00
1.700000000000000400e-01 2.925307498696877673e+00 1.070000000000000062e+00
1.766666666666667496e-01 2.944874963038298876e+00 1.076666666666666661e+00
1.833333333333334592e-01 2.964572884781957463e+00 1.083333333333333481e+00
1.900000000000000577e-01 2.984401455053530938e+00 1.090000000000000080e+00
1.966666666666667673e-01 3.004360880180980686e+00 1.096666666666666679e+00
2.033333333333334769e-01 3.024450914590013362e+00 1.103333333333333499e+00
2.100000000000000755e-01 3.044670265055601455e+00 1.110000000000000098e+00
2.166666666666666741e-01 3.065015911760789802e+00 1.116666666666666696e+00
2.233333333333333837e-01 3.085482169220483684e+00 1.123333333333333517e+00
2.300000000000000933e-01 3.106059365454035159e+00 1.130000000000000115e+00
2.366666666666666918e-01 3.126732092200055213e+00 1.136666666666666714e+00
2.433333333333334014e-01 3.147477066066453943e+00 1.143333333333333535e+00
2.500000000000001110e-01 3.168260786899490533e+00 1.150000000000000133e+00
2.566666666666667096e-01 3.189037418522175482e+00 1.156666666666666732e+00
2.633333333333334192e-01 3.209747674236096415e+00 1.163333333333333552e+00
2.700000000000001288e-01 3.230320006187403781e+00 1.170000000000000151e+00
2.766666666666667274e-01 3.250677137972388664e+00 1.176666666666666750e+00
2.833333333333334370e-01 3.270782703672998171e+00 1.183333333333333570e+00
2.900000000000001465e-01 3.290916193338340623e+00 1.190000000000000169e+00
2.966666666666667451e-01 3.311576116069484321e+00 1.196666666666666767e+00
3.033333333333333437e-01 3.332799612389127475e+00 1.203333333333333366e+00
3.100000000000000533e-01 3.354477905532313287e+00 1.209999999999999964e+00
3.166666666666667629e-01 3.376520031014991208e+00 1.216666666666666785e+00
3.233333333333333615e-01 3.398857105891833541e+00 1.223333333333333384e+00
3.300000000000000711e-01 3.421439837023108055e+00 1.229999999999999982e+00
3.366666666666667806e-01 3.444234605499743473e+00 1.236666666666666803e+00
3.433333333333333792e-01 3.467219462858365908e+00 1.243333333333333401e+00
3.500000000000000888e-01 3.490380694142617202e+00 1.250000000000000000e+00
3.566666666666667984e-01 3.513710147479248036e+00 1.256666666666666821e+00
3.633333333333333970e-01 3.537203297828880988e+00 1.263333333333333419e+00
3.700000000000001066e-01 3.560857917655206428e+00 1.270000000000000018e+00
3.766666666666668162e-01 3.584673204860890472e+00 1.276666666666666838e+00
3.833333333333334147e-01 3.608649218201988251e+00 1.283333333333333437e+00
3.900000000000000133e-01 3.632786486295652928e+00 1.290000000000000036e+00
3.966666666666667229e-01 3.657085743318168269e+00 1.296666666666666856e+00
4.033333333333334325e-01 3.681547808342796380e+00 1.303333333333333455e+00
4.100000000000000311e-01 3.706173577596648006e+00 1.310000000000000053e+00
4.166666666666667407e-01 3.730964043786295647e+00 1.316666666666666874e+00
4.233333333333334503e-01 3.755920281758145407e+00 1.323333333333333472e+00
4.300000000000000488e-01 3.781043412209747601e+00 1.330000000000000071e+00
4.366666666666667584e-01 3.806334571940860112e+00 1.336666666666666892e+00
4.433333333333334680e-01 3.831794899559959777e+00 1.343333333333333490e+00
4.500000000000000666e-01 3.857425532931018086e+00 1.350000000000000089e+00
4.566666666666667762e-01 3.883227611926458156e+00 1.356666666666666909e+00
4.633333333333334858e-01 3.909202281850022054e+00 1.363333333333333508e+00
4.700000000000000844e-01 3.935350695597016557e+00 1.370000000000000107e+00
4.766666666666667940e-01 3.961674014445224934e+00 1.376666666666666927e+00
4.833333333333335036e-01 3.988173408054434432e+00 1.383333333333333526e+00
4.900000000000001021e-01 4.014850054226960729e+00 1.390000000000000124e+00
4.966666666666667007e-01 4.041705138722149648e+00 1.396666666666666723e+00
5.033333333333334103e-01 4.068739855197082811e+00 1.403333333333333321e+00
5.100000000000001199e-01 4.095955405239365632e+00 1.410000000000000142e+00
5.166666666666667185e-01 4.123352998438716277e+00 1.416666666666666741e+00
5.233333333333334281e-01 4.150933852462592277e+00 1.423333333333333339e+00
5.300000000000001377e-01 4.178699193123115663e+00 1.430000000000000160e+00
5.366666666666667362e-01 4.206650254435588820e+00 1.436666666666666758e+00
5.433333333333334458e-01 4.234788278672789730e+00 1.443333333333333357e+00
5.500000000000001554e-01 4.263114516418504252e+00 1.450000000000000178e+00
5.566666666666667540e-01 4.291630226621902189e+00 1.456666666666666776e+00
5.633333333333334636e-01 4.320336676652974717e+00 1.463333333333333375e+00
5.700000000000001732e-01 4.349235142358821804e+00 1.470000000000000195e+00
5.766666666666667718e-01 4.378326908120465433e+00 1.476666666666666794e+00
5.833333333333333703e-01 4.407613266910027860e+00 1.483333333333333393e+00
5.900000000000000799e-01 4.437095520348245614e+00 1.490000000000000213e+00
5.966666666666667895e-01 4.466774978762332537e+00 1.496666666666666812e+00
6.033333333333333881e-01 4.496652961244211433e+00 1.503333333333333410e+00
6.100000000000000977e-01 4.526730795709138278e+00 1.510000000000000231e+00
6.166666666666668073e-01 4.557009818954707470e+00 1.516666666666666829e+00
6.233333333333334059e-01 4.587491376720276293e+00 1.523333333333333428e+00
6.300000000000001155e-01 4.618176823746764192e+00 1.530000000000000249e+00
6.366666666666668251e-01 4.649067523836866833e+00 1.536666666666666847e+00
6.433333333333334236e-01 4.680164849915674274e+00 1.543333333333333446e+00
6.500000000000001332e-01 4.711470184091687941e+00 1.550000000000000266e+00
6.566666666666668428e-01 4.742984917718251481e+00 1.556666666666666865e+00
6.633333333333334414e-01 4.774710451455383975e+00 1.563333333333333464e+00
6.700000000000000400e-01 4.806648195332027029e+00 1.570000000000000062e+00
6.766666666666667496e-01 4.838799568808726193e+00 1.576666666666666661e+00
6.833333333333334592e-01 4.871166000840703170e+00 1.583333333333333481e+00
6.900000000000000577e-01 4.903748929941382784e+00 1.590000000000000080e+00
6.966666666666667673e-01 4.936549804246311624e+00 1.596666666666666679e+00
7.033333333333334769e-01 4.969570081577522558e+00 1.603333333333333499e+00
7.100000000000000755e-01 5.002811229508330904e+00 1.610000000000000098e+00
7.166666666666667851e-01 5.036274725428564025e+00 1.616666666666666696e+00
7.233333333333334947e-01 5.069962056610215484e+00 1.623333333333333517e+00
7.300000000000000933e-01 5.103874720273548604e+00 1.630000000000000115e+00
7.366666666666668029e-01 5.138014223653650348e+00 1.636666666666666714e+00
7.433333333333335124e-01 5.172382084067409735e+00 1.643333333333333535e+00
7.500000000000001110e-01 5.206979828980953684e+00 1.650000000000000133e+00
7.566666666666667096e-01 5.241808996077526928e+00 1.656666666666666732e+00
7.633333333333334192e-01 5.276871133325844454e+00 1.663333333333333552e+00
7.700000000000001288e-01 5.312167799048896910e+00 1.670000000000000151e+00
7.766666666666667274e-01 5.347700561993186774e+00 1.676666666666666750e+00
7.833333333333334370e-01 5.383471001398472566e+00 1.683333333333333570e+00
7.900000000000001465e-01 5.419480707067946490e+00 1.690000000000000169e+00
7.966666666666667451e-01 5.455731279438900572e+00 1.696666666666666767e+00
8.033333333333334547e-01 5.492224329653858206e+00 1.703333333333333588e+00
8.100000000000001643e-01 5.528961479632168441e+00 1.710000000000000187e+00
8.166666666666667629e-01 5.565944362142102975e+00 1.716666666666666785e+00
8.233333333333334725e-01 5.603174620873421219e+00 1.723333333333333606e+00
8.300000000000001821e-01 5.640653910510422087e+00 1.730000000000000204e+00
8.366666666666667806e-01 5.678383896805478059e+00 1.736666666666666803e+00
8.433333333333333792e-01 5.716366256653080846e+00 1.743333333333333401e+00
8.500000000000000888e-01 5.754602678164369323e+00 1.750000000000000000e+00
8.566666666666667984e-01 5.793094860742151297e+00 1.756666666666666821e+00
8.633333333333333970e-01 5.831844515156433317e+00 1.763333333333333419e+00
8.700000000000001066e-01 5.870853363620462062e+00 1.770000000000000018e+00
8.766666666666668162e-01 5.910123139867260456e+00 1.776666666666666838e+00
8.833333333333334147e-01 5.949655589226679808e+00 1.783333333333333437e+00
8.900000000000001243e-01 5.989452468702978649e+00 1.790000000000000036e+00
8.966666666666668339e-01 6.029515547052913149e+00 1.796666666666666856e+00
9.033333333333334325e-01 6.069846604864341799e+00 1.803333333333333455e+00
9.100000000000001421e-01 6.110447434635352337e+00 1.810000000000000053e+00
9.166666666666668517e-01 6.151319840853979315e+00 1.816666666666666874e+00
9.233333333333334503e-01 6.192465640078284039e+00 1.823333333333333472e+00
9.300000000000000488e-01 6.233886661017374209e+00 1.830000000000000071e+00
9.366666666666667584e-01 6.275584744611949262e+00 1.836666666666666892e+00
9.433333333333334680e-01 6.317561744118051159e+00 1.843333333333333490e+00
9.500000000000000666e-01 6.359819525184296829e+00 1.850000000000000089e+00
9.566666666666667762e-01 6.402359965948548393e+00 1.856666666666666909e+00
9.633333333333334858e-01 6.445184957084460819e+00 1.863333333333333508e+00
9.700000000000000844e-01 6.488296401984675832e+00 1.870000000000000107e+00
9.766666666666667940e-01 6.531696216579117475e+00 1.876666666666666927e+00
9.833333333333335036e-01 6.575386330135269297e+00 1.883333333333333526e+00
9.900000000000001021e-01 6.619368683423672906e+00 1.890000000000000124e+00
9.966666666666667007e-01 6.663645233959869962e+00 1.896666666666666723e+00
