-9.966666666666665897e-01 9.051391142117970467e-01 -9.966666666666666730e-02
-9.899999999999999911e-01 9.057427414820904410e-01 -9.900000000000000466e-02
-9.833333333333333925e-01 9.063467712954617062e-01 -9.833333333333334203e-02
-9.766666666666666829e-01 9.069512039314844287e-01 -9.766666666666667940e-02
-9.699999999999999734e-01 9.075560396569465338e-01 -9.700000000000000289e-02
-9.633333333333333748e-01 9.081612787406629916e-01 -9.633333333333334025e-02
-9.566666666666666652e-01 9.087669214516290728e-01 -9.566666666666667762e-02
-9.499999999999999556e-01 9.093729680590191267e-01 -9.500000000000000111e-02
-9.433333333333333570e-01 9.099794188321879140e-01 -9.433333333333333848e-02
-9.366666666666666474e-01 9.105862740406688305e-01 -9.366666666666667584e-02
-9.299999999999999378e-01 9.111935339541754608e-01 -9.299999999999999933e-02
-9.233333333333333393e-01 9.118011988426010239e-01 -9.233333333333333670e-02
-9.166666666666667407e-01 9.124092689760188168e-01 -9.166666666666667407e-02
-9.099999999999999201e-01 9.130177446246823258e-01 -9.099999999999999756e-02
-9.033333333333333215e-01 9.136266260590248933e-01 -9.033333333333333492e-02
-8.966666666666667229e-01 9.142359135496609390e-01 -8.966666666666667229e-02
-8.900000000000000133e-01 9.148456073673848499e-01 -8.900000000000000966e-02
-8.833333333333333037e-01 9.154557077831715350e-01 -8.833333333333333315e-02
-8.766666666666667052e-01 9.160662150681768701e-01 -8.766666666666667052e-02
-8.699999999999999956e-01 9.166771294937374748e-01 -8.700000000000000788e-02
-8.633333333333332860e-01 9.172884513313704913e-01 -8.633333333333333137e-02
-8.566666666666666874e-01 9.179001808527749162e-01 -8.566666666666666874e-02
-8.499999999999999778e-01 9.185123183298302685e-01 -8.500000000000000611e-02
-8.433333333333332682e-01 9.191248640345979215e-01 -8.433333333333332960e-02
-8.366666666666666696e-01 9.197378182393204371e-01 -8.366666666666666696e-02
-8.299999999999999600e-01 9.203511812164215655e-01 -8.300000000000000433e-02
-8.233333333333332504e-01 9.209649532385072446e-01 -8.233333333333332782e-02
-8.166666666666666519e-01 9.215791345783649335e-01 -8.166666666666666519e-02
-8.100000000000000533e-01 9.221937255089645014e-01 -8.100000000000001643e-02
-8.033333333333333437e-01 9.228087263034571164e-01 -8.033333333333333992e-02
-7.966666666666666341e-01 9.234241372351771338e-01 -7.966666666666666341e-02
-7.900000000000000355e-01 9.240399585776398750e-01 -7.900000000000001465e-02
-7.833333333333333259e-01 9.246561906045444035e-01 -7.833333333333333814e-02
-7.766666666666666163e-01 9.252728335897716372e-01 -7.766666666666666163e-02
-7.700000000000000178e-01 9.258898878073849037e-01 -7.700000000000001288e-02
-7.633333333333333082e-01 9.265073535316290521e-01 -7.633333333333333637e-02
-7.566666666666665986e-01 9.271252310369264560e-01 -7.566666666666665986e-02
-7.500000000000000000e-01 9.277435205978756816e-01 -7.500000000000001110e-02
-7.433333333333332904e-01 9.283622224892879027e-01 -7.433333333333333459e-02
-7.366666666666666918e-01 9.289813369861961156e-01 -7.366666666666667196e-02
-7.299999999999999822e-01 9.296008643637947433e-01 -7.299999999999999545e-02
-7.233333333333332726e-01 9.302208048973483745e-01 -7.233333333333333282e-02
-7.166666666666666741e-01 9.308411588621805510e-01 -7.166666666666667018e-02
-7.099999999999999645e-01 9.314619265339079135e-01 -7.099999999999999367e-02
-7.033333333333333659e-01 9.320831081887603897e-01 -7.033333333333334492e-02
-6.966666666666666563e-01 9.327047041035575470e-01 -6.966666666666666841e-02
-6.899999999999999467e-01 9.333267145549627442e-01 -6.899999999999999190e-02
-6.833333333333333481e-01 9.339491398183810134e-01 -6.833333333333334314e-02
-6.766666666666666385e-01 9.345719801678360472e-01 -6.766666666666666663e-02
-6.699999999999999289e-01 9.351952358780846186e-01 -6.699999999999999012e-02
-6.633333333333333304e-01 9.358189072283087384e-01 -6.633333333333334136e-02
-6.566666666666666208e-01 9.364429945039404179e-01 -6.566666666666666485e-02
-6.500000000000000222e-01 9.370674979923599990e-01 -6.500000000000000222e-02
-6.433333333333333126e-01 9.376924179719651198e-01 -6.433333333333333959e-02
-6.366666666666666030e-01 9.383177547014620590e-01 -6.366666666666666308e-02
-6.300000000000000044e-01 9.389435084215536076e-01 -6.300000000000000044e-02
-6.233333333333332948e-01 9.395696793775508704e-01 -6.233333333333333087e-02
-6.166666666666666963e-01 9.401962678570379151e-01 -6.166666666666667518e-02
-6.099999999999999867e-01 9.408232742189472919e-01 -6.099999999999999867e-02
-6.033333333333332771e-01 9.414506988833390988e-01 -6.033333333333332910e-02
-5.966666666666666785e-01 9.420785422653765728e-01 -5.966666666666667340e-02
-5.899999999999999689e-01 9.427068046698804382e-01 -5.899999999999999689e-02
-5.833333333333332593e-01 9.433354861964229343e-01 -5.833333333333332732e-02
-5.766666666666666607e-01 9.439645867158437120e-01 -5.766666666666667163e-02
-5.699999999999999512e-01 9.445941059544882279e-01 -5.699999999999999512e-02
-5.633333333333333526e-01 9.452240436709234972e-01 -5.633333333333333942e-02
-5.566666666666666430e-01 9.458543998584756363e-01 -5.566666666666666985e-02
-5.499999999999999334e-01 9.464851748854877789e-01 -5.499999999999999334e-02
-5.433333333333333348e-01 9.471163695077711164e-01 -5.433333333333333764e-02
-5.366666666666666252e-01 9.477479847435578142e-01 -5.366666666666666807e-02
-5.300000000000000266e-01 9.483800216612505718e-01 -5.300000000000000544e-02
-5.233333333333333171e-01 9.490124811643656511e-01 -5.233333333333333587e-02
-5.166666666666666075e-01 9.496453638516939577e-01 -5.166666666666666630e-02
-5.100000000000000089e-01 9.502786699913451374e-01 -5.100000000000000366e-02
-5.033333333333332993e-01 9.509123995975374832e-01 -5.033333333333333409e-02
-4.966666666666666452e-01 9.515465525627051502e-01 -4.966666666666666452e-02
-4.899999999999999356e-01 9.521811287879606844e-01 -4.899999999999999495e-02
-4.833333333333332815e-01 9.528161282704294965e-01 -4.833333333333333232e-02
-4.766666666666666274e-01 9.534515511337010585e-01 -4.766666666666666274e-02
-4.699999999999999734e-01 9.540873976121357902e-01 -4.700000000000000011e-02
-4.633333333333333193e-01 9.547236680110664508e-01 -4.633333333333333748e-02
-4.566666666666666097e-01 9.553603626630541301e-01 -4.566666666666666097e-02
-4.499999999999999556e-01 9.559974818935274010e-01 -4.499999999999999833e-02
-4.433333333333333015e-01 9.566350260048007703e-01 -4.433333333333333570e-02
-4.366666666666666474e-01 9.572729952839083012e-01 -4.366666666666666613e-02
-4.299999999999999933e-01 9.579113900273241722e-01 -4.300000000000000350e-02
-4.233333333333332837e-01 9.585502105540469886e-01 -4.233333333333333393e-02
-4.166666666666666297e-01 9.591894571718504459e-01 -4.166666666666666435e-02
-4.099999999999999756e-01 9.598291301035292156e-01 -4.100000000000000172e-02
-4.033333333333332660e-01 9.604692294623616844e-01 -4.033333333333333215e-02
-3.966666666666666119e-01 9.611097553985488151e-01 -3.966666666666666258e-02
-3.899999999999999578e-01 9.617507084027423492e-01 -3.899999999999999994e-02
-3.833333333333333037e-01 9.623920894629767187e-01 -3.833333333333333037e-02
-3.766666666666666496e-01 9.630338996030008980e-01 -3.766666666666666774e-02
-3.699999999999999400e-01 9.636761386925564166e-01 -3.699999999999999817e-02
-3.633333333333332860e-01 9.643188044014989746e-01 -3.633333333333332860e-02
-3.566666666666666319e-01 9.649618930739641831e-01 -3.566666666666666596e-02
-3.499999999999999778e-01 9.656054037860881678e-01 -3.499999999999999639e-02
-3.433333333333333237e-01 9.662493440370625297e-01 -3.433333333333333376e-02
-3.366666666666666141e-01 9.668937315160412993e-01 -3.366666666666666419e-02
-3.299999999999999600e-01 9.675385848149549162e-01 -3.299999999999999462e-02
-3.233333333333333059e-01 9.681839011025412667e-01 -3.233333333333333198e-02
-3.166666666666665964e-01 9.688296315166690098e-01 -3.166666666666666241e-02
-3.099999999999999423e-01 9.694756792195345918e-01 -3.099999999999999631e-02
-3.033333333333332882e-01 9.701219478345950442e-01 -3.033333333333333021e-02
-2.966666666666666341e-01 9.707684475258944179e-01 -2.966666666666666410e-02
-2.899999999999999800e-01 9.714154227014007992e-01 -2.899999999999999800e-02
-2.833333333333332704e-01 9.720634120173763382e-01 -2.833333333333332843e-02
-2.766666666666666163e-01 9.727131573173199985e-01 -2.766666666666666233e-02
-2.699999999999999623e-01 9.733654494748440467e-01 -2.699999999999999623e-02
-2.633333333333332527e-01 9.740211206374157493e-01 -2.633333333333332665e-02
-2.566666666666665986e-01 9.746812239263084043e-01 -2.566666666666666055e-02
-2.499999999999999445e-01 9.753473028603418804e-01 -2.499999999999999445e-02
-2.433333333333332904e-01 9.760216988385419512e-01 -2.433333333333333182e-02
-2.366666666666666363e-01 9.767079074142799300e-01 -2.366666666666666571e-02
-2.299999999999999267e-01 9.774110128217725624e-01 -2.299999999999999267e-02
-2.233333333333332726e-01 9.781382262942337480e-01 -2.233333333333333004e-02
-2.166666666666666186e-01 9.788995401947295782e-01 -2.166666666666666394e-02
-2.099999999999999645e-01 9.797084896353975836e-01 -2.099999999999999784e-02
-2.033333333333333104e-01 9.805829851430122313e-01 -2.033333333333333173e-02
-1.966666666666666008e-01 9.815461428706540037e-01 -1.966666666666666216e-02
-1.899999999999999467e-01 9.826269940200799136e-01 -1.899999999999999606e-02
-1.833333333333332926e-01 9.838609080866740353e-01 -1.833333333333332996e-02
-1.766666666666665830e-01 9.852895267805625856e-01 -1.766666666666666038e-02
-1.699999999999999289e-01 9.869599947537622819e-01 -1.699999999999999428e-02
-1.633333333333332749e-01 9.889233111450439484e-01 -1.633333333333332818e-02
-1.566666666666666208e-01 9.912317313955134601e-01 -1.566666666666666208e-02
-1.499999999999999667e-01 9.939353274440285713e-01 -1.499999999999999771e-02
-1.433333333333332571e-01 9.970780461648161008e-01 -1.433333333333332640e-02
-1.366666666666666030e-01 1.000693836383021118e+00 -1.366666666666666030e-02
-1.299999999999999489e-01 1.004803558819086451e+00 -1.299999999999999593e-02
-1.233333333333332948e-01 1.009413357674882716e+00 -1.233333333333332983e-02
-1.166666666666666408e-01 1.014514901722364915e+00 -1.166666666666666546e-02
-1.099999999999999312e-01 1.020087437661430396e+00 -1.099999999999999416e-02
-1.033333333333332771e-01 1.026101107235310117e+00 -1.033333333333332806e-02
-9.666666666666662300e-02 1.032520691174099614e+00 -9.666666666666663688e-03
-8.999999999999991340e-02 1.039308997768809917e+00 -8.999999999999992381e-03
-8.333333333333325932e-02 1.046429426637677684e+00 -8.333333333333326279e-03
-7.666666666666660523e-02 1.053847635369681068e+00 -7.666666666666661044e-03
-6.999999999999995115e-02 1.061532422754441374e+00 -6.999999999999995809e-03
-6.333333333333329707e-02 1.069456128317544774e+00 -6.333333333333329707e-03
-5.666666666666658747e-02 1.077594469830931878e+00 -5.666666666666659267e-03
-4.999999999999993339e-02 1.085926585307679826e+00 -4.999999999999994033e-03
-4.333333333333327930e-02 1.094432745910585147e+00 -4.333333333333327930e-03
-3.666666666666662522e-02 1.103098799688410514e+00 -3.666666666666662695e-03
-2.999999999999997113e-02 1.111897490972796332e+00 -2.999999999999997460e-03
-2.333333333333326154e-02 1.120839616462163457e+00 -2.333333333333326154e-03
-1.666666666666660745e-02 1.129822238396139156e+00 -1.666666666666660919e-03
-9.999999999999953371e-03 1.139061577831560479e+00 -9.999999999999954672e-04
-3.333333333333299286e-03 1.147888843956160754e+00 -3.333333333333299612e-04
3.333333333333410309e-03 2.850008714105075391e+00 9.033333333333334325e-01
1.000000000000011990e-02 2.877064825382031010e+00 9.100000000000001421e-01
1.666666666666671848e-02 2.904678368070882311e+00 9.166666666666667407e-01
2.333333333333342807e-02 2.932560093881172225e+00 9.233333333333334503e-01
3.000000000000013767e-02 2.960647298137499384e+00 9.300000000000001599e-01
3.666666666666673624e-02 2.988927311160531897e+00 9.366666666666667584e-01
4.333333333333333481e-02 3.017398864615848275e+00 9.433333333333333570e-01
5.000000000000004441e-02 3.046062697937252040e+00 9.500000000000000666e-01
5.666666666666675400e-02 3.074920615733655715e+00 9.566666666666667762e-01
6.333333333333335258e-02 3.103975333115870594e+00 9.633333333333333748e-01
7.000000000000006217e-02 3.133230604784983164e+00 9.700000000000000844e-01
7.666666666666677177e-02 3.162691452075348408e+00 9.766666666666667940e-01
8.333333333333337034e-02 3.192364448292102530e+00 9.833333333333333925e-01
9.000000000000007994e-02 3.222258053120126142e+00 9.900000000000001021e-01
9.666666666666678953e-02 3.252382986910906659e+00 9.966666666666668117e-01
1.033333333333333881e-01 3.282752609999231463e+00 1.003333333333333410e+00
1.100000000000000977e-01 3.313383240082949044e+00 1.010000000000000231e+00
1.166666666666668073e-01 3.344294349980800440e+00 1.016666666666666829e+00
1.233333333333334059e-01 3.375508654656480534e+00 1.023333333333333428e+00
1.300000000000000044e-01 3.407052138757212134e+00 1.030000000000000027e+00
1.366666666666667140e-01 3.438953959912379954e+00 1.036666666666666625e+00
1.433333333333334236e-01 3.471245874922370245e+00 1.043333333333333446e+00
1.500000000000000222e-01 3.503960623984320399e+00 1.050000000000000044e+00
1.566666666666667318e-01 3.537128977257959495e+00 1.056666666666666643e+00
1.633333333333334414e-01 3.570776075242473535e+00 1.063333333333333464e+00
1.700000000000000400e-01 3.604918744042596046e+00 1.070000000000000062e+00
1.766666666666667496e-01 3.639565249227245225e+00 1.076666666666666661e+00
1.833333333333334592e-01 3.674716181229894296e+00 1.083333333333333481e+00
1.900000000000000577e-01 3.710360575670286210e+00 1.090000000000000080e+00
1.966666666666667673e-01 3.746459559465681100e+00 1.096666666666666679e+00
2.033333333333334769e-01 3.782917594887975632e+00 1.103333333333333499e+00
2.100000000000000755e-01 3.819562290127150650e+00 1.110000000000000098e+00
2.166666666666666741e-01 3.856170405321547534e+00 1.116666666666666696e+00
2.233333333333333837e-01 3.892545461516590866e+00 1.123333333333333517e+00
2.300000000000000933e-01 3.928584663091025497e+00 1.130000000000000115e+00
2.366666666666666918e-01 3.964273324415611199e+00 1.136666666666666714e+00
2.433333333333334014e-01 3.999614710441801613e+00 1.143333333333333535e+00
2.500000000000001110e-01 4.034541089839585482e+00 1.150000000000000133e+00
2.566666666666667096e-01 4.068865070623864710e+00 1.156666666666666732e+00
2.633333333333334192e-01 4.102335668652679956e+00 1.163333333333333552e+00
2.700000000000001288e-01 4.134767661694204399e+00 1.170000000000000151e+00
2.766666666666667274e-01 4.166123320168402699e+00 1.176666666666666750e+00
2.833333333333334370e-01 4.196500067131487377e+00 1.183333333333333570e+00
2.900000000000001465e-01 4.226089242774603960e+00 1.190000000000000169e+00
2.966666666666667451e-01 4.255129693211302744e+00 1.196666666666666767e+00
3.033333333333333437e-01 4.283870608203639740e+00 1.203333333333333366e+00
3.100000000000000533e-01 4.312549067740366837e+00 1.209999999999999964e+00
3.166666666666667629e-01 4.341328220357094203e+00 1.216666666666666785e+00
3.233333333333333615e-01 4.370109739338535526e+00 1.223333333333333384e+00
3.300000000000000711e-01 4.398735938332574591e+00 1.229999999999999982e+00
3.366666666666667806e-01 4.426978890157287516e+00 1.236666666666666803e+00
3.433333333333333792e-01 4.454511760984483537e+00 1.243333333333333401e+00
3.500000000000000888e-01 4.480842622181230972e+00 1.250000000000000000e+00
3.566666666666667984e-01 4.505177598423236063e+00 1.256666666666666821e+00
3.633333333333333970e-01 4.526141088835260007e+00 1.263333333333333419e+00
3.700000000000001066e-01 4.541209258868612153e+00 1.270000000000000018e+00
3.766666666666668162e-01 4.545581284307131931e+00 1.276666666666666838e+00
3.833333333333334147e-01 4.530018446956039391e+00 1.283333333333333437e+00
3.900000000000000133e-01 4.477165029800913132e+00 1.290000000000000036e+00
3.966666666666667229e-01 4.357302157216954797e+00 1.296666666666666856e+00
4.033333333333334325e-01 4.147335167250226107e+00 1.303333333333333455e+00
4.100000000000000311e-01 3.972017352091836706e+00 1.310000000000000053e+00
4.166666666666667407e-01 3.890705661235282165e+00 1.316666666666666874e+00
4.233333333333334503e-01 3.860550362712279693e+00 1.323333333333333472e+00
4.300000000000000488e-01 3.856289542793400749e+00 1.330000000000000071e+00
4.366666666666667584e-01 3.864976955447360307e+00 1.336666666666666892e+00
4.433333333333334680e-01 3.880342880767943647e+00 1.343333333333333490e+00
4.500000000000000666e-01 3.899359665746020553e+00 1.350000000000000089e+00
4.566666666666667762e-01 3.920526479589656610e+00 1.356666666666666909e+00
4.633333333333334858e-01 3.943066884547860695e+00 1.363333333333333508e+00
4.700000000000000844e-01 3.966558314976945443e+00 1.370000000000000107e+00
4.766666666666667940e-01 3.990758098810277765e+00 1.376666666666666927e+00
4.833333333333335036e-01 4.015519065617129790e+00 1.383333333333333526e+00
4.900000000000001021e-01 4.040747076026795170e+00 1.390000000000000124e+00
4.966666666666667007e-01 4.066378874113588893e+00 1.396666666666666723e+00
5.033333333333334103e-01 4.092370117454931844e+00 1.403333333333333321e+00
5.100000000000001199e-01 4.118688642595031979e+00 1.410000000000000142e+00
5.166666666666667185e-01 4.145310495831653341e+00 1.416666666666666741e+00
5.233333333333334281e-01 4.172217474019175754e+00 1.423333333333333339e+00
5.300000000000001377e-01 4.199395526239132259e+00 1.430000000000000160e+00
5.366666666666667362e-01 4.226833671468906317e+00 1.436666666666666758e+00
5.433333333333334458e-01 4.254523241566203318e+00 1.443333333333333357e+00
5.500000000000001554e-01 4.282457338735234487e+00 1.450000000000000178e+00
5.566666666666667540e-01 4.310630439546644155e+00 1.456666666666666776e+00
5.633333333333334636e-01 4.339038101802080938e+00 1.463333333333333375e+00
5.700000000000001732e-01 4.367676744972253111e+00 1.470000000000000195e+00
5.766666666666667718e-01 4.396543484006251390e+00 1.476666666666666794e+00
5.833333333333333703e-01 4.425636002264656810e+00 1.483333333333333393e+00
5.900000000000000799e-01 4.454952453375210730e+00 1.490000000000000213e+00
5.966666666666667895e-01 4.484491384629004429e+00 1.496666666666666812e+00
6.033333333333333881e-01 4.514251676534049018e+00 1.503333333333333410e+00
6.100000000000000977e-01 4.544232494578144710e+00 1.510000000000000231e+00
6.166666666666668073e-01 4.574433250292413433e+00 1.516666666666666829e+00
6.233333333333334059e-01 4.604853569464354202e+00 1.523333333333333428e+00
6.300000000000001155e-01 4.635493265903556370e+00 1.530000000000000249e+00
6.366666666666668251e-01 4.666352319568845886e+00 1.536666666666666847e+00
6.433333333333334236e-01 4.697430858162277900e+00 1.543333333333333446e+00
6.500000000000001332e-01 4.728729141510913614e+00 1.550000000000000266e+00
6.566666666666668428e-01 4.760247548213340174e+00 1.556666666666666865e+00
6.633333333333334414e-01 4.791986564140318983e+00 1.563333333333333464e+00
6.700000000000000400e-01 4.823946772460521615e+00 1.570000000000000062e+00
6.766666666666667496e-01 4.856128844923067511e+00 1.576666666666666661e+00
6.833333333333334592e-01 4.888533534175560469e+00 1.583333333333333481e+00
6.900000000000000577e-01 4.921161666935371493e+00 1.590000000000000080e+00
6.966666666666667673e-01 4.954014137865956791e+00 1.596666666666666679e+00
7.033333333333334769e-01 4.987091904041076162e+00 1.603333333333333499e+00
7.100000000000000755e-01 5.020395979908260919e+00 1.610000000000000098e+00
7.166666666666667851e-01 5.053927432688323229e+00 1.616666666666666696e+00
7.233333333333334947e-01 5.087687378169308161e+00 1.623333333333333517e+00
7.300000000000000933e-01 5.121676976870093156e+00 1.630000000000000115e+00
7.366666666666668029e-01 5.155897430560248296e+00 1.636666666666666714e+00
7.433333333333335124e-01 5.190349979128676239e+00 1.643333333333333535e+00
7.500000000000001110e-01 5.225035897794217732e+00 1.650000000000000133e+00
7.566666666666667096e-01 5.259956494648206693e+00 1.656666666666666732e+00
7.633333333333334192e-01 5.295113108512905953e+00 1.663333333333333552e+00
7.700000000000001288e-01 5.330507107092842034e+00 1.670000000000000151e+00
7.766666666666667274e-01 5.366139885389481279e+00 1.676666666666666750e+00
7.833333333333334370e-01 5.402012864344760246e+00 1.683333333333333570e+00
7.900000000000001465e-01 5.438127489676411130e+00 1.690000000000000169e+00
7.966666666666667451e-01 5.474485230867935925e+00 1.696666666666666767e+00
8.033333333333334547e-01 5.511087580278331011e+00 1.703333333333333588e+00
8.100000000000001643e-01 5.547936052340770807e+00 1.710000000000000187e+00
8.166666666666667629e-01 5.585032182824662073e+00 1.716666666666666785e+00
8.233333333333334725e-01 5.622377528141248249e+00 1.723333333333333606e+00
8.300000000000001821e-01 5.659973664678747518e+00 1.730000000000000204e+00
8.366666666666667806e-01 5.697822188158356838e+00 1.736666666666666803e+00
8.433333333333333792e-01 5.735924713007040765e+00 1.743333333333333401e+00
8.500000000000000888e-01 5.774282871747053569e+00 1.750000000000000000e+00
8.566666666666667984e-01 5.812898314404955968e+00 1.756666666666666821e+00
8.633333333333333970e-01 5.851772707945083418e+00 1.763333333333333419e+00
8.700000000000001066e-01 5.890907735733552641e+00 1.770000000000000018e+00
8.766666666666668162e-01 5.930305097039295426e+00 1.776666666666666838e+00
8.833333333333334147e-01 5.969966506578139764e+00 1.783333333333333437e+00
8.900000000000001243e-01 6.009893694104976092e+00 1.790000000000000036e+00
8.966666666666668339e-01 6.050088404057081704e+00 1.796666666666666856e+00
9.033333333333334325e-01 6.090552395250842466e+00 1.803333333333333455e+00
9.100000000000001421e-01 6.131287440629008323e+00 1.810000000000000053e+00
9.166666666666668517e-01 6.172295327062371939e+00 1.816666666666666874e+00
9.233333333333334503e-01 6.213577855185160814e+00 1.823333333333333472e+00
9.300000000000000488e-01 6.255136839302766205e+00 1.830000000000000071e+00
9.366666666666667584e-01 6.296974107254360575e+00 1.836666666666666892e+00
9.433333333333334680e-01 6.339091500507171517e+00 1.843333333333333490e+00
9.500000000000000666e-01 6.381490873771587857e+00 1.850000000000000089e+00
9.566666666666667762e-01 6.424174095872345447e+00 1.856666666666666909e+00
9.633333333333334858e-01 6.467143047621595642e+00 1.863333333333333508e+00
9.700000000000000844e-01 6.510399626968231601e+00 1.870000000000000107e+00
9.766666666666667940e-01 6.553945736767671448e+00 1.876666666666666927e+00
9.833333333333335036e-01 6.597783313864521659e+00 1.883333333333333526e+00
9.900000000000001021e-01 6.641914260465222597e+00 1.890000000000000124e+00
9.966666666666667007e-01 6.686340605433880313e+00 1.896666666666666723e+00
