-9.966666666666665897e-01 9.051391142117970467e-01 -9.966666666666666730e-02
-9.899999999999999911e-01 9.057427414820904410e-01 -9.900000000000000466e-02
-9.833333333333333925e-01 9.063467712954617062e-01 -9.833333333333334203e-02
-9.766666666666666829e-01 9.069512039314844287e-01 -9.766666666666667940e-02
-9.699999999999999734e-01 9.075560396569465338e-01 -9.700000000000000289e-02
-9.633333333333333748e-01 9.081612787406629916e-01 -9.633333333333334025e-02
-9.566666666666666652e-01 9.087669214516290728e-01 -9.566666666666667762e-02
-9.499999999999999556e-01 9.093729680590191267e-01 -9.500000000000000111e-02
-9.433333333333333570e-01 9.099794188321879140e-01 -9.433333333333333848e-02
-9.366666666666666474e-01 9.105862740406688305e-01 -9.366666666666667584e-02
-9.299999999999999378e-01 9.111935339541754608e-01 -9.299999999999999933e-02
-9.233333333333333393e-01 9.118011988426010239e-01 -9.233333333333333670e-02
-9.166666666666667407e-01 9.124092689760188168e-01 -9.166666666666667407e-02
-9.099999999999999201e-01 9.130177446246823258e-01 -9.099999999999999756e-02
-9.033333333333333215e-01 9.136266260590248933e-01 -9.033333333333333492e-02
-8.966666666666667229e-01 9.142359135496609390e-01 -8.966666666666667229e-02
-8.900000000000000133e-01 9.148456073673848499e-01 -8.900000000000000966e-02
-8.833333333333333037e-01 9.154557077831715350e-01 -8.833333333333333315e-02
-8.766666666666667052e-01 9.160662150681768701e-01 -8.766666666666667052e-02
-8.699999999999999956e-01 9.166771294937374748e-01 -8.700000000000000788e-02
-8.633333333333332860e-01 9.172884513313704913e-01 -8.633333333333333137e-02
-8.566666666666666874e-01 9.179001808527749162e-01 -8.566666666666666874e-02
-8.499999999999999778e-01 9.185123183298302685e-01 -8.500000000000000611e-02
-8.433333333333332682e-01 9.191248640345979215e-01 -8.433333333333332960e-02
-8.366666666666666696e-01 9.197378182393204371e-01 -8.366666666666666696e-02
-8.299999999999999600e-01 9.203511812164215655e-01 -8.300000000000000433e-02
-8.233333333333332504e-01 9.209649532385072446e-01 -8.233333333333332782e-02
-8.166666666666666519e-01 9.215791345783649335e-01 -8.166666666666666519e-02
-8.100000000000000533e-01 9.221937255089645014e-01 -8.100000000000001643e-02
-8.033333333333333437e-01 9.228087263034571164e-01 -8.033333333333333992e-02
-7.966666666666666341e-01 9.234241372351771338e-01 -7.966666666666666341e-02
-7.900000000000000355e-01 9.240399585776398750e-01 -7.900000000000001465e-02
-7.833333333333333259e-01 9.246561906045444035e-01 -7.833333333333333814e-02
-7.766666666666666163e-01 9.252728335897716372e-01 -7.766666666666666163e-02
-7.700000000000000178e-01 9.258898878073849037e-01 -7.700000000000001288e-02
-7.633333333333333082e-01 9.265073535316290521e-01 -7.633333333333333637e-02
-7.566666666666665986e-01 9.271252310369337835e-01 -7.566666666666665986e-02
-7.500000000000000000e-01 9.277435205979122079e-01 -7.500000000000001110e-02
-7.433333333333332904e-01 9.283622224893596231e-01 -7.433333333333333459e-02
-7.366666666666666918e-01 9.289813369862540693e-01 -7.366666666666667196e-02
-7.299999999999999822e-01 9.296008643637583280e-01 -7.299999999999999545e-02
-7.233333333333332726e-01 9.302208048972173682e-01 -7.233333333333333282e-02
-7.166666666666666741e-01 9.308411588621605670e-01 -7.166666666666667018e-02
-7.099999999999999645e-01 9.314619265343008214e-01 -7.099999999999999367e-02
-7.033333333333333659e-01 9.320831081895348813e-01 -7.033333333333334492e-02
-6.966666666666666563e-01 9.327047041039431274e-01 -6.966666666666666841e-02
-6.899999999999999467e-01 9.333267145537904597e-01 -6.899999999999999190e-02
-6.833333333333333481e-01 9.339491398155252977e-01 -6.833333333333334314e-02
-6.766666666666666385e-01 9.345719801657801362e-01 -6.766666666666666663e-02
-6.699999999999999289e-01 9.351952358813597765e-01 -6.699999999999999012e-02
-6.633333333333333304e-01 9.358189072392651964e-01 -6.633333333333334136e-02
-6.566666666666666208e-01 9.364429945167176417e-01 -6.566666666666666485e-02
-6.500000000000000222e-01 9.370674979911348679e-01 -6.500000000000000222e-02
-6.433333333333333126e-01 9.376924179400683013e-01 -6.433333333333333959e-02
-6.366666666666666030e-01 9.383177546411465286e-01 -6.366666666666666308e-02
-6.300000000000000044e-01 9.389435083721301423e-01 -6.300000000000000044e-02
-6.233333333333332948e-01 9.395696794111197958e-01 -6.233333333333333087e-02
-6.166666666666666963e-01 9.401962680367729197e-01 -6.166666666666667518e-02
-6.099999999999999867e-01 9.408232745281956966e-01 -6.099999999999999867e-02
-6.033333333333332771e-01 9.414506991643198930e-01 -6.033333333333332910e-02
-5.966666666666666785e-01 9.420785422230933959e-01 -5.966666666666667340e-02
-5.899999999999999689e-01 9.427068039814052725e-01 -5.899999999999999689e-02
-5.833333333333332593e-01 9.433354847166018908e-01 -5.833333333333332732e-02
-5.766666666666666607e-01 9.439645847092437148e-01 -5.766666666666667163e-02
-5.699999999999999512e-01 9.445941042449416125e-01 -5.699999999999999512e-02
-5.633333333333333526e-01 9.452240436122542055e-01 -5.633333333333333942e-02
-5.566666666666666430e-01 9.458544030954426640e-01 -5.566666666666666985e-02
-5.499999999999999334e-01 9.464851829653132542e-01 -5.499999999999999334e-02
-5.433333333333333348e-01 9.471163834758055122e-01 -5.433333333333333764e-02
-5.366666666666666252e-01 9.477480048741394603e-01 -5.366666666666666807e-02
-5.300000000000000266e-01 9.483800474256355306e-01 -5.300000000000000544e-02
-5.233333333333333171e-01 9.490125114426566366e-01 -5.233333333333333587e-02
-5.166666666666666075e-01 9.496453972975210656e-01 -5.166666666666666630e-02
-5.100000000000000089e-01 9.502787053999177669e-01 -5.100000000000000366e-02
-5.033333333333332993e-01 9.509124361340712817e-01 -5.033333333333333409e-02
-4.966666666666666452e-01 9.515465897745187807e-01 -4.966666666666666452e-02
-4.899999999999999356e-01 9.521811664192535440e-01 -4.899999999999999495e-02
-4.833333333333332815e-01 9.528161659817803164e-01 -4.833333333333333232e-02
-4.766666666666666274e-01 9.534515882637699669e-01 -4.766666666666666274e-02
-4.699999999999999734e-01 9.540874330945716686e-01 -4.700000000000000011e-02
-4.633333333333333193e-01 9.547237004899028490e-01 -4.633333333333333748e-02
-4.566666666666666097e-01 9.553603907674383944e-01 -4.566666666666666097e-02
-4.499999999999999556e-01 9.559975045705341179e-01 -4.499999999999999833e-02
-4.433333333333333015e-01 9.566350427873155926e-01 -4.433333333333333570e-02
-4.366666666666666474e-01 9.572730063939668410e-01 -4.366666666666666613e-02
-4.299999999999999933e-01 9.579113962791344639e-01 -4.300000000000000350e-02
-4.233333333333332837e-01 9.585502131092683564e-01 -4.233333333333333393e-02
-4.166666666666666297e-01 9.591894572735136792e-01 -4.166666666666666435e-02
-4.099999999999999756e-01 9.598291289132501181e-01 -4.100000000000000172e-02
-4.033333333333332660e-01 9.604692280113924507e-01 -4.033333333333333215e-02
-3.966666666666666119e-01 9.611097545016686894e-01 -3.966666666666666258e-02
-3.899999999999999578e-01 9.617507083609876384e-01 -3.899999999999999994e-02
-3.833333333333333037e-01 9.623920896629158950e-01 -3.833333333333333037e-02
-3.766666666666666496e-01 9.630338985880252389e-01 -3.766666666666666774e-02
-3.699999999999999400e-01 9.636761354007029601e-01 -3.699999999999999817e-02
-3.633333333333332860e-01 9.643188004102120070e-01 -3.633333333333332860e-02
-3.566666666666666319e-01 9.649618939365185444e-01 -3.566666666666666596e-02
-3.499999999999999778e-01 9.656054162967827592e-01 -3.499999999999999639e-02
-3.433333333333333237e-01 9.662493678129868702e-01 -3.433333333333333376e-02
-3.366666666666666141e-01 9.668937488189897067e-01 -3.366666666666666419e-02
-3.299999999999999600e-01 9.675385596355072781e-01 -3.299999999999999462e-02
-3.233333333333333059e-01 9.681838005089791199e-01 -3.233333333333333198e-02
-3.166666666666665964e-01 9.688294715735280560e-01 -3.166666666666666241e-02
-3.099999999999999423e-01 9.694755729383530696e-01 -3.099999999999999631e-02
-3.033333333333332882e-01 9.701221049370855054e-01 -3.033333333333333021e-02
-2.966666666666666341e-01 9.707690683717626889e-01 -2.966666666666666410e-02
-2.899999999999999800e-01 9.714164643774048091e-01 -2.899999999999999800e-02
-2.833333333333332704e-01 9.720642936109691323e-01 -2.833333333333332843e-02
-2.766666666666666163e-01 9.727125550450235192e-01 -2.766666666666666233e-02
-2.699999999999999623e-01 9.733612455166299471e-01 -2.699999999999999623e-02
-2.633333333333332527e-01 9.740103615637683010e-01 -2.633333333333332665e-02
-2.566666666666665986e-01 9.746599039982444257e-01 -2.566666666666666055e-02
-2.499999999999999445e-01 9.753098828797651665e-01 -2.499999999999999445e-02
-2.433333333333332904e-01 9.759603174965491013e-01 -2.433333333333333182e-02
-2.366666666666666363e-01 9.766112256465907526e-01 -2.366666666666666571e-02
-2.299999999999999267e-01 9.772626018470986775e-01 -2.299999999999999267e-02
-2.233333333333332726e-01 9.779143949605375585e-01 -2.233333333333333004e-02
-2.166666666666666186e-01 9.785665068293313285e-01 -2.166666666666666394e-02
-2.099999999999999645e-01 9.792188349993042884e-01 -2.099999999999999784e-02
-2.033333333333333104e-01 9.798713659524649344e-01 -2.033333333333333173e-02
-1.966666666666666008e-01 9.805242915948496618e-01 -1.966666666666666216e-02
-1.899999999999999467e-01 9.811780778626382205e-01 -1.899999999999999606e-02
-1.833333333333332926e-01 9.818334028367388111e-01 -1.833333333333332996e-02
-1.766666666666665830e-01 9.824910069984763572e-01 -1.766666666666666038e-02
-1.699999999999999289e-01 9.831516410862768396e-01 -1.699999999999999428e-02
-1.633333333333332749e-01 9.838161891793719693e-01 -1.633333333333332818e-02
-1.566666666666666208e-01 9.844858889816632264e-01 -1.566666666666666208e-02
-1.499999999999999667e-01 9.851625855212760019e-01 -1.499999999999999771e-02
-1.433333333333332571e-01 9.858490155926521448e-01 -1.433333333333332640e-02
-1.366666666666666030e-01 9.865491448180140344e-01 -1.366666666666666030e-02
-1.299999999999999489e-01 9.872685796470723751e-01 -1.299999999999999593e-02
-1.233333333333332948e-01 9.880150676827536005e-01 -1.233333333333332983e-02
-1.166666666666666408e-01 9.887990854699467702e-01 -1.166666666666666546e-02
-1.099999999999999312e-01 9.896344932479489431e-01 -1.099999999999999416e-02
-1.033333333333332771e-01 9.905392101632776169e-01 -1.033333333333332806e-02
-9.666666666666662300e-02 9.915358311442545869e-01 -9.666666666666663688e-03
-8.999999999999991340e-02 9.926520707466647275e-01 -8.999999999999992381e-03
-8.333333333333325932e-02 9.939208863663040461e-01 -8.333333333333326279e-03
-7.666666666666660523e-02 9.953801144029279513e-01 -7.666666666666661044e-03
-6.999999999999995115e-02 9.970714630429278191e-01 -6.999999999999995809e-03
-6.333333333333329707e-02 9.990387605168740137e-01 -6.333333333333329707e-03
-5.666666666666658747e-02 1.001325463832611673e+00 -5.666666666666659267e-03
-4.999999999999993339e-02 1.003971611163223088e+00 -4.999999999999994033e-03
-4.333333333333327930e-02 1.007010488623899969e+00 -4.333333333333327930e-03
-3.666666666666662522e-02 1.010465935023633355e+00 -3.666666666666662695e-03
-2.999999999999997113e-02 1.014348938397664934e+00 -2.999999999999997460e-03
-2.333333333333326154e-02 1.018662498785086079e+00 -2.333333333333326154e-03
-1.666666666666660745e-02 1.023379682881318420e+00 -1.666666666666660919e-03
-9.999999999999953371e-03 1.028534554302219739e+00 -9.999999999999954672e-04
-3.333333333333299286e-03 1.033903737800852651e+00 -3.333333333333299612e-04
3.333333333333410309e-03 2.564976942263803572e+00 9.033333333333334325e-01
1.000000000000011990e-02 2.586985766917302865e+00 9.100000000000001421e-01
1.666666666666671848e-02 2.609484229853711756e+00 9.166666666666667407e-01
2.333333333333342807e-02 2.632299996114248586e+00 9.233333333333334503e-01
3.000000000000013767e-02 2.655390695599814777e+00 9.300000000000001599e-01
3.666666666666673624e-02 2.678744109388800698e+00 9.366666666666667584e-01
4.333333333333333481e-02 2.702355639944518551e+00 9.433333333333333570e-01
5.000000000000004441e-02 2.726221709759846679e+00 9.500000000000000666e-01
5.666666666666675400e-02 2.750339231806973039e+00 9.566666666666667762e-01
6.333333333333335258e-02 2.774705402057373149e+00 9.633333333333333748e-01
7.000000000000006217e-02 2.799317653524721727e+00 9.700000000000000844e-01
7.666666666666677177e-02 2.824173641934613954e+00 9.766666666666667940e-01
8.333333333333337034e-02 2.849271236575018573e+00 9.833333333333333925e-01
9.000000000000007994e-02 2.874608511433201841e+00 9.900000000000001021e-01
9.666666666666678953e-02 2.900183735900089488e+00 9.966666666666668117e-01
1.033333333333333881e-01 2.925995365074927967e+00 1.003333333333333410e+00
1.100000000000000977e-01 2.952042029790085120e+00 1.010000000000000231e+00
1.166666666666668073e-01 2.978322526448204499e+00 1.016666666666666829e+00
1.233333333333334059e-01 3.004835806729106995e+00 1.023333333333333428e+00
1.300000000000000044e-01 3.031580967200290466e+00 1.030000000000000027e+00
1.366666666666667140e-01 3.058557238853414795e+00 1.036666666666666625e+00
1.433333333333334236e-01 3.085763976587307500e+00 1.043333333333333446e+00
1.500000000000000222e-01 3.113200648662994841e+00 1.050000000000000044e+00
1.566666666666667318e-01 3.140866826165515491e+00 1.056666666666666643e+00
1.633333333333334414e-01 3.168762172518817533e+00 1.063333333333333464e+00
1.700000000000000400e-01 3.196886433112288817e+00 1.070000000000000062e+00
1.766666666666667496e-01 3.225239425109350577e+00 1.076666666666666661e+00
1.833333333333334592e-01 3.253821027519291142e+00 1.083333333333333481e+00
1.900000000000000577e-01 3.282631171622781174e+00 1.090000000000000080e+00
1.966666666666667673e-01 3.311669831849207046e+00 1.096666666666666679e+00
2.033333333333334769e-01 3.340937017209912874e+00 1.103333333333333499e+00
2.100000000000000755e-01 3.370432763395706743e+00 1.110000000000000098e+00
2.166666666666666741e-01 3.400157125649527323e+00 1.116666666666666696e+00
2.233333333333333837e-01 3.430110172525505430e+00 1.123333333333333517e+00
2.300000000000000933e-01 3.460291980643584342e+00 1.130000000000000115e+00
2.366666666666666918e-01 3.490702630543455420e+00 1.136666666666666714e+00
2.433333333333334014e-01 3.521342203732205078e+00 1.143333333333333535e+00
2.500000000000001110e-01 3.552210781005801010e+00 1.150000000000000133e+00
2.566666666666667096e-01 3.583308442104777392e+00 1.156666666666666732e+00
2.633333333333334192e-01 3.614635266738619457e+00 1.163333333333333552e+00
2.700000000000001288e-01 3.646191336981491116e+00 1.170000000000000151e+00
2.766666666666667274e-01 3.677976741004391315e+00 1.176666666666666750e+00
2.833333333333334370e-01 3.709991578066789142e+00 1.183333333333333570e+00
2.900000000000001465e-01 3.742235964646098978e+00 1.190000000000000169e+00
2.966666666666667451e-01 3.774710041539026228e+00 1.196666666666666767e+00
3.033333333333333437e-01 3.807413981728247521e+00 1.203333333333333366e+00
3.100000000000000533e-01 3.840347998775136773e+00 1.209999999999999964e+00
3.166666666666667629e-01 3.873512355477801705e+00 1.216666666666666785e+00
3.233333333333333615e-01 3.906907372526251088e+00 1.223333333333333384e+00
3.300000000000000711e-01 3.940533436894945396e+00 1.229999999999999982e+00
3.366666666666667806e-01 3.974391009738446279e+00 1.236666666666666803e+00
3.433333333333333792e-01 4.008480633599829090e+00 1.243333333333333401e+00
3.500000000000000888e-01 4.042802938805129642e+00 1.250000000000000000e+00
3.566666666666667984e-01 4.077358649000592195e+00 1.256666666666666821e+00
3.633333333333333970e-01 4.112148585889881858e+00 1.263333333333333419e+00
3.700000000000001066e-01 4.147173673337801070e+00 1.270000000000000018e+00
3.766666666666668162e-01 4.182434941112498805e+00 1.276666666666666838e+00
3.833333333333334147e-01 4.217933528625561479e+00 1.283333333333333437e+00
3.900000000000000133e-01 4.253670689088035139e+00 1.290000000000000036e+00
3.966666666666667229e-01 4.289647794530062619e+00 1.296666666666666856e+00
4.033333333333334325e-01 4.325866342142083099e+00 1.303333333333333455e+00
4.100000000000000311e-01 4.362327962402771320e+00 1.310000000000000053e+00
4.166666666666667407e-01 4.399034429472013841e+00 1.316666666666666874e+00
4.233333333333334503e-01 4.435987674337250830e+00 1.323333333333333472e+00
4.300000000000000488e-01 4.473189801174195068e+00 1.330000000000000071e+00
4.366666666666667584e-01 4.510643107268256458e+00 1.336666666666666892e+00
4.433333333333334680e-01 4.548350106598457288e+00 1.343333333333333490e+00
4.500000000000000666e-01 4.586313556808338632e+00 1.350000000000000089e+00
4.566666666666667762e-01 4.624536488838397297e+00 1.356666666666666909e+00
4.633333333333334858e-01 4.663022238093907035e+00 1.363333333333333508e+00
4.700000000000000844e-01 4.701774475819879839e+00 1.370000000000000107e+00
4.766666666666667940e-01 4.740797239462580137e+00 1.376666666666666927e+00
4.833333333333335036e-01 4.780094961218237515e+00 1.383333333333333526e+00
4.900000000000001021e-01 4.819672494555995002e+00 1.390000000000000124e+00
4.966666666666667007e-01 4.859535138964304224e+00 1.396666666666666723e+00
5.033333333333334103e-01 4.899688663157060198e+00 1.403333333333333321e+00
5.100000000000001199e-01 4.940139326207565240e+00 1.410000000000000142e+00
5.166666666666667185e-01 4.980893894488913176e+00 1.416666666666666741e+00
5.233333333333334281e-01 5.021959650139835141e+00 1.423333333333333339e+00
5.300000000000001377e-01 5.063344384622824990e+00 1.430000000000000160e+00
5.366666666666667362e-01 5.105056369597510191e+00 1.436666666666666758e+00
5.433333333333334458e-01 5.147104297616616364e+00 1.443333333333333357e+00
5.500000000000001554e-01 5.189497187651898713e+00 1.450000000000000178e+00
5.566666666666667540e-01 5.232244255297810120e+00 1.456666666666666776e+00
5.633333333333334636e-01 5.275354754175063832e+00 1.463333333333333375e+00
5.700000000000001732e-01 5.318837802371231049e+00 1.470000000000000195e+00
5.766666666666667718e-01 5.362702213868542955e+00 1.476666666666666794e+00
5.833333333333333703e-01 5.406956357507994859e+00 1.483333333333333393e+00
5.900000000000000799e-01 5.451608062788178444e+00 1.490000000000000213e+00
5.966666666666667895e-01 5.496664580986368343e+00 1.496666666666666812e+00
6.033333333333333881e-01 5.542132591424632437e+00 1.503333333333333410e+00
6.100000000000000977e-01 5.588018218008242499e+00 1.510000000000000231e+00
6.166666666666668073e-01 5.634326995039983466e+00 1.516666666666666829e+00
6.233333333333334059e-01 5.681063700481079337e+00 1.523333333333333428e+00
6.300000000000001155e-01 5.728231966987101131e+00 1.530000000000000249e+00
6.366666666666668251e-01 5.775833594037326435e+00 1.536666666666666847e+00
6.433333333333334236e-01 5.823867526309027376e+00 1.543333333333333446e+00
6.500000000000001332e-01 5.872328543237129495e+00 1.550000000000000266e+00
6.566666666666668428e-01 5.921205824239241799e+00 1.556666666666666865e+00
6.633333333333334414e-01 5.970481703324877820e+00 1.563333333333333464e+00
6.700000000000000400e-01 6.020131060078050211e+00 1.570000000000000062e+00
6.766666666666667496e-01 6.070121833576814119e+00 1.576666666666666661e+00
6.833333333333334592e-01 6.120416983858446791e+00 1.583333333333333481e+00
6.900000000000000577e-01 6.170977817153218581e+00 1.590000000000000080e+00
6.966666666666667673e-01 6.221768064402965592e+00 1.596666666666666679e+00
7.033333333333334769e-01 6.272757686534411903e+00 1.603333333333333499e+00
7.100000000000000755e-01 6.323925423949834368e+00 1.610000000000000098e+00
7.166666666666667851e-01 6.375259410762178724e+00 1.616666666666666696e+00
7.233333333333334947e-01 6.426755759248561795e+00 1.623333333333333517e+00
7.300000000000000933e-01 6.478415279901057922e+00 1.630000000000000115e+00
7.366666666666668029e-01 6.530238659723591965e+00 1.636666666666666714e+00
7.433333333333335124e-01 6.582220581529083070e+00 1.643333333333333535e+00
7.500000000000001110e-01 6.634343080979332896e+00 1.650000000000000133e+00
7.566666666666667096e-01 6.686569932218390910e+00 1.656666666666666732e+00
7.633333333333334192e-01 6.738842976430765574e+00 1.663333333333333552e+00
7.700000000000001288e-01 6.791084861273804840e+00 1.670000000000000151e+00
7.766666666666667274e-01 6.843206782294098289e+00 1.676666666666666750e+00
7.833333333333334370e-01 6.895122243162973952e+00 1.683333333333333570e+00
7.900000000000001465e-01 6.946759135340355940e+00 1.690000000000000169e+00
7.966666666666667451e-01 6.998065253132856434e+00 1.696666666666666767e+00
8.033333333333334547e-01 7.049012832437787424e+00 1.703333333333333588e+00
8.100000000000001643e-01 7.099590602839919384e+00 1.710000000000000187e+00
8.166666666666667629e-01 7.149810748478838462e+00 1.716666666666666785e+00
8.233333333333334725e-01 7.199701799677224123e+00 1.723333333333333606e+00
8.300000000000001821e-01 7.249319353761865870e+00 1.730000000000000204e+00
8.366666666666667806e-01 7.298743538766705008e+00 1.736666666666666803e+00
8.433333333333333792e-01 7.348077462341729316e+00 1.743333333333333401e+00
8.500000000000000888e-01 7.397441741167445350e+00 1.750000000000000000e+00
8.566666666666667984e-01 7.446959092036900429e+00 1.756666666666666821e+00
8.633333333333333970e-01 7.496747281141372454e+00 1.763333333333333419e+00
8.700000000000001066e-01 7.546769536380303123e+00 1.770000000000000018e+00
8.766666666666668162e-01 7.596920856595336780e+00 1.776666666666666838e+00
8.833333333333334147e-01 7.647018285850385233e+00 1.783333333333333437e+00
8.900000000000001243e-01 7.696738555967241879e+00 1.790000000000000036e+00
8.966666666666668339e-01 7.745483657463345217e+00 1.796666666666666856e+00
9.033333333333334325e-01 7.792109371587329747e+00 1.803333333333333455e+00
9.100000000000001421e-01 7.834365477946354517e+00 1.810000000000000053e+00
9.166666666666668517e-01 7.867736158543383596e+00 1.816666666666666874e+00
9.233333333333334503e-01 7.883054990571983112e+00 1.823333333333333472e+00
9.300000000000000488e-01 7.861783436105818978e+00 1.830000000000000071e+00
9.366666666666667584e-01 7.767679574781080731e+00 1.836666666666666892e+00
9.433333333333334680e-01 7.536668906265630241e+00 1.843333333333333490e+00
9.500000000000000666e-01 7.119742908602217923e+00 1.850000000000000089e+00
9.566666666666667762e-01 6.791328299075180652e+00 1.856666666666666909e+00
9.633333333333334858e-01 6.652832818025022910e+00 1.863333333333333508e+00
9.700000000000000844e-01 6.611232821698982853e+00 1.870000000000000107e+00
9.766666666666667940e-01 6.614873191473968461e+00 1.876666666666666927e+00
9.833333333333335036e-01 6.639778888370992505e+00 1.883333333333333526e+00
9.900000000000001021e-01 6.673643011973899419e+00 1.890000000000000124e+00
9.966666666666667007e-01 6.713283989683727526e+00 1.896666666666666723e+00
