-9.966666666666665897e-01 9.051391142117970467e-01 -9.966666666666666730e-02
-9.899999999999999911e-01 9.057427414820904410e-01 -9.900000000000000466e-02
-9.833333333333333925e-01 9.063467712954617062e-01 -9.833333333333334203e-02
-9.766666666666666829e-01 9.069512039314844287e-01 -9.766666666666667940e-02
-9.699999999999999734e-01 9.075560396569465338e-01 -9.700000000000000289e-02
-9.633333333333333748e-01 9.081612787406629916e-01 -9.633333333333334025e-02
-9.566666666666666652e-01 9.087669214516290728e-01 -9.566666666666667762e-02
-9.499999999999999556e-01 9.093729680590191267e-01 -9.500000000000000111e-02
-9.433333333333333570e-01 9.099794188321879140e-01 -9.433333333333333848e-02
-9.366666666666666474e-01 9.105862740406688305e-01 -9.366666666666667584e-02
-9.299999999999999378e-01 9.111935339541754608e-01 -9.299999999999999933e-02
-9.233333333333333393e-01 9.118011988426010239e-01 -9.233333333333333670e-02
-9.166666666666667407e-01 9.124092689760188168e-01 -9.166666666666667407e-02
-9.099999999999999201e-01 9.130177446246823258e-01 -9.099999999999999756e-02
-9.033333333333333215e-01 9.136266260590248933e-01 -9.033333333333333492e-02
-8.966666666666667229e-01 9.142359135496609390e-01 -8.966666666666667229e-02
-8.900000000000000133e-01 9.148456073673848499e-01 -8.900000000000000966e-02
-8.833333333333333037e-01 9.154557077831715350e-01 -8.833333333333333315e-02
-8.766666666666667052e-01 9.160662150681768701e-01 -8.766666666666667052e-02
-8.699999999999999956e-01 9.166771294937374748e-01 -8.700000000000000788e-02
-8.633333333333332860e-01 9.172884513313704913e-01 -8.633333333333333137e-02
-8.566666666666666874e-01 9.179001808527749162e-01 -8.566666666666666874e-02
-8.499999999999999778e-01 9.185123183298319338e-01 -8.500000000000000611e-02
-8.433333333333332682e-01 9.191248640346049159e-01 -8.433333333333332960e-02
-8.366666666666666696e-01 9.197378182393225465e-01 -8.366666666666666696e-02
-8.299999999999999600e-01 9.203511812163915895e-01 -8.300000000000000433e-02
-8.233333333333332504e-01 9.209649532384416304e-01 -8.233333333333332782e-02
-8.166666666666666519e-01 9.215791345783310717e-01 -8.166666666666666519e-02
-8.100000000000000533e-01 9.221937255090524310e-01 -8.100000000000001643e-02
-8.033333333333333437e-01 9.228087263036033328e-01 -8.033333333333333992e-02
-7.966666666666666341e-01 9.234241372350608934e-01 -7.966666666666666341e-02
-7.900000000000000355e-01 9.240399585770020519e-01 -7.900000000000001465e-02
-7.833333333333333259e-01 9.246561906038457401e-01 -7.833333333333333814e-02
-7.766666666666666163e-01 9.252728335903241952e-01 -7.766666666666666163e-02
-7.700000000000000178e-01 9.258898878099802721e-01 -7.700000000000001288e-02
-7.633333333333333082e-01 9.265073535342597255e-01 -7.633333333333333637e-02
-7.566666666666665986e-01 9.271252310345409198e-01 -7.566666666666665986e-02
-7.500000000000000000e-01 9.277435205871126245e-01 -7.500000000000001110e-02
-7.433333333333332904e-01 9.283622224764012110e-01 -7.433333333333333459e-02
-7.366666666666666918e-01 9.289813369895963957e-01 -7.366666666666667196e-02
-7.299999999999999822e-01 9.296008644014603917e-01 -7.299999999999999545e-02
-7.233333333333332726e-01 9.302208049603917228e-01 -7.233333333333333282e-02
-7.166666666666666741e-01 9.308411588948701798e-01 -7.166666666666667018e-02
-7.099999999999999645e-01 9.314619264507553176e-01 -7.099999999999999367e-02
-7.033333333333333659e-01 9.320831079434214184e-01 -7.033333333333334492e-02
-6.966666666666666563e-01 9.327047037820573872e-01 -6.966666666666666841e-02
-6.899999999999999467e-01 9.333267144229677736e-01 -6.899999999999999190e-02
-6.833333333333333481e-01 9.339491402469232151e-01 -6.833333333333334314e-02
-6.766666666666666385e-01 9.345719814145418969e-01 -6.766666666666666663e-02
-6.699999999999999289e-01 9.351952377919676707e-01 -6.699999999999999012e-02
-6.633333333333333304e-01 9.358189090212648553e-01 -6.633333333333334136e-02
-6.566666666666666208e-01 9.364429947363319684e-01 -6.566666666666666485e-02
-6.500000000000000222e-01 9.370674948373020063e-01 -6.500000000000000222e-02
-6.433333333333333126e-01 9.376924096906396056e-01 -6.433333333333333959e-02
-6.366666666666666030e-01 9.383177401506904713e-01 -6.366666666666666308e-02
-6.300000000000000044e-01 9.389434873863475861e-01 -6.300000000000000044e-02
-6.233333333333332948e-01 9.395696525920897990e-01 -6.233333333333333087e-02
-6.166666666666666963e-01 9.401962367121126096e-01 -6.166666666666667518e-02
-6.099999999999999867e-01 9.408232402869547428e-01 -6.099999999999999867e-02
-6.033333333333332771e-01 9.414506634626813586e-01 -6.033333333333332910e-02
-5.966666666666666785e-01 9.420785061265267712e-01 -5.966666666666667340e-02
-5.899999999999999689e-01 9.427067680888703283e-01 -5.899999999999999689e-02
-5.833333333333332593e-01 9.433354492333898556e-01 -5.833333333333332732e-02
-5.766666666666666607e-01 9.439645495923609797e-01 -5.766666666666667163e-02
-5.699999999999999512e-01 9.445940693468114491e-01 -5.699999999999999512e-02
-5.633333333333333526e-01 9.452240087802954438e-01 -5.633333333333333942e-02
-5.566666666666666430e-01 9.458543682223070626e-01 -5.566666666666666985e-02
-5.499999999999999334e-01 9.464851480065642475e-01 -5.499999999999999334e-02
-5.433333333333333348e-01 9.471163484508310360e-01 -5.433333333333333764e-02
-5.366666666666666252e-01 9.477479698510955508e-01 -5.366666666666666807e-02
-5.300000000000000266e-01 9.483800124827617140e-01 -5.300000000000000544e-02
-5.233333333333333171e-01 9.490124766114026444e-01 -5.233333333333333587e-02
-5.166666666666666075e-01 9.496453625166452195e-01 -5.166666666666666630e-02
-5.100000000000000089e-01 9.502786705106837095e-01 -5.100000000000000366e-02
-5.033333333333332993e-01 9.509124009104042985e-01 -5.033333333333333409e-02
-4.966666666666666452e-01 9.515465539552585561e-01 -4.966666666666666452e-02
-4.899999999999999356e-01 9.521811297654473316e-01 -4.899999999999999495e-02
-4.833333333333332815e-01 9.528161284940008802e-01 -4.833333333333333232e-02
-4.766666666666666274e-01 9.534515506615850455e-01 -4.766666666666666274e-02
-4.699999999999999734e-01 9.540873972838406214e-01 -4.700000000000000011e-02
-4.633333333333333193e-01 9.547236692240794742e-01 -4.633333333333333748e-02
-4.566666666666666097e-01 9.553603658122917786e-01 -4.566666666666666097e-02
-4.499999999999999556e-01 9.559974841303304771e-01 -4.499999999999999833e-02
-4.433333333333333015e-01 9.566350211790897173e-01 -4.433333333333333570e-02
-4.366666666666666474e-01 9.572729794724559316e-01 -4.366666666666666613e-02
-4.299999999999999933e-01 9.579113720095662199e-01 -4.300000000000000350e-02
-4.233333333333332837e-01 9.585502182757482670e-01 -4.233333333333333393e-02
-4.166666666666666297e-01 9.591895250885649205e-01 -4.166666666666666435e-02
-4.099999999999999756e-01 9.598292588990404717e-01 -4.100000000000000172e-02
-4.033333333333332660e-01 9.604693350550285169e-01 -4.033333333333333215e-02
-3.966666666666666119e-01 9.611096589898828757e-01 -3.966666666666666258e-02
-3.899999999999999578e-01 9.617502356981173506e-01 -3.899999999999999994e-02
-3.833333333333333037e-01 9.623913123506947498e-01 -3.833333333333333037e-02
-3.766666666666666496e-01 9.630334522523178453e-01 -3.766666666666666774e-02
-3.699999999999999400e-01 9.636774421695007975e-01 -3.699999999999999817e-02
-3.633333333333332860e-01 9.643241317545194757e-01 -3.633333333333332860e-02
-3.566666666666666319e-01 9.649744418751412534e-01 -3.566666666666666596e-02
-3.499999999999999778e-01 9.656295842601743118e-01 -3.499999999999999639e-02
-3.433333333333333237e-01 9.662913836963988867e-01 -3.433333333333333376e-02
-3.366666666666666141e-01 9.669626520342307074e-01 -3.366666666666666419e-02
-3.299999999999999600e-01 9.676476327651855058e-01 -3.299999999999999462e-02
-3.233333333333333059e-01 9.683525539535271509e-01 -3.233333333333333198e-02
-3.166666666666665964e-01 9.690863205560227289e-01 -3.166666666666666241e-02
-3.099999999999999423e-01 9.698613586240497630e-01 -3.099999999999999631e-02
-3.033333333333332882e-01 9.706945961407275059e-01 -3.033333333333333021e-02
-2.966666666666666341e-01 9.716085265897427270e-01 -2.966666666666666410e-02
-2.899999999999999800e-01 9.726322503852504742e-01 -2.899999999999999800e-02
-2.833333333333332704e-01 9.738023284477370645e-01 -2.833333333333332843e-02
-2.766666666666666163e-01 9.751632205938312037e-01 -2.766666666666666233e-02
-2.699999999999999623e-01 9.767670368167736816e-01 -2.699999999999999623e-02
-2.633333333333332527e-01 9.786723282546879732e-01 -2.633333333333332665e-02
-2.566666666666665986e-01 9.809417167511154112e-01 -2.566666666666666055e-02
-2.499999999999999445e-01 9.836383301769247023e-01 -2.499999999999999445e-02
-2.433333333333332904e-01 9.868212736433406018e-01 -2.433333333333333182e-02
-2.366666666666666363e-01 9.905406811886277030e-01 -2.366666666666666571e-02
-2.299999999999999267e-01 9.948331658497630015e-01 -2.299999999999999267e-02
-2.233333333333332726e-01 9.997185911937103153e-01 -2.233333333333333004e-02
-2.166666666666666186e-01 1.005198910675777935e+00 -2.166666666666666394e-02
-2.099999999999999645e-01 1.011259341156804492e+00 -2.099999999999999784e-02
-2.033333333333333104e-01 1.017871497745926668e+00 -2.033333333333333173e-02
-1.966666666666666008e-01 1.024997608218767953e+00 -1.966666666666666216e-02
-1.899999999999999467e-01 1.032594805613026079e+00 -1.899999999999999606e-02
-1.833333333333332926e-01 1.040618781561766237e+00 -1.833333333333332996e-02
-1.766666666666665830e-01 1.049026521168329396e+00 -1.766666666666666038e-02
-1.699999999999999289e-01 1.057778138324008577e+00 -1.699999999999999428e-02
-1.633333333333332749e-01 1.066837874712426304e+00 -1.633333333333332818e-02
-1.566666666666666208e-01 1.076174216761211389e+00 -1.566666666666666208e-02
-1.499999999999999667e-01 1.085759011329833879e+00 -1.499999999999999771e-02
-1.433333333333332571e-01 1.095565566029757409e+00 -1.433333333333332640e-02
-1.366666666666666030e-01 1.105566046552298287e+00 -1.366666666666666030e-02
-1.299999999999999489e-01 1.115728973320789574e+00 -1.299999999999999593e-02
-1.233333333333332948e-01 1.126018090797302307e+00 -1.233333333333332983e-02
-1.166666666666666408e-01 1.136393984030624527e+00 -1.166666666666666546e-02
-1.099999999999999312e-01 1.146819151128776859e+00 -1.099999999999999416e-02
-1.033333333333332771e-01 1.157265838334177621e+00 -1.033333333333332806e-02
-9.666666666666662300e-02 1.167724750388347665e+00 -9.666666666666663688e-03
-8.999999999999991340e-02 1.178213244088325062e+00 -8.999999999999992381e-03
-8.333333333333325932e-02 1.188784495384048956e+00 -8.333333333333326279e-03
-7.666666666666660523e-02 1.199543289287511971e+00 -7.666666666666661044e-03
-6.999999999999995115e-02 1.210676467166354797e+00 -6.999999999999995809e-03
-6.333333333333329707e-02 1.222500364097955927e+00 -6.333333333333329707e-03
-5.666666666666658747e-02 1.235481846322070254e+00 -5.666666666666659267e-03
-4.999999999999993339e-02 1.249855706879063000e+00 -4.999999999999994033e-03
-4.333333333333327930e-02 1.263728225311603115e+00 -4.333333333333327930e-03
-3.666666666666662522e-02 1.273640794173696467e+00 -3.666666666666662695e-03
-2.999999999999997113e-02 1.278948061690329041e+00 -2.999999999999997460e-03
-2.333333333333326154e-02 1.280848523224157542e+00 -2.333333333333326154e-03
-1.666666666666660745e-02 1.281300505661778999e+00 -1.666666666666660919e-03
-9.999999999999953371e-03 1.279873259632931415e+00 -9.999999999999954672e-04
-3.333333333333299286e-03 1.273404824361594523e+00 -3.333333333333299612e-04
3.333333333333410309e-03 3.144860048660091945e+00 9.033333333333334325e-01
1.000000000000011990e-02 3.150946619667889692e+00 9.100000000000001421e-01
1.666666666666671848e-02 3.150790917601123731e+00 9.166666666666667407e-01
2.333333333333342807e-02 3.142687841896418810e+00 9.233333333333334503e-01
3.000000000000013767e-02 3.124233419129832434e+00 9.300000000000001599e-01
3.666666666666673624e-02 3.092390071975945176e+00 9.366666666666667584e-01
4.333333333333333481e-02 3.043302814686108526e+00 9.433333333333333570e-01
5.000000000000004441e-02 2.973508069333719916e+00 9.500000000000000666e-01
5.666666666666675400e-02 2.892936538997261220e+00 9.566666666666667762e-01
6.333333333333335258e-02 2.829103226455958797e+00 9.633333333333333748e-01
7.000000000000006217e-02 2.788746014215930380e+00 9.700000000000000844e-01
7.666666666666677177e-02 2.766445152353132375e+00 9.766666666666667940e-01
8.333333333333337034e-02 2.756842900441946131e+00 9.833333333333333925e-01
9.000000000000007994e-02 2.755879326567622023e+00 9.900000000000001021e-01
9.666666666666678953e-02 2.760736239195185959e+00 9.966666666666668117e-01
1.033333333333333881e-01 2.769533629997700697e+00 1.003333333333333410e+00
1.100000000000000977e-01 2.781035071830884053e+00 1.010000000000000231e+00
1.166666666666668073e-01 2.794427965553054172e+00 1.016666666666666829e+00
1.233333333333334059e-01 2.809174888904178324e+00 1.023333333333333428e+00
1.300000000000000044e-01 2.824916920093766493e+00 1.030000000000000027e+00
1.366666666666667140e-01 2.841411571169176309e+00 1.036666666666666625e+00
1.433333333333334236e-01 2.858492955067132968e+00 1.043333333333333446e+00
1.500000000000000222e-01 2.876046080103621172e+00 1.050000000000000044e+00
1.566666666666667318e-01 2.893990125175845751e+00 1.056666666666666643e+00
1.633333333333334414e-01 2.912267456578978120e+00 1.063333333333333464e+00
1.700000000000000400e-01 2.930836346018140137e+00 1.070000000000000062e+00
1.766666666666667496e-01 2.949666097473632842e+00 1.076666666666666661e+00
1.833333333333334592e-01 2.968733757677681773e+00 1.083333333333333481e+00
1.900000000000000577e-01 2.988021877795511205e+00 1.090000000000000080e+00
1.966666666666667673e-01 3.007516978820598652e+00 1.096666666666666679e+00
2.033333333333334769e-01 3.027208491253785105e+00 1.103333333333333499e+00
2.100000000000000755e-01 3.047088016090015117e+00 1.110000000000000098e+00
2.166666666666666741e-01 3.067148804404269402e+00 1.116666666666666696e+00
2.233333333333333837e-01 3.087385386306453761e+00 1.123333333333333517e+00
2.300000000000000933e-01 3.107793302509663569e+00 1.130000000000000115e+00
2.366666666666666918e-01 3.128368906882630363e+00 1.136666666666666714e+00
2.433333333333334014e-01 3.149109218530217191e+00 1.143333333333333535e+00
2.500000000000001110e-01 3.170011808787182694e+00 1.150000000000000133e+00
2.566666666666667096e-01 3.191074713133137841e+00 1.156666666666666732e+00
2.633333333333334192e-01 3.212296361189209470e+00 1.163333333333333552e+00
2.700000000000001288e-01 3.233675520118386437e+00 1.170000000000000151e+00
2.766666666666667274e-01 3.255211248214236797e+00 1.176666666666666750e+00
2.833333333333334370e-01 3.276902856410825571e+00 1.183333333333333570e+00
2.900000000000001465e-01 3.298749876022165850e+00 1.190000000000000169e+00
2.966666666666667451e-01 3.320752031357207201e+00 1.196666666666666767e+00
3.033333333333333437e-01 3.342909216085239166e+00 1.203333333333333366e+00
3.100000000000000533e-01 3.365221472447458950e+00 1.209999999999999964e+00
3.166666666666667629e-01 3.387688972671600851e+00 1.216666666666666785e+00
3.233333333333333615e-01 3.410312002237336770e+00 1.223333333333333384e+00
3.300000000000000711e-01 3.433090944905525799e+00 1.229999999999999982e+00
3.366666666666667806e-01 3.456026269598305500e+00 1.236666666666666803e+00
3.433333333333333792e-01 3.479118519257523801e+00 1.243333333333333401e+00
3.500000000000000888e-01 3.502368301720796051e+00 1.250000000000000000e+00
3.566666666666667984e-01 3.525776282488220836e+00 1.256666666666666821e+00
3.633333333333333970e-01 3.549343179081382083e+00 1.263333333333333419e+00
3.700000000000001066e-01 3.573069756582615497e+00 1.270000000000000018e+00
3.766666666666668162e-01 3.596956823916693580e+00 1.276666666666666838e+00
3.833333333333334147e-01 3.621005230493023141e+00 1.283333333333333437e+00
3.900000000000000133e-01 3.645215862935572204e+00 1.290000000000000036e+00
3.966666666666667229e-01 3.669589641755920617e+00 1.296666666666666856e+00
4.033333333333334325e-01 3.694127517944901129e+00 1.303333333333333455e+00
4.100000000000000311e-01 3.718830469553295437e+00 1.310000000000000053e+00
4.166666666666667407e-01 3.743699498391758418e+00 1.316666666666666874e+00
4.233333333333334503e-01 3.768735627000284527e+00 1.323333333333333472e+00
4.300000000000000488e-01 3.793939896018241775e+00 1.330000000000000071e+00
4.366666666666667584e-01 3.819313362035250403e+00 1.336666666666666892e+00
4.433333333333334680e-01 3.844857095936814240e+00 1.343333333333333490e+00
4.500000000000000666e-01 3.870572181694802438e+00 1.350000000000000089e+00
4.566666666666667762e-01 3.896459715507550214e+00 1.356666666666666909e+00
4.633333333333334858e-01 3.922520805174803726e+00 1.363333333333333508e+00
4.700000000000000844e-01 3.948756569599585209e+00 1.370000000000000107e+00
4.766666666666667940e-01 3.975168138337474844e+00 1.376666666666666927e+00
4.833333333333335036e-01 4.001756651157025502e+00 1.383333333333333526e+00
4.900000000000001021e-01 4.028523257623655596e+00 1.390000000000000124e+00
4.966666666666667007e-01 4.055469116760876958e+00 1.396666666666666723e+00
5.033333333333334103e-01 4.082595396862958026e+00 1.403333333333333321e+00
5.100000000000001199e-01 4.109903275520562893e+00 1.410000000000000142e+00
5.166666666666667185e-01 4.137393939874862703e+00 1.416666666666666741e+00
5.233333333333334281e-01 4.165068587050621218e+00 1.423333333333333339e+00
5.300000000000001377e-01 4.192928424662490272e+00 1.430000000000000160e+00
5.366666666666667362e-01 4.220974671268113987e+00 1.436666666666666758e+00
5.433333333333334458e-01 4.249208556666273395e+00 1.443333333333333357e+00
5.500000000000001554e-01 4.277631321993444757e+00 1.450000000000000178e+00
5.566666666666667540e-01 4.306244219630829484e+00 1.456666666666666776e+00
5.633333333333334636e-01 4.335048512973054713e+00 1.463333333333333375e+00
5.700000000000001732e-01 4.364045476122495160e+00 1.470000000000000195e+00
5.766666666666667718e-01 4.393236393565370435e+00 1.476666666666666794e+00
5.833333333333333703e-01 4.422622559868460534e+00 1.483333333333333393e+00
5.900000000000000799e-01 4.452205279417449368e+00 1.490000000000000213e+00
5.966666666666667895e-01 4.481985866204109215e+00 1.496666666666666812e+00
6.033333333333333881e-01 4.511965643661221215e+00 1.503333333333333410e+00
6.100000000000000977e-01 4.542145944539933922e+00 1.510000000000000231e+00
6.166666666666668073e-01 4.572528110823217418e+00 1.516666666666666829e+00
6.233333333333334059e-01 4.603113493669366285e+00 1.523333333333333428e+00
6.300000000000001155e-01 4.633903453380582960e+00 1.530000000000000249e+00
6.366666666666668251e-01 4.664899359392547851e+00 1.536666666666666847e+00
6.433333333333334236e-01 4.696102590281803657e+00 1.543333333333333446e+00
6.500000000000001332e-01 4.727514533788247597e+00 1.550000000000000266e+00
6.566666666666668428e-01 4.759136586850406303e+00 1.556666666666666865e+00
6.633333333333334414e-01 4.790970155651372409e+00 1.563333333333333464e+00
6.700000000000000400e-01 4.823016655673418640e+00 1.570000000000000062e+00
6.766666666666667496e-01 4.855277511759533482e+00 1.576666666666666661e+00
6.833333333333334592e-01 4.887754158180204200e+00 1.583333333333333481e+00
6.900000000000000577e-01 4.920448038704061666e+00 1.590000000000000080e+00
6.966666666666667673e-01 4.953360606671144417e+00 1.596666666666666679e+00
7.033333333333334769e-01 4.986493325067821836e+00 1.603333333333333499e+00
7.100000000000000755e-01 5.019847666602568204e+00 1.610000000000000098e+00
7.166666666666667851e-01 5.053425113782017419e+00 1.616666666666666696e+00
7.233333333333334947e-01 5.087227158986857845e+00 1.623333333333333517e+00
7.300000000000000933e-01 5.121255304547305265e+00 1.630000000000000115e+00
7.366666666666668029e-01 5.155511062817974555e+00 1.636666666666666714e+00
7.433333333333335124e-01 5.189995956252117182e+00 1.643333333333333535e+00
7.500000000000001110e-01 5.224711517475147282e+00 1.650000000000000133e+00
7.566666666666667096e-01 5.259659289357585976e+00 1.656666666666666732e+00
7.633333333333334192e-01 5.294840825087459457e+00 1.663333333333333552e+00
7.700000000000001288e-01 5.330257688242255654e+00 1.670000000000000151e+00
7.766666666666667274e-01 5.365911452860577135e+00 1.676666666666666750e+00
7.833333333333334370e-01 5.401803703513594179e+00 1.683333333333333570e+00
7.900000000000001465e-01 5.437936035376429444e+00 1.690000000000000169e+00
7.966666666666667451e-01 5.474310054299546202e+00 1.696666666666666767e+00
8.033333333333334547e-01 5.510927376880294659e+00 1.703333333333333588e+00
8.100000000000001643e-01 5.547789630534665228e+00 1.710000000000000187e+00
8.166666666666667629e-01 5.584898453569328680e+00 1.716666666666666785e+00
8.233333333333334725e-01 5.622255495254042224e+00 1.723333333333333606e+00
8.300000000000001821e-01 5.659862415894480137e+00 1.730000000000000204e+00
8.366666666666667806e-01 5.697720886905495163e+00 1.736666666666666803e+00
8.433333333333333792e-01 5.735832590884907489e+00 1.743333333333333401e+00
8.500000000000000888e-01 5.774199221687757344e+00 1.750000000000000000e+00
8.566666666666667984e-01 5.812822484501143805e+00 1.756666666666666821e+00
8.633333333333333970e-01 5.851704095919597393e+00 1.763333333333333419e+00
8.700000000000001066e-01 5.890845784020979359e+00 1.770000000000000018e+00
8.766666666666668162e-01 5.930249288442990263e+00 1.776666666666666838e+00
8.833333333333334147e-01 5.969916360460211457e+00 1.783333333333333437e+00
8.900000000000001243e-01 6.009848763061724775e+00 1.790000000000000036e+00
8.966666666666668339e-01 6.050048271029318414e+00 1.796666666666666856e+00
9.033333333333334325e-01 6.090516671016208861e+00 1.803333333333333455e+00
9.100000000000001421e-01 6.131255761626388079e+00 1.810000000000000053e+00
9.166666666666668517e-01 6.172267353494470754e+00 1.816666666666666874e+00
9.233333333333334503e-01 6.213553269366149046e+00 1.823333333333333472e+00
9.300000000000000488e-01 6.255115344179183801e+00 1.830000000000000071e+00
9.366666666666667584e-01 6.296955425144952656e+00 1.836666666666666892e+00
9.433333333333334680e-01 6.339075371830555916e+00 1.843333333333333490e+00
9.500000000000000666e-01 6.381477056241474877e+00 1.850000000000000089e+00
9.566666666666667762e-01 6.424162362904779044e+00 1.856666666666666909e+00
9.633333333333334858e-01 6.467133188952909784e+00 1.863333333333333508e+00
9.700000000000000844e-01 6.510391444208003975e+00 1.870000000000000107e+00
9.766666666666667940e-01 6.553939051266750582e+00 1.876666666666666927e+00
9.833333333333335036e-01 6.597777945585969306e+00 1.883333333333333526e+00
9.900000000000001021e-01 6.641910075568203453e+00 1.890000000000000124e+00
9.966666666666667007e-01 6.686337402649609629e+00 1.896666666666666723e+00
