0.05 2.33 0.0 2.33 -5.813891296616521e-43 0.33
0.15000000000000002 2.33 0.0 2.33 -4.554772882584559e-42 0.33
0.25 2.33 0.0 2.33 3.495253534664442e-41 0.33
0.35000000000000003 2.33 0.0 2.33 -1.180778355350625e-40 0.33
0.45 2.33 0.0 2.33 7.262824883445803e-41 0.33
0.55 2.33 0.0 2.33 1.5889015656247576e-39 0.33
0.6500000000000001 2.33 0.0 2.33 -1.0225310495418244e-38 0.33
0.75 2.33 0.0 2.33 3.082585576644311e-38 0.33
0.8500000000000001 2.33 0.0 2.33 6.677102485981063e-40 0.33
0.95 2.33 0.0 2.33 -5.355578288548195e-37 0.33
1.05 2.33 0.0 2.33 3.037483806250043e-36 0.33
1.1500000000000001 2.33 0.0 2.33 -8.104029492764601e-36 0.33
1.25 2.33 0.0 2.33 -5.5776208677722917e-36 0.33
1.35 2.33 0.0 2.33 1.6847416606632394e-34 0.33
1.4500000000000002 2.33 0.0 2.33 -8.668594129852811e-34 0.33
1.55 2.33 0.0 2.33 2.1329733272465106e-33 0.33
1.6500000000000001 2.33 0.0 2.33 2.461320203147987e-33 0.33
1.75 2.33 0.0 2.33 -5.213335352411044e-32 0.33
1.85 2.33 0.0 2.33 2.7025915334772758e-31 0.33
1.9500000000000002 2.33 0.0 2.33 -6.849238843390188e-31 0.33
2.05 2.33 0.0 2.33 -8.953857967428262e-31 0.33
2.1500000000000004 2.33 0.0 2.33 1.8344938615099514e-29 0.33
2.25 2.33 0.0 2.33 -9.16964144150307e-29 0.33
2.3500000000000005 2.33 0.0 2.33 1.8606545544143306e-28 0.33
2.45 2.33 0.0 2.33 6.551016262849748e-28 0.33
2.55 2.33 0.0 2.33 -7.06302912760631e-27 0.33
2.6500000000000004 2.33 0.0 2.33 2.670100476836934e-26 0.33
2.75 2.33 0.0 2.33 -1.8317590322557192e-26 0.33
2.8500000000000005 2.33 0.0 2.33 -3.6703887870671554e-25 0.33
2.95 2.33 0.0 2.33 2.2668949969151214e-24 0.33
3.05 2.33 0.0 2.33 -6.020776554983488e-24 0.33
3.1500000000000004 2.33 0.0 2.33 -3.8752181503478586e-24 0.33
3.25 2.33 0.0 2.33 1.1005445354946055e-22 0.33
3.3500000000000005 2.33 0.0 2.33 -5.031322247444124e-22 0.33
3.45 2.33 0.0 2.33 9.3203405152378e-22 0.33
3.55 2.33 0.0 2.33 2.8851369957248697e-21 0.33
3.6500000000000004 2.33 0.0 2.33 -3.004297649637489e-20 0.33
3.75 2.33 0.0 2.33 1.1817950754635293e-19 0.33
3.8500000000000005 2.33 0.0 2.33 -1.4081111502557195e-19 0.33
3.95 2.33 0.0 2.33 -1.2353618860321034e-18 0.33
4.050000000000001 2.33 0.0 2.33 8.582721480961558e-18 0.33
4.15 2.33 0.0 2.33 -2.7937604110565484e-17 0.33
4.25 2.33 0.0 2.33 -1.4334469081383758e-17 0.33
4.35 2.33 0.0 2.33 4.675964983095046e-16 0.33
4.45 2.33 0.0 2.33 -1.5659017953300566e-15 0.33
4.550000000000001 2.33 0.0 2.3299999999999987 3.556280587009956e-15 0.33
4.65 2.33 0.0 2.3299999999999956 2.0938040443663927e-14 0.33
4.75 2.33 0.0 2.330000000000003 -1.7490008845901823e-14 0.33
4.8500000000000005 2.33 0.0 2.3300000000000165 -8.221618546002263e-14 0.33
4.95 2.33 0.0 2.3299999999999645 1.6659641960433461e-13 0.33
5.050000000000001 2.33 0.0 2.3299999999999272 3.44068861009189e-13 0.33
5.15 2.33 0.0 2.330000000000223 -1.0752097086854015e-12 0.33
5.25 2.33 0.0 2.330000000000257 -1.230058613966324e-12 0.33
5.3500000000000005 2.33 0.0 2.3299999999987158 6.1380271069934334e-12 0.33
5.45 2.33 0.0 2.3299999999992096 3.769866886514639e-12 0.33
5.550000000000001 2.33 0.0 2.3300000000066134 -3.160857556457764e-11 0.33
5.65 2.33 0.0 2.3300000000021592 -1.0336637659508919e-11 0.33
5.75 2.33 0.0 2.32999999996808 1.523604213542e-10 0.33
5.8500000000000005 2.33 0.0 2.3299999999958576 2.148615994693184e-11 0.33
5.95 2.33 0.0 2.330000000151633 -7.304060054941038e-10 0.33
6.050000000000001 2.33 0.0 2.3300000000394934 -1.8505250286749378e-10 0.33
6.15 2.33 0.0 2.329999999325283 3.237725406489433e-09 0.33
6.25 2.33 0.0 2.3299999993465423 2.399769226650904e-09 0.33
6.3500000000000005 2.33 0.0 2.3300000013739974 -3.1233650589500415e-09 0.33
6.45 2.33 0.0 2.329999988108014 4.666711920547583e-08 0.33
6.550000000000001 2.33 0.0 2.3299998835516136 5.442961168807566e-07 0.33
6.65 2.33 0.0 2.3299992986258014 3.3431749053170067e-06 0.33
6.75 2.33 0.0 2.329996281247285 1.7790756588334593e-05 0.33
6.8500000000000005 2.33 0.0 2.329977820257966 0.00010598372359795226 0.33
6.95 2.33 0.0 2.3298955269065242 0.0004994955940981322 0.33
7.050000000000001 2.33 0.0 2.3297595764833963 0.0011498890811908967 0.33
7.15 2.33 0.0 2.329697237531558 0.0014471242588284317 0.33
7.25 2.33 0.0 2.329788266247081 0.0010053534561209445 0.33
7.3500000000000005 2.33 0.0 2.329950214653429 0.00028999624495415363 0.33
7.45 2.33 0.0 2.329994102443232 -9.53348549440237e-05 0.33
7.550000000000001 2.33 0.0 2.330020020007828 1.0663449944125015e-05 0.33
7.65 2.33 0.0 2.329983756884304 7.839263631535896e-05 0.33
7.75 2.33 0.0 2.3299673371774974 0.00013341123622074007 0.33
7.8500000000000005 2.33 0.0 2.3299821962975162 0.00011799049147670031 0.33
7.95 2.33 0.0 2.3299793365805606 2.9392680585742507e-05 0.33
8.05 2.320125 0.0 2.3226784101204574 8.52698698186303e-05 0.3201249999999999
8.15 2.301125 0.0 2.3002774373959616 0.00012656507696882254 0.301125
8.25 2.283125 0.0 2.283146835474615 7.906725449306582e-05 0.283125
8.350000000000001 2.2661249999999997 0.0 2.2661205137730907 5.367161646780597e-05 0.2661249999999998
8.45 2.250125 0.0 2.2501398954734095 7.845774184173711e-05 0.25012500000000015
8.55 2.235125 0.0 2.2351751526672876 0.00012475673870549945 0.23512499999999992
8.65 2.221125 0.0 2.221132703621419 0.0001430146682142509 0.22112499999999996
8.75 2.208125 0.0 2.2080476638687623 -0.0003939357677423651 0.208125
8.850000000000001 2.196125 0.0 2.195893935539922 -0.0010562192131302948 0.19612499999999983
8.95 2.185125 0.0 2.18486454268672 -0.001205541051487024 0.1851250000000001
9.05 2.175125 0.0 2.174965885408172 -0.0007345271237985929 0.17512499999999995
9.15 2.166125 0.0 2.1660749335552305 -0.0002306919126950404 0.16612499999999997
9.25 2.158125 0.0 2.158117774307052 -3.323964784934405e-05 0.15812500000000002
9.350000000000001 2.151125 0.0 2.151123701354076 -5.9381761597217294e-06 0.1511249999999999
9.45 2.145125 0.0 2.145124796158508 -9.227293254425176e-07 0.14512500000000006
9.55 2.140125 0.0 2.140124974955755 -9.862038417161594e-08 0.14012499999999997
9.650000000000002 2.136125 0.0 2.1361250011800994 8.059265046627911e-10 0.13612499999999994
9.75 2.133125 0.0 2.1331249997477633 -1.4449698864602057e-10 0.133125
9.850000000000001 2.131125 0.0 2.1311249993587915 -2.692966753040393e-09 0.131125
9.95 2.130125 0.0 2.1301250001057546 -3.5820977071806004e-10 0.13012500000000002
10.05 2.130125 0.0 2.1301250002730336 -1.2373263339838195e-10 0.13012500000000002
10.150000000000002 2.131125 0.0 2.1311249995582506 1.7938151918102974e-09 0.13112500000000005
10.25 2.133125 0.0 2.1331249991115495 3.632552844622431e-09 0.133125
10.350000000000001 2.136125 0.0 2.136125000785991 -2.523766341628382e-09 0.13612500000000005
10.45 2.140125 0.0 2.1401249963860263 1.4479564148238681e-08 0.14012499999999997
10.55 2.145125 0.0 2.1451249333040945 2.9113936166040783e-07 0.14512500000000006
10.650000000000002 2.151125 0.0 2.151124564726751 1.9907510645469927e-06 0.15112500000000015
10.75 2.158125 0.0 2.158122543742846 1.1284185020815132e-05 0.15812500000000002
10.850000000000001 2.166125 0.0 2.166111054885849 6.423160761704448e-05 0.16612500000000013
10.95 2.175125 0.0 2.175048340068907 0.0003538940821882052 0.17512499999999995
11.05 2.185125 0.0 2.184926278866691 0.0009194784835843048 0.1851250000000001
11.150000000000002 2.1961250000000003 0.0 2.195854054969838 0.0012545782750262484 0.19612500000000024
11.25 2.208125 0.0 2.2079342678408462 0.000878782204302635 0.208125
11.350000000000001 2.2211250000000002 0.0 2.221103788283755 0.00013610880907681492 0.22112500000000018
11.45 2.235125 0.0 2.235159765375199 -0.0002828094168311852 0.23512499999999992
11.55 2.250125 0.0 2.2501879625305623 -0.00018924148425379092 0.25012500000000015
11.650000000000002 2.2661250000000006 0.0 2.2661506895346606 -0.00013769154653691165 0.2661250000000004
11.75 2.283125 0.0 2.283136276261251 -7.521185250029371e-05 0.283125
11.850000000000001 2.3011250000000003 0.0 2.3011507031425342 -8.804970114841354e-05 0.3011250000000003
11.95 2.320125 0.0 2.320143874344332 -0.00017168905530227978 0.3201249999999999
12.05 2.33 0.0 2.332446540484468 -0.00011805954091279893 0.33
12.150000000000002 2.33 0.0 2.329178690965958 -8.301400838313174e-05 0.33
12.25 2.33 0.0 2.329977597148952 -0.00011789042224818451 0.33
12.350000000000001 2.33 0.0 2.3299540018461506 -0.0001505431608776551 0.33
12.45 2.33 0.0 2.32997254808922 -0.00014559421171062248 0.33
12.55 2.33 0.0 2.3300055343434884 -7.494019484206189e-05 0.33
12.650000000000002 2.33 0.0 2.329968876256373 -3.332397203376662e-05 0.33
12.75 2.33 0.0 2.3299047066067464 -0.0005076775600568959 0.33
12.850000000000001 2.33 0.0 2.3297586205587133 -0.0011419622816858307 0.33
12.95 2.33 0.0 2.3297132247262855 -0.001372596952156275 0.33
13.05 2.33 0.0 2.3298031124731717 -0.0009413378177831138 0.33
13.150000000000002 2.33 0.0 2.3299274272437063 -0.0003469671541636311 0.33
13.25 2.33 0.0 2.329987600877307 -5.928813293920834e-05 0.33
13.350000000000001 2.33 0.0 2.3299978418741643 -1.0303454593546562e-05 0.33
13.45 2.33 0.0 2.329999637495882 -1.7258637340084316e-06 0.33
13.55 2.33 0.0 2.3299999474144735 -2.3467498974151082e-07 0.33
13.650000000000002 2.33 0.0 2.3299999979985175 -9.583596717024668e-09 0.33
13.75 2.33 0.0 2.3300000004095045 1.485696198727666e-09 0.33
13.850000000000001 2.33 0.0 2.3299999992810245 -3.31860267590874e-09 0.33
13.95 2.33 0.0 2.3299999998009393 -8.863655275095058e-10 0.33
14.05 2.33 0.0 2.3300000001493277 6.974492466622704e-10 0.33
14.150000000000002 2.33 0.0 2.3300000000276606 1.346405436430736e-10 0.33
14.25 2.33 0.0 2.329999999964836 -1.6793972843247635e-10 0.33
14.350000000000001 2.33 0.0 2.329999999999491 -2.6666373341781324e-12 0.33
14.45 2.33 0.0 2.330000000008199 3.9299574183570153e-11 0.33
14.55 2.33 0.0 2.32999999999884 -5.561253835195201e-12 0.33
14.650000000000002 2.33 0.0 2.3299999999983108 -8.07023708011724e-12 0.33
14.75 2.33 0.0 2.3300000000005285 2.5383456306736794e-12 0.33
14.850000000000001 2.33 0.0 2.3300000000002883 1.3794769376274197e-12 0.33
14.95 2.33 0.0 2.329999999999835 -7.805101448860163e-13 0.33
15.05 2.33 0.0 2.3299999999999637 -1.7381539875872639e-13 0.33
15.150000000000002 2.33 0.0 2.3300000000000374 1.8645818745208775e-13 0.33
15.25 2.33 0.0 2.3299999999999996 -1.0628324185154761e-15 0.33
15.350000000000001 2.33 0.0 2.329999999999991 -3.741548730911833e-14 0.33
15.45 2.33 0.0 2.3300000000000005 4.8964129205933e-15 0.33
15.55 2.33 0.0 2.330000000000001 3.1624170737809925e-15 0.33
15.650000000000002 2.33 0.0 2.3299999999999983 -4.998313068810765e-15 0.33
15.75 2.33 0.0 2.3299999999999996 -2.1789815397131543e-15 0.33
15.850000000000001 2.33 0.0 2.33 4.84828028451566e-16 0.33
15.95 2.33 0.0 2.33 -1.0902357601029699e-16 0.33
16.05 2.33 0.0 2.33 -9.314831873909107e-18 0.33
16.15 2.33 0.0 2.33 9.907982116621598e-18 0.33
16.25 2.33 0.0 2.33 -1.8126758170160545e-18 0.33
16.35 2.33 0.0 2.33 -4.503225716167768e-20 0.33
16.450000000000003 2.33 0.0 2.33 1.6903774078322017e-19 0.33
16.55 2.33 0.0 2.33 -5.19607307919256e-20 0.33
16.65 2.33 0.0 2.33 5.207377463438874e-21 0.33
16.75 2.33 0.0 2.33 2.5504102866265683e-22 0.33
16.85 2.33 0.0 2.33 -1.2752051433132842e-22 0.33
16.950000000000003 2.33 0.0 2.33 0.0 0.33
17.05 2.33 0.0 2.33 0.0 0.33
17.15 2.33 0.0 2.33 0.0 0.33
17.25 2.33 0.0 2.33 0.0 0.33
17.35 2.33 0.0 2.33 0.0 0.33
17.450000000000003 2.33 0.0 2.33 0.0 0.33
17.55 2.33 0.0 2.33 0.0 0.33
17.65 2.33 0.0 2.33 0.0 0.33
17.75 2.33 0.0 2.33 0.0 0.33
17.85 2.33 0.0 2.33 0.0 0.33
17.950000000000003 2.33 0.0 2.33 0.0 0.33
18.05 2.33 0.0 2.33 0.0 0.33
18.15 2.33 0.0 2.33 0.0 0.33
18.25 2.33 0.0 2.33 0.0 0.33
18.35 2.33 0.0 2.33 0.0 0.33
18.450000000000003 2.33 0.0 2.33 0.0 0.33
18.55 2.33 0.0 2.33 0.0 0.33
18.65 2.33 0.0 2.33 0.0 0.33
18.75 2.33 0.0 2.33 0.0 0.33
18.85 2.33 0.0 2.33 0.0 0.33
18.950000000000003 2.33 0.0 2.33 0.0 0.33
19.05 2.33 0.0 2.33 0.0 0.33
19.150000000000002 2.33 0.0 2.33 0.0 0.33
19.25 2.33 0.0 2.33 0.0 0.33
19.35 2.33 0.0 2.33 0.0 0.33
19.450000000000003 2.33 0.0 2.33 0.0 0.33
19.55 2.33 0.0 2.33 0.0 0.33
19.650000000000002 2.33 0.0 2.33 0.0 0.33
19.75 2.33 0.0 2.33 0.0 0.33
19.85 2.33 0.0 2.33 0.0 0.33
19.950000000000003 2.33 0.0 2.33 0.0 0.33
20.05 2.33 0.0 2.33 0.0 0.33
20.150000000000002 2.33 0.0 2.33 0.0 0.33
20.25 2.33 0.0 2.33 0.0 0.33
20.35 2.33 0.0 2.33 0.0 0.33
20.450000000000003 2.33 0.0 2.33 0.0 0.33
20.55 2.33 0.0 2.33 0.0 0.33
20.650000000000002 2.33 0.0 2.33 0.0 0.33
20.75 2.33 0.0 2.33 0.0 0.33
20.85 2.33 0.0 2.33 0.0 0.33
20.950000000000003 2.33 0.0 2.33 0.0 0.33
21.05 2.33 0.0 2.33 0.0 0.33
21.150000000000002 2.33 0.0 2.33 0.0 0.33
21.25 2.33 0.0 2.33 0.0 0.33
21.35 2.33 0.0 2.33 0.0 0.33
21.450000000000003 2.33 0.0 2.33 0.0 0.33
21.55 2.33 0.0 2.33 0.0 0.33
21.650000000000002 2.33 0.0 2.33 0.0 0.33
21.75 2.33 0.0 2.33 0.0 0.33
21.85 2.33 0.0 2.33 0.0 0.33
21.950000000000003 2.33 0.0 2.33 0.0 0.33
22.05 2.33 0.0 2.33 0.0 0.33
22.150000000000002 2.33 0.0 2.33 0.0 0.33
22.25 2.33 0.0 2.33 0.0 0.33
22.35 2.33 0.0 2.33 0.0 0.33
22.450000000000003 2.33 0.0 2.33 0.0 0.33
22.55 2.33 0.0 2.33 0.0 0.33
22.650000000000002 2.33 0.0 2.33 0.0 0.33
22.75 2.33 0.0 2.33 0.0 0.33
22.85 2.33 0.0 2.33 0.0 0.33
22.950000000000003 2.33 0.0 2.33 0.0 0.33
23.05 2.33 0.0 2.33 0.0 0.33
23.150000000000002 2.33 0.0 2.33 0.0 0.33
23.25 2.33 0.0 2.33 0.0 0.33
23.35 2.33 0.0 2.33 0.0 0.33
23.450000000000003 2.33 0.0 2.33 0.0 0.33
23.55 2.33 0.0 2.33 0.0 0.33
23.650000000000002 2.33 0.0 2.33 0.0 0.33
23.75 2.33 0.0 2.33 0.0 0.33
23.85 2.33 0.0 2.33 0.0 0.33
23.950000000000003 2.33 0.0 2.33 0.0 0.33
24.05 2.33 0.0 2.33 0.0 0.33
24.150000000000002 2.33 0.0 2.33 0.0 0.33
24.25 2.33 0.0 2.33 0.0 0.33
24.35 2.33 0.0 2.33 0.0 0.33
24.450000000000003 2.33 0.0 2.33 0.0 0.33
24.55 2.33 0.0 2.33 0.0 0.33
24.650000000000002 2.33 0.0 2.33 0.0 0.33
24.75 2.33 0.0 2.33 0.0 0.33
24.85 2.33 0.0 2.33 0.0 0.33
24.950000000000003 2.33 0.0 2.33 0.0 0.33
