0.05 2.33 0.0 2.33 -4.174307413804407e-46 0.33
0.15000000000000002 2.33 0.0 2.33 2.0739858847080907e-45 0.33
0.25 2.33 0.0 2.33 1.770284246156307e-45 0.33
0.35000000000000003 2.33 0.0 2.33 -9.312962958813558e-44 0.33
0.45 2.33 0.0 2.33 5.266633045738544e-43 0.33
0.55 2.33 0.0 2.33 2.1594697066134734e-43 0.33
0.6500000000000001 2.33 0.0 2.33 -1.986816854075562e-41 0.33
0.75 2.33 0.0 2.33 1.0327893772862437e-40 0.33
0.8500000000000001 2.33 0.0 2.33 1.090756238884997e-40 0.33
0.95 2.33 0.0 2.33 -4.009668143397831e-39 0.33
1.05 2.33 0.0 2.33 1.7916327629420235e-38 0.33
1.1500000000000001 2.33 0.0 2.33 3.004997132874473e-38 0.33
1.25 2.33 0.0 2.33 -6.879987202143851e-37 0.33
1.35 2.33 0.0 2.33 2.549456474687865e-36 0.33
1.4500000000000002 2.33 0.0 2.33 7.315491349522364e-36 0.33
1.55 2.33 0.0 2.33 -1.098339112661191e-34 0.33
1.6500000000000001 2.33 0.0 2.33 3.5279647872536803e-34 0.33
1.75 2.33 0.0 2.33 1.1554638299887666e-33 0.33
1.85 2.33 0.0 2.33 -1.4754032668958503e-32 0.33
1.9500000000000002 2.33 0.0 2.33 4.2816996068434687e-32 0.33
2.05 2.33 0.0 2.33 1.5931054939959973e-31 0.33
2.1500000000000004 2.33 0.0 2.33 -1.8849239279225882e-30 0.33
2.25 2.33 0.0 2.33 6.0939609928313326e-30 0.33
2.3500000000000005 2.33 0.0 2.33 1.1269774462262931e-29 0.33
2.45 2.33 0.0 2.33 -1.9803856736670072e-28 0.33
2.55 2.33 0.0 2.33 8.093060562299859e-28 0.33
2.6500000000000004 2.33 0.0 2.33 2.949804646362811e-28 0.33
2.75 2.33 0.0 2.33 -2.3034554939957012e-26 0.33
2.8500000000000005 2.33 0.0 2.33 1.3552534121569841e-25 0.33
2.95 2.33 0.0 2.33 -1.9176592089556058e-25 0.33
3.05 2.33 0.0 2.33 -2.733458648597947e-24 0.33
3.1500000000000004 2.33 0.0 2.33 2.175339202889277e-23 0.33
3.25 2.33 0.0 2.33 -4.3312184529939037e-23 0.33
3.3500000000000005 2.33 0.0 2.33 -3.775038679410095e-22 0.33
3.45 2.33 0.0 2.33 3.1602064727116997e-21 0.33
3.55 2.33 0.0 2.33 -5.026729051672206e-21 0.33
3.6500000000000004 2.33 0.0 2.33 -5.76738345361535e-20 0.33
3.75 2.33 0.0 2.33 4.08128432143227e-19 0.33
3.8500000000000005 2.33 0.0 2.33 -2.78445951819788e-19 0.33
3.95 2.33 0.0 2.33 -7.791198790491145e-18 0.33
4.050000000000001 2.33 0.0 2.33 4.3550926682132155e-17 0.33
4.15 2.33 0.0 2.33 3.758722088085834e-17 0.33
4.25 2.33 0.0 2.33 -7.88931236597112e-16 0.33
4.35 2.33 0.0 2.3299999999999996 2.829336268324165e-15 0.33
4.45 2.33 0.0 2.3299999999999983 8.034341225210564e-15 0.33
4.550000000000001 2.33 0.0 2.3300000000000027 -1.2422525517125203e-14 0.33
4.65 2.33 0.0 2.330000000000008 -4.3714495015049834e-14 0.33
4.75 2.33 0.0 2.329999999999978 1.0058533487485599e-13 0.33
4.8500000000000005 2.33 0.0 2.3299999999999317 3.26671457803511e-13 0.33
4.95 2.33 0.0 2.330000000000128 -6.143433283400167e-13 0.33
5.050000000000001 2.33 0.0 2.3300000000004966 -2.3792199919717045e-12 0.33
5.15 2.33 0.0 2.3299999999993406 3.147078199056405e-12 0.33
5.25 2.33 0.0 2.329999999996513 1.6666757425312025e-11 0.33
5.3500000000000005 2.33 0.0 2.330000000002362 -1.1304379823402018e-11 0.33
5.45 2.33 0.0 2.3300000000226593 -1.0833001869907854e-10 0.33
5.550000000000001 2.33 0.0 2.3299999999998215 8.108229170210086e-13 0.33
5.65 2.33 0.0 2.329999999867496 6.336351137040819e-10 0.33
5.75 2.33 0.0 2.3299999998987673 4.839560980924e-10 0.33
5.8500000000000005 2.33 0.0 2.330000000636966 -3.045995654584821e-09 0.33
5.95 2.33 0.0 2.3300000010693473 -5.110997085605118e-09 0.33
6.050000000000001 2.33 0.0 2.3299999975351535 1.1794554878823292e-08 0.33
6.15 2.33 0.0 2.3299999913982314 4.101847453862038e-08 0.33
6.25 2.33 0.0 2.3299999996114273 2.8419866078505745e-09 0.33
6.3500000000000005 2.33 0.0 2.3300000301912305 -1.402137934105933e-07 0.33
6.45 2.33 0.0 2.330000001137412 3.905053920249221e-08 0.33
6.550000000000001 2.33 0.0 2.329999494237732 2.140761368709409e-06 0.33
6.65 2.33 0.0 2.3299974091995783 1.2093427143249791e-05 0.33
6.75 2.33 0.0 2.329989853199481 4.830464681562376e-05 0.33
6.8500000000000005 2.33 0.0 2.329961734079636 0.00018293279410028836 0.33
6.95 2.33 0.0 2.329886171215045 0.0005441610038141916 0.33
7.050000000000001 2.33 0.0 2.329794574801123 0.0009826750326596887 0.33
7.15 2.33 0.0 2.3297489138993805 0.0011913440405509463 0.33
7.25 2.33 0.0 2.3298156253636306 0.0008941603988631183 0.33
7.3500000000000005 2.33 0.0 2.3299074812980347 0.0003851555399986257 0.33
7.45 2.33 0.0 2.3299830439808873 0.00023819764256991145 0.33
7.550000000000001 2.33 0.0 2.32996887977327 -7.980333739761179e-06 0.33
7.65 2.33 0.0 2.3299891711284775 7.244631818673463e-05 0.33
7.75 2.33 0.0 2.32999294022314 0.00011323682774349648 0.33
7.8500000000000005 2.33 0.0 2.329981865586877 5.737413534611987e-05 0.33
7.95 2.33 0.0 2.329978542122676 5.2921270308933017e-05 0.33
8.05 2.320125 0.0 2.3235581159395795 0.0001033823528575329 0.3201249999999999
8.15 2.301125 0.0 2.2980598047223775 0.00012087280899115628 0.301125
8.25 2.283125 0.0 2.284876505549888 8.430657430333034e-05 0.283125
8.350000000000001 2.2661249999999997 0.0 2.2657314101303485 4.0131501231737253e-05 0.2661249999999998
8.45 2.250125 0.0 2.2501421664486143 5.719991902600644e-05 0.25012500000000015
8.55 2.235125 0.0 2.2351135460707745 6.602879043313608e-05 0.23512499999999992
8.65 2.221125 0.0 2.221129286677592 -0.00011886982961816643 0.22112499999999996
8.75 2.208125 0.0 2.2080652823864435 -0.00019874785163198643 0.208125
8.850000000000001 2.196125 0.0 2.1959988904173393 -0.0005951435630336359 0.19612499999999983
8.95 2.185125 0.0 2.1849194363535847 -0.0009463503406301774 0.1851250000000001
9.05 2.175125 0.0 2.174935871788298 -0.0008728775278752408 0.17512499999999995
9.15 2.166125 0.0 2.1660150084759673 -0.0005067544753895603 0.16612499999999997
9.25 2.158125 0.0 2.1580896988831872 -0.00016220269938661315 0.15812500000000002
9.350000000000001 2.151125 0.0 2.151118882449966 -2.7919837798704342e-05 0.1511249999999999
9.45 2.145125 0.0 2.1451246203742134 -1.3280546025650829e-06 0.14512500000000006
9.55 2.140125 0.0 2.1401254704110357 2.2110052803010713e-06 0.14012499999999997
9.650000000000002 2.136125 0.0 2.1361252878263546 1.2808292432876953e-06 0.13612499999999994
9.75 2.133125 0.0 2.1331250313279795 1.4356110389173111e-07 0.133125
9.850000000000001 2.131125 0.0 2.131124962049566 -1.7337887802192663e-07 0.131125
9.95 2.130125 0.0 2.1301249910870803 -5.146956769763079e-08 0.13012500000000002
10.05 2.130125 0.0 2.130125007331194 3.872839258668301e-08 0.13012500000000002
10.150000000000002 2.131125 0.0 2.131124996926 5.048951334026585e-08 0.13112500000000005
10.25 2.133125 0.0 2.133124992780671 2.5854073671558582e-08 0.133125
10.350000000000001 2.136125 0.0 2.136125019595505 -9.84579133463492e-08 0.13612500000000005
10.45 2.140125 0.0 2.140125033161318 -1.0448188908952542e-07 0.14012499999999997
10.55 2.145125 0.0 2.1451247384844643 1.0387378280221045e-06 0.14512500000000006
10.650000000000002 2.151125 0.0 2.1511232996008975 7.483249384139157e-06 0.15112500000000015
10.75 2.158125 0.0 2.1581179339638408 3.228517650103355e-05 0.15812500000000002
10.850000000000001 2.166125 0.0 2.1660979831733336 0.00012431630506532944 0.16612500000000013
10.95 2.175125 0.0 2.175037636773676 0.0004032584004419039 0.17512499999999995
11.05 2.185125 0.0 2.1849569306270276 0.0007772603421969402 0.1851250000000001
11.150000000000002 2.1961250000000003 0.0 2.1959059900699653 0.001011499139214215 0.19612500000000024
11.25 2.208125 0.0 2.2079623584081327 0.0007580804762947687 0.208125
11.350000000000001 2.2211250000000002 0.0 2.2210654454387595 0.00022146582996344192 0.22112500000000018
11.45 2.235125 0.0 2.235147568343707 4.8502131382650504e-05 0.23512499999999992
11.55 2.250125 0.0 2.2501341408931133 -0.00021652271124593544 0.25012500000000015
11.650000000000002 2.2661250000000006 0.0 2.2661565766160012 -0.000128530836926944 0.2661250000000004
11.75 2.283125 0.0 2.2831601191343296 -8.67138018573374e-05 0.283125
11.850000000000001 2.3011250000000003 0.0 2.301147419552419 -0.0001434446496164405 0.3011250000000003
11.95 2.320125 0.0 2.3201442066058493 -0.0001507873454849031 0.3201249999999999
12.05 2.33 0.0 2.3333767369696163 -0.00010039095092808286 0.33
12.150000000000002 2.33 0.0 2.3269752455663033 -8.945975848351245e-05 0.33
12.25 2.33 0.0 2.331601758307236 -0.00012408140293219337 0.33
12.350000000000001 2.33 0.0 2.329611303709825 -0.00015647515862066591 0.33
12.45 2.33 0.0 2.3299684026522858 -0.00014207383024800996 0.33
12.55 2.33 0.0 2.329951396291012 -0.00015530602168673094 0.33
12.650000000000002 2.33 0.0 2.329954656552236 -0.00030482269605074867 0.33
12.75 2.33 0.0 2.3299117487461976 -0.0003902717470614405 0.33
12.850000000000001 2.33 0.0 2.329859795060406 -0.0007008004184269705 0.33
12.95 2.33 0.0 2.3297909558073533 -0.0009577855372236057 0.33
13.05 2.33 0.0 2.3297932052889876 -0.00100340648180842 0.33
13.150000000000002 2.33 0.0 2.32986301027686 -0.0006535519778687808 0.33
13.25 2.33 0.0 2.329946495004494 -0.00025583294721829935 0.33
13.350000000000001 2.33 0.0 2.3299889369143205 -5.268720366715421e-05 0.33
13.45 2.33 0.0 2.329998399625973 -7.437261140901026e-06 0.33
13.55 2.33 0.0 2.3300001958606984 1.337521327595575e-06 0.33
13.650000000000002 2.33 0.0 2.3300003205578617 1.4439951233981017e-06 0.33
13.75 2.33 0.0 2.330000089901067 4.3007130583063604e-07 0.33
13.850000000000001 2.33 0.0 2.3299999711616994 -1.3817894944110134e-07 0.33
13.95 2.33 0.0 2.3299999779166742 -1.049174170489382e-07 0.33
14.05 2.33 0.0 2.330000003777654 1.8060469810533052e-08 0.33
14.150000000000002 2.33 0.0 2.330000006421682 3.06939356398158e-08 0.33
14.25 2.33 0.0 2.3300000005608954 2.683630859295978e-09 0.33
14.350000000000001 2.33 0.0 2.3299999988035003 -5.721332542458778e-09 0.33
14.45 2.33 0.0 2.329999999706863 -1.4012859545798058e-09 0.33
14.55 2.33 0.0 2.3300000001877144 8.973357779370781e-10 0.33
14.650000000000002 2.33 0.0 2.3300000000787335 3.7657215736558017e-10 0.33
14.75 2.33 0.0 2.3299999999763514 -1.1311770311423725e-10 0.33
14.850000000000001 2.33 0.0 2.3299999999839973 -7.649029542038745e-11 0.33
14.95 2.33 0.0 2.3300000000023804 1.1382006703511969e-11 0.33
15.05 2.33 0.0 2.3300000000027925 1.336167676620864e-11 0.33
15.150000000000002 2.33 0.0 2.3299999999998446 -7.395901585859019e-13 0.33
15.25 2.33 0.0 2.3299999999995586 -2.105319343251168e-12 0.33
15.350000000000001 2.33 0.0 2.3299999999999947 -2.4298744134070152e-14 0.33
15.45 2.33 0.0 2.330000000000063 3.043451552140309e-13 0.33
15.55 2.33 0.0 2.3300000000000027 1.496752959194444e-14 0.33
15.650000000000002 2.33 0.0 2.3299999999999894 -4.669263842968125e-14 0.33
15.75 2.33 0.0 2.3299999999999987 -7.089503372551417e-15 0.33
15.850000000000001 2.33 0.0 2.3300000000000005 3.621350267607836e-15 0.33
15.95 2.33 0.0 2.33 4.0362894690203797e-17 0.33
16.05 2.33 0.0 2.33 -2.2278184268792704e-16 0.33
16.15 2.33 0.0 2.33 4.2726078351173284e-17 0.33
16.25 2.33 0.0 2.33 7.000575908894636e-19 0.33
16.35 2.33 0.0 2.33 -1.8058113018941e-18 0.33
16.450000000000003 2.33 0.0 2.33 3.6702776626259038e-19 0.33
16.55 2.33 0.0 2.33 -4.168106361630773e-21 0.33
16.65 2.33 0.0 2.33 -1.336293887226908e-20 0.33
16.75 2.33 0.0 2.33 0.0 0.33
16.85 2.33 0.0 2.33 0.0 0.33
16.950000000000003 2.33 0.0 2.33 0.0 0.33
17.05 2.33 0.0 2.33 0.0 0.33
17.15 2.33 0.0 2.33 0.0 0.33
17.25 2.33 0.0 2.33 0.0 0.33
17.35 2.33 0.0 2.33 0.0 0.33
17.450000000000003 2.33 0.0 2.33 0.0 0.33
17.55 2.33 0.0 2.33 0.0 0.33
17.65 2.33 0.0 2.33 0.0 0.33
17.75 2.33 0.0 2.33 0.0 0.33
17.85 2.33 0.0 2.33 0.0 0.33
17.950000000000003 2.33 0.0 2.33 0.0 0.33
18.05 2.33 0.0 2.33 0.0 0.33
18.15 2.33 0.0 2.33 0.0 0.33
18.25 2.33 0.0 2.33 0.0 0.33
18.35 2.33 0.0 2.33 0.0 0.33
18.450000000000003 2.33 0.0 2.33 0.0 0.33
18.55 2.33 0.0 2.33 0.0 0.33
18.65 2.33 0.0 2.33 0.0 0.33
18.75 2.33 0.0 2.33 0.0 0.33
18.85 2.33 0.0 2.33 0.0 0.33
18.950000000000003 2.33 0.0 2.33 0.0 0.33
19.05 2.33 0.0 2.33 0.0 0.33
19.150000000000002 2.33 0.0 2.33 0.0 0.33
19.25 2.33 0.0 2.33 0.0 0.33
19.35 2.33 0.0 2.33 0.0 0.33
19.450000000000003 2.33 0.0 2.33 0.0 0.33
19.55 2.33 0.0 2.33 0.0 0.33
19.650000000000002 2.33 0.0 2.33 0.0 0.33
19.75 2.33 0.0 2.33 0.0 0.33
19.85 2.33 0.0 2.33 0.0 0.33
19.950000000000003 2.33 0.0 2.33 0.0 0.33
20.05 2.33 0.0 2.33 0.0 0.33
20.150000000000002 2.33 0.0 2.33 0.0 0.33
20.25 2.33 0.0 2.33 0.0 0.33
20.35 2.33 0.0 2.33 0.0 0.33
20.450000000000003 2.33 0.0 2.33 0.0 0.33
20.55 2.33 0.0 2.33 0.0 0.33
20.650000000000002 2.33 0.0 2.33 0.0 0.33
20.75 2.33 0.0 2.33 0.0 0.33
20.85 2.33 0.0 2.33 0.0 0.33
20.950000000000003 2.33 0.0 2.33 0.0 0.33
21.05 2.33 0.0 2.33 0.0 0.33
21.150000000000002 2.33 0.0 2.33 0.0 0.33
21.25 2.33 0.0 2.33 0.0 0.33
21.35 2.33 0.0 2.33 0.0 0.33
21.450000000000003 2.33 0.0 2.33 0.0 0.33
21.55 2.33 0.0 2.33 0.0 0.33
21.650000000000002 2.33 0.0 2.33 0.0 0.33
21.75 2.33 0.0 2.33 0.0 0.33
21.85 2.33 0.0 2.33 0.0 0.33
21.950000000000003 2.33 0.0 2.33 0.0 0.33
22.05 2.33 0.0 2.33 0.0 0.33
22.150000000000002 2.33 0.0 2.33 0.0 0.33
22.25 2.33 0.0 2.33 0.0 0.33
22.35 2.33 0.0 2.33 0.0 0.33
22.450000000000003 2.33 0.0 2.33 0.0 0.33
22.55 2.33 0.0 2.33 0.0 0.33
22.650000000000002 2.33 0.0 2.33 0.0 0.33
22.75 2.33 0.0 2.33 0.0 0.33
22.85 2.33 0.0 2.33 0.0 0.33
22.950000000000003 2.33 0.0 2.33 0.0 0.33
23.05 2.33 0.0 2.33 0.0 0.33
23.150000000000002 2.33 0.0 2.33 0.0 0.33
23.25 2.33 0.0 2.33 0.0 0.33
23.35 2.33 0.0 2.33 0.0 0.33
23.450000000000003 2.33 0.0 2.33 0.0 0.33
23.55 2.33 0.0 2.33 0.0 0.33
23.650000000000002 2.33 0.0 2.33 0.0 0.33
23.75 2.33 0.0 2.33 0.0 0.33
23.85 2.33 0.0 2.33 0.0 0.33
23.950000000000003 2.33 0.0 2.33 0.0 0.33
24.05 2.33 0.0 2.33 0.0 0.33
24.150000000000002 2.33 0.0 2.33 0.0 0.33
24.25 2.33 0.0 2.33 0.0 0.33
24.35 2.33 0.0 2.33 0.0 0.33
24.450000000000003 2.33 0.0 2.33 0.0 0.33
24.55 2.33 0.0 2.33 0.0 0.33
24.650000000000002 2.33 0.0 2.33 0.0 0.33
24.75 2.33 0.0 2.33 0.0 0.33
24.85 2.33 0.0 2.33 0.0 0.33
24.950000000000003 2.33 0.0 2.33 0.0 0.33
