0.05 2.33 0.0 2.33 -8.547353548353923e-47 0.33
0.15000000000000002 2.33 0.0 2.33 8.105212921038032e-46 0.33
0.25 2.33 0.0 2.33 -2.2177601489019428e-45 0.33
0.35000000000000003 2.33 0.0 2.33 -8.67739931469487e-45 0.33
0.45 2.33 0.0 2.33 1.0811856204754663e-43 0.33
0.55 2.33 0.0 2.33 -3.99628046602439e-43 0.33
0.6500000000000001 2.33 0.0 2.33 -6.178966563708246e-43 0.33
0.75 2.33 0.0 2.33 1.5218536809697303e-41 0.33
0.8500000000000001 2.33 0.0 2.33 -7.442329662001354e-41 0.33
0.95 2.33 0.0 2.33 -5.4167429625700775e-42 0.33
1.05 2.33 0.0 2.33 2.273964389916641e-39 0.33
1.1500000000000001 2.33 0.0 2.33 -1.310188526497653e-38 0.33
1.25 2.33 0.0 2.33 6.671673758052973e-39 0.33
1.35 2.33 0.0 2.33 3.5145143151427056e-37 0.33
1.4500000000000002 2.33 0.0 2.33 -2.120498759778927e-36 0.33
1.55 2.33 0.0 2.33 1.2650338368806185e-36 0.33
1.6500000000000001 2.33 0.0 2.33 5.34579254026986e-35 0.33
1.75 2.33 0.0 2.33 -3.140508010039167e-34 0.33
1.85 2.33 0.0 2.33 1.5703607107799903e-34 0.33
1.9500000000000002 2.33 0.0 2.33 7.614369096633656e-33 0.33
2.05 2.33 0.0 2.33 -4.266330227607921e-32 0.33
2.1500000000000004 2.33 0.0 2.33 1.8799536538019483e-32 0.33
2.25 2.33 0.0 2.33 9.832268419322932e-31 0.33
2.3500000000000005 2.33 0.0 2.33 -5.4179875727248604e-30 0.33
2.45 2.33 0.0 2.33 3.3742369766505596e-30 0.33
2.55 2.33 0.0 2.33 1.148175398637052e-28 0.33
2.6500000000000004 2.33 0.0 2.33 -6.927317529878029e-28 0.33
2.75 2.33 0.0 2.33 1.0081374265140423e-27 0.33
2.8500000000000005 2.33 0.0 2.33 1.1218614362294837e-26 0.33
2.95 2.33 0.0 2.33 -9.021374578027414e-26 0.33
3.05 2.33 0.0 2.33 2.5031790843274594e-25 0.33
3.1500000000000004 2.33 0.0 2.33 8.823983133045181e-25 0.33
3.25 2.33 0.0 2.33 -1.2365377896796835e-23 0.33
3.3500000000000005 2.33 0.0 2.33 5.029416081130588e-23 0.33
3.45 2.33 0.0 2.33 5.586077425007893e-23 0.33
3.55 2.33 0.0 2.33 -1.8034488495151303e-21 0.33
3.6500000000000004 2.33 0.0 2.33 8.575271444675674e-21 0.33
3.75 2.33 0.0 2.33 3.467576876468001e-21 0.33
3.8500000000000005 2.33 0.0 2.33 -2.5844015130231626e-19 0.33
3.95 2.33 0.0 2.33 1.1274744320653682e-18 0.33
4.050000000000001 2.33 0.0 2.33 1.4132551107719988e-18 0.33
4.15 2.33 0.0 2.33 -3.4646602639802e-17 0.33
4.25 2.33 0.0 2.33 7.889887194274113e-17 0.33
4.35 2.33 0.0 2.33 5.63532164788767e-16 0.33
4.45 2.33 0.0 2.33 -3.604276410764099e-15 0.33
4.550000000000001 2.33 0.0 2.3299999999999996 1.5172938093722576e-15 0.33
4.65 2.33 0.0 2.3299999999999916 3.8710152460935413e-14 0.33
4.75 2.33 0.0 2.329999999999997 1.1495340753891147e-14 0.33
4.8500000000000005 2.33 0.0 2.3300000000000503 -2.4289192222530795e-13 0.33
4.95 2.33 0.0 2.3300000000000187 -9.027666757104662e-14 0.33
5.050000000000001 2.33 0.0 2.329999999999643 1.7036744721913009e-12 0.33
5.15 2.33 0.0 2.3299999999997834 1.031017939349948e-12 0.33
5.25 2.33 0.0 2.3300000000023307 -1.1151847014131429e-11 0.33
5.3500000000000005 2.33 0.0 2.330000000002197 -1.0509694666138886e-11 0.33
5.45 2.33 0.0 2.329999999985839 6.770691508530835e-11 0.33
5.550000000000001 2.33 0.0 2.32999999997999 9.567184451629459e-11 0.33
5.65 2.33 0.0 2.330000000077333 -3.6978755209917834e-10 0.33
5.75 2.33 0.0 2.3300000001646115 -7.871024933342001e-10 0.33
5.8500000000000005 2.33 0.0 2.329999999658315 1.6342005903190168e-09 0.33
5.95 2.33 0.0 2.329999998862597 5.436406253046778e-09 0.33
6.050000000000001 2.33 0.0 2.3300000011790822 -5.6468890492983716e-09 0.33
6.15 2.33 0.0 2.330000007614114 -3.6295511249313966e-08 0.33
6.25 2.33 0.0 2.330000002870946 -1.4828342701295635e-08 0.33
6.3500000000000005 2.33 0.0 2.329999973469733 1.2266974000862564e-07 0.33
6.45 2.33 0.0 2.3299999970868717 -2.989957563815463e-08 0.33
6.550000000000001 2.33 0.0 2.330000535783742 -2.2295564516695134e-06 0.33
6.65 2.33 0.0 2.3300029323730134 -1.3725410356754654e-05 0.33
6.75 2.33 0.0 2.3300130619422834 -6.228665337838626e-05 0.33
6.8500000000000005 2.33 0.0 2.330054123351048 -0.00025877535402132955 0.33
6.95 2.33 0.0 2.3302093190904567 -0.0010007726494155491 0.33
7.050000000000001 2.33 0.0 2.3307399380894633 -0.003538886670584206 0.33
7.15 2.33 0.0 2.332521707931521 -0.012065523423733734 0.33
7.25 2.33 0.0 2.336568095718525 -0.03147342326731775 0.33
7.3500000000000005 2.33 0.0 2.3416807366376604 -0.05606180564180446 0.33
7.45 2.33 0.0 2.3463864251896984 -0.07876670697738195 0.33
7.550000000000001 2.33 0.0 2.3502313603210956 -0.09735618620895746 0.33
7.65 2.33 0.0 2.353667402742692 -0.11402851864905533 0.33
7.75 2.33 0.0 2.357016623256053 -0.1303212832947676 0.33
7.8500000000000005 2.33 0.0 2.3601433335633932 -0.14549240091638302 0.33
7.95 2.33 0.0 2.3629301259835933 -0.15909726253218281 0.33
8.05 2.320125 0.0 2.3557199983030848 -0.17154408695814405 0.3201249999999999
8.15 2.301125 0.0 2.3292599460627175 -0.18282035567542582 0.301125
8.25 2.283125 0.0 2.3040928641802507 -0.19284162188687398 0.283125
8.350000000000001 2.2661249999999997 0.0 2.280128200934448 -0.2019947468359972 0.2661249999999998
8.45 2.250125 0.0 2.25746372413247 -0.20985660526374378 0.25012500000000015
8.55 2.235125 0.0 2.2362849227023567 -0.21582586639924103 0.23512499999999992
8.65 2.221125 0.0 2.216239626228506 -0.22116244415542816 0.22112499999999996
8.75 2.208125 0.0 2.1971533542776687 -0.2270653509583213 0.208125
8.850000000000001 2.196125 0.0 2.1796045741648067 -0.23053393564046254 0.19612499999999983
8.95 2.185125 0.0 2.164365154027179 -0.22832561443635369 0.1851250000000001
9.05 2.175125 0.0 2.1525456834392145 -0.21527671303301812 0.17512499999999995
9.15 2.166125 0.0 2.143537278227699 -0.19429814037268445 0.16612499999999997
9.25 2.158125 0.0 2.136067275714799 -0.17102181405050454 0.15812500000000002
9.350000000000001 2.151125 0.0 2.1294847107931427 -0.14835250277443654 0.1511249999999999
9.45 2.145125 0.0 2.123701834467259 -0.12665416660495243 0.14512500000000006
9.55 2.140125 0.0 2.1188331428487097 -0.10538388686662108 0.14012499999999997
9.650000000000002 2.136125 0.0 2.1149512636297 -0.0841860915190837 0.13612499999999994
9.75 2.133125 0.0 2.112056259471027 -0.06303120198513776 0.133125
9.850000000000001 2.131125 0.0 2.1101325418474133 -0.04195995565347831 0.131125
9.95 2.130125 0.0 2.1091762578638225 -0.02096101881035707 0.13012500000000002
10.05 2.130125 0.0 2.1091901663661754 4.278313898013352e-06 0.13012500000000002
10.150000000000002 2.131125 0.0 2.1101757921125044 0.02097018283251266 0.13112500000000005
10.25 2.133125 0.0 2.1121314896379357 0.04197108878274472 0.133125
10.350000000000001 2.136125 0.0 2.115054658769135 0.06304501645246131 0.13612500000000005
10.45 2.140125 0.0 2.1189496888773407 0.08420095291903004 0.14012499999999997
10.55 2.145125 0.0 2.1238320664625894 0.10539851058233765 0.14512500000000006
10.650000000000002 2.151125 0.0 2.129699227836806 0.1266784697031042 0.15112500000000015
10.75 2.158125 0.0 2.1364757767919786 0.14840958640305046 0.15812500000000002
10.850000000000001 2.166125 0.0 2.144053124589247 0.17110986507414772 0.16612500000000013
10.95 2.175125 0.0 2.152539303161667 0.19432316783265785 0.17512499999999995
11.05 2.185125 0.0 2.162611877644374 0.2150142297622451 0.1851250000000001
11.150000000000002 2.1961250000000003 0.0 2.1755435194727832 0.2275285692561619 0.19612500000000024
11.25 2.208125 0.0 2.1918363596522057 0.22941741272518995 0.208125
11.350000000000001 2.2211250000000002 0.0 2.210373799963611 0.2258685705105948 0.22112500000000018
11.45 2.235125 0.0 2.2304144843847347 0.22001874063826538 0.23512499999999992
11.55 2.250125 0.0 2.251412016070275 0.21476465785079094 0.25012500000000015
11.650000000000002 2.2661250000000006 0.0 2.273553576469364 0.20878379840151493 0.2661250000000004
11.75 2.283125 0.0 2.2971674908517183 0.20093716243913123 0.283125
11.850000000000001 2.3011250000000003 0.0 2.3220685898967446 0.19185693536766177 0.3011250000000003
11.95 2.320125 0.0 2.348168623221583 0.18190330582427777 0.3201249999999999
12.05 2.33 0.0 2.365280812662088 0.1706998716168292 0.33
12.150000000000002 2.33 0.0 2.362774759321561 0.1583398012906885 0.33
12.25 2.33 0.0 2.3600063934222817 0.14482668386027636 0.33
12.350000000000001 2.33 0.0 2.356900781968747 0.12975673174833344 0.33
12.45 2.33 0.0 2.3535693077272333 0.11355203075926672 0.33
12.55 2.33 0.0 2.350146251277496 0.09694467602109824 0.33
12.650000000000002 2.33 0.0 2.346320865708852 0.07844958065481977 0.33
12.75 2.33 0.0 2.3416489484800183 0.05590871206824249 0.33
12.850000000000001 2.33 0.0 2.3365707837618257 0.03148628986030967 0.33
12.95 2.33 0.0 2.3325362939441083 0.012135410715026575 0.33
13.05 2.33 0.0 2.3307457352544447 0.0035666119923691707 0.33
13.150000000000002 2.33 0.0 2.330211503366319 0.0010112178559140903 0.33
13.25 2.33 0.0 2.3300548273068045 0.0002621435793907314 0.33
13.350000000000001 2.33 0.0 2.3300132673769838 6.326923855461713e-05 0.33
13.45 2.33 0.0 2.3300029875117927 1.3990671265875306e-05 0.33
13.55 2.33 0.0 2.3300005498056686 2.2939005525981764e-06 0.33
13.650000000000002 2.33 0.0 2.329999999328759 3.864586573939124e-08 0.33
13.75 2.33 0.0 2.3299999730279235 -1.2425626525531413e-07 0.33
13.850000000000001 2.33 0.0 2.330000002597437 1.3517797725546132e-08 0.33
13.95 2.33 0.0 2.3300000076920795 3.666310784626644e-08 0.33
14.05 2.33 0.0 2.3300000012620083 6.044984258002088e-09 0.33
14.150000000000002 2.33 0.0 2.3299999988626556 -5.436249179188728e-09 0.33
14.25 2.33 0.0 2.3299999996430127 -1.707404861799468e-09 0.33
14.350000000000001 2.33 0.0 2.330000000163064 7.797143245638152e-10 0.33
14.45 2.33 0.0 2.330000000079976 3.8241498422244837e-10 0.33
14.55 2.33 0.0 2.3299999999804792 -9.33293672797556e-11 0.33
14.650000000000002 2.33 0.0 2.3299999999854215 -6.970072276933488e-11 0.33
14.75 2.33 0.0 2.3300000000020966 1.0031113508414e-11 0.33
14.850000000000001 2.33 0.0 2.3300000000023955 1.1458228300416482e-11 0.33
14.95 2.33 0.0 2.3299999999997993 -9.488609384340745e-13 0.33
15.05 2.33 0.0 2.3299999999996324 -1.7515470592831534e-12 0.33
15.150000000000002 2.33 0.0 2.3300000000000156 8.101370058474421e-14 0.33
15.25 2.33 0.0 2.330000000000051 2.4977339993319047e-13 0.33
15.350000000000001 2.33 0.0 2.3299999999999974 -1.1290556515409438e-14 0.33
15.45 2.33 0.0 2.3299999999999916 -3.9016164184399585e-14 0.33
15.55 2.33 0.0 2.3299999999999996 -2.569501477694882e-15 0.33
15.650000000000002 2.33 0.0 2.330000000000001 3.674440777552192e-15 0.33
15.75 2.33 0.0 2.33 1.7178867279578982e-16 0.33
15.850000000000001 2.33 0.0 2.33 -2.1067160817135843e-16 0.33
15.95 2.33 0.0 2.33 4.0701220637550244e-17 0.33
16.05 2.33 0.0 2.33 1.3367028961249412e-18 0.33
16.15 2.33 0.0 2.33 -1.3061657602441714e-18 0.33
16.25 2.33 0.0 2.33 2.5088839240015357e-19 0.33
16.35 2.33 0.0 2.33 0.0 0.33
16.450000000000003 2.33 0.0 2.33 0.0 0.33
16.55 2.33 0.0 2.33 0.0 0.33
16.65 2.33 0.0 2.33 0.0 0.33
16.75 2.33 0.0 2.33 0.0 0.33
16.85 2.33 0.0 2.33 0.0 0.33
16.950000000000003 2.33 0.0 2.33 0.0 0.33
17.05 2.33 0.0 2.33 0.0 0.33
17.15 2.33 0.0 2.33 0.0 0.33
17.25 2.33 0.0 2.33 0.0 0.33
17.35 2.33 0.0 2.33 0.0 0.33
17.450000000000003 2.33 0.0 2.33 0.0 0.33
17.55 2.33 0.0 2.33 0.0 0.33
17.65 2.33 0.0 2.33 0.0 0.33
17.75 2.33 0.0 2.33 0.0 0.33
17.85 2.33 0.0 2.33 0.0 0.33
17.950000000000003 2.33 0.0 2.33 0.0 0.33
18.05 2.33 0.0 2.33 0.0 0.33
18.15 2.33 0.0 2.33 0.0 0.33
18.25 2.33 0.0 2.33 0.0 0.33
18.35 2.33 0.0 2.33 0.0 0.33
18.450000000000003 2.33 0.0 2.33 0.0 0.33
18.55 2.33 0.0 2.33 0.0 0.33
18.65 2.33 0.0 2.33 0.0 0.33
18.75 2.33 0.0 2.33 0.0 0.33
18.85 2.33 0.0 2.33 0.0 0.33
18.950000000000003 2.33 0.0 2.33 0.0 0.33
19.05 2.33 0.0 2.33 0.0 0.33
19.150000000000002 2.33 0.0 2.33 0.0 0.33
19.25 2.33 0.0 2.33 0.0 0.33
19.35 2.33 0.0 2.33 0.0 0.33
19.450000000000003 2.33 0.0 2.33 0.0 0.33
19.55 2.33 0.0 2.33 0.0 0.33
19.650000000000002 2.33 0.0 2.33 0.0 0.33
19.75 2.33 0.0 2.33 0.0 0.33
19.85 2.33 0.0 2.33 0.0 0.33
19.950000000000003 2.33 0.0 2.33 0.0 0.33
20.05 2.33 0.0 2.33 0.0 0.33
20.150000000000002 2.33 0.0 2.33 0.0 0.33
20.25 2.33 0.0 2.33 0.0 0.33
20.35 2.33 0.0 2.33 0.0 0.33
20.450000000000003 2.33 0.0 2.33 0.0 0.33
20.55 2.33 0.0 2.33 0.0 0.33
20.650000000000002 2.33 0.0 2.33 0.0 0.33
20.75 2.33 0.0 2.33 0.0 0.33
20.85 2.33 0.0 2.33 0.0 0.33
20.950000000000003 2.33 0.0 2.33 0.0 0.33
21.05 2.33 0.0 2.33 0.0 0.33
21.150000000000002 2.33 0.0 2.33 0.0 0.33
21.25 2.33 0.0 2.33 0.0 0.33
21.35 2.33 0.0 2.33 0.0 0.33
21.450000000000003 2.33 0.0 2.33 0.0 0.33
21.55 2.33 0.0 2.33 0.0 0.33
21.650000000000002 2.33 0.0 2.33 0.0 0.33
21.75 2.33 0.0 2.33 0.0 0.33
21.85 2.33 0.0 2.33 0.0 0.33
21.950000000000003 2.33 0.0 2.33 0.0 0.33
22.05 2.33 0.0 2.33 0.0 0.33
22.150000000000002 2.33 0.0 2.33 0.0 0.33
22.25 2.33 0.0 2.33 0.0 0.33
22.35 2.33 0.0 2.33 0.0 0.33
22.450000000000003 2.33 0.0 2.33 0.0 0.33
22.55 2.33 0.0 2.33 0.0 0.33
22.650000000000002 2.33 0.0 2.33 0.0 0.33
22.75 2.33 0.0 2.33 0.0 0.33
22.85 2.33 0.0 2.33 0.0 0.33
22.950000000000003 2.33 0.0 2.33 0.0 0.33
23.05 2.33 0.0 2.33 0.0 0.33
23.150000000000002 2.33 0.0 2.33 0.0 0.33
23.25 2.33 0.0 2.33 0.0 0.33
23.35 2.33 0.0 2.33 0.0 0.33
23.450000000000003 2.33 0.0 2.33 0.0 0.33
23.55 2.33 0.0 2.33 0.0 0.33
23.650000000000002 2.33 0.0 2.33 0.0 0.33
23.75 2.33 0.0 2.33 0.0 0.33
23.85 2.33 0.0 2.33 0.0 0.33
23.950000000000003 2.33 0.0 2.33 0.0 0.33
24.05 2.33 0.0 2.33 0.0 0.33
24.150000000000002 2.33 0.0 2.33 0.0 0.33
24.25 2.33 0.0 2.33 0.0 0.33
24.35 2.33 0.0 2.33 0.0 0.33
24.450000000000003 2.33 0.0 2.33 0.0 0.33
24.55 2.33 0.0 2.33 0.0 0.33
24.650000000000002 2.33 0.0 2.33 0.0 0.33
24.75 2.33 0.0 2.33 0.0 0.33
24.85 2.33 0.0 2.33 0.0 0.33
24.950000000000003 2.33 0.0 2.33 0.0 0.33
