0.05 2.33 0.0 2.33 -2.448219737388926e-46 0.33
0.15000000000000002 2.33 0.0 2.33 2.051516095978665e-46 0.33
0.25 2.33 0.0 2.33 6.135101861490156e-45 0.33
0.35000000000000003 2.33 0.0 2.33 -5.656142558888388e-44 0.33
0.45 2.33 0.0 2.33 2.0607565898463537e-43 0.33
0.55 2.33 0.0 2.33 6.851561723967025e-43 0.33
0.6500000000000001 2.33 0.0 2.33 -1.2585759956175596e-41 0.33
0.75 2.33 0.0 2.33 5.562544764898343e-41 0.33
0.8500000000000001 2.33 0.0 2.33 1.1770124987399114e-40 0.33
0.95 2.33 0.0 2.33 -2.7076899697207343e-39 0.33
1.05 2.33 0.0 2.33 1.1917660571572656e-38 0.33
1.1500000000000001 2.33 0.0 2.33 2.17972382042187e-38 0.33
1.25 2.33 0.0 2.33 -5.0508162045459765e-37 0.33
1.35 2.33 0.0 2.33 2.0540843994531362e-36 0.33
1.4500000000000002 2.33 0.0 2.33 4.677894880045192e-36 0.33
1.55 2.33 0.0 2.33 -8.792361095017196e-35 0.33
1.6500000000000001 2.33 0.0 2.33 3.318997638372912e-34 0.33
1.75 2.33 0.0 2.33 7.598187094156192e-34 0.33
1.85 2.33 0.0 2.33 -1.3072154507136702e-32 0.33
1.9500000000000002 2.33 0.0 2.33 4.569648183491631e-32 0.33
2.05 2.33 0.0 2.33 1.1916291748049785e-31 0.33
2.1500000000000004 2.33 0.0 2.33 -1.8342697481409738e-30 0.33
2.25 2.33 0.0 2.33 6.631578569769128e-30 0.33
2.3500000000000005 2.33 0.0 2.33 9.966069480834479e-30 0.33
2.45 2.33 0.0 2.33 -2.07650143810326e-28 0.33
2.55 2.33 0.0 2.33 8.358269790910901e-28 0.33
2.6500000000000004 2.33 0.0 2.33 6.128011134328651e-28 0.33
2.75 2.33 0.0 2.33 -2.4686855439868142e-26 0.33
2.8500000000000005 2.33 0.0 2.33 1.3038742144497939e-25 0.33
2.95 2.33 0.0 2.33 -1.2821627818313358e-25 0.33
3.05 2.33 0.0 2.33 -2.7831382510240266e-24 0.33
3.1500000000000004 2.33 0.0 2.33 2.0137832960576156e-23 0.33
3.25 2.33 0.0 2.33 -3.597210883326407e-23 0.33
3.3500000000000005 2.33 0.0 2.33 -3.6564983079317782e-22 0.33
3.45 2.33 0.0 2.33 2.9852194565991103e-21 0.33
3.55 2.33 0.0 2.33 -5.1047178651677066e-21 0.33
3.6500000000000004 2.33 0.0 2.33 -4.958406687171038e-20 0.33
3.75 2.33 0.0 2.33 4.0160075994443157e-19 0.33
3.8500000000000005 2.33 0.0 2.33 -7.741445118195352e-19 0.33
3.95 2.33 0.0 2.33 -3.019946871709264e-18 0.33
4.050000000000001 2.33 0.0 2.33 4.406930253058995e-17 0.33
4.15 2.33 0.0 2.33 -9.422197936605848e-17 0.33
4.25 2.33 0.0 2.33 4.109281118776347e-17 0.33
4.35 2.33 0.0 2.329999999999999 2.722487310906978e-15 0.33
4.45 2.33 0.0 2.3299999999999983 8.10283783750959e-15 0.33
4.550000000000001 2.33 0.0 2.330000000000002 -1.1887974152247227e-14 0.33
4.65 2.33 0.0 2.3300000000000085 -4.270713200411008e-14 0.33
4.75 2.33 0.0 2.3299999999999788 9.69465508271527e-14 0.33
4.8500000000000005 2.33 0.0 2.3299999999999303 3.293688431251928e-13 0.33
4.95 2.33 0.0 2.330000000000121 -5.81185013631746e-13 0.33
5.050000000000001 2.33 0.0 2.3300000000005 -2.3968704279119422e-12 0.33
5.15 2.33 0.0 2.329999999999372 2.9943931103558492e-12 0.33
5.25 2.33 0.0 2.3299999999965086 1.669048772168316e-11 0.33
5.3500000000000005 2.33 0.0 2.330000000002269 -1.0856326455249493e-11 0.33
5.45 2.33 0.0 2.330000000022661 -1.0834528364593933e-10 0.33
5.550000000000001 2.33 0.0 2.329999999999716 1.3257956182855639e-12 0.33
5.65 2.33 0.0 2.3299999998668843 6.365256661641915e-10 0.33
5.75 2.33 0.0 2.329999999902168 4.677768691580049e-10 0.33
5.8500000000000005 2.33 0.0 2.3300000006487167 -3.1023258260104932e-09 0.33
5.95 2.33 0.0 2.3300000010464483 -5.0017972008007875e-09 0.33
6.050000000000001 2.33 0.0 2.3299999974059395 1.2417533252981331e-08 0.33
6.15 2.33 0.0 2.329999991379423 4.108683317939272e-08 0.33
6.25 2.33 0.0 2.3300000003485284 -6.503493506226736e-10 0.33
6.3500000000000005 2.33 0.0 2.3300000309761 -1.424376589185599e-07 0.33
6.45 2.33 0.0 2.3299999940991496 6.769881880831571e-08 0.33
6.550000000000001 2.33 0.0 2.3299994498751815 2.338853929902223e-06 0.33
6.65 2.33 0.0 2.3299972338764983 1.2937263417962998e-05 0.33
6.75 2.33 0.0 2.3299892077751947 5.139097366044216e-05 0.33
6.8500000000000005 2.33 0.0 2.329959037221249 0.00019583377493219355 0.33
6.95 2.33 0.0 2.329882132661042 0.0005635025463028858 0.33
7.050000000000001 2.33 0.0 2.32979295093925 0.0009898299882982165 0.33
7.15 2.33 0.0 2.329748663099263 0.001204323848121745 0.33
7.25 2.33 0.0 2.3298320041786944 0.0007992909531445576 0.33
7.3500000000000005 2.33 0.0 2.3299698257566432 0.00018995337579783808 0.33
7.45 2.33 0.0 2.3299909259595086 -9.837854791060867e-05 0.33
7.550000000000001 2.33 0.0 2.329996625071882 9.268033310688837e-05 0.33
7.65 2.33 0.0 2.3299520858683316 0.00032791292268410737 0.33
7.75 2.33 0.0 2.3299284786860475 0.0002663337252881018 0.33
7.8500000000000005 2.33 0.0 2.329968811066127 8.766907845949657e-05 0.33
7.95 2.33 0.0 2.3300005784812496 5.757810773352746e-05 0.33
8.05 2.320125 0.0 2.324065279504785 9.076266424389423e-05 0.3201249999999999
8.15 2.301125 0.0 2.2957679445102706 0.00013034854567031033 0.301125
8.25 2.283125 0.0 2.2889385821222916 9.476141398998092e-05 0.283125
8.350000000000001 2.2661249999999997 0.0 2.2621372781166764 2.663262506665733e-05 0.2661249999999998
8.45 2.250125 0.0 2.2517227914188522 5.4604012455171464e-05 0.25012500000000015
8.55 2.235125 0.0 2.2348145949142246 0.00013207943512625502 0.23512499999999992
8.65 2.221125 0.0 2.2211553973001625 -0.0001311214560118543 0.22112499999999996
8.75 2.208125 0.0 2.2080240236873614 -0.00036228592944692313 0.208125
8.850000000000001 2.196125 0.0 2.195967720903564 -0.0007590105000722012 0.19612499999999983
8.95 2.185125 0.0 2.1849442938807258 -0.0008251693651523693 0.1851250000000001
9.05 2.175125 0.0 2.1749829535512877 -0.0006571965024733556 0.17512499999999995
9.15 2.166125 0.0 2.1660325703467844 -0.00042531840185069795 0.16612499999999997
9.25 2.158125 0.0 2.1580785035632655 -0.00021395552438113318 0.15812500000000002
9.350000000000001 2.151125 0.0 2.151109616232453 -7.04358576553222e-05 0.1511249999999999
9.45 2.145125 0.0 2.145122322750571 -1.2023482327197857e-05 0.14512500000000006
9.55 2.140125 0.0 2.1401257156990856 3.7260867841353518e-06 0.14012499999999997
9.650000000000002 2.136125 0.0 2.136126241905891 5.654854294942866e-06 0.13612499999999994
9.75 2.133125 0.0 2.13312584079493 3.8104624910978465e-06 0.133125
9.850000000000001 2.131125 0.0 2.1311253181289933 1.447257574016918e-06 0.131125
9.95 2.130125 0.0 2.130125023855125 9.642030015665963e-08 0.13012500000000002
10.05 2.130125 0.0 2.130124963245893 -1.5780688551102955e-07 0.13012500000000002
10.150000000000002 2.131125 0.0 2.1311249814016975 -1.7909501542774454e-08 0.13112500000000005
10.25 2.133125 0.0 2.1331249997912716 5.013587879652559e-08 0.133125
10.350000000000001 2.136125 0.0 2.136125026846243 -8.500652678389837e-08 0.13612500000000005
10.45 2.140125 0.0 2.1401250289827987 -7.743521346715507e-08 0.14012499999999997
10.55 2.145125 0.0 2.1451246847025622 1.2420582538568511e-06 0.14512500000000006
10.650000000000002 2.151125 0.0 2.151123085322529 8.46807085331998e-06 0.15112500000000015
10.75 2.158125 0.0 2.1581171191837827 3.603749739917716e-05 0.15812500000000002
10.850000000000001 2.166125 0.0 2.166094504476812 0.00014037350297561873 0.16612500000000013
10.95 2.175125 0.0 2.1750301403197216 0.00043785793174125305 0.17512499999999995
11.05 2.185125 0.0 2.1849497117752668 0.0008104109478740773 0.1851250000000001
11.150000000000002 2.1961250000000003 0.0 2.195904318433654 0.0010235811139139325 0.19612500000000024
11.25 2.208125 0.0 2.207980916955661 0.0006646295076573885 0.208125
11.350000000000001 2.2211250000000002 0.0 2.221122051005781 4.731770695443089e-05 0.22112500000000018
11.45 2.235125 0.0 2.2351488821559253 -0.00024816382471385675 0.23512499999999992
11.55 2.250125 0.0 2.2501567131223803 -7.404133426901333e-05 0.25012500000000015
11.650000000000002 2.2661250000000006 0.0 2.2661147249895937 0.00011989632026390323 0.2661250000000004
11.75 2.283125 0.0 2.283109978570952 2.0059253279316722e-05 0.283125
11.850000000000001 2.3011250000000003 0.0 2.301152987143767 -0.00019185814916026947 0.3011250000000003
11.95 2.320125 0.0 2.3201700867554504 -0.00019088772713427533 0.3201249999999999
12.05 2.33 0.0 2.3339045937771674 -9.724909679092601e-05 0.33
12.150000000000002 2.33 0.0 2.3246398823423253 -4.940133543197946e-05 0.33
12.25 2.33 0.0 2.3355887404641797 -0.00011853982799966525 0.33
12.350000000000001 2.33 0.0 2.3262356488786042 -0.0001897864942212023 0.33
12.45 2.33 0.0 2.331371492533108 -0.0001299370597995014 0.33
12.55 2.33 0.0 2.329726799323101 -8.589689295468073e-05 0.33
12.650000000000002 2.33 0.0 2.329954897408845 -0.00032505792986469166 0.33
12.75 2.33 0.0 2.32988485935536 -0.0005342525603336417 0.33
12.850000000000001 2.33 0.0 2.329809038376167 -0.0009118333963656225 0.33
12.95 2.33 0.0 2.329801553489955 -0.0009483227242474369 0.33
13.05 2.33 0.0 2.3298472913095107 -0.0007304257942419286 0.33
13.150000000000002 2.33 0.0 2.329902289671606 -0.00046713391449273143 0.33
13.25 2.33 0.0 2.3299444097301016 -0.00026578984000160717 0.33
13.350000000000001 2.33 0.0 2.329972749638153 -0.00013029887365151538 0.33
13.45 2.33 0.0 2.3299911273064753 -4.220500800119493e-05 0.33
13.55 2.33 0.0 2.329998641696087 -6.2032388081363515e-06 0.33
13.650000000000002 2.33 0.0 2.330000355890461 2.077561313343492e-06 0.33
13.75 2.33 0.0 2.3300005008330356 2.3022555986046774e-06 0.33
13.850000000000001 2.33 0.0 2.3300002141742073 1.0206649332838373e-06 0.33
13.95 2.33 0.0 2.3300000044015263 1.8275812788277806e-08 0.33
14.05 2.33 0.0 2.3299999630437904 -1.746393060606909e-07 0.33
14.150000000000002 2.33 0.0 2.3299999918329544 -3.9133336269444196e-08 0.33
14.25 2.33 0.0 2.3300000074640153 3.570534813529492e-08 0.33
14.350000000000001 2.33 0.0 2.330000003925341 1.8767467411482804e-08 0.33
14.45 2.33 0.0 2.3299999993277636 -3.2142730260782167e-09 0.33
14.55 2.33 0.0 2.3299999990775055 -4.411038504630219e-09 0.33
14.650000000000002 2.33 0.0 2.329999999976248 -1.1336888970609943e-10 0.33
14.75 2.33 0.0 2.3300000001737375 8.306183701313767e-10 0.33
14.850000000000001 2.33 0.0 2.330000000029479 1.4100245158224618e-10 0.33
14.95 2.33 0.0 2.3299999999727605 -1.3025652660874278e-10 0.33
15.05 2.33 0.0 2.329999999991773 -3.9324266519760754e-11 0.33
15.150000000000002 2.33 0.0 2.330000000003753 1.794588541466624e-11 0.33
15.25 2.33 0.0 2.330000000001692 8.09912334990546e-12 0.33
15.350000000000001 2.33 0.0 2.3299999999995347 -2.2176869363664744e-12 0.33
15.45 2.33 0.0 2.3299999999997016 -1.42407436328056e-12 0.33
15.55 2.33 0.0 2.3300000000000516 2.480800017131274e-13 0.33
15.650000000000002 2.33 0.0 2.3300000000000463 2.240515711975478e-13 0.33
15.75 2.33 0.0 2.329999999999993 -2.977745262632648e-14 0.33
15.850000000000001 2.33 0.0 2.329999999999992 -3.736228401300495e-14 0.33
15.95 2.33 0.0 2.3299999999999996 5.493024829732378e-16 0.33
16.05 2.33 0.0 2.3300000000000005 2.616090674465441e-15 0.33
16.15 2.33 0.0 2.33 -1.2143544632731738e-16 0.33
16.25 2.33 0.0 2.33 -1.2029212676388652e-16 0.33
16.35 2.33 0.0 2.33 3.511212161005523e-17 0.33
16.450000000000003 2.33 0.0 2.33 -1.595529087290327e-18 0.33
16.55 2.33 0.0 2.33 -9.354367556979554e-19 0.33
16.65 2.33 0.0 2.33 2.912463475840613e-19 0.33
16.75 2.33 0.0 2.33 -2.754865580958877e-20 0.33
16.85 2.33 0.0 2.33 -3.1858359464406998e-21 0.33
16.950000000000003 2.33 0.0 2.33 0.0 0.33
17.05 2.33 0.0 2.33 0.0 0.33
17.15 2.33 0.0 2.33 0.0 0.33
17.25 2.33 0.0 2.33 0.0 0.33
17.35 2.33 0.0 2.33 0.0 0.33
17.450000000000003 2.33 0.0 2.33 0.0 0.33
17.55 2.33 0.0 2.33 0.0 0.33
17.65 2.33 0.0 2.33 0.0 0.33
17.75 2.33 0.0 2.33 0.0 0.33
17.85 2.33 0.0 2.33 0.0 0.33
17.950000000000003 2.33 0.0 2.33 0.0 0.33
18.05 2.33 0.0 2.33 0.0 0.33
18.15 2.33 0.0 2.33 0.0 0.33
18.25 2.33 0.0 2.33 0.0 0.33
18.35 2.33 0.0 2.33 0.0 0.33
18.450000000000003 2.33 0.0 2.33 0.0 0.33
18.55 2.33 0.0 2.33 0.0 0.33
18.65 2.33 0.0 2.33 0.0 0.33
18.75 2.33 0.0 2.33 0.0 0.33
18.85 2.33 0.0 2.33 0.0 0.33
18.950000000000003 2.33 0.0 2.33 0.0 0.33
19.05 2.33 0.0 2.33 0.0 0.33
19.150000000000002 2.33 0.0 2.33 0.0 0.33
19.25 2.33 0.0 2.33 0.0 0.33
19.35 2.33 0.0 2.33 0.0 0.33
19.450000000000003 2.33 0.0 2.33 0.0 0.33
19.55 2.33 0.0 2.33 0.0 0.33
19.650000000000002 2.33 0.0 2.33 0.0 0.33
19.75 2.33 0.0 2.33 0.0 0.33
19.85 2.33 0.0 2.33 0.0 0.33
19.950000000000003 2.33 0.0 2.33 0.0 0.33
20.05 2.33 0.0 2.33 0.0 0.33
20.150000000000002 2.33 0.0 2.33 0.0 0.33
20.25 2.33 0.0 2.33 0.0 0.33
20.35 2.33 0.0 2.33 0.0 0.33
20.450000000000003 2.33 0.0 2.33 0.0 0.33
20.55 2.33 0.0 2.33 0.0 0.33
20.650000000000002 2.33 0.0 2.33 0.0 0.33
20.75 2.33 0.0 2.33 0.0 0.33
20.85 2.33 0.0 2.33 0.0 0.33
20.950000000000003 2.33 0.0 2.33 0.0 0.33
21.05 2.33 0.0 2.33 0.0 0.33
21.150000000000002 2.33 0.0 2.33 0.0 0.33
21.25 2.33 0.0 2.33 0.0 0.33
21.35 2.33 0.0 2.33 0.0 0.33
21.450000000000003 2.33 0.0 2.33 0.0 0.33
21.55 2.33 0.0 2.33 0.0 0.33
21.650000000000002 2.33 0.0 2.33 0.0 0.33
21.75 2.33 0.0 2.33 0.0 0.33
21.85 2.33 0.0 2.33 0.0 0.33
21.950000000000003 2.33 0.0 2.33 0.0 0.33
22.05 2.33 0.0 2.33 0.0 0.33
22.150000000000002 2.33 0.0 2.33 0.0 0.33
22.25 2.33 0.0 2.33 0.0 0.33
22.35 2.33 0.0 2.33 0.0 0.33
22.450000000000003 2.33 0.0 2.33 0.0 0.33
22.55 2.33 0.0 2.33 0.0 0.33
22.650000000000002 2.33 0.0 2.33 0.0 0.33
22.75 2.33 0.0 2.33 0.0 0.33
22.85 2.33 0.0 2.33 0.0 0.33
22.950000000000003 2.33 0.0 2.33 0.0 0.33
23.05 2.33 0.0 2.33 0.0 0.33
23.150000000000002 2.33 0.0 2.33 0.0 0.33
23.25 2.33 0.0 2.33 0.0 0.33
23.35 2.33 0.0 2.33 0.0 0.33
23.450000000000003 2.33 0.0 2.33 0.0 0.33
23.55 2.33 0.0 2.33 0.0 0.33
23.650000000000002 2.33 0.0 2.33 0.0 0.33
23.75 2.33 0.0 2.33 0.0 0.33
23.85 2.33 0.0 2.33 0.0 0.33
23.950000000000003 2.33 0.0 2.33 0.0 0.33
24.05 2.33 0.0 2.33 0.0 0.33
24.150000000000002 2.33 0.0 2.33 0.0 0.33
24.25 2.33 0.0 2.33 0.0 0.33
24.35 2.33 0.0 2.33 0.0 0.33
24.450000000000003 2.33 0.0 2.33 0.0 0.33
24.55 2.33 0.0 2.33 0.0 0.33
24.650000000000002 2.33 0.0 2.33 0.0 0.33
24.75 2.33 0.0 2.33 0.0 0.33
24.85 2.33 0.0 2.33 0.0 0.33
24.950000000000003 2.33 0.0 2.33 0.0 0.33
