0.05 2.33 0.0 2.33 -2.912512428163551e-43 0.33
0.15000000000000002 2.33 0.0 2.33 5.974586979821775e-43 0.33
0.25 2.33 0.0 2.33 -1.0582287372332724e-43 0.33
0.35000000000000003 2.33 0.0 2.33 -4.717203960950781e-42 0.33
0.45 2.33 0.0 2.33 3.5339480643654287e-41 0.33
0.55 2.33 0.0 2.33 -2.4614657260729348e-40 0.33
0.6500000000000001 2.33 0.0 2.33 1.3234883072246845e-39 0.33
0.75 2.33 0.0 2.33 -3.7964894008665794e-39 0.33
0.8500000000000001 2.33 0.0 2.33 -8.306726323118005e-39 0.33
0.95 2.33 0.0 2.33 1.636570115221138e-37 0.33
1.05 2.33 0.0 2.33 -9.610144144521855e-37 0.33
1.1500000000000001 2.33 0.0 2.33 2.738301487700478e-36 0.33
1.25 2.33 0.0 2.33 3.761024739254854e-36 0.33
1.35 2.33 0.0 2.33 -8.716431327575043e-35 0.33
1.4500000000000002 2.33 0.0 2.33 4.841785184752081e-34 0.33
1.55 2.33 0.0 2.33 -1.1636943925513247e-33 0.33
1.6500000000000001 2.33 0.0 2.33 -3.452740406590955e-33 0.33
1.75 2.33 0.0 2.33 4.813205796152666e-32 0.33
1.85 2.33 0.0 2.33 -2.270889652703392e-31 0.33
1.9500000000000002 2.33 0.0 2.33 3.648399098888553e-31 0.33
2.05 2.33 0.0 2.33 2.598391760438694e-30 0.33
2.1500000000000004 2.33 0.0 2.33 -2.3064715006305958e-29 0.33
2.25 2.33 0.0 2.33 8.183300980332646e-29 0.33
2.3500000000000005 2.33 0.0 2.33 -7.678052404382745e-30 0.33
2.45 2.33 0.0 2.33 -1.5711188755889923e-27 0.33
2.55 2.33 0.0 2.33 8.925161661098292e-27 0.33
2.6500000000000004 2.33 0.0 2.33 -1.9362953280335215e-26 0.33
2.75 2.33 0.0 2.33 -6.007446360021755e-26 0.33
2.8500000000000005 2.33 0.0 2.33 6.683236869569448e-25 0.33
2.95 2.33 0.0 2.33 -2.4413756885188027e-24 0.33
3.05 2.33 0.0 2.33 1.1421844450439952e-24 0.33
3.1500000000000004 2.33 0.0 2.33 3.453390521885456e-23 0.33
3.25 2.33 0.0 2.33 -1.8831207512974335e-22 0.33
3.3500000000000005 2.33 0.0 2.33 3.6634455479400303e-22 0.33
3.45 2.33 0.0 2.33 1.2033499334242268e-21 0.33
3.55 2.33 0.0 2.33 -1.1652089150116073e-20 0.33
3.6500000000000004 2.33 0.0 2.33 4.0960067819161694e-20 0.33
3.75 2.33 0.0 2.33 -3.457615109652972e-20 0.33
3.8500000000000005 2.33 0.0 2.33 -4.2681379563470852e-19 0.33
3.95 2.33 0.0 2.33 2.5993467731137547e-18 0.33
4.050000000000001 2.33 0.0 2.33 -8.274302976332929e-18 0.33
4.15 2.33 0.0 2.33 -4.2160029461777e-18 0.33
4.25 2.33 0.0 2.33 1.4855956604780605e-16 0.33
4.35 2.33 0.0 2.33 -6.020590231209924e-16 0.33
4.45 2.33 0.0 2.33 1.7110753927300474e-15 0.33
4.550000000000001 2.33 0.0 2.3299999999999983 5.18929639482582e-15 0.33
4.65 2.33 0.0 2.330000000000001 -4.440922581359751e-15 0.33
4.75 2.33 0.0 2.3300000000000023 -1.167163636691631e-14 0.33
4.8500000000000005 2.33 0.0 2.3299999999999876 5.311966505985204e-14 0.33
4.95 2.33 0.0 2.329999999999992 3.449685018445122e-14 0.33
5.050000000000001 2.33 0.0 2.3300000000000667 -3.2334047642241515e-13 0.33
5.15 2.33 0.0 2.3299999999999854 6.72984845842888e-14 0.33
5.25 2.33 0.0 2.3299999999996337 1.7323073707116615e-12 0.33
5.3500000000000005 2.33 0.0 2.3300000000002945 -1.3978277634297123e-12 0.33
5.45 2.33 0.0 2.330000000001732 -8.313445347210815e-12 0.33
5.550000000000001 2.33 0.0 2.329999999997613 1.1430616505625823e-11 0.33
5.65 2.33 0.0 2.3299999999922636 3.6998404134102234e-11 0.33
5.75 2.33 0.0 2.3300000000147008 -7.034986118963309e-11 0.33
5.8500000000000005 2.33 0.0 2.330000000031974 -1.533782832357161e-10 0.33
5.95 2.33 0.0 2.329999999918373 3.94366500385606e-10 0.33
6.050000000000001 2.33 0.0 2.3299999998528462 6.878608713055872e-10 0.33
6.15 2.33 0.0 2.3300000003842527 -1.7953394265904383e-09 0.33
6.25 2.33 0.0 2.3300000008029027 -3.4955237035222685e-09 0.33
6.3500000000000005 2.33 0.0 2.3299999991831553 2.2894885846091236e-09 0.33
6.45 2.33 0.0 2.330000004878112 -1.904562340079068e-08 0.33
6.550000000000001 2.33 0.0 2.330000074095083 -3.396193390017332e-07 0.33
6.65 2.33 0.0 2.330000502094098 -2.391591178901461e-06 0.33
6.75 2.33 0.0 2.330003014733263 -1.4407037231902712e-05 0.33
6.8500000000000005 2.33 0.0 2.3300169221475278 -8.090255494880108e-05 0.33
6.95 2.33 0.0 2.330089711469083 -0.00042901342621807115 0.33
7.050000000000001 2.33 0.0 2.330441581357559 -0.0021113107364853986 0.33
7.15 2.33 0.0 2.3324141547317705 -0.011551449367039522 0.33
7.25 2.33 0.0 2.336778080067175 -0.032484603608160724 0.33
7.3500000000000005 2.33 0.0 2.341978202927862 -0.05748423554881378 0.33
7.45 2.33 0.0 2.3464271815569235 -0.07896953083212732 0.33
7.550000000000001 2.33 0.0 2.350125132375484 -0.09685893683771944 0.33
7.65 2.33 0.0 2.3536805542285335 -0.11404978663475866 0.33
7.75 2.33 0.0 2.35709223768502 -0.13069865996733052 0.33
7.8500000000000005 2.33 0.0 2.3601414086005335 -0.1455819779433162 0.33
7.95 2.33 0.0 2.362927459034077 -0.15895690301395116 0.33
8.05 2.320125 0.0 2.3557541629821745 -0.1716049451802325 0.3201249999999999
8.15 2.301125 0.0 2.329245842825643 -0.18307166652956905 0.301125
8.25 2.283125 0.0 2.3040859958899778 -0.19280574704272851 0.283125
8.350000000000001 2.2661249999999997 0.0 2.2801797767794767 -0.20171248261622715 0.2661249999999998
8.45 2.250125 0.0 2.25745887779321 -0.21001236208317975 0.25012500000000015
8.55 2.235125 0.0 2.2362052735291753 -0.2162279259107614 0.23512499999999992
8.65 2.221125 0.0 2.216277667434201 -0.22107178508880174 0.22112499999999996
8.75 2.208125 0.0 2.197263071405648 -0.22656170859899188 0.208125
8.850000000000001 2.196125 0.0 2.179464068913967 -0.23120324366838912 0.19612499999999983
8.95 2.185125 0.0 2.1641781888088314 -0.22911837730263104 0.1851250000000001
9.05 2.175125 0.0 2.1525134394750873 -0.21543081048690307 0.17512499999999995
9.15 2.166125 0.0 2.1436676975358093 -0.19370448541205315 0.16612499999999997
9.25 2.158125 0.0 2.1362177093833288 -0.17035034259014925 0.15812500000000002
9.350000000000001 2.151125 0.0 2.1295279958566455 -0.14815603392784737 0.1511249999999999
9.45 2.145125 0.0 2.1236726845153555 -0.12678653911756366 0.14512500000000006
9.55 2.140125 0.0 2.1188115014083193 -0.10548087330648116 0.14012499999999997
9.650000000000002 2.136125 0.0 2.1149538354080546 -0.08417465042215386 0.13612499999999994
9.75 2.133125 0.0 2.112062259090564 -0.06300363504256656 0.133125
9.850000000000001 2.131125 0.0 2.1101330548436987 -0.04195823630523309 0.131125
9.95 2.130125 0.0 2.109175220118119 -0.02096794191338376 0.13012500000000002
10.05 2.130125 0.0 2.1091896678511013 4.4648703281109395e-06 0.13012500000000002
10.150000000000002 2.131125 0.0 2.110174774359741 0.020977073291978912 0.13112500000000005
10.25 2.133125 0.0 2.1121321973095375 0.041968425549632364 0.133125
10.350000000000001 2.136125 0.0 2.115060719818083 0.06301711941527582 0.13612500000000005
10.45 2.140125 0.0 2.118951460064359 0.08419314552175813 0.14012499999999997
10.55 2.145125 0.0 2.123809457918492 0.10550001623413162 0.14512500000000006
10.650000000000002 2.151125 0.0 2.129671907040139 0.12680285034321093 0.15112500000000015
10.75 2.158125 0.0 2.1365238243041045 0.14819128050212763 0.15812500000000002
10.850000000000001 2.166125 0.0 2.1442044535310982 0.17043215112813354 0.16612500000000013
10.95 2.175125 0.0 2.152664119838856 0.193753436875628 0.17512499999999995
11.05 2.185125 0.0 2.1625769845232248 0.21518168750587605 0.1851250000000001
11.150000000000002 2.1961250000000003 0.0 2.1753499024131413 0.22835580878011721 0.19612500000000024
11.25 2.208125 0.0 2.19170792084619 0.23002233163783814 0.208125
11.350000000000001 2.2211250000000002 0.0 2.210485073728674 0.22537040694391758 0.22112500000000018
11.45 2.235125 0.0 2.230446876910844 0.21996460004118906 0.23512499999999992
11.55 2.250125 0.0 2.251331940185388 0.21515224610974032 0.25012500000000015
11.650000000000002 2.2661250000000006 0.0 2.2735524014612007 0.2089178011415032 0.2661250000000004
11.75 2.283125 0.0 2.2972183764686545 0.20066671010880194 0.283125
11.850000000000001 2.3011250000000003 0.0 2.3220591380746933 0.19182830149042104 0.3011250000000003
11.95 2.320125 0.0 2.348154962519377 0.18214101788616105 0.3201249999999999
12.05 2.33 0.0 2.3653154882389904 0.17076308592932218 0.33
12.150000000000002 2.33 0.0 2.3627721483445856 0.15820869110150226 0.33
12.25 2.33 0.0 2.360003638250748 0.14490640281129671 0.33
12.350000000000001 2.33 0.0 2.356974579128411 0.13012515425219784 0.33
12.45 2.33 0.0 2.3535827213301697 0.11357719997866407 0.33
12.55 2.33 0.0 2.3500405746692925 0.09644820070603381 0.33
12.650000000000002 2.33 0.0 2.3463587931722216 0.0786387300888506 0.33
12.75 2.33 0.0 2.3419436851976396 0.05731879656432778 0.33
12.850000000000001 2.33 0.0 2.33678340646294 0.0325096568225055 0.33
12.95 2.33 0.0 2.332433676784238 0.011645082125249123 0.33
13.05 2.33 0.0 2.330448699295782 0.0021453354112860716 0.33
13.150000000000002 2.33 0.0 2.330090998755633 0.00043517134279279354 0.33
13.25 2.33 0.0 2.330017214837376 8.23008177939103e-05 0.33
13.350000000000001 2.33 0.0 2.3300030749880674 1.469525339027289e-05 0.33
13.45 2.33 0.0 2.330000513675667 2.447246145401896e-06 0.33
13.55 2.33 0.0 2.330000076182402 3.4968134239234883e-07 0.33
13.650000000000002 2.33 0.0 2.330000005202138 2.02147112506021e-08 0.33
13.75 2.33 0.0 2.329999999153002 -2.3262273605266874e-09 0.33
13.850000000000001 2.33 0.0 2.330000000799328 3.458196391658493e-09 0.33
13.95 2.33 0.0 2.330000000395689 1.8520581257763447e-09 0.33
14.05 2.33 0.0 2.3299999998553016 -6.762619579075166e-10 0.33
14.150000000000002 2.33 0.0 2.3299999999157337 -4.071547910361821e-10 0.33
14.25 2.33 0.0 2.3300000000315344 1.5135791853475162e-10 0.33
14.350000000000001 2.33 0.0 2.330000000015301 7.319511417520214e-11 0.33
14.45 2.33 0.0 2.3299999999922876 -3.687135376667602e-11 0.33
14.55 2.33 0.0 2.329999999997483 -1.2057892526893183e-11 0.33
14.650000000000002 2.33 0.0 2.3300000000017427 8.369179040263083e-12 0.33
14.75 2.33 0.0 2.3300000000003194 1.5180420770080652e-12 0.33
14.850000000000001 2.33 0.0 2.329999999999628 -1.7636193451897514e-12 0.33
14.95 2.33 0.0 2.3299999999999814 -8.675050289135124e-14 0.33
15.05 2.33 0.0 2.3300000000000685 3.3108247181551994e-13 0.33
15.150000000000002 2.33 0.0 2.329999999999993 -3.3272141346147286e-14 0.33
15.25 2.33 0.0 2.3299999999999867 -5.5218807718041376e-14 0.33
15.350000000000001 2.33 0.0 2.3300000000000023 1.1761054725188497e-14 0.33
15.45 2.33 0.0 2.330000000000001 4.617997626477689e-15 0.33
15.55 2.33 0.0 2.3299999999999983 -5.231289908146397e-15 0.33
15.650000000000002 2.33 0.0 2.3299999999999996 -1.6783958979706825e-15 0.33
15.75 2.33 0.0 2.33 3.188570984661639e-16 0.33
15.850000000000001 2.33 0.0 2.33 -8.79773296900632e-17 0.33
15.95 2.33 0.0 2.33 -5.18096222522141e-18 0.33
16.05 2.33 0.0 2.33 8.388876024649074e-18 0.33
16.15 2.33 0.0 2.33 -2.2839444812755965e-18 0.33
16.25 2.33 0.0 2.33 5.18696173124128e-19 0.33
16.35 2.33 0.0 2.33 -5.559908328973105e-20 0.33
16.450000000000003 2.33 0.0 2.33 0.0 0.33
16.55 2.33 0.0 2.33 0.0 0.33
16.65 2.33 0.0 2.33 0.0 0.33
16.75 2.33 0.0 2.33 0.0 0.33
16.85 2.33 0.0 2.33 0.0 0.33
16.950000000000003 2.33 0.0 2.33 0.0 0.33
17.05 2.33 0.0 2.33 0.0 0.33
17.15 2.33 0.0 2.33 0.0 0.33
17.25 2.33 0.0 2.33 0.0 0.33
17.35 2.33 0.0 2.33 0.0 0.33
17.450000000000003 2.33 0.0 2.33 0.0 0.33
17.55 2.33 0.0 2.33 0.0 0.33
17.65 2.33 0.0 2.33 0.0 0.33
17.75 2.33 0.0 2.33 0.0 0.33
17.85 2.33 0.0 2.33 0.0 0.33
17.950000000000003 2.33 0.0 2.33 0.0 0.33
18.05 2.33 0.0 2.33 0.0 0.33
18.15 2.33 0.0 2.33 0.0 0.33
18.25 2.33 0.0 2.33 0.0 0.33
18.35 2.33 0.0 2.33 0.0 0.33
18.450000000000003 2.33 0.0 2.33 0.0 0.33
18.55 2.33 0.0 2.33 0.0 0.33
18.65 2.33 0.0 2.33 0.0 0.33
18.75 2.33 0.0 2.33 0.0 0.33
18.85 2.33 0.0 2.33 0.0 0.33
18.950000000000003 2.33 0.0 2.33 0.0 0.33
19.05 2.33 0.0 2.33 0.0 0.33
19.150000000000002 2.33 0.0 2.33 0.0 0.33
19.25 2.33 0.0 2.33 0.0 0.33
19.35 2.33 0.0 2.33 0.0 0.33
19.450000000000003 2.33 0.0 2.33 0.0 0.33
19.55 2.33 0.0 2.33 0.0 0.33
19.650000000000002 2.33 0.0 2.33 0.0 0.33
19.75 2.33 0.0 2.33 0.0 0.33
19.85 2.33 0.0 2.33 0.0 0.33
19.950000000000003 2.33 0.0 2.33 0.0 0.33
20.05 2.33 0.0 2.33 0.0 0.33
20.150000000000002 2.33 0.0 2.33 0.0 0.33
20.25 2.33 0.0 2.33 0.0 0.33
20.35 2.33 0.0 2.33 0.0 0.33
20.450000000000003 2.33 0.0 2.33 0.0 0.33
20.55 2.33 0.0 2.33 0.0 0.33
20.650000000000002 2.33 0.0 2.33 0.0 0.33
20.75 2.33 0.0 2.33 0.0 0.33
20.85 2.33 0.0 2.33 0.0 0.33
20.950000000000003 2.33 0.0 2.33 0.0 0.33
21.05 2.33 0.0 2.33 0.0 0.33
21.150000000000002 2.33 0.0 2.33 0.0 0.33
21.25 2.33 0.0 2.33 0.0 0.33
21.35 2.33 0.0 2.33 0.0 0.33
21.450000000000003 2.33 0.0 2.33 0.0 0.33
21.55 2.33 0.0 2.33 0.0 0.33
21.650000000000002 2.33 0.0 2.33 0.0 0.33
21.75 2.33 0.0 2.33 0.0 0.33
21.85 2.33 0.0 2.33 0.0 0.33
21.950000000000003 2.33 0.0 2.33 0.0 0.33
22.05 2.33 0.0 2.33 0.0 0.33
22.150000000000002 2.33 0.0 2.33 0.0 0.33
22.25 2.33 0.0 2.33 0.0 0.33
22.35 2.33 0.0 2.33 0.0 0.33
22.450000000000003 2.33 0.0 2.33 0.0 0.33
22.55 2.33 0.0 2.33 0.0 0.33
22.650000000000002 2.33 0.0 2.33 0.0 0.33
22.75 2.33 0.0 2.33 0.0 0.33
22.85 2.33 0.0 2.33 0.0 0.33
22.950000000000003 2.33 0.0 2.33 0.0 0.33
23.05 2.33 0.0 2.33 0.0 0.33
23.150000000000002 2.33 0.0 2.33 0.0 0.33
23.25 2.33 0.0 2.33 0.0 0.33
23.35 2.33 0.0 2.33 0.0 0.33
23.450000000000003 2.33 0.0 2.33 0.0 0.33
23.55 2.33 0.0 2.33 0.0 0.33
23.650000000000002 2.33 0.0 2.33 0.0 0.33
23.75 2.33 0.0 2.33 0.0 0.33
23.85 2.33 0.0 2.33 0.0 0.33
23.950000000000003 2.33 0.0 2.33 0.0 0.33
24.05 2.33 0.0 2.33 0.0 0.33
24.150000000000002 2.33 0.0 2.33 0.0 0.33
24.25 2.33 0.0 2.33 0.0 0.33
24.35 2.33 0.0 2.33 0.0 0.33
24.450000000000003 2.33 0.0 2.33 0.0 0.33
24.55 2.33 0.0 2.33 0.0 0.33
24.650000000000002 2.33 0.0 2.33 0.0 0.33
24.75 2.33 0.0 2.33 0.0 0.33
24.85 2.33 0.0 2.33 0.0 0.33
24.950000000000003 2.33 0.0 2.33 0.0 0.33
