0.05 2.33 0.0 2.33 -5.943735480253792e-43 0.33
0.15000000000000002 2.33 0.0 2.33 -2.150236826902695e-42 0.33
0.25 2.33 0.0 2.33 2.516946467924801e-41 0.33
0.35000000000000003 2.33 0.0 2.33 -1.1362134486490976e-40 0.33
0.45 2.33 0.0 2.33 1.9657035761425645e-40 0.33
0.55 2.33 0.0 2.33 1.0534520438898825e-39 0.33
0.6500000000000001 2.33 0.0 2.33 -1.0036180471495182e-38 0.33
0.75 2.33 0.0 2.33 3.7883911537936946e-38 0.33
0.8500000000000001 2.33 0.0 2.33 -2.580815582666638e-38 0.33
0.95 2.33 0.0 2.33 -5.617561380125666e-37 0.33
1.05 2.33 0.0 2.33 3.5986397498135674e-36 0.33
1.1500000000000001 2.33 0.0 2.33 -9.711376747058932e-36 0.33
1.25 2.33 0.0 2.33 -1.0488785178899123e-35 0.33
1.35 2.33 0.0 2.33 2.250608753551842e-34 0.33
1.4500000000000002 2.33 0.0 2.33 -1.0353038808794045e-33 0.33
1.55 2.33 0.0 2.33 1.7894916396216517e-33 0.33
1.6500000000000001 2.33 0.0 2.33 7.610500704217083e-33 0.33
1.75 2.33 0.0 2.33 -7.103658986260664e-32 0.33
1.85 2.33 0.0 2.33 2.626147418720425e-31 0.33
1.9500000000000002 2.33 0.0 2.33 -2.6971073115528967e-31 0.33
2.05 2.33 0.0 2.33 -2.8874068772679613e-30 0.33
2.1500000000000004 2.33 0.0 2.33 2.077181202062506e-29 0.33
2.25 2.33 0.0 2.33 -6.837683831266485e-29 0.33
2.3500000000000005 2.33 0.0 2.33 3.3122247665911796e-29 0.33
2.45 2.33 0.0 2.33 9.750054133989307e-28 0.33
2.55 2.33 0.0 2.33 -5.991761663636129e-27 0.33
2.6500000000000004 2.33 0.0 2.33 1.661311960728784e-26 0.33
2.75 2.33 0.0 2.33 9.948740089010991e-27 0.33
2.8500000000000005 2.33 0.0 2.33 -3.357058863242191e-25 0.33
2.95 2.33 0.0 2.33 1.69494737822571e-24 0.33
3.05 2.33 0.0 2.33 -3.9042781856699035e-24 0.33
3.1500000000000004 2.33 0.0 2.33 -5.4377708152957894e-24 0.33
3.25 2.33 0.0 2.33 8.926263176951579e-23 0.33
3.3500000000000005 2.33 0.0 2.33 -3.8771367677998217e-22 0.33
3.45 2.33 0.0 2.33 6.191233992138979e-22 0.33
3.55 2.33 0.0 2.33 3.2047550518649676e-21 0.33
3.6500000000000004 2.33 0.0 2.33 -2.827644693868635e-20 0.33
3.75 2.33 0.0 2.33 1.0208426398173223e-19 0.33
3.8500000000000005 2.33 0.0 2.33 -6.581932548597978e-20 0.33
3.95 2.33 0.0 2.33 -1.368614518341179e-18 0.33
4.050000000000001 2.33 0.0 2.33 7.82844835033652e-18 0.33
4.15 2.33 0.0 2.33 -2.0535811252345465e-17 0.33
4.25 2.33 0.0 2.33 -3.478332154594727e-17 0.33
4.35 2.33 0.0 2.33 4.416407269149112e-16 0.33
4.45 2.33 0.0 2.33 -1.215367684399589e-15 0.33
4.550000000000001 2.33 0.0 2.3299999999999987 2.178629895454891e-15 0.33
4.65 2.33 0.0 2.329999999999995 1.9687216659144694e-14 0.33
4.75 2.33 0.0 2.3300000000000023 -1.335812682140062e-14 0.33
4.8500000000000005 2.33 0.0 2.330000000000017 -8.230595641596944e-14 0.33
4.95 2.33 0.0 2.329999999999968 1.4797265716224634e-13 0.33
5.050000000000001 2.33 0.0 2.3299999999999237 3.650723906936421e-13 0.33
5.15 2.33 0.0 2.3300000000002066 -9.933718612974822e-13 0.33
5.25 2.33 0.0 2.330000000000283 -1.3513475238681682e-12 0.33
5.3500000000000005 2.33 0.0 2.3299999999987784 5.833903497686482e-12 0.33
5.45 2.33 0.0 2.3299999999990897 4.348259422219437e-12 0.33
5.550000000000001 2.33 0.0 2.3300000000063954 -3.056743422288428e-11 0.33
5.65 2.33 0.0 2.3300000000026113 -1.2498209628745776e-11 0.33
5.75 2.33 0.0 2.3299999999688086 1.4885581698141702e-10 0.33
5.8500000000000005 2.33 0.0 2.329999999994702 2.7051102854130967e-11 0.33
5.95 2.33 0.0 2.3300000001492496 -7.187951221563011e-10 0.33
6.050000000000001 2.33 0.0 2.330000000038786 -1.8410118584184e-10 0.33
6.15 2.33 0.0 2.3299999993313 3.215467783819227e-09 0.33
6.25 2.33 0.0 2.329999999368546 2.261390088884236e-09 0.33
6.3500000000000005 2.33 0.0 2.330000001374854 -2.943796245626554e-09 0.33
6.45 2.33 0.0 2.329999987192757 5.036024035824268e-08 0.33
6.550000000000001 2.33 0.0 2.3299998775282735 5.731056279593971e-07 0.33
6.65 2.33 0.0 2.329999255213805 3.550543392258215e-06 0.33
6.75 2.33 0.0 2.3299959862558968 1.9202743361867782e-05 0.33
6.8500000000000005 2.33 0.0 2.3299755804506543 0.00011667248421384041 0.33
6.95 2.33 0.0 2.329883912196758 0.0005552665564214692 0.33
7.050000000000001 2.33 0.0 2.3297332566196873 0.001274091334179269 0.33
7.15 2.33 0.0 2.3296796902743906 0.001536092169655163 0.33
7.25 2.33 0.0 2.3298228423349885 0.0008403704685640859 0.33
7.3500000000000005 2.33 0.0 2.3300353594909926 -0.00015869940450724424 0.33
7.45 2.33 0.0 2.330086037720138 -0.0004007013487976915 0.33
7.550000000000001 2.33 0.0 2.329976517264137 4.59436163815273e-05 0.33
7.65 2.33 0.0 2.329921628220914 0.0005032965330296835 0.33
7.75 2.33 0.0 2.32992438107188 0.00030293486889858084 0.33
7.8500000000000005 2.33 0.0 2.3299691688883684 1.0864574834137236e-05 0.33
7.95 2.33 0.0 2.3300092481658714 8.438883355490887e-05 0.33
8.05 2.320125 0.0 2.3240630959086843 0.00012873721554364844 0.3201249999999999
8.15 2.301125 0.0 2.295768027666771 0.00011639418289384034 0.301125
8.25 2.283125 0.0 2.2889415347975692 1.950424445621586e-05 0.283125
8.350000000000001 2.2661249999999997 0.0 2.2621170754820796 2.2013433912841605e-05 0.2661249999999998
8.45 2.250125 0.0 2.25172289292643 0.0001626463249390672 0.25012500000000015
8.55 2.235125 0.0 2.234882392327182 0.00019765549582837985 0.23512499999999992
8.65 2.221125 0.0 2.2211931174723363 0.00019977027304891173 0.22112499999999996
8.75 2.208125 0.0 2.2080560001632725 -0.00023756624702310735 0.208125
8.850000000000001 2.196125 0.0 2.195938286207717 -0.0008967415830261687 0.19612499999999983
8.95 2.185125 0.0 2.184875276438461 -0.001142919591294519 0.1851250000000001
9.05 2.175125 0.0 2.174934667535587 -0.000880577335898353 0.17512499999999995
9.15 2.166125 0.0 2.166024897030452 -0.0004606029310216972 0.16612499999999997
9.25 2.158125 0.0 2.158091086276646 -0.00015620936311005183 0.15812500000000002
9.350000000000001 2.151125 0.0 2.1511211384996787 -1.7701214524217935e-05 0.1511249999999999
9.45 2.145125 0.0 2.1451274524349793 1.1235241148349509e-05 0.14512500000000006
9.55 2.140125 0.0 2.1401277666683027 1.26711022296173e-05 0.14012499999999997
9.650000000000002 2.136125 0.0 2.1361267280123073 7.905821450133414e-06 0.13612499999999994
9.75 2.133125 0.0 2.1331256817231057 3.1169841285170835e-06 0.133125
9.850000000000001 2.131125 0.0 2.131125136183571 6.083951505516159e-07 0.131125
9.95 2.130125 0.0 2.13012501680938 6.83794578133204e-08 0.13012500000000002
10.05 2.130125 0.0 2.130124999551449 -5.369679740593651e-10 0.13012500000000002
10.150000000000002 2.131125 0.0 2.1311249997257597 2.300494761280419e-09 0.13112500000000005
10.25 2.133125 0.0 2.1331249998783166 6.71074560951545e-09 0.133125
10.350000000000001 2.136125 0.0 2.1361250011206456 -1.3947374501860163e-09 0.13612500000000005
10.45 2.140125 0.0 2.1401249951500807 1.7164601475622344e-08 0.14012499999999997
10.55 2.145125 0.0 2.1451249257382425 3.2514238358744443e-07 0.14512500000000006
10.650000000000002 2.151125 0.0 2.1511245189856476 2.2023182180033274e-06 0.15112500000000015
10.75 2.158125 0.0 2.1581222637475492 1.2575172069333534e-05 0.15812500000000002
10.850000000000001 2.166125 0.0 2.1661093245423553 7.219605696410952e-05 0.16612500000000013
10.95 2.175125 0.0 2.175038035882776 0.00040157600111606395 0.17512499999999995
11.05 2.185125 0.0 2.1848985694156258 0.0010468942144998743 0.1851250000000001
11.150000000000002 2.1961250000000003 0.0 2.195823483332378 0.0013991489506597703 0.19612500000000024
11.25 2.208125 0.0 2.207955683258895 0.0007784506577845693 0.208125
11.350000000000001 2.2211250000000002 0.0 2.221190250214617 -0.00029936274114949086 0.22112500000000018
11.45 2.235125 0.0 2.235259425927926 -0.0006265944117590064 0.23512499999999992
11.55 2.250125 0.0 2.2501454533842082 -0.00015814175099521455 0.25012500000000015
11.650000000000002 2.2661250000000006 0.0 2.2660866278393397 0.00031395898123530723 0.2661250000000004
11.75 2.283125 0.0 2.2830924191342055 6.668098947943305e-05 0.283125
11.850000000000001 2.3011250000000003 0.0 2.3011459615082503 -0.00024608728984910883 0.3011250000000003
11.95 2.320125 0.0 2.3201879287948723 -0.00014163092148389408 0.3201249999999999
12.05 2.33 0.0 2.3339104396586543 -8.4796106436453e-05 0.33
12.150000000000002 2.33 0.0 2.3246366639926688 -7.631773084596034e-05 0.33
12.25 2.33 0.0 2.335583506794749 -0.00018431031085093595 0.33
12.350000000000001 2.33 0.0 2.3262126697420076 -0.00019191085077442842 0.33
12.45 2.33 0.0 2.331372640443373 -3.910668378188214e-05 0.33
12.55 2.33 0.0 2.329796455668597 -4.570462519829776e-06 0.33
12.650000000000002 2.33 0.0 2.329987286294968 -1.6682247772310492e-05 0.33
12.75 2.33 0.0 2.3298997132264203 -0.0004850593544153872 0.33
12.850000000000001 2.33 0.0 2.3297700740425524 -0.001098678859580938 0.33
12.95 2.33 0.0 2.329748164483294 -0.0012034308821686145 0.33
13.05 2.33 0.0 2.329819364525855 -0.0008638276354715704 0.33
13.150000000000002 2.33 0.0 2.3298952232335406 -0.0005009023140090874 0.33
13.25 2.33 0.0 2.329947870176884 -0.0002492602317764061 0.33
13.350000000000001 2.33 0.0 2.329982593343679 -8.323283656067818e-05 0.33
13.45 2.33 0.0 2.3300012760873132 6.115709589567553e-06 0.33
13.55 2.33 0.0 2.3300035069781306 1.6770600022161958e-05 0.33
13.650000000000002 2.33 0.0 2.3300019682609197 9.40438040288637e-06 0.33
13.75 2.33 0.0 2.3300006180692825 2.9521616230222068e-06 0.33
13.850000000000001 2.33 0.0 2.3300000893032013 4.1081446016700746e-07 0.33
13.95 2.33 0.0 2.3300000091699475 3.876980878294797e-08 0.33
14.05 2.33 0.0 2.329999998510313 -5.05380959640079e-09 0.33
14.150000000000002 2.33 0.0 2.3300000004926975 1.8633305923716616e-09 0.33
14.25 2.33 0.0 2.3300000007845494 3.735026792012984e-09 0.33
14.350000000000001 2.33 0.0 2.3300000000651075 3.1847108189390176e-10 0.33
14.45 2.33 0.0 2.3299999998263816 -8.342970675604239e-10 0.33
14.55 2.33 0.0 2.329999999967908 -1.5236204157532357e-10 0.33
14.650000000000002 2.33 0.0 2.3300000000363292 1.7362960781565368e-10 0.33
14.75 2.33 0.0 2.3300000000076304 3.642668292446091e-11 0.33
14.850000000000001 2.33 0.0 2.3299999999920535 -3.7941950469828405e-11 0.33
14.95 2.33 0.0 2.329999999998428 -7.538644785617842e-12 0.33
15.05 2.33 0.0 2.3300000000017054 8.180898170691313e-12 0.33
15.150000000000002 2.33 0.0 2.330000000000253 1.2022291613933466e-12 0.33
15.25 2.33 0.0 2.3299999999996404 -1.7123972608104992e-12 0.33
15.350000000000001 2.33 0.0 2.3299999999999716 -1.3648731693831727e-13 0.33
15.45 2.33 0.0 2.33000000000007 3.444627069448714e-13 0.33
15.55 2.33 0.0 2.3299999999999983 -5.921804146123266e-15 0.33
15.650000000000002 2.33 0.0 2.329999999999985 -6.571882854293532e-14 0.33
15.75 2.33 0.0 2.33 5.388115681426532e-15 0.33
15.850000000000001 2.33 0.0 2.330000000000001 9.067113834335188e-15 0.33
15.95 2.33 0.0 2.3299999999999983 -4.767905025966956e-15 0.33
16.05 2.33 0.0 2.329999999999999 -4.0101556534144815e-15 0.33
16.15 2.33 0.0 2.33 6.472479548728138e-17 0.33
16.25 2.33 0.0 2.33 1.052159080847248e-16 0.33
16.35 2.33 0.0 2.33 -7.945116537279101e-17 0.33
16.450000000000003 2.33 0.0 2.33 1.8268970986481874e-17 0.33
16.55 2.33 0.0 2.33 -2.603482650396949e-19 0.33
16.65 2.33 0.0 2.33 -7.941927155023561e-19 0.33
16.75 2.33 0.0 2.33 2.925471022264295e-19 0.33
16.85 2.33 0.0 2.33 -4.7782368579868134e-20 0.33
16.950000000000003 2.33 0.0 2.33 2.210405524554819e-21 0.33
17.05 2.33 0.0 2.33 8.283825912071533e-22 0.33
17.15 2.33 0.0 2.33 0.0 0.33
17.25 2.33 0.0 2.33 0.0 0.33
17.35 2.33 0.0 2.33 0.0 0.33
17.450000000000003 2.33 0.0 2.33 0.0 0.33
17.55 2.33 0.0 2.33 0.0 0.33
17.65 2.33 0.0 2.33 0.0 0.33
17.75 2.33 0.0 2.33 0.0 0.33
17.85 2.33 0.0 2.33 0.0 0.33
17.950000000000003 2.33 0.0 2.33 0.0 0.33
18.05 2.33 0.0 2.33 0.0 0.33
18.15 2.33 0.0 2.33 0.0 0.33
18.25 2.33 0.0 2.33 0.0 0.33
18.35 2.33 0.0 2.33 0.0 0.33
18.450000000000003 2.33 0.0 2.33 0.0 0.33
18.55 2.33 0.0 2.33 0.0 0.33
18.65 2.33 0.0 2.33 0.0 0.33
18.75 2.33 0.0 2.33 0.0 0.33
18.85 2.33 0.0 2.33 0.0 0.33
18.950000000000003 2.33 0.0 2.33 0.0 0.33
19.05 2.33 0.0 2.33 0.0 0.33
19.150000000000002 2.33 0.0 2.33 0.0 0.33
19.25 2.33 0.0 2.33 0.0 0.33
19.35 2.33 0.0 2.33 0.0 0.33
19.450000000000003 2.33 0.0 2.33 0.0 0.33
19.55 2.33 0.0 2.33 0.0 0.33
19.650000000000002 2.33 0.0 2.33 0.0 0.33
19.75 2.33 0.0 2.33 0.0 0.33
19.85 2.33 0.0 2.33 0.0 0.33
19.950000000000003 2.33 0.0 2.33 0.0 0.33
20.05 2.33 0.0 2.33 0.0 0.33
20.150000000000002 2.33 0.0 2.33 0.0 0.33
20.25 2.33 0.0 2.33 0.0 0.33
20.35 2.33 0.0 2.33 0.0 0.33
20.450000000000003 2.33 0.0 2.33 0.0 0.33
20.55 2.33 0.0 2.33 0.0 0.33
20.650000000000002 2.33 0.0 2.33 0.0 0.33
20.75 2.33 0.0 2.33 0.0 0.33
20.85 2.33 0.0 2.33 0.0 0.33
20.950000000000003 2.33 0.0 2.33 0.0 0.33
21.05 2.33 0.0 2.33 0.0 0.33
21.150000000000002 2.33 0.0 2.33 0.0 0.33
21.25 2.33 0.0 2.33 0.0 0.33
21.35 2.33 0.0 2.33 0.0 0.33
21.450000000000003 2.33 0.0 2.33 0.0 0.33
21.55 2.33 0.0 2.33 0.0 0.33
21.650000000000002 2.33 0.0 2.33 0.0 0.33
21.75 2.33 0.0 2.33 0.0 0.33
21.85 2.33 0.0 2.33 0.0 0.33
21.950000000000003 2.33 0.0 2.33 0.0 0.33
22.05 2.33 0.0 2.33 0.0 0.33
22.150000000000002 2.33 0.0 2.33 0.0 0.33
22.25 2.33 0.0 2.33 0.0 0.33
22.35 2.33 0.0 2.33 0.0 0.33
22.450000000000003 2.33 0.0 2.33 0.0 0.33
22.55 2.33 0.0 2.33 0.0 0.33
22.650000000000002 2.33 0.0 2.33 0.0 0.33
22.75 2.33 0.0 2.33 0.0 0.33
22.85 2.33 0.0 2.33 0.0 0.33
22.950000000000003 2.33 0.0 2.33 0.0 0.33
23.05 2.33 0.0 2.33 0.0 0.33
23.150000000000002 2.33 0.0 2.33 0.0 0.33
23.25 2.33 0.0 2.33 0.0 0.33
23.35 2.33 0.0 2.33 0.0 0.33
23.450000000000003 2.33 0.0 2.33 0.0 0.33
23.55 2.33 0.0 2.33 0.0 0.33
23.650000000000002 2.33 0.0 2.33 0.0 0.33
23.75 2.33 0.0 2.33 0.0 0.33
23.85 2.33 0.0 2.33 0.0 0.33
23.950000000000003 2.33 0.0 2.33 0.0 0.33
24.05 2.33 0.0 2.33 0.0 0.33
24.150000000000002 2.33 0.0 2.33 0.0 0.33
24.25 2.33 0.0 2.33 0.0 0.33
24.35 2.33 0.0 2.33 0.0 0.33
24.450000000000003 2.33 0.0 2.33 0.0 0.33
24.55 2.33 0.0 2.33 0.0 0.33
24.650000000000002 2.33 0.0 2.33 0.0 0.33
24.75 2.33 0.0 2.33 0.0 0.33
24.85 2.33 0.0 2.33 0.0 0.33
24.950000000000003 2.33 0.0 2.33 0.0 0.33
