0.125 1.9999999999999996 24.0 2.000000000000771 23.999999999999993 -8.023378137447364e-69
0.375 1.9999999999999996 24.0 2.00000000000077 23.999999999999993 -8.237583357394523e-66
0.625 1.9999999999999996 24.0 2.000000000000769 23.999999999999986 -4.960217038783217e-63
0.875 1.9999999999999996 24.0 2.0000000000007683 23.99999999999998 -2.2389513277987053e-60
1.125 1.9999999999999996 24.0 2.0000000000007674 23.99999999999997 -8.083295968589929e-58
1.375 1.9999999999999996 24.0 2.0000000000007674 23.99999999999997 -2.3927033740792414e-55
1.625 1.9999999999999996 24.0 2.0000000000007656 23.999999999999957 -5.861267598663116e-53
1.875 1.9999999999999996 24.0 2.0000000000007634 23.999999999999947 -1.1883943908134718e-50
2.125 1.9999999999999996 24.0 2.000000000000763 23.999999999999947 -1.976589158084722e-48
2.375 1.9999999999999996 24.0 2.000000000000761 23.999999999999936 -2.632942317395744e-46
2.625 1.9999999999999996 24.0 2.000000000000761 23.999999999999936 -2.638888646042497e-44
2.875 1.9999999999999996 24.0 2.0000000000007594 23.999999999999915 -1.5796414191572262e-42
3.125 1.9999999999999996 24.0 2.000000000000754 23.999999999999883 4.567817789604015e-41
3.375 1.9999999999999996 24.0 2.0000000000007554 23.999999999999897 2.7652750956800404e-38
3.625 1.9999999999999996 24.0 2.000000000000763 23.99999999999995 4.404258009248603e-36
3.875 1.9999999999999996 24.0 2.000000000000814 24.00000000000033 4.802503147034089e-34
4.125 1.9999999999999996 24.0 2.0000000000008384 24.00000000000051 4.0714940949284585e-32
4.375 1.9999999999999996 24.0 2.0000000000008025 24.000000000000227 2.798298194819873e-30
4.625 1.9999999999999996 24.0 2.0000000000008367 24.000000000000476 1.5853487713817023e-28
4.875 1.9999999999999996 24.0 2.000000000000366 23.999999999996962 7.44089836681967e-27
5.125 1.9999999999999996 24.0 1.9999999999999716 23.99999999999384 2.8831502816409013e-25
5.375 1.9999999999999996 24.0 2.000000000000871 24.000000000000917 9.092577194644609e-24
5.625 1.9999999999999996 24.0 1.999999999998299 23.999999999981217 2.252142269674823e-22
5.875 1.9999999999999996 24.0 1.9999999999970073 23.999999999970782 3.954656992153136e-21
6.125 1.9999999999999996 24.0 2.0000000000093054 24.000000000067526 2.789761923259548e-20
6.375 1.9999999999999996 24.0 1.999999999993674 23.99999999993932 -1.0909101867037715e-18
6.625 1.9999999999999996 24.0 1.9999999999624565 23.99999999971926 -5.5213930824722155e-17
6.875 2.0000000000000018 24.0 2.0000000000704174 24.000000000530857 -1.5081395283077498e-15
7.125 2.0000000000000053 24.0 2.000000000091953 24.00000000062573 -3.0406459207729985e-14
7.375 2.0000000000000773 24.0 1.9999999995900506 23.999999997106613 -4.87731075149774e-13
7.625 2.0001000000010105 24.0 1.9999999998180666 23.99999999816874 -6.400550420574792e-12
7.875 2.0001000000109626 24.0 2.0000000022866518 24.000000017649604 -6.946621751012237e-11
8.125 2.0001000000985023 24.0 1.9999999996983426 23.999999997833243 -6.243021272063907e-10
8.375 2.0001000007275307 24.0 1.9999999888928626 23.99999990462167 -4.611047172371882e-09
8.625 2.0001000043231603 24.0 2.0000000113811116 24.000000072147614 -2.7399979986059073e-08
8.875 2.0001000195739977 24.0 2.000000071955144 24.000000375565797 -1.240590773561188e-07
9.125 2.000100056052359 24.0 2.0000000395299717 23.99999974662292 -3.552572240524588e-07
9.375 2.00009997958007 24.0 1.9999998050131325 23.99999878188018 1.2942058380315937e-07
9.625 1.9999985469145345 24.0 1.999998455066446 23.9999995883841 9.209599773068e-06
9.875 1.9999892252343539 24.0 1.9999895044269869 24.000002459298088 6.829060285179713e-05
10.125 1.999947183997248 24.0 1.9999476155011688 24.00000284741635 0.00033476072351890226
10.375 1.9998006062665017 24.0 1.9998006387227794 23.999999500109332 0.0012639670514472895
10.625 1.9993920651653252 24.0 1.999391467890253 23.999995019676817 0.003855097550723615
10.875 1.9984749189029762 24.0 1.9984743068467563 23.999995431865628 0.009678706501005496
11.125 1.9968329575959611 24.0 1.9968329623623429 24.000000661332013 0.02012788497491368
11.375 1.9945681741525068 24.0 1.9945695151208087 24.00001246823578 0.03458962805843038
11.625 1.9923960528264235 24.0 1.9924005537917884 24.000035107073632 0.0485132950314933
11.875 1.9915722283871957 24.0 1.991583099354375 24.00007683617325 0.053807929155783495
12.125 1.9932160170480222 24.0 1.993235855069437 24.000151260535457 0.0432510018706274
12.375 1.9973738648186663 24.0 1.9974074155695902 24.00027898553661 0.01668234441309194
12.625 2.0026381671618303 24.0 2.002699851049516 24.00048716351402 -0.01668234441309194
12.875 2.0068648622820344 24.0 2.0069709629313994 24.000793207801955 -0.0432510018706274
13.125 2.0085529565497833 24.0 2.008693699395806 24.001069853227925 -0.053807929155783495
13.375 2.007705706329197 24.0 2.0078599664639434 24.001201817598464 -0.0485132950314933
13.625 2.005483554071176 24.0 2.0056435935192214 24.00123412785122 -0.03458962805843038
13.875 2.00318455784232 24.0 2.0033458142877 24.001228872593728 -0.02012788497491368
14.125 2.0015291310969436 24.0 2.0016857928229683 24.001198962003432 -0.009678706501005496
14.375 2.0006085773596554 24.0 2.0007537254964607 24.00111676390694 -0.003855097550723615
14.625 2.0001994628036814 24.0 2.0003233684262334 24.00095478365599 -0.0012639670514472895
14.875 2.000052820847689 24.0 2.000142178934524 24.000691712118574 -0.00033476072351890226
15.125 2.000010774967268 24.0 2.000061275033743 24.000398972919744 -6.829060285179713e-05
15.375 2.0000014530891326 24.0 2.000025871556373 24.00019938995805 -9.209599773068e-06
15.625 2.000000020419934 24.0 2.000009342844843 24.000083712675362 -1.2942058380315937e-07
15.875 1.999999943947647 24.0 2.000001459067752 24.000027944784197 3.552572240524588e-07
16.125 1.9999999804260038 24.0 1.999998049492672 24.00000793121194 1.240590773561188e-07
16.375 1.9999999956768408 24.0 1.999996775776618 24.000002331354164 2.7399979986059073e-08
16.625 1.9999999992724706 24.0 1.99999650657511 24.000002215195952 4.611047172371882e-09
16.875 1.9999999999014986 24.0 1.9999968330080697 24.00000379554934 6.243021272063907e-10
17.125 1.999999999989039 24.0 1.9999973725397209 24.000004579405225 6.946621751012237e-11
17.375 1.9999999999989901 24.0 1.9999978135422254 24.000000677603254 6.400550420574792e-12
17.625 1.9999999999999238 24.0 1.9999977713683748 23.999986002877414 4.87731075149774e-13
17.875 1.9999999999999964 24.0 1.9999963986468807 23.9999502372672 3.0406459207729985e-14
18.125 1.9999999999999996 24.0 1.9999927906052988 23.99988158685327 1.5081395283077498e-15
18.375 1.9999999999999996 24.0 1.9999861442229472 23.999767152761827 5.5213930824722155e-17
18.625 1.9999999999999996 24.0 1.999975581079231 23.99959126700146 1.0909101867037715e-18
18.875 1.9999999999999996 24.0 1.9999609076967384 23.999349864353523 -2.789761923259548e-20
19.125 1.9999999999999996 24.0 1.9999479295059803 23.999137491636468 -3.954656992153136e-21
19.375 1.9999999999999996 24.0 1.9999408453771788 23.999022455300484 -2.252142269674823e-22
19.625 1.9999999999999996 24.0 1.9999380177339323 23.99897772652016 -9.092577194644609e-24
19.875 1.9999999999999996 24.0 1.9999375008063818 23.998971002965174 -2.8831502816409013e-25
20.125 1.9999999999999996 24.0 1.9999378378056532 23.998975999837953 -7.44089836681967e-27
20.375 1.9999999999999996 24.0 1.999939169338937 23.998999550245177 -1.5853487713817023e-28
20.625 1.9999999999999996 24.0 1.9999428004161424 23.999060915808023 -2.798298194819873e-30
20.875 1.9999999999999996 24.0 1.999950008365441 23.99917951212009 -4.0714940949284585e-32
21.125 1.9999999999999996 24.0 1.9999616471154735 23.999370068950434 -4.802503147034089e-34
21.375 1.9999999999999996 24.0 1.9999758757159911 23.999603641672437 -4.404258009248603e-36
21.625 1.9999999999999996 24.0 1.9999866704193034 23.999781060505867 -2.7652750956800404e-38
21.875 1.9999999999999996 24.0 1.99999328652068 23.999889780149125 -4.567817789604015e-41
22.125 1.9999999999999996 24.0 1.9999971306597457 23.999952904551563 1.5796414191572262e-42
22.375 1.9999999999999996 24.0 1.999999218700098 23.999987114584957 2.638888646042497e-44
22.625 1.9999999999999996 24.0 2.0000002476320615 24.00000383053639 2.632942317395744e-46
22.875 1.9999999999999996 24.0 2.000000686949573 24.000010762608337 1.976589158084722e-48
23.125 1.9999999999999996 24.0 2.000000822111854 24.000012975853465 1.1883943908134718e-50
23.375 1.9999999999999996 24.0 2.0000008220849903 24.000013323390487 5.861267598663116e-53
23.625 1.9999999999999996 24.0 2.000000781325524 24.00001301076629 2.3927033740792414e-55
23.875 1.9999999999999996 24.0 2.0000007139566627 24.000012133134135 8.083295968589929e-58
24.125 1.9999999999999996 24.0 2.0000005992813144 24.000010316691693 2.2389513277987053e-60
24.375 1.9999999999999996 24.0 2.0000004024533116 24.000007115238297 4.960217038783217e-63
24.625 1.9999999999999996 24.0 2.000000205955008 24.00000374809743 8.237583357394523e-66
24.875 1.9999999999999996 24.0 2.0000000422217568 24.000000468378786 8.023378137447364e-69
