0.125 1.9999999999999996 24.0 2.000000000000771 23.999999999999993 -8.023378137447364e-69
0.375 1.9999999999999996 24.0 2.00000000000077 23.999999999999993 -8.237583357394523e-66
0.625 1.9999999999999996 24.0 2.000000000000769 23.999999999999986 -4.960217038783217e-63
0.875 1.9999999999999996 24.0 2.0000000000007683 23.99999999999998 -2.2389513277987053e-60
1.125 1.9999999999999996 24.0 2.0000000000007674 23.99999999999997 -8.083295968589929e-58
1.375 1.9999999999999996 24.0 2.0000000000007674 23.99999999999997 -2.3927033740792414e-55
1.625 1.9999999999999996 24.0 2.0000000000007665 23.999999999999964 -5.861267598663116e-53
1.875 1.9999999999999996 24.0 2.0000000000007665 23.999999999999964 -1.1883943908134718e-50
2.125 1.9999999999999996 24.0 2.0000000000007665 23.999999999999964 -1.976589158084722e-48
2.375 1.9999999999999996 24.0 2.0000000000007665 23.999999999999964 -2.632942317395744e-46
2.625 1.9999999999999996 24.0 2.0000000000007674 23.99999999999997 -2.638888646042497e-44
2.875 1.9999999999999996 24.0 2.0000000000007647 23.999999999999943 -1.5796414191572262e-42
3.125 1.9999999999999996 24.0 2.0000000000007576 23.999999999999886 4.567817789604015e-41
3.375 1.9999999999999996 24.0 2.0000000000007527 23.999999999999854 2.7652750956800404e-38
3.625 1.9999999999999996 24.0 2.0000000000007585 23.9999999999999 4.404258009248603e-36
3.875 1.9999999999999996 24.0 2.0000000000008122 24.000000000000295 4.802503147034089e-34
4.125 1.9999999999999996 24.0 2.000000000000834 24.00000000000045 4.0714940949284585e-32
4.375 1.9999999999999996 24.0 2.000000000000798 24.000000000000185 2.798298194819873e-30
4.625 1.9999999999999996 24.0 2.0000000000008336 24.000000000000465 1.5853487713817023e-28
4.875 1.9999999999999996 24.0 2.0000000000003646 23.99999999999696 7.44089836681967e-27
5.125 1.9999999999999996 24.0 1.9999999999999711 23.99999999999384 2.8831502816409013e-25
5.375 1.9999999999999996 24.0 2.0000000000008713 24.000000000000924 9.092577194644609e-24
5.625 1.9999999999999996 24.0 1.9999999999982996 23.99999999998123 2.252142269674823e-22
5.875 1.9999999999999996 24.0 1.9999999999970088 23.999999999970797 3.954656992153136e-21
6.125 1.9999999999999996 24.0 2.000000000009305 24.000000000067526 2.789761923259548e-20
6.375 1.9999999999999996 24.0 1.9999999999936737 23.999999999939327 -1.0909101867037715e-18
6.625 1.9999999999999996 24.0 1.9999999999624565 23.999999999719265 -5.5213930824722155e-17
6.875 2.0000000000000018 24.0 2.0000000000704166 24.00000000053085 -1.5081395283077498e-15
7.125 2.0000000000000053 24.0 2.0000000000919504 24.000000000625693 -3.0406459207729985e-14
7.375 2.0000000000000773 24.0 1.999999999590047 23.99999999710658 -4.87731075149774e-13
7.625 2.0001000000010105 24.0 1.9999999998180646 23.999999998168718 -6.400550420574792e-12
7.875 2.0001000000109626 24.0 2.0000000022866495 24.00000001764959 -6.946621751012237e-11
8.125 2.0001000000985023 24.0 1.9999999996983435 23.99999999783325 -6.243021272063907e-10
8.375 2.0001000007275307 24.0 1.999999988892864 23.99999990462168 -4.611047172371882e-09
8.625 2.0001000043231603 24.0 2.0000000113811094 24.000000072147593 -2.7399979986059073e-08
8.875 2.0001000195739977 24.0 2.0000000719551405 24.00000037556577 -1.240590773561188e-07
9.125 2.000100056052359 24.0 2.0000000395299695 23.999999746622894 -3.552572240524588e-07
9.375 2.00009997958007 24.0 1.9999998050131396 23.999998781880166 1.2942058380315937e-07
9.625 1.9999985469145345 24.0 1.999998455066465 23.999999588384558 9.209599773068e-06
9.875 1.9999892252343539 24.0 1.999989504421768 24.000002459296923 6.829060285179713e-05
10.125 1.999947183997248 24.0 1.9999476153605111 24.000002847414173 0.00033476072351890226
10.375 1.9998006062665017 24.0 1.999800636853152 23.99999950012552 0.0012639670514472895
10.625 1.9993920651653252 24.0 1.9993914539491207 23.999995019703285 0.003855097550723615
10.875 1.9984749189029762 24.0 1.9984742505026125 23.99999543187396 0.009678706501005496
11.125 1.9968329575959611 24.0 1.9968328695193436 24.0000006614518 0.02012788497491368
11.375 1.9945681741525068 24.0 1.994569598369265 24.000012468537086 0.03458962805843038
11.625 1.9923960528264235 24.0 1.9924008864172649 24.00003510717194 0.0485132950314933
11.875 1.9915722283871957 24.0 1.9915825546007033 24.00007683483532 0.053807929155783495
12.125 1.9932160170480222 24.0 1.9932341684750736 24.00015125742414 0.0432510018706274
12.375 1.9973738648186663 24.0 1.997409017456216 24.0002789941135 0.01668234441309194
12.625 2.0026381671618303 24.0 2.0027057550107896 24.00048722349365 -0.01668234441309194
12.875 2.0068648622820344 24.0 2.006972525470126 24.00079300663144 -0.0432510018706274
13.125 2.0085529565497833 24.0 2.008691978381553 24.001069780565413 -0.053807929155783495
13.375 2.007705706329197 24.0 2.007865934209896 24.001201983439945 -0.0485132950314933
13.625 2.005483554071176 24.0 2.005652651974433 24.00123415765175 -0.03458962805843038
13.875 2.00318455784232 24.0 2.0033490712306077 24.001228851093288 -0.02012788497491368
14.125 2.0015291310969436 24.0 2.0016873298984796 24.001198950673235 -0.009678706501005496
14.375 2.0006085773596554 24.0 2.0007575439078993 24.00111682655447 -0.003855097550723615
14.625 2.0001994628036814 24.0 2.00032755267274 24.000954967003032 -0.0012639670514472895
14.875 2.000052820847689 24.0 2.000145635533385 24.000692051924602 -0.00033476072351890226
15.125 2.000010774967268 24.0 2.0000644984390683 24.000398794747866 -6.829060285179713e-05
15.375 2.0000014530891326 24.0 2.000029147157105 24.00019862426699 -9.209599773068e-06
15.625 2.000000020419934 24.0 2.000012720913241 24.00008340038162 -1.2942058380315937e-07
15.875 1.999999943947647 24.0 2.000004958434343 24.000028676997054 3.552572240524588e-07
16.125 1.9999999804260038 24.0 2.000001621953178 24.000009080413673 1.240590773561188e-07
16.375 1.9999999956768408 24.0 2.0000003341170363 24.000003345167045 2.7399979986059073e-08
16.625 1.9999999992724706 24.0 1.9999999750766557 24.000002346610803 4.611047172371882e-09
16.875 1.9999999999014986 24.0 2.0000000908131743 24.000002632903033 6.243021272063907e-10
17.125 1.999999999989039 24.0 2.000000277666662 24.000000897168388 6.946621751012237e-11
17.375 1.9999999999989901 24.0 2.0000002100448526 23.999993181926058 6.400550420574792e-12
17.625 1.9999999999999238 24.0 1.9999993209709157 23.9999719697204 4.87731075149774e-13
17.875 1.9999999999999964 24.0 1.9999967149410574 23.999926809836012 3.0406459207729985e-14
18.125 1.9999999999999996 24.0 1.9999916271817293 23.99984694014625 1.5081395283077498e-15
18.375 1.9999999999999996 24.0 1.999983563707893 23.9997218839343 5.5213930824722155e-17
18.625 1.9999999999999996 24.0 1.9999720163027457 23.999538989858365 1.0909101867037715e-18
18.875 1.9999999999999996 24.0 1.999957054795964 23.999296534849492 -2.789761923259548e-20
19.125 1.9999999999999996 24.0 1.999944004022748 23.99908332927987 -3.954656992153136e-21
19.375 1.9999999999999996 24.0 1.9999368593228013 23.998966499227066 -2.252142269674823e-22
19.625 1.9999999999999996 24.0 1.9999341493959741 23.998921721824633 -9.092577194644609e-24
19.875 1.9999999999999996 24.0 1.999933873775519 23.998916721524175 -2.8831502816409013e-25
20.125 1.9999999999999996 24.0 1.9999345008879286 23.998923805519926 -7.44089836681967e-27
20.375 1.9999999999999996 24.0 1.9999361974957457 23.998950336196923 -1.5853487713817023e-28
20.625 1.9999999999999996 24.0 1.999940081067212 23.999014110840175 -2.798298194819873e-30
20.875 1.9999999999999996 24.0 1.9999473374697327 23.999133773761557 -4.0714940949284585e-32
21.125 1.9999999999999996 24.0 1.999958893795285 23.99932431673684 -4.802503147034089e-34
21.375 1.9999999999999996 24.0 1.999972957264847 23.999555791288945 -4.404258009248603e-36
21.625 1.9999999999999996 24.0 1.9999835568788402 23.99972991073875 -2.7652750956800404e-38
21.875 1.9999999999999996 24.0 1.9999900929275083 23.999837162933375 -4.567817789604015e-41
22.125 1.9999999999999996 24.0 1.9999939742129857 23.999900808324693 1.5796414191572262e-42
22.375 1.9999999999999996 24.0 1.9999961956282934 23.999937216202397 2.638888646042497e-44
22.625 1.9999999999999996 24.0 1.9999974256225617 23.99995733990016 2.632942317395744e-46
22.875 1.9999999999999996 24.0 1.9999981062772094 23.999968453180575 1.976589158084722e-48
23.125 1.9999999999999996 24.0 1.9999985146300583 23.99997529458122 1.1883943908134718e-50
23.375 1.9999999999999996 24.0 1.9999988095330141 23.999980298333448 5.861267598663116e-53
23.625 1.9999999999999996 24.0 1.9999990593046273 23.99998452348784 2.3927033740792414e-55
23.875 1.9999999999999996 24.0 1.9999992929311672 23.99998834043137 8.083295968589929e-58
24.125 1.9999999999999996 24.0 1.9999994912328778 23.999991548288886 2.2389513277987053e-60
24.375 1.9999999999999996 24.0 1.999999661820504 23.999994523481647 4.960217038783217e-63
24.625 1.9999999999999996 24.0 1.9999997990147145 23.999996414935637 8.237583357394523e-66
24.875 1.9999999999999996 24.0 1.9999998864180086 23.99999834602003 8.023378137447364e-69
