0.125 1.9999999999999996 24.0 2.000000000000771 23.999999999999993 -8.023378137447364e-69
0.375 1.9999999999999996 24.0 2.00000000000077 23.999999999999993 -8.237583357394523e-66
0.625 1.9999999999999996 24.0 2.000000000000769 23.999999999999986 -4.960217038783217e-63
0.875 1.9999999999999996 24.0 2.0000000000007683 23.99999999999998 -2.2389513277987053e-60
1.125 1.9999999999999996 24.0 2.0000000000007674 23.99999999999997 -8.083295968589929e-58
1.375 1.9999999999999996 24.0 2.0000000000007674 23.99999999999997 -2.3927033740792414e-55
1.625 1.9999999999999996 24.0 2.0000000000007656 23.999999999999957 -5.861267598663116e-53
1.875 1.9999999999999996 24.0 2.0000000000007634 23.999999999999947 -1.1883943908134718e-50
2.125 1.9999999999999996 24.0 2.000000000000763 23.999999999999947 -1.976589158084722e-48
2.375 1.9999999999999996 24.0 2.000000000000762 23.99999999999994 -2.632942317395744e-46
2.625 1.9999999999999996 24.0 2.000000000000761 23.99999999999994 -2.638888646042497e-44
2.875 1.9999999999999996 24.0 2.0000000000007603 23.99999999999993 -1.5796414191572262e-42
3.125 1.9999999999999996 24.0 2.000000000000755 23.999999999999886 4.567817789604015e-41
3.375 1.9999999999999996 24.0 2.0000000000007554 23.999999999999893 2.7652750956800404e-38
3.625 1.9999999999999996 24.0 2.000000000000761 23.99999999999994 4.404258009248603e-36
3.875 1.9999999999999996 24.0 2.0000000000008127 24.000000000000313 4.802503147034089e-34
4.125 1.9999999999999996 24.0 2.0000000000008358 24.00000000000049 4.0714940949284585e-32
4.375 1.9999999999999996 24.0 2.0000000000008007 24.000000000000217 2.798298194819873e-30
4.625 1.9999999999999996 24.0 2.0000000000008367 24.000000000000476 1.5853487713817023e-28
4.875 1.9999999999999996 24.0 2.000000000000365 23.99999999999697 7.44089836681967e-27
5.125 1.9999999999999996 24.0 1.9999999999999725 23.999999999993854 2.8831502816409013e-25
5.375 1.9999999999999996 24.0 2.000000000000874 24.000000000000945 9.092577194644609e-24
5.625 1.9999999999999996 24.0 1.9999999999983005 23.999999999981227 2.252142269674823e-22
5.875 1.9999999999999996 24.0 1.9999999999970057 23.99999999997076 3.954656992153136e-21
6.125 1.9999999999999996 24.0 2.0000000000093 24.00000000006749 2.789761923259548e-20
6.375 1.9999999999999996 24.0 1.9999999999936704 23.99999999993929 -1.0909101867037715e-18
6.625 1.9999999999999996 24.0 1.9999999999624554 23.999999999719247 -5.5213930824722155e-17
6.875 2.0000000000000018 24.0 2.0000000000704183 24.00000000053086 -1.5081395283077498e-15
7.125 2.0000000000000053 24.0 2.0000000000919558 24.000000000625743 -3.0406459207729985e-14
7.375 2.0000000000000773 24.0 1.9999999995900524 23.99999999710662 -4.87731075149774e-13
7.625 2.0001000000010105 24.0 1.9999999998180669 23.999999998168732 -6.400550420574792e-12
7.875 2.0001000000109626 24.0 2.00000000228665 24.000000017649587 -6.946621751012237e-11
8.125 2.0001000000985023 24.0 1.9999999996983424 23.999999997833243 -6.243021272063907e-10
8.375 2.0001000007275307 24.0 1.9999999888928626 23.999999904621674 -4.611047172371882e-09
8.625 2.0001000043231603 24.0 2.000000011381111 24.000000072147603 -2.7399979986059073e-08
8.875 2.0001000195739977 24.0 2.0000000719551445 24.000000375565797 -1.240590773561188e-07
9.125 2.000100056052359 24.0 2.0000000395299704 23.999999746622883 -3.552572240524588e-07
9.375 2.00009997958007 24.0 1.9999998050131058 23.999998781880162 1.2942058380315937e-07
9.625 1.9999985469145345 24.0 1.999998455066223 23.999999588384085 9.209599773068e-06
9.875 1.9999892252343539 24.0 1.9999895044253222 24.00000245929973 6.829060285179713e-05
10.125 1.999947183997248 24.0 1.9999476155480078 24.00000284741683 0.00033476072351890226
10.375 1.9998006062665017 24.0 1.9998006400440989 23.999999500083298 0.0012639670514472895
10.625 1.9993920651653252 24.0 1.999391482582686 23.999995019646565 0.003855097550723615
10.875 1.9984749189029762 24.0 1.998474394953958 23.999995431839473 0.009678706501005496
11.125 1.9968329575959611 24.0 1.9968332523299184 24.000000661170297 0.02012788497491368
11.375 1.9945681741525068 24.0 1.9945699703702104 24.00001246749041 0.03458962805843038
11.625 1.9923960528264235 24.0 1.9924007460719184 24.00003510514881 0.0485132950314933
11.875 1.9915722283871957 24.0 1.9915836091180932 24.000076833516797 0.053807929155783495
12.125 1.9932160170480222 24.0 1.9932395784111505 24.00015126152642 0.0432510018706274
12.375 1.9973738648186663 24.0 1.9974144553617845 24.00027899420912 0.01668234441309194
12.625 2.0026381671618303 24.0 2.002704467357052 24.000487134410683 -0.01668234441309194
12.875 2.0068648622820344 24.0 2.0069731835654867 24.000793160496507 -0.0432510018706274
13.125 2.0085529565497833 24.0 2.00870105516087 24.001069909872733 -0.053807929155783495
13.375 2.007705706329197 24.0 2.0078710220715252 24.001201762012585 -0.0485132950314933
13.625 2.005483554071176 24.0 2.005651213255577 24.001234083399158 -0.03458962805843038
13.875 2.00318455784232 24.0 2.0033506271610477 24.001228856113393 -0.02012788497491368
14.125 2.0015291310969436 24.0 2.001691304676846 24.001198980216536 -0.009678706501005496
14.375 2.0006085773596554 24.0 2.0007599025910796 24.00111682046398 -0.003855097550723615
14.625 2.0001994628036814 24.0 2.0003292572846085 24.00095483741184 -0.0012639670514472895
14.875 2.000052820847689 24.0 2.0001477555865774 24.00069154334954 -0.00033476072351890226
15.125 2.000010774967268 24.0 2.0000667560927763 24.000398274481256 -6.829060285179713e-05
15.375 2.0000014530891326 24.0 2.0000314602199856 24.00019924728769 -9.209599773068e-06
15.625 2.000000020419934 24.0 2.000015102693867 24.00008507184149 -1.2942058380315937e-07
15.875 1.999999943947647 24.0 2.000007243194621 24.00002966564405 3.552572240524588e-07
16.125 1.9999999804260038 24.0 2.000003563047108 24.000007175305377 1.240590773561188e-07
16.375 1.9999999956768408 24.0 2.000001767347933 23.999997476494034 2.7399979986059073e-08
16.625 1.9999999992724706 24.0 2.000000786967512 23.999991784975442 4.611047172371882e-09
16.875 1.9999999999014986 24.0 2.000000143904583 23.999986624671987 6.243021272063907e-10
17.125 1.999999999989039 24.0 1.9999994910401884 23.999978625287003 6.946621751012237e-11
17.375 1.9999999999989901 24.0 1.999998468172595 23.999963412105245 6.400550420574792e-12
17.625 1.9999999999999238 24.0 1.9999965300572615 23.999934142051373 4.87731075149774e-13
17.875 1.9999999999999964 24.0 1.99999304260663 23.999882342523833 3.0406459207729985e-14
18.125 1.9999999999999996 24.0 1.9999875205828253 23.999799334449307 1.5081395283077498e-15
18.375 1.9999999999999996 24.0 1.9999795513129457 23.99967517242306 5.5213930824722155e-17
18.625 1.9999999999999996 24.0 1.9999684582133586 23.999495970985066 1.0909101867037715e-18
18.875 1.9999999999999996 24.0 1.9999540001691776 23.999257348379974 -2.789761923259548e-20
19.125 1.9999999999999996 24.0 1.9999413389007987 23.999046675180956 -3.954656992153136e-21
19.375 1.9999999999999996 24.0 1.9999345446174175 23.99893240825333 -2.252142269674823e-22
19.625 1.9999999999999996 24.0 1.9999321015716096 23.998889750586955 -9.092577194644609e-24
19.875 1.9999999999999996 24.0 1.999931979889678 23.998886113071855 -2.8831502816409013e-25
20.125 1.9999999999999996 24.0 1.999932716597505 23.998893994367823 -7.44089836681967e-27
20.375 1.9999999999999996 24.0 1.9999344266273347 23.99892047737646 -1.5853487713817023e-28
20.625 1.9999999999999996 24.0 1.9999381928093183 23.998982955402205 -2.798298194819873e-30
20.875 1.9999999999999996 24.0 1.9999453210814329 23.99910117814619 -4.0714940949284585e-32
21.125 1.9999999999999996 24.0 1.999956837187168 23.999291021361977 -4.802503147034089e-34
21.375 1.9999999999999996 24.0 1.9999708777641487 23.999521728043337 -4.404258009248603e-36
21.625 1.9999999999999996 24.0 1.9999813925142202 23.99969434798139 -2.7652750956800404e-38
21.875 1.9999999999999996 24.0 1.999987913730215 23.999801401814313 -4.567817789604015e-41
22.125 1.9999999999999996 24.0 1.9999919276424707 23.999867309884294 1.5796414191572262e-42
22.375 1.9999999999999996 24.0 1.9999944699966723 23.9999090680559 2.638888646042497e-44
22.625 1.9999999999999996 24.0 1.9999961857292794 23.99993724293394 2.632942317395744e-46
22.875 1.9999999999999996 24.0 1.999997424336933 23.999957564929442 1.976589158084722e-48
23.125 1.9999999999999996 24.0 1.9999983478041763 23.999972678970902 1.1883943908134718e-50
23.375 1.9999999999999996 24.0 1.9999990279894542 23.999983792034108 5.861267598663116e-53
23.625 1.9999999999999996 24.0 1.9999995098476608 23.999991631409777 2.3927033740792414e-55
23.875 1.9999999999999996 24.0 1.999999833744078 23.999996964868295 8.083295968589929e-58
24.125 1.9999999999999996 24.0 2.0000000483272067 24.000000523436686 2.2389513277987053e-60
24.375 1.9999999999999996 24.0 2.000000168269323 24.000002447489983 4.960217038783217e-63
24.625 1.9999999999999996 24.0 2.0000002416956724 24.000003953891742 8.237583357394523e-66
24.875 1.9999999999999996 24.0 2.000000295409637 24.000004599561 8.023378137447364e-69
