0.125 1.9999999999999996 24.0 2.00000000000077 23.999999999999993 -8.023378137447364e-69
0.375 1.9999999999999996 24.0 2.00000000000077 23.999999999999993 -8.237583357394523e-66
0.625 1.9999999999999996 24.0 2.00000000000077 23.999999999999993 -4.960217038783217e-63
0.875 1.9999999999999996 24.0 2.000000000000771 23.999999999999993 -2.2389513277987053e-60
1.125 1.9999999999999996 24.0 2.000000000000771 23.999999999999993 -8.083295968589929e-58
1.375 1.9999999999999996 24.0 2.000000000000772 23.999999999999993 -2.3927033740792414e-55
1.625 1.9999999999999996 24.0 2.000000000000771 23.99999999999999 -5.861267598663116e-53
1.875 1.9999999999999996 24.0 2.000000000000771 23.99999999999999 -1.1883943908134718e-50
2.125 1.9999999999999996 24.0 2.000000000000771 23.999999999999986 -1.976589158084722e-48
2.375 1.9999999999999996 24.0 2.00000000000077 23.999999999999982 -2.632942317395744e-46
2.625 1.9999999999999996 24.0 2.000000000000771 23.999999999999986 -2.638888646042497e-44
2.875 1.9999999999999996 24.0 2.0000000000007683 23.999999999999964 -1.5796414191572262e-42
3.125 1.9999999999999996 24.0 2.0000000000007594 23.999999999999893 4.567817789604015e-41
3.375 1.9999999999999996 24.0 2.0000000000007536 23.999999999999844 2.7652750956800404e-38
3.625 1.9999999999999996 24.0 2.0000000000007563 23.999999999999872 4.404258009248603e-36
3.875 1.9999999999999996 24.0 2.0000000000008082 24.000000000000277 4.802503147034089e-34
4.125 1.9999999999999996 24.0 2.000000000000834 24.00000000000047 4.0714940949284585e-32
4.375 1.9999999999999996 24.0 2.0000000000007963 24.00000000000017 2.798298194819873e-30
4.625 1.9999999999999996 24.0 2.0000000000008287 24.000000000000412 1.5853487713817023e-28
4.875 1.9999999999999996 24.0 2.000000000000358 23.999999999996888 7.44089836681967e-27
5.125 1.9999999999999996 24.0 1.999999999999964 23.999999999993772 2.8831502816409013e-25
5.375 1.9999999999999996 24.0 2.000000000000867 24.000000000000874 9.092577194644609e-24
5.625 1.9999999999999996 24.0 1.9999999999983005 23.999999999981263 2.252142269674823e-22
5.875 1.9999999999999996 24.0 1.9999999999969853 23.999999999970466 3.954656992153136e-21
6.125 1.9999999999999996 24.0 2.0000000000094205 24.000000000068923 2.789761923259548e-20
6.375 1.9999999999999996 24.0 1.99999999999322 23.999999999934165 -1.0909101867037715e-18
6.625 1.9999999999999996 24.0 1.9999999999635385 23.99999999973224 -5.5213930824722155e-17
6.875 2.0000000000000018 24.0 2.0000000000697726 24.00000000051743 -1.5081395283077498e-15
7.125 2.0000000000000053 24.0 2.0000000000837623 24.000000000560817 -3.0406459207729985e-14
7.375 2.0000000000000773 24.0 1.999999999639237 23.999999997584105 -4.87731075149774e-13
7.625 2.0001000000010105 24.0 1.999999999648621 23.999999996361666 -6.400550420574792e-12
7.875 2.0001000000109626 24.0 2.000000002616166 24.00000002191243 -6.946621751012237e-11
8.125 2.0001000000985023 24.0 1.9999999998518834 23.999999995262492 -6.243021272063907e-10
8.375 2.0001000007275307 24.0 1.999999984816153 23.999999880000644 -4.611047172371882e-09
8.625 2.0001000043231603 24.0 2.0000000219909086 24.00000016751326 -2.7399979986059073e-08
8.875 2.0001000195739977 24.0 2.000000072825303 24.00000031638661 -1.240590773561188e-07
9.125 2.000100056052359 24.0 1.999999993647598 23.999999541228973 -3.552572240524588e-07
9.375 2.00009997958007 24.0 1.9999997273199481 23.99999931907992 1.2942058380315937e-07
9.625 1.9999985469145345 24.0 1.9999975821731235 24.000000626058934 9.209599773068e-06
9.875 1.9999892252343539 24.0 1.9999845152534643 24.000001911183166 6.829060285179713e-05
10.125 1.999947183997248 24.0 1.9999296707018408 24.000001094975914 0.00033476072351890226
10.375 1.9998006062665017 24.0 1.9997524448088513 23.999998262018508 0.0012639670514472895
10.625 1.9993920651653252 24.0 1.99929323820606 23.999995912861703 0.003855097550723615
10.875 1.9984749189029762 24.0 1.9983291534490009 23.999996583258174 0.009678706501005496
11.125 1.9968329575959611 24.0 1.996688058924909 24.000001881792944 0.02012788497491368
11.375 1.9945681741525068 24.0 1.9945774221076764 24.00001414781742 0.03458962805843038
11.625 1.9923960528264235 24.0 1.991510988398476 24.000039526136195 0.0485132950314933
11.875 1.9915722283871957 24.0 1.9918007157459228 24.000092278486267 0.053807929155783495
12.125 1.9932160170480222 24.0 1.993843248427758 24.000188300609366 0.0432510018706274
12.375 1.9973738648186663 24.0 1.9978639937387286 24.0003465072132 0.01668234441309194
12.625 2.0026381671618303 24.0 2.0026140200091005 24.000614494003703 -0.01668234441309194
12.875 2.0068648622820344 24.0 2.0081568842352997 24.000868694632757 -0.0432510018706274
13.125 2.0085529565497833 24.0 2.0084789281760473 24.00101059108245 -0.053807929155783495
13.375 2.007705706329197 24.0 2.007437531399633 24.001068240846944 -0.0485132950314933
13.625 2.005483554071176 24.0 2.0054491257262343 24.001485612015564 -0.03458962805843038
13.875 2.00318455784232 24.0 2.0032810803790118 23.999986753470886 -0.02012788497491368
14.125 2.0015291310969436 24.0 2.0012838241223037 23.99932246028491 -0.009678706501005496
14.375 2.0006085773596554 24.0 2.0007602692341786 24.005439130616466 -0.003855097550723615
14.625 2.0001994628036814 24.0 2.000495852704133 24.002181711216842 -0.0012639670514472895
14.875 2.000052820847689 24.0 2.000055239859009 23.999130959405036 -0.00033476072351890226
15.125 2.000010774967268 24.0 2.0000417953646865 23.999352897052937 -6.829060285179713e-05
15.375 2.0000014530891326 24.0 2.0001681593381075 24.00148329187428 -9.209599773068e-06
15.625 2.000000020419934 24.0 2.0002100570337213 24.001923798164448 -1.2942058380315937e-07
15.875 1.999999943947647 24.0 2.000194502962935 24.00161543839901 3.552572240524588e-07
16.125 1.9999999804260038 24.0 2.0001563528276236 24.001013100359486 1.240590773561188e-07
16.375 1.9999999956768408 24.0 2.000146138692843 24.000914738315444 2.7399979986059073e-08
16.625 1.9999999992724706 24.0 2.0001282057250767 24.00090921639875 4.611047172371882e-09
16.875 1.9999999999014986 24.0 2.000107655180982 24.000799748814902 6.243021272063907e-10
17.125 1.999999999989039 24.0 2.000040184813905 24.00032125473847 6.946621751012237e-11
17.375 1.9999999999989901 24.0 1.9998946952960261 23.99916463181704 6.400550420574792e-12
17.625 1.9999999999999238 24.0 1.9997913784882493 23.998356603094145 4.87731075149774e-13
17.875 1.9999999999999964 24.0 1.9997831648845397 23.998305610689556 3.0406459207729985e-14
18.125 1.9999999999999996 24.0 1.9998045673221214 23.998490386145942 1.5081395283077498e-15
18.375 1.9999999999999996 24.0 1.9998374777954226 23.99866352930196 5.5213930824722155e-17
18.625 1.9999999999999996 24.0 1.9998717225458866 23.998852723453172 1.0909101867037715e-18
18.875 1.9999999999999996 24.0 1.999949866423874 23.999359577398227 -2.789761923259548e-20
19.125 1.9999999999999996 24.0 2.00001067989626 23.999642977204104 -3.954656992153136e-21
19.375 1.9999999999999996 24.0 2.0000297575290875 23.999684157253103 -2.252142269674823e-22
19.625 1.9999999999999996 24.0 2.00003872430391 23.999619053847713 -9.092577194644609e-24
19.875 1.9999999999999996 24.0 2.0000230219420496 23.999320871241366 -2.8831502816409013e-25
20.125 1.9999999999999996 24.0 1.9999653933804702 23.998697524167373 -7.44089836681967e-27
20.375 1.9999999999999996 24.0 1.9999274460632162 23.99839955398096 -1.5853487713817023e-28
20.625 1.9999999999999996 24.0 1.9999117010852614 23.998314695486677 -2.798298194819873e-30
20.875 1.9999999999999996 24.0 1.999902947076467 23.998278475744996 -4.0714940949284585e-32
21.125 1.9999999999999996 24.0 1.999897185025507 23.99826933441426 -4.802503147034089e-34
21.375 1.9999999999999996 24.0 1.9998935669628628 23.99829211456864 -4.404258009248603e-36
21.625 1.9999999999999996 24.0 1.9998960326484707 23.99837570053456 -2.7652750956800404e-38
21.875 1.9999999999999996 24.0 1.999905041539991 23.998511323723825 -4.567817789604015e-41
22.125 1.9999999999999996 24.0 1.999916372761299 23.99866445123199 1.5796414191572262e-42
22.375 1.9999999999999996 24.0 1.9999291898059903 23.998846765213237 2.638888646042497e-44
22.625 1.9999999999999996 24.0 1.9999458791264004 23.999103709541792 2.632942317395744e-46
22.875 1.9999999999999996 24.0 1.9999707095641417 23.99950830948889 1.976589158084722e-48
23.125 1.9999999999999996 24.0 2.0000102612184847 24.000163783466203 1.1883943908134718e-50
23.375 1.9999999999999996 24.0 2.0000585300094262 24.00096059704528 5.861267598663116e-53
23.625 1.9999999999999996 24.0 2.000084633753405 24.00139015128789 2.3927033740792414e-55
23.875 1.9999999999999996 24.0 2.0000914918733206 24.0015031508901 8.083295968589929e-58
24.125 1.9999999999999996 24.0 2.0000903201717413 24.001483999011374 2.2389513277987053e-60
24.375 1.9999999999999996 24.0 2.000083893594648 24.00137863992687 4.960217038783217e-63
24.625 1.9999999999999996 24.0 2.000066927113636 24.001099813114447 8.237583357394523e-66
24.875 1.9999999999999996 24.0 2.0000234197748923 24.000384766873978 8.023378137447364e-69
