-0.9933333333333334 0.4064820503519311 0.40584852173326924
-0.98 0.39745966855070874 0.3984108336637806
-0.9666666666666667 0.35600578422951235 0.3489380523123158
-0.9533333333333334 0.35282273498008415 0.35554015601448086
-0.94 0.40032650535307923 0.4001984912879437
-0.9266666666666667 0.4375028809200965 0.4397070017285215
-0.9133333333333333 0.41032181157124714 0.40993224159940533
-0.8999999999999999 0.3717998279810988 0.36758424490559577
-0.8866666666666667 0.38625913512263893 0.3903787211209117
-0.8733333333333333 0.44294174673895326 0.44388287431936957
-0.86 0.4641005000397049 0.46896974953357123
-0.8466666666666667 0.42221671235991054 0.41930292548902715
-0.8333333333333333 0.39337008193950684 0.3944009768581197
-0.8200000000000001 0.4268498882416777 0.43119240825717703
-0.8066666666666666 0.48590983087177547 0.48911918658718134
-0.7933333333333333 0.48575500688948847 0.49216679906236627
-0.78 0.4354402290540915 0.43093500329922185
-0.7666666666666666 0.4222616928482626 0.42852803914336624
-0.7533333333333333 0.47385819711150406 0.47855493571522995
-0.74 0.526512757866128 0.5332142186585013
-0.7266666666666667 0.5031927821517044 0.5091592778675819
-0.7133333333333334 0.452476718106125 0.4497693511856238
-0.7 0.45970508077569944 0.46914494808357027
-0.6866666666666666 0.5258286124993548 0.5315528435433978
-0.6733333333333333 0.5631329468016196 0.5730496404558891
-0.6599999999999999 0.5200182647199513 0.5217143947860639
-0.6466666666666666 0.4796503581202544 0.4787047571682157
-0.6333333333333333 0.514474971264879 0.5169263107817651
-0.62 0.5960552030264261 0.5883342079967758
-0.6066666666666667 0.6230771506068387 0.6067610865215254
-0.5933333333333333 0.58605161950253 0.535093043820181
-0.58 0.59038939496977 0.5183971387295767
-0.5666666666666667 0.6841066294488093 0.5735527627737456
-0.5533333333333333 0.8013920856486295 0.64564775963766
-0.54 0.834083285035069 0.6318023640061162
-0.5266666666666666 0.8122735970229933 0.55329542664381
-0.5133333333333333 0.8378112498097384 0.5648391609710187
-0.49999999999999994 0.9226551064890123 0.636012593986183
-0.48666666666666664 0.9688115676802723 0.697613852073817
-0.47333333333333333 0.8962380467483859 0.6488101469217061
-0.45999999999999996 0.7946913520443243 0.5826347479265415
-0.4466666666666666 0.7704108069188222 0.6194755078985117
-0.4333333333333333 0.8120697087170212 0.7041721201564116
-0.42 0.8035236785920935 0.7421126158448765
-0.4066666666666666 0.7069744237165768 0.6623108961310993
-0.39333333333333326 0.6415324336811545 0.6244514087770913
-0.37999999999999995 0.6807317221151552 0.6833523973036726
-0.36666666666666664 0.7637405924222034 0.7746814027794857
-0.35333333333333333 0.7573525974320976 0.7775113793297506
-0.33999999999999997 0.6768834786187408 0.6803543647123907
-0.3266666666666666 0.6567410133907198 0.6779256726531977
-0.3133333333333333 0.7373441099654368 0.7572439756310397
-0.3 0.8178520902737724 0.8422180426056509
-0.2866666666666666 0.7800561953490733 0.8018070242663365
-0.27333333333333326 0.7017813570696607 0.7086538315229338
-0.25999999999999995 0.7144432752710048 0.7400917204311213
-0.24666666666666665 0.817317708353338 0.8383577875900634
-0.23333333333333328 0.8728994513829679 0.901650228965064
-0.21999999999999992 0.8032294931264475 0.81890566796309
-0.2066666666666666 0.7381203294290208 0.7528091490395733
-0.1933333333333333 0.7867490326735809 0.8135930841097774
-0.17999999999999994 0.9004134116044055 0.9253480130352838
-0.16666666666666657 0.91867584808656 0.9515451560376738
-0.15333333333333327 0.8270202080771019 0.8377667110305272
-0.13999999999999996 0.7873670597353272 0.8132634401550203
-0.12666666666666665 0.8722497677147961 0.9001931459370679
-0.11333333333333329 0.9811956787714035 1.0122692098132708
-0.09999999999999992 0.9554260723764217 0.9882349656059924
-0.08666666666666661 0.8560540278559905 0.8660529448239456
-0.0733333333333333 0.8520730466738504 0.8863341244177194
-0.05999999999999994 0.9684499743494225 0.99918342256105
-0.04666666666666658 1.0546709526359224 1.0949873675301247
-0.03333333333333327 0.9858248894624293 1.0173280586226068
-0.019999999999999962 0.8950016271335975 0.9167639181249425
-0.006666666666666654 0.9337900545895983 0.9782840596789983
0.00666666666666671 1.0709045305044522 1.1149157223854638
0.02000000000000013 1.1173164044435069 1.1752596856631028
0.03333333333333344 1.0143789335094784 1.0500541863754174
0.046666666666666745 0.9481630242121639 0.9951757214685002
0.06000000000000005 1.0325778579030611 1.093987017469231
0.07333333333333336 1.173608300255004 1.2440678814263304
0.08666666666666678 1.1681505693098895 1.2508434838654132
0.10000000000000009 1.0466534553664761 1.100146709858792
0.1133333333333334 1.0191647004114146 1.1051824778465644
0.1266666666666667 1.1464606091213603 1.2443630414642672
0.14 1.2700556717958942 1.3916191016963635
0.15333333333333343 1.2091602965038868 1.331332816258062
0.16666666666666674 1.0885232284660187 1.1870131022752748
0.18000000000000005 1.1106009612218983 1.251628613449682
0.19333333333333347 1.271053361436104 1.4302352494166697
0.20666666666666678 1.3547926723923618 1.546515235548513
0.22000000000000008 1.2449742775128136 1.412516714905398
0.2333333333333334 1.1456075808636867 1.3106276636820662
0.2466666666666667 1.2235156142301815 1.4291177608227454
0.2600000000000001 1.3996970845728023 1.63664669138108
0.27333333333333343 1.4249662284723499 1.6899417819983047
0.28666666666666674 1.2820138571613124 1.4966334497601126
0.30000000000000004 1.222865454024635 1.4658396575169548
0.31333333333333335 1.3567381505509952 1.6359484177646721
0.32666666666666677 1.52438102220459 1.8496049622227293
0.3400000000000001 1.4812825029968215 1.812243408640538
0.3533333333333334 1.327508111994942 1.5984992243982545
0.3666666666666668 1.3242034937204838 1.64848286286862
0.3800000000000001 1.5062706954359295 1.8702621869394567
0.3933333333333334 1.637437079708439 2.0555970315714283
0.40666666666666673 1.5280351966687262 1.913560150007498
0.42000000000000004 1.3886719311644231 1.7338367178036256
0.43333333333333346 1.4519350936922373 1.8596074428108738
0.44666666666666677 1.665099912928256 2.1264684585389375
0.4600000000000001 1.7335630114813156 2.2427917453028066
0.4733333333333335 1.5723035465089397 2.006112780094598
0.4866666666666668 1.4721235034930071 1.9100547736884381
0.5000000000000001 1.6060255341656768 2.106023972299079
0.5133333333333334 1.8238506295544294 2.3964080423053176
0.5266666666666667 1.811446349930398 2.4047585924783954
0.5400000000000001 1.6227481406271718 2.1140399974570743
0.5533333333333335 1.5834163340282732 2.1271259492290238
0.5666666666666668 1.7832529435255708 2.393439733436097
0.5800000000000001 1.9724713813442964 2.6685970289190517
0.5933333333333334 1.874370739773256 2.5415346800432723
0.6066666666666668 1.6884613079622577 2.2635419339386127
0.6200000000000001 1.7264752982558076 2.3851019271251097
0.6333333333333334 1.976654441912191 2.7189980793560378
0.6466666666666668 2.1026566335546026 2.9272223518541
0.6600000000000001 1.9296620512353324 2.661706720543364
0.6733333333333335 1.7781068401930846 2.4694472160651504
0.6866666666666668 1.902781550483078 2.6890142524734735
0.7000000000000001 2.175784019136112 3.071386650637468
0.7133333333333335 2.2102217362480867 3.157254638995538
0.7266666666666668 1.9873507409155875 2.787766197434474
0.7400000000000001 1.8992999557788306 2.7320948820537594
0.7533333333333334 2.110339533835245 3.0451673817500193
0.7666666666666667 2.368200786353242 3.4329433862543524
0.7800000000000001 2.2965266873568067 3.348698187954401
0.7933333333333334 2.0586509795371217 2.94976572476809
0.8066666666666668 2.0579950037099004 3.0448793084879306
0.8200000000000002 2.342743967945468 3.4544608087879665
0.8333333333333335 2.5421353734881333 3.7868069002683766
0.8466666666666668 2.368451960218606 3.5076376211312157
0.8600000000000001 2.1547057155034843 3.146372673310599
0.8733333333333334 2.2576332155701717 3.1952859874638744
0.8866666666666668 2.5889355333501096 3.238741641494239
0.9000000000000001 2.6896193186265975 2.9719898412982264
0.9133333333333334 2.437111486154478 2.590386512048884
0.9266666666666667 2.285699234475751 2.4275204940925157
0.9400000000000001 2.4979610058994766 2.661223902995958
0.9533333333333335 2.8342844744867346 3.011787817512728
0.9666666666666668 2.8089431247985335 2.9999715819304895
0.9800000000000001 2.5159785485817583 2.623653737497964
0.9933333333333334 2.460133231305546 2.633998717968479
