-0.9933333333333334 0.4064820503519311 0.4088503052161579
-0.98 0.39745966855070874 0.40077828866169596
-0.9666666666666667 0.35600578422951235 0.35311346168585445
-0.9533333333333334 0.35282273498008415 0.3668486439321036
-0.94 0.40032650535307923 0.39908693473661305
-0.9266666666666667 0.4375028809200965 0.44376092045217835
-0.9133333333333333 0.41032181157124714 0.41118239907754645
-0.8999999999999999 0.3717998279810988 0.3765883473780862
-0.8866666666666667 0.38625913512263893 0.39688997686396377
-0.8733333333333333 0.44294174673895326 0.4439300616056545
-0.86 0.4641005000397049 0.4728337064991399
-0.8466666666666667 0.42221671235991054 0.42001293437538867
-0.8333333333333333 0.39337008193950684 0.408206262223557
-0.8200000000000001 0.4268498882416777 0.4320489346037888
-0.8066666666666666 0.48590983087177547 0.4911038641784701
-0.7933333333333333 0.48575500688948847 0.49484903862009605
-0.78 0.4354402290540915 0.4331892277061724
-0.7666666666666666 0.4222616928482626 0.44335706715431633
-0.7533333333333333 0.47385819711150406 0.47634821862021415
-0.74 0.526512757866128 0.5368208918845199
-0.7266666666666667 0.5031927821517044 0.5103656335845541
-0.7133333333333334 0.452476718106125 0.4569394996891402
-0.7 0.45970508077569944 0.4796981122526914
-0.6866666666666666 0.5258286124993548 0.5295511923841572
-0.6733333333333333 0.5631329468016196 0.5769235624379161
-0.6599999999999999 0.5200182647199513 0.5214611995885884
-0.6466666666666666 0.4796503581202544 0.4921117804965487
-0.6333333333333333 0.514474971264879 0.5193159951501672
-0.62 0.5960552030264261 0.5868429838357847
-0.6066666666666667 0.6230771506068387 0.607167418290252
-0.5933333333333333 0.58605161950253 0.5322443697876995
-0.58 0.59038939496977 0.532037137140504
-0.5666666666666667 0.6841066294488093 0.5652656376920365
-0.5533333333333333 0.8013920856486295 0.6413576294627984
-0.54 0.834083285035069 0.6264381897845676
-0.5266666666666666 0.8122735970229933 0.5519849009617234
-0.5133333333333333 0.8378112498097384 0.5743409739920674
-0.49999999999999994 0.9226551064890123 0.6251336846707085
-0.48666666666666664 0.9688115676802723 0.6938584926540949
-0.47333333333333333 0.8962380467483859 0.6411552754912658
-0.45999999999999996 0.7946913520443243 0.5884057824058673
-0.4466666666666666 0.7704108069188222 0.6198918395449716
-0.4333333333333333 0.8120697087170212 0.6936605712602995
-0.42 0.8035236785920935 0.7366193590509145
-0.4066666666666666 0.7069744237165768 0.6530837494176097
-0.39333333333333326 0.6415324336811545 0.6361724664285067
-0.37999999999999995 0.6807317221151552 0.6732639690496717
-0.36666666666666664 0.7637405924222034 0.7652841749746369
-0.35333333333333333 0.7573525974320976 0.7689061527008534
-0.33999999999999997 0.6768834786187408 0.6730963001494743
-0.3266666666666666 0.6567410133907198 0.6900305375927827
-0.3133333333333333 0.7373441099654368 0.7419781069283624
-0.3 0.8178520902737724 0.8351637187023052
-0.2866666666666666 0.7800561953490733 0.791814816675744
-0.27333333333333326 0.7017813570696607 0.7101488330283438
-0.25999999999999995 0.7144432752710048 0.7457767062452879
-0.24666666666666665 0.817317708353338 0.8241953866223442
-0.23333333333333328 0.8728994513829679 0.8959665438145482
-0.21999999999999992 0.8032294931264475 0.8081653994116224
-0.2066666666666666 0.7381203294290208 0.7647837811281659
-0.1933333333333333 0.7867490326735809 0.8072806762022912
-0.17999999999999994 0.9004134116044055 0.9134378734836331
-0.16666666666666657 0.91867584808656 0.9434768724164937
-0.15333333333333327 0.8270202080771019 0.827586755782227
-0.13999999999999996 0.7873670597353272 0.8305230215383392
-0.12666666666666665 0.8722497677147961 0.8848929715017558
-0.11333333333333329 0.9811956787714035 1.0043442200432775
-0.09999999999999992 0.9554260723764217 0.9788855484351462
-0.08666666666666661 0.8560540278559905 0.8641569890871657
-0.0733333333333333 0.8520730466738504 0.9007125014107575
-0.05999999999999994 0.9684499743494225 0.9827141677886191
-0.04666666666666658 1.0546709526359224 1.0900088307207974
-0.03333333333333327 0.9858248894624293 1.0061808881917593
-0.019999999999999962 0.8950016271335975 0.9272343628512666
-0.006666666666666654 0.9337900545895983 0.9794654821894069
0.00666666666666671 1.0709045305044522 1.1005660685054406
0.02000000000000013 1.1173164044435069 1.1692554609999974
0.03333333333333344 1.0143789335094784 1.038760448847166
0.046666666666666745 0.9481630242121639 1.0183191460581336
0.06000000000000005 1.0325778579030611 1.084130179515192
0.07333333333333336 1.173608300255004 1.2381368498549479
0.08666666666666678 1.1681505693098895 1.2463784157767472
0.10000000000000009 1.0466534553664761 1.0971879434873428
0.1133333333333334 1.0191647004114146 1.1330244664441582
0.1266666666666667 1.1464606091213603 1.2296611282517358
0.14 1.2700556717958942 1.3903635359021143
0.15333333333333343 1.2091602965038868 1.3229352433716703
0.16666666666666674 1.0885232284660187 1.1965720038336825
0.18000000000000005 1.1106009612218983 1.2666944034070537
0.19333333333333347 1.271053361436104 1.413676598792582
0.20666666666666678 1.3547926723923618 1.542821626013061
0.22000000000000008 1.2449742775128136 1.398345881879098
0.2333333333333334 1.1456075808636867 1.3358164049260988
0.2466666666666667 1.2235156142301815 1.4228034223851496
0.2600000000000001 1.3996970845728023 1.6222880815255185
0.27333333333333343 1.4249662284723499 1.6809614716681418
0.28666666666666674 1.2820138571613124 1.4829315338071374
0.30000000000000004 1.222865454024635 1.500520531433987
0.31333333333333335 1.3567381505509952 1.6135477606486401
0.32666666666666677 1.52438102220459 1.8403766276119025
0.3400000000000001 1.4812825029968215 1.7987400560953084
0.3533333333333334 1.327508111994942 1.5988530007422717
0.3666666666666668 1.3242034937204838 1.677712094370591
0.3800000000000001 1.5062706954359295 1.845656391312874
0.3933333333333334 1.637437079708439 2.052400369246782
0.40666666666666673 1.5280351966687262 1.8986933937701438
0.42000000000000004 1.3886719311644231 1.7616154212495072
0.43333333333333346 1.4519350936922373 1.8699586275099622
0.44666666666666677 1.665099912928256 2.1115851269508963
0.4600000000000001 1.7335630114813156 2.2435232780735657
0.4733333333333335 1.5723035465089397 1.995253410508821
0.4866666666666668 1.4721235034930071 1.964900220542333
0.5000000000000001 1.6060255341656768 2.0967281516257503
0.5133333333333334 1.8238506295544294 2.396183121638437
0.5266666666666667 1.811446349930398 2.4061966318448973
0.5400000000000001 1.6227481406271718 2.1187324973790607
0.5533333333333335 1.5834163340282732 2.1905563398840506
0.5666666666666668 1.7832529435255708 2.37741932868343
0.5800000000000001 1.9724713813442964 2.682019947815564
0.5933333333333334 1.874370739773256 2.5422907206951946
0.6066666666666668 1.6884613079622577 2.3010285591328508
0.6200000000000001 1.7264752982558076 2.4331500209445442
0.6333333333333334 1.976654441912191 2.714442942590781
0.6466666666666668 2.1026566335546026 2.953276900747511
0.6600000000000001 1.9296620512353324 2.6701601259178673
0.6733333333333335 1.7781068401930846 2.557772225949603
0.6866666666666668 1.902781550483078 2.7276134899872195
0.7000000000000001 2.175784019136112 3.120678326078205
0.7133333333333335 2.2102217362480867 3.2267760805204784
0.7266666666666668 1.9873507409155875 2.8368294882882132
0.7400000000000001 1.8992999557788306 2.866026445086888
0.7533333333333334 2.110339533835245 3.0581320038135447
0.7666666666666667 2.368200786353242 3.4574570727456497
0.7800000000000001 2.2965266873568067 3.329335276950446
0.7933333333333334 2.0586509795371217 2.899426353498626
0.8066666666666668 2.0579950037099004 2.8881955160168573
0.8200000000000002 2.342743967945468 2.799962428150243
0.8333333333333335 2.5421353734881333 2.8414824130621517
0.8466666666666668 2.368451960218606 2.5623725477613526
0.8600000000000001 2.1547057155034843 2.2926869773127514
0.8733333333333334 2.2576332155701717 2.4292753257516404
0.8866666666666668 2.5889355333501096 2.7237594397375418
0.9000000000000001 2.6896193186265975 2.858030639528363
0.9133333333333334 2.437111486154478 2.5152672197410313
0.9266666666666667 2.285699234475751 2.4647842455916127
0.9400000000000001 2.4979610058994766 2.608270590735627
0.9533333333333335 2.8342844744867346 2.966391900661838
0.9666666666666668 2.8089431247985335 2.9561685103890043
0.9800000000000001 2.5159785485817583 2.5896164840318545
0.9933333333333334 2.460133231305546 2.6680203328098533
