-0.9933333333333334 0.4064820503519311 0.40584852209361577
-0.98 0.39745966855070874 0.39841083275726
-0.9666666666666667 0.35600578422951235 0.34893805152492224
-0.9533333333333334 0.35282273498008415 0.35554015818569096
-0.94 0.40032650535307923 0.40019849118981055
-0.9266666666666667 0.4375028809200965 0.4397070005116201
-0.9133333333333333 0.41032181157124714 0.40993224019230284
-0.8999999999999999 0.3717998279810988 0.3675842451358285
-0.8866666666666667 0.38625913512263893 0.3903787225161619
-0.8733333333333333 0.44294174673895326 0.44388285811457906
-0.86 0.4641005000397049 0.46896977682655144
-0.8466666666666667 0.42221671235991054 0.41930298192226895
-0.8333333333333333 0.39337008193950684 0.3944009468424897
-0.8200000000000001 0.4268498882416777 0.4311922111692198
-0.8066666666666666 0.48590983087177547 0.48911893380399496
-0.7933333333333333 0.48575500688948847 0.49216722361592014
-0.78 0.4354402290540915 0.4309360958329375
-0.7666666666666666 0.4222616928482626 0.4285285440768474
-0.7533333333333333 0.47385819711150406 0.47855280616921303
-0.74 0.526512757866128 0.5332082475134297
-0.7266666666666667 0.5031927821517044 0.5091540526918306
-0.7133333333333334 0.452476718106125 0.44977262216881475
-0.7 0.45970508077569944 0.469165795222112
-0.6866666666666666 0.5258286124993548 0.531606866480849
-0.6733333333333333 0.5631329468016196 0.5731448694270217
-0.6599999999999999 0.5200182647199513 0.5218454701742027
-0.6466666666666666 0.4796503581202544 0.47886953067001137
-0.6333333333333333 0.514474971264879 0.5171346642272031
-0.62 0.5960552030264261 0.5885460896311787
-0.6066666666666667 0.6230771506068387 0.6067937094037832
-0.5933333333333333 0.58605161950253 0.5348887686178868
-0.58 0.59038939496977 0.5180797023357036
-0.5666666666666667 0.6841066294488093 0.5731653744143999
-0.5533333333333333 0.8013920856486295 0.6453551775620512
-0.54 0.834083285035069 0.6317629816744779
-0.5266666666666666 0.8122735970229933 0.5534335733194924
-0.5133333333333333 0.8378112498097384 0.565043050986165
-0.49999999999999994 0.9226551064890123 0.6362214958165128
-0.48666666666666664 0.9688115676802723 0.6977185409917837
-0.47333333333333333 0.8962380467483859 0.6487757903178405
-0.45999999999999996 0.7946913520443243 0.5825759225108145
-0.4466666666666666 0.7704108069188222 0.6194367923868723
-0.4333333333333333 0.8120697087170212 0.7041952591067993
-0.42 0.8035236785920935 0.7421878927640615
-0.4066666666666666 0.7069744237165768 0.662336690744268
-0.39333333333333326 0.6415324336811545 0.6243697157300617
-0.37999999999999995 0.6807317221151552 0.6831035101441905
-0.36666666666666664 0.7637405924222034 0.7742191171127734
-0.35333333333333333 0.7573525974320976 0.7769099990252549
-0.33999999999999997 0.6768834786187408 0.6798076628329959
-0.3266666666666666 0.6567410133907198 0.6774325802363099
-0.3133333333333333 0.7373441099654368 0.756809166487947
-0.3 0.8178520902737724 0.8418948466306966
-0.2866666666666666 0.7800561953490733 0.8016639953918219
-0.27333333333333326 0.7017813570696607 0.7086776079171521
-0.25999999999999995 0.7144432752710048 0.7402616797538524
-0.24666666666666665 0.817317708353338 0.8386922471745878
-0.23333333333333328 0.8728994513829679 0.9020887760265488
-0.21999999999999992 0.8032294931264475 0.8192486482592793
-0.2066666666666666 0.7381203294290208 0.7529569199500254
-0.1933333333333333 0.7867490326735809 0.8134963674966813
-0.17999999999999994 0.9004134116044055 0.9249672592615611
-0.16666666666666657 0.91867584808656 0.9510638140855177
-0.15333333333333327 0.8270202080771019 0.8374601512095785
-0.13999999999999996 0.7873670597353272 0.8132105385657943
-0.12666666666666665 0.8722497677147961 0.9005593741233566
-0.11333333333333329 0.9811956787714035 1.0131947072739391
-0.09999999999999992 0.9554260723764217 0.9896093477399157
-0.08666666666666661 0.8560540278559905 0.8676194380146294
-0.0733333333333333 0.8520730466738504 0.8882374063352445
-0.05999999999999994 0.9684499743494225 1.0016133539035166
-0.04666666666666658 1.0546709526359224 1.0977605554434267
-0.03333333333333327 0.9858248894624293 1.0197728072276138
-0.019999999999999962 0.8950016271335975 0.9188182344470462
-0.006666666666666654 0.9337900545895983 0.9804407083269265
0.00666666666666671 1.0709045305044522 1.1174839135627996
0.02000000000000013 1.1173164044435069 1.1782654992979151
0.03333333333333344 1.0143789335094784 1.0532353499019174
0.046666666666666745 0.9481630242121639 0.9988128447547658
0.06000000000000005 1.0325778579030611 1.098790122922759
0.07333333333333336 1.173608300255004 1.2502263848264321
0.08666666666666678 1.1681505693098895 1.2572785828822712
0.10000000000000009 1.0466534553664761 1.1055806231630214
0.1133333333333334 1.0191647004114146 1.1102655824951366
0.1266666666666667 1.1464606091213603 1.2494097928461976
0.14 1.2700556717958942 1.3962442559391057
0.15333333333333343 1.2091602965038868 1.3345260244333201
0.16666666666666674 1.0885232284660187 1.1886401653434442
0.18000000000000005 1.1106009612218983 1.2522610578370974
0.19333333333333347 1.271053361436104 1.4297860677258432
0.20666666666666678 1.3547926723923618 1.544897634384875
0.22000000000000008 1.2449742775128136 1.410042929759424
0.2333333333333334 1.1456075808636867 1.3075196517918735
0.2466666666666667 1.2235156142301815 1.4251319836378045
0.2600000000000001 1.3996970845728023 1.6316477274190777
0.27333333333333343 1.4249662284723499 1.6844429332258661
0.28666666666666674 1.2820138571613124 1.4914973574308676
0.30000000000000004 1.222865454024635 1.4607457471219465
0.31333333333333335 1.3567381505509952 1.6305504557114956
0.32666666666666677 1.52438102220459 1.8439105225083923
0.3400000000000001 1.4812825029968215 1.8071691904600338
0.3533333333333334 1.327508111994942 1.5943970207675984
0.3666666666666668 1.3242034937204838 1.6449231386203742
0.3800000000000001 1.5062706954359295 1.8673212201810192
0.3933333333333334 1.637437079708439 2.0534001188165325
0.40666666666666673 1.5280351966687262 1.91256100471053
0.42000000000000004 1.3886719311644231 1.7337111050928975
0.43333333333333346 1.4519350936922373 1.8606918131435026
0.44666666666666677 1.665099912928256 2.129188128495165
0.4600000000000001 1.7335630114813156 2.246946391876037
0.4733333333333335 1.5723035465089397 2.010908087089623
0.4866666666666668 1.4721235034930071 1.9154994466082127
0.5000000000000001 1.6060255341656768 2.1133863717606074
0.5133333333333334 1.8238506295544294 2.406093732480289
0.5266666666666667 1.811446349930398 2.4155813096629943
0.5400000000000001 1.6227481406271718 2.124258715934456
0.5533333333333335 1.5834163340282732 2.138165160642031
0.5666666666666668 1.7832529435255708 2.4069760190568514
0.5800000000000001 1.9724713813442964 2.684578195948274
0.5933333333333334 1.874370739773256 2.5575035653733567
0.6066666666666668 1.6884613079622577 2.2781572076017085
0.6200000000000001 1.7264752982558076 2.4012437809219174
0.6333333333333334 1.976654441912191 2.7384524189269133
0.6466666666666668 2.1026566335546026 2.949129216374714
0.6600000000000001 1.9296620512353324 2.6825738556040624
0.6733333333333335 1.7781068401930846 2.489892880767486
0.6866666666666668 1.902781550483078 2.713541796213721
0.7000000000000001 2.175784019136112 3.102618661478097
0.7133333333333335 2.2102217362480867 3.193382187598383
0.7266666666666668 1.9873507409155875 2.82513943085162
0.7400000000000001 1.8992999557788306 2.774737220364913
0.7533333333333334 2.110339533835245 3.099744811143616
0.7666666666666667 2.368200786353242 3.494959190044635
0.7800000000000001 2.2965266873568067 3.4015280147874316
0.7933333333333334 2.0586509795371217 2.985472730544043
0.8066666666666668 2.0579950037099004 3.0673946148545355
0.8200000000000002 2.342743967945468 3.4518547578818692
0.8333333333333335 2.5421353734881333 3.7475857182099928
0.8466666666666668 2.368451960218606 3.416788367542379
0.8600000000000001 2.1547057155034843 2.9577633092411353
0.8733333333333334 2.2576332155701717 2.9301503950195444
0.8866666666666668 2.5889355333501096 2.9728731126638204
0.9000000000000001 2.6896193186265975 2.9555928250836434
0.9133333333333334 2.437111486154478 2.5874975222965104
0.9266666666666667 2.285699234475751 2.4345932614465786
0.9400000000000001 2.4979610058994766 2.6637511964264973
0.9533333333333335 2.8342844744867346 3.012601811133387
0.9666666666666668 2.8089431247985335 3.0011646475139404
0.9800000000000001 2.5159785485817583 2.6249272834356407
0.9933333333333334 2.460133231305546 2.6352535619168407
