-0.9933333333333334 0.4064820503519311 0.4088503051489945
-0.98 0.39745966855070874 0.40077828698351875
-0.9666666666666667 0.35600578422951235 0.35311346253097164
-0.9533333333333334 0.35282273498008415 0.3668486456061416
-0.94 0.40032650535307923 0.3990869327353763
-0.9266666666666667 0.4375028809200965 0.44376092266182093
-0.9133333333333333 0.41032181157124714 0.4111823939197102
-0.8999999999999999 0.3717998279810988 0.37658835035627086
-0.8866666666666667 0.38625913512263893 0.3968899830434274
-0.8733333333333333 0.44294174673895326 0.4439300408845058
-0.86 0.4641005000397049 0.47283375146303763
-0.8466666666666667 0.42221671235991054 0.4200129618098296
-0.8333333333333333 0.39337008193950684 0.4082062377729612
-0.8200000000000001 0.4268498882416777 0.43204871354254415
-0.8066666666666666 0.48590983087177547 0.491103596490832
-0.7933333333333333 0.48575500688948847 0.4948496796281181
-0.78 0.4354402290540915 0.4331902697724247
-0.7666666666666666 0.4222616928482626 0.4433576001851672
-0.7533333333333333 0.47385819711150406 0.4763455249666042
-0.74 0.526512757866128 0.536813915693905
-0.7266666666666667 0.5031927821517044 0.5103617538385429
-0.7133333333333334 0.452476718106125 0.456946395619719
-0.7 0.45970508077569944 0.47972881071014367
-0.6866666666666666 0.5258286124993548 0.5296337668107904
-0.6733333333333333 0.5631329468016196 0.5770700437635987
-0.6599999999999999 0.5200182647199513 0.5216657638131383
-0.6466666666666666 0.4796503581202544 0.49238987294198566
-0.6333333333333333 0.514474971264879 0.5197400108819537
-0.62 0.5960552030264261 0.587409648623193
-0.6066666666666667 0.6230771506068387 0.6074124009546453
-0.5933333333333333 0.58605161950253 0.5319837151351693
-0.58 0.59038939496977 0.5313789545619912
-0.5666666666666667 0.6841066294488093 0.5642188128364811
-0.5533333333333333 0.8013920856486295 0.6406616777428265
-0.54 0.834083285035069 0.626020077878152
-0.5266666666666666 0.8122735970229933 0.5517442846546073
-0.5133333333333333 0.8378112498097384 0.5743220516636554
-0.49999999999999994 0.9226551064890123 0.6252821501257286
-0.48666666666666664 0.9688115676802723 0.6941448785212117
-0.47333333333333333 0.8962380467483859 0.6414581604544501
-0.45999999999999996 0.7946913520443243 0.588666626505536
-0.4466666666666666 0.7704108069188222 0.6200670639936683
-0.4333333333333333 0.8120697087170212 0.693803891610284
-0.42 0.8035236785920935 0.7367506425429649
-0.4066666666666666 0.7069744237165768 0.6530183505676829
-0.39333333333333326 0.6415324336811545 0.6359355308976028
-0.37999999999999995 0.6807317221151552 0.6726049527283617
-0.36666666666666664 0.7637405924222034 0.764581279215792
-0.35333333333333333 0.7573525974320976 0.7683286994258274
-0.33999999999999997 0.6768834786187408 0.6726438775055082
-0.3266666666666666 0.6567410133907198 0.6896939250977885
-0.3133333333333333 0.7373441099654368 0.7417606674746192
-0.3 0.8178520902737724 0.8350331303645888
-0.2866666666666666 0.7800561953490733 0.7918018308133551
-0.27333333333333326 0.7017813570696607 0.7102280490325934
-0.25999999999999995 0.7144432752710048 0.745950740058781
-0.24666666666666665 0.817317708353338 0.8244593220626495
-0.23333333333333328 0.8728994513829679 0.8962849823177087
-0.21999999999999992 0.8032294931264475 0.8085310454933607
-0.2066666666666666 0.7381203294290208 0.7652151381475691
-0.1933333333333333 0.7867490326735809 0.8078130990397833
-0.17999999999999994 0.9004134116044055 0.9138661374997747
-0.16666666666666657 0.91867584808656 0.9435083065908553
-0.15333333333333327 0.8270202080771019 0.8272283091412502
-0.13999999999999996 0.7873670597353272 0.8298051242107908
-0.12666666666666665 0.8722497677147961 0.8836634385559626
-0.11333333333333329 0.9811956787714035 1.0028298513810034
-0.09999999999999992 0.9554260723764217 0.9775187154587874
-0.08666666666666661 0.8560540278559905 0.86308907010273
-0.0733333333333333 0.8520730466738504 0.8998193165235613
-0.05999999999999994 0.9684499743494225 0.9819926429293582
-0.04666666666666658 1.0546709526359224 1.0891819409238641
-0.03333333333333327 0.9858248894624293 1.0051177346574958
-0.019999999999999962 0.8950016271335975 0.9257824523122617
-0.006666666666666654 0.9337900545895983 0.9769739782165181
0.00666666666666671 1.0709045305044522 1.0964373869967547
0.02000000000000013 1.1173164044435069 1.1637367009738377
0.03333333333333344 1.0143789335094784 1.0330993068144545
0.046666666666666745 0.9481630242121639 1.0121383723998751
0.06000000000000005 1.0325778579030611 1.0771580772345104
0.07333333333333336 1.173608300255004 1.230644578584575
0.08666666666666678 1.1681505693098895 1.2400904408886135
0.10000000000000009 1.0466534553664761 1.0928563389063934
0.1133333333333334 1.0191647004114146 1.1299222677933498
0.1266666666666667 1.1464606091213603 1.22828048754528
0.14 1.2700556717958942 1.3901533276540918
0.15333333333333343 1.2091602965038868 1.323956020262289
0.16666666666666674 1.0885232284660187 1.1984544667603632
0.18000000000000005 1.1106009612218983 1.2694857723107646
0.19333333333333347 1.271053361436104 1.4172154625844058
0.20666666666666678 1.3547926723923618 1.5467759213
0.22000000000000008 1.2449742775128136 1.4020689079643658
0.2333333333333334 1.1456075808636867 1.3393838864010081
0.2466666666666667 1.2235156142301815 1.4263692767699332
0.2600000000000001 1.3996970845728023 1.6258547687192775
0.27333333333333343 1.4249662284723499 1.6843195774847433
0.28666666666666674 1.2820138571613124 1.4857106892984855
0.30000000000000004 1.222865454024635 1.5030082990367992
0.31333333333333335 1.3567381505509952 1.6156310786477006
0.32666666666666677 1.52438102220459 1.8421889343804927
0.3400000000000001 1.4812825029968215 1.8000907717850698
0.3533333333333334 1.327508111994942 1.5997492891654284
0.3666666666666668 1.3242034937204838 1.6781635305917515
0.3800000000000001 1.5062706954359295 1.8452716832006049
0.3933333333333334 1.637437079708439 2.0512996260193876
0.40666666666666673 1.5280351966687262 1.8971025960436096
0.42000000000000004 1.3886719311644231 1.7596089989537655
0.43333333333333346 1.4519350936922373 1.8669967711732554
0.44666666666666677 1.665099912928256 2.1071252594214993
0.4600000000000001 1.7335630114813156 2.237982805602568
0.4733333333333335 1.5723035465089397 1.9897121158159994
0.4866666666666668 1.4721235034930071 1.95877671707269
0.5000000000000001 1.6060255341656768 2.0891423113577337
0.5133333333333334 1.8238506295544294 2.386547428956768
0.5266666666666667 1.811446349930398 2.3958346710684895
0.5400000000000001 1.6227481406271718 2.1091110584217008
0.5533333333333335 1.5834163340282732 2.179985213154251
0.5666666666666668 1.7832529435255708 2.3648742181309377
0.5800000000000001 1.9724713813442964 2.6670346782690286
0.5933333333333334 1.874370739773256 2.5273750519078177
0.6066666666666668 1.6884613079622577 2.286756759056695
0.6200000000000001 1.7264752982558076 2.416759319536909
0.6333333333333334 1.976654441912191 2.6936393244346784
0.6466666666666668 2.1026566335546026 2.9280434308315755
0.6600000000000001 1.9296620512353324 2.643824089626577
0.6733333333333335 1.7781068401930846 2.5278905145972006
0.6866666666666668 1.902781550483078 2.6861488067837067
0.7000000000000001 2.175784019136112 3.0581929145899043
0.7133333333333335 2.2102217362480867 3.1543803923460865
0.7266666666666668 1.9873507409155875 2.7752269182204383
0.7400000000000001 1.8992999557788306 2.80894990613937
0.7533333333333334 2.110339533835245 3.016428412253717
0.7666666666666667 2.368200786353242 3.433982698860625
0.7800000000000001 2.2965266873568067 3.338394165637299
0.7933333333333334 2.0586509795371217 2.9473065825003197
0.8066666666666668 2.0579950037099004 2.9835529730669275
0.8200000000000002 2.342743967945468 2.9945575603990195
0.8333333333333335 2.5421353734881333 2.919921452080432
0.8466666666666668 2.368451960218606 2.597006951859975
0.8600000000000001 2.1547057155034843 2.301801897632817
0.8733333333333334 2.2576332155701717 2.429363457058525
0.8866666666666668 2.5889355333501096 2.7148574281552786
0.9000000000000001 2.6896193186265975 2.8493109357819697
0.9133333333333334 2.437111486154478 2.5100991809152604
0.9266666666666667 2.285699234475751 2.4622983672566416
0.9400000000000001 2.4979610058994766 2.6078396867002915
0.9533333333333335 2.8342844744867346 2.9645097340459703
0.9666666666666668 2.8089431247985335 2.9529494072072455
0.9800000000000001 2.5159785485817583 2.5876858990929033
0.9933333333333334 2.460133231305546 2.6660861891671583
