-0.9933333333333334 0.4064820503519311 0.40655253798789576
-0.98 0.39745966855070874 0.402729450357709
-0.9666666666666667 0.35600578422951235 0.35586512954131233
-0.9533333333333334 0.35282273498008415 0.3515634689917958
-0.94 0.40032650535307923 0.39826722190291
-0.9266666666666667 0.4375028809200965 0.43742481005764977
-0.9133333333333333 0.41032181157124714 0.41392838837066664
-0.8999999999999999 0.3717998279810988 0.36866325322358773
-0.8866666666666667 0.38625913512263893 0.3835940923762379
-0.8733333333333333 0.44294174673895326 0.43861928336565653
-0.86 0.4641005000397049 0.46425954600676944
-0.8466666666666667 0.42221671235991054 0.42248755370454993
-0.8333333333333333 0.39337008193950684 0.3881538270584366
-0.8200000000000001 0.4268498882416777 0.4219998778178833
-0.8066666666666666 0.48590983087177547 0.47965819186664393
-0.7933333333333333 0.48575500688948847 0.48581879779835857
-0.78 0.4354402290540915 0.43129260006149495
-0.7666666666666666 0.4222616928482626 0.41546629601652635
-0.7533333333333333 0.47385819711150406 0.46605880172350767
-0.74 0.526512757866128 0.519131140071796
-0.7266666666666667 0.5031927821517044 0.5018800686559218
-0.7133333333333334 0.452476718106125 0.44394352812122995
-0.7 0.45970508077569944 0.4508659447849662
-0.6866666666666666 0.5258286124993548 0.5141964523362917
-0.6733333333333333 0.5631329468016196 0.5544904204695378
-0.6599999999999999 0.5200182647199513 0.5133161090168519
-0.6466666666666666 0.4796503581202544 0.4633215119113867
-0.6333333333333333 0.514474971264879 0.49386083623682114
-0.62 0.5960552030264261 0.5639504623283432
-0.6066666666666667 0.6230771506068387 0.5836752252232187
-0.5933333333333333 0.58605161950253 0.5231438886932639
-0.58 0.59038939496977 0.492044702746524
-0.5666666666666667 0.6841066294488093 0.5448224707963734
-0.5533333333333333 0.8013920856486295 0.6139106850006473
-0.54 0.834083285035069 0.6070208445376148
-0.5266666666666666 0.8122735970229933 0.5365685715748774
-0.5133333333333333 0.8378112498097384 0.5317322242587963
-0.49999999999999994 0.9226551064890123 0.6032221043027047
-0.48666666666666664 0.9688115676802723 0.6619168561437168
-0.47333333333333333 0.8962380467483859 0.6254722045928653
-0.45999999999999996 0.7946913520443243 0.5579353573374921
-0.4466666666666666 0.7704108069188222 0.5821662348678829
-0.4333333333333333 0.8120697087170212 0.6660507848042769
-0.42 0.8035236785920935 0.703960665154882
-0.4066666666666666 0.7069744237165768 0.6399674661546833
-0.39333333333333326 0.6415324336811545 0.5893928002941555
-0.37999999999999995 0.6807317221151552 0.6422479118455923
-0.36666666666666664 0.7637405924222034 0.7298914746391127
-0.35333333333333333 0.7573525974320976 0.7380399636863877
-0.33999999999999997 0.6768834786187408 0.6551168476825944
-0.3266666666666666 0.6567410133907198 0.6329555301088274
-0.3133333333333333 0.7373441099654368 0.7112105503214246
-0.3 0.8178520902737724 0.7916129409616742
-0.2866666666666666 0.7800561953490733 0.7640969964503764
-0.27333333333333326 0.7017813570696607 0.6765838778486555
-0.25999999999999995 0.7144432752710048 0.6892138994727688
-0.24666666666666665 0.817317708353338 0.7868146177929042
-0.23333333333333328 0.8728994513829679 0.8474904342764422
-0.21999999999999992 0.8032294931264475 0.7836882220451686
-0.2066666666666666 0.7381203294290208 0.7090052011638965
-0.1933333333333333 0.7867490326735809 0.7578269742054379
-0.17999999999999994 0.9004134116044055 0.8656358598589273
-0.16666666666666657 0.91867584808656 0.8945585429701068
-0.15333333333333327 0.8270202080771019 0.801390263603718
-0.13999999999999996 0.7873670597353272 0.7559650225999661
-0.12666666666666665 0.8722497677147961 0.8388352176762951
-0.11333333333333329 0.9811956787714035 0.9449041133493152
-0.09999999999999992 0.9554260723764217 0.9328985328423762
-0.08666666666666661 0.8560540278559905 0.8251808386592887
-0.0733333333333333 0.8520730466738504 0.82057984204995
-0.05999999999999994 0.9684499743494225 0.9327098327971679
-0.04666666666666658 1.0546709526359224 1.0232602770202748
-0.03333333333333327 0.9858248894624293 0.96664265444431
-0.019999999999999962 0.8950016271335975 0.865278754010419
-0.006666666666666654 0.9337900545895983 0.9076886053534396
0.00666666666666671 1.0709045305044522 1.0419653603857255
0.02000000000000013 1.1173164044435069 1.1029402061041138
0.03333333333333344 1.0143789335094784 1.0054985401299885
0.046666666666666745 0.9481630242121639 0.9327329008912684
0.06000000000000005 1.0325778579030611 1.0239207896454714
0.07333333333333336 1.173608300255004 1.1691829157601044
0.08666666666666678 1.1681505693098895 1.1861975927793083
0.10000000000000009 1.0466534553664761 1.0591371697467584
0.1133333333333334 1.0191647004114146 1.033004192977356
0.1266666666666667 1.1464606091213603 1.1700472730623503
0.14 1.2700556717958942 1.3087918600218398
0.15333333333333343 1.2091602965038868 1.2688499098252117
0.16666666666666674 1.0885232284660187 1.1323200853781255
0.18000000000000005 1.1106009612218983 1.1648472784116626
0.19333333333333347 1.271053361436104 1.3396415729885471
0.20666666666666678 1.3547926723923618 1.4495170705747664
0.22000000000000008 1.2449742775128136 1.3472221492429473
0.2333333333333334 1.1456075808636867 1.2297219254030591
0.2466666666666667 1.2235156142301815 1.3265640335519764
0.2600000000000001 1.3996970845728023 1.5246255173331926
0.27333333333333343 1.4249662284723499 1.581814177249861
0.28666666666666674 1.2820138571613124 1.4249907376218447
0.30000000000000004 1.222865454024635 1.356369042478754
0.31333333333333335 1.3567381505509952 1.5168588180597153
0.32666666666666677 1.52438102220459 1.7164548268987039
0.3400000000000001 1.4812825029968215 1.7001397013690962
0.3533333333333334 1.327508111994942 1.5124439949325252
0.3666666666666668 1.3242034937204838 1.5159973632705386
0.3800000000000001 1.5062706954359295 1.7328378830986435
0.3933333333333334 1.637437079708439 1.905855794517719
0.40666666666666673 1.5280351966687262 1.804037600595741
0.42000000000000004 1.3886719311644231 1.6226252437792605
0.43333333333333346 1.4519350936922373 1.7112086997774525
0.44666666666666677 1.665099912928256 1.968993304896561
0.4600000000000001 1.7335630114813156 2.0838527094913024
0.4733333333333335 1.5723035465089397 1.8997575810598424
0.4866666666666668 1.4721235034930071 1.7671586055246773
0.5000000000000001 1.6060255341656768 1.943788399460492
0.5133333333333334 1.8238506295544294 2.21793013579016
0.5266666666666667 1.811446349930398 2.244876875601943
0.5400000000000001 1.6227481406271718 2.002122858530363
0.5533333333333335 1.5834163340282732 1.9563787233726069
0.5666666666666668 1.7832529435255708 2.2174804415670444
0.5800000000000001 1.9724713813442964 2.476779018147955
0.5933333333333334 1.874370739773256 2.3970451925435188
0.6066666666666668 1.6884613079622577 2.1414113954364744
0.6200000000000001 1.7264752982558076 2.2049252752423736
0.6333333333333334 1.976654441912191 2.5263875141955454
0.6466666666666668 2.1026566335546026 2.7136316405486243
0.6600000000000001 1.9296620512353324 2.499832563814344
0.6733333333333335 1.7781068401930846 2.2654287467579532
0.6866666666666668 1.902781550483078 2.419253736503212
0.7000000000000001 2.175784019136112 2.7368677089490676
0.7133333333333335 2.2102217362480867 2.769103494998208
0.7266666666666668 1.9873507409155875 2.365404917107771
0.7400000000000001 1.8992999557788306 2.0542176233084017
0.7533333333333334 2.110339533835245 2.1127469460425186
0.7666666666666667 2.368200786353242 2.280318086426112
0.7800000000000001 2.2965266873568067 2.2008172698301673
0.7933333333333334 2.0586509795371217 1.9304771346447263
0.8066666666666668 2.0579950037099004 1.9204935811272408
0.8200000000000002 2.342743967945468 2.179177431410178
0.8333333333333335 2.5421353734881333 2.3777609961983086
0.8466666666666668 2.368451960218606 2.2319361761656964
0.8600000000000001 2.1547057155034843 1.996026876597085
0.8733333333333334 2.2576332155701717 2.0954662017841477
0.8866666666666668 2.5889355333501096 2.396312906591427
0.9000000000000001 2.6896193186265975 2.517184018995935
0.9133333333333334 2.437111486154478 2.277752784098241
0.9266666666666667 2.285699234475751 2.1097433445977822
0.9400000000000001 2.4979610058994766 2.3102445748956484
0.9533333333333335 2.8342844744867346 2.6196872660332566
0.9666666666666668 2.8089431247985335 2.631579875083938
0.9800000000000001 2.5159785485817583 2.3313618103875493
0.9933333333333334 2.460133231305546 2.268381090172567
