-0.996 0.40020420191564543 0.40024362118496803
-0.988 0.4109515482189157 0.4106837500876099
-0.98 0.39745966855070874 0.3969604039596223
-0.972 0.37127054825093714 0.37162190977255133
-0.964 0.3507897850213654 0.35095194971341237
-0.956 0.34867301236325726 0.34814010111903976
-0.948 0.36771103222979995 0.36735273420435405
-0.94 0.40032650535307923 0.40030144567082837
-0.9319999999999999 0.42939915067730755 0.42938358063813054
-0.9239999999999999 0.43700461431570903 0.4365738468848174
-0.916 0.41953793983429977 0.4190402276506055
-0.908 0.3913540955520141 0.39177947430931337
-0.9 0.3717998279810953 0.371773427853001
-0.892 0.3729062687480844 0.372281240440902
-0.884 0.39606464807447994 0.395691514362161
-0.876 0.43156248469539366 0.4315131533314105
-0.868 0.4601801716145962 0.46007046664898055
-0.86 0.4641005000380722 0.4635092894050636
-0.852 0.44255661816134234 0.44208882065429955
-0.844 0.41269356356551273 0.413159762741372
-0.836 0.3945487142736526 0.3943100770375618
-0.8280000000000001 0.3993374151221259 0.39863161851079987
-0.8200000000000001 0.4268498878654325 0.42646174798379777
-0.812 0.4650096358768251 0.46492182470897714
-0.804 0.4925505859760882 0.4923224973460293
-0.796 0.49225644217323666 0.4914990679003222
-0.788 0.46660407043206525 0.4662039088625266
-0.78 0.435440183336374 0.4358964597546865
-0.772 0.41922636817304265 0.4187639407986695
-0.764 0.4281665900662225 0.4273884395191769
-0.756 0.46022445163391895 0.45981949661622556
-0.748 0.5007329260574968 0.5005895902608768
-0.74 0.5265098286623577 0.5261358412394788
-0.732 0.5215001335960837 0.5205801214842898
-0.724 0.49178594800176145 0.4914868191248987
-0.716 0.4597629592760817 0.4601466090090892
-0.708 0.4460398129897512 0.44535218401174176
-0.7 0.4596061193004682 0.45875992036660546
-0.692 0.496347190184938 0.49591747064679303
-0.6839999999999999 0.5387925171648615 0.5385680260848562
-0.6759999999999999 0.5620652869957697 0.5615051482289274
-0.6679999999999999 0.551889292689202 0.5508042340050305
-0.6599999999999999 0.5182553379659245 0.5180520478086611
-0.6519999999999999 0.4858967284313254 0.4860912521233918
-0.644 0.47528848156173076 0.47430743963068633
-0.636 0.4939949926811391 0.49296453546607516
-0.628 0.5355490814411097 0.534902828929315
-0.62 0.5794954479903567 0.5788951772434512
-0.612 0.5995909555253227 0.5984226931850579
-0.604 0.5840015312901323 0.5822345116226977
-0.596 0.5468584458720456 0.5460234782090814
-0.588 0.5149640670428423 0.5139350609669209
-0.5800000000000001 0.5083683913360776 0.5058809157907588
-0.5720000000000001 0.5329687077518845 0.5302459331609776
-0.5640000000000001 0.5796224464162554 0.5769507508182539
-0.556 0.6247196718516959 0.6216559921446876
-0.548 0.6410513435689293 0.6369674057711294
-0.54 0.6198693190983303 0.6150496463431542
-0.532 0.5795488523173998 0.5756489028476625
-0.524 0.548607613110879 0.5440226167544191
-0.516 0.5463536810550113 0.5404525947896801
-0.508 0.5767497912125045 0.5709657688782447
-0.5 0.6276551064890118 0.6223213208902235
-0.492 0.6722482972289633 0.6669801716535896
-0.484 0.6829520601643044 0.6772272600829738
-0.476 0.654856112577536 0.6493842340492291
-0.46799999999999997 0.6107104681896524 0.6070728999448541
-0.45999999999999996 0.5804773861075856 0.5765406073811403
-0.45199999999999996 0.5825141754582428 0.5781593909313298
-0.44399999999999995 0.6186347774908689 0.6151503390610953
-0.43599999999999994 0.6733994914282292 0.6708528697129725
-0.42799999999999994 0.7167876652179924 0.714546584607137
-0.42 0.7215026749584013 0.7188940297854063
-0.41200000000000003 0.6870893593549909 0.6850699539110846
-0.404 0.6405544274875519 0.6402621619208835
-0.396 0.6128329415689531 0.6116456529912078
-0.388 0.6209494508662691 0.6192601633389857
-0.38 0.6641719670790852 0.6631109396966941
-0.372 0.723341059339615 0.7228175867717307
-0.364 0.7652855063883535 0.7645840353109858
-0.356 0.7637377875737229 0.7622604236687345
-0.348 0.7233075383344734 0.7224768261855576
-0.33999999999999997 0.675120551864714 0.6756049443520579
-0.33199999999999996 0.650699668958912 0.6497466215432557
-0.32399999999999995 0.6654707280830559 0.66407431377761
-0.31599999999999995 0.7158421722877573 0.7150283210519134
-0.30799999999999994 0.7786259914181167 0.7782002130073935
-0.3 0.8177531287985411 0.816956406093239
-0.29200000000000004 0.8088864157031838 0.807271700875044
-0.28400000000000003 0.7622613095818 0.7616924055386494
-0.276 0.7128834001228889 0.713335748456597
-0.268 0.6924391201597097 0.6912334981749428
-0.26 0.7144403460672344 0.7130313221888014
-0.252 0.7720385632586347 0.7712754034132748
-0.244 0.8376884666091944 0.8372210209127339
-0.236 0.8727794447016599 0.8717707938130435
-0.22799999999999998 0.8558582415625082 0.8540675345707076
-0.21999999999999997 0.8032294474087303 0.8028812641072121
-0.21199999999999997 0.7534322928084002 0.7536602169381512
-0.20399999999999996 0.7378761478195158 0.7363434978703483
-0.19599999999999995 0.767822753683057 0.7663239504851997
-0.18799999999999994 0.8327294863035218 0.8319358709504026
-0.17999999999999994 0.9004134112281602 0.899828127738709
-0.17199999999999993 0.930242482086625 0.9289707512009056
-0.16399999999999998 0.9046661197877722 0.9027795162783181
-0.15600000000000003 0.8463897185441107 0.8463353099606786
-0.14800000000000002 0.7970600908484355 0.7970398243814005
-0.14 0.7873670597336944 0.7856155943322762
-0.132 0.8259613061024437 0.8244533090717558
-0.124 0.8981307836685103 0.897343290999316
-0.11599999999999999 0.966844947238094 0.9661227641380798
-0.10799999999999998 0.9901425295304975 0.9885406172498155
-0.09999999999999998 0.9554260723764185 0.9534504065364966
-0.09199999999999997 0.8920001382529664 0.8921384634468283
-0.08399999999999996 0.8441206107963337 0.8436749844850646
-0.07599999999999996 0.8413126172576659 0.8392926232334462
-0.06799999999999995 0.8892193507837597 0.887645240782666
-0.05999999999999994 0.9684499743494225 0.9676120423634705
-0.051999999999999935 1.0370140372636427 1.036116523744634
-0.043999999999999984 1.052491496691666 1.0505696232936135
-0.03600000000000003 1.008286186296351 1.0063795080119773
-0.028000000000000025 0.9403540600436692 0.9407192766438937
-0.020000000000000018 0.8950016271335978 0.8941545300063936
-0.01200000000000001 0.9001409573921666 0.8979701784991887
-0.0040000000000000036 0.9579671093402585 0.9564063654032348
0.0040000000000000036 1.0438771751659501 1.043014007759278
0.01200000000000001 1.1109371168901578 1.1098358113872657
0.020000000000000018 1.1173164044435073 1.115039100590447
0.028000000000000025 1.063429236380987 1.0616454401603979
0.03600000000000003 0.9917819103256905 0.9922306802673039
0.04400000000000004 0.950126441062313 0.9487845379446163
0.052000000000000046 0.9643071010289208 0.961974310522639
0.06000000000000005 1.0325778579030611 1.0310175315258072
0.06800000000000006 1.124581914595762 1.1236797470520028
0.07600000000000007 1.1886188076669886 1.1873197312816213
0.08400000000000007 1.1846648301320484 1.1821351504647264
0.09200000000000008 1.1210760594259062 1.1196520098368197
0.10000000000000009 1.0466534553664761 1.0472425773967242
0.1080000000000001 1.009955607577201 1.0083275642395981
0.1160000000000001 1.034292006031183 1.0320983308470428
0.12400000000000011 1.113423588394775 1.112212594962879
0.13200000000000012 1.210710468652368 1.210161972891191
0.14000000000000012 1.2700556717958944 1.2689917398991235
0.14800000000000013 1.2546105513019121 1.2523758719020484
0.15600000000000003 1.1814888320246 1.1810332933827357
0.16399999999999992 1.1053801818459352 1.106491288242676
0.17199999999999993 1.074988531763603 1.0736338988949319
0.17999999999999994 1.1106009612218974 1.1091676550614502
0.18799999999999994 1.2008701702878823 1.200691612903198
0.19599999999999995 1.302383909912045 1.302932848295301
0.20399999999999996 1.3552409887774934 1.3551980592269266
0.21199999999999997 1.327259277256358 1.326239932883554
0.21999999999999997 1.244974277512815 1.246405893304996
0.22799999999999998 1.1684177982140045 1.1707711678664834
0.236 1.145764844867683 1.1456556397716606
0.244 1.1937612274498877 1.194169623404563
0.252 1.2952721237581013 1.2973452631381268
0.26 1.3996970845728012 1.402683573710459
0.268 1.4441705031750915 1.4465442453409225
0.276 1.402754373630796 1.404472664630771
0.28400000000000003 1.311886840771658 1.3166035927752784
0.29200000000000004 1.2362688507053214 1.2410716011440956
0.30000000000000004 1.222865454024635 1.2254731343009468
0.30800000000000005 1.2843188443106872 1.2881788690252098
0.31600000000000006 1.3969671605806444 1.4030746863473336
0.32400000000000007 1.5027187214763718 1.5100196903032614
0.3320000000000001 1.5368490535440102 1.5434476759365576
0.3400000000000001 1.4812825029968215 1.4874686040226397
0.3480000000000001 1.382631877144549 1.3918721182940588
0.3560000000000001 1.3094854308002126 1.3174801812813914
0.3640000000000001 1.3069131434702232 1.312708486047221
0.3720000000000001 1.382834541497459 1.3900199253722523
0.3800000000000001 1.5062706954359295 1.5155400427866774
0.3880000000000001 1.6114928530629653 1.6214200192391999
0.39600000000000013 1.6332979586796348 1.641771832412703
0.404 1.5630791272290674 1.5711834626561825
0.4119999999999999 1.4576689045739408 1.4685496715916682
0.41999999999999993 1.3886719311644238 1.397031567041778
0.42799999999999994 1.3985725909886262 1.405007177481826
0.43599999999999994 1.4898787233071666 1.4979170293756816
0.44399999999999995 1.623470574483026 1.6334866107076351
0.45199999999999996 1.7260416914675971 1.7363236003970006
0.45999999999999996 1.7335630114813159 1.7419930655570475
0.46799999999999997 1.6484338430341476 1.6570893771762178
0.476 1.5375149658707306 1.5487220140461875
0.484 1.4744877849604758 1.4822237724899894
0.492 1.4985496526108204 1.5048007794420741
0.5 1.6060255341656744 1.6139613257063827
0.508 1.748822306560023 1.758369454049188
0.516 1.846370054771515 1.855510472366114
0.524 1.8377229151177175 1.8445023118038932
0.532 1.737695548529513 1.7453129914978827
0.54 1.6227481406271735 1.632252511970123
0.548 1.5676500993017355 1.572775467683402
0.556 1.6075897627862503 1.6114867840459282
0.5640000000000001 1.731846062206836 1.7371467302517483
0.5720000000000001 1.8825451113492608 1.8887107083577295
0.5800000000000001 1.9724713813442964 1.9773544939520775
0.5880000000000001 1.9458979921643011 1.9481475233416679
0.5960000000000001 1.8312774639271558 1.8353553794695339
0.6040000000000001 1.714011233689236 1.7193316761543485
0.6120000000000001 1.668936068054921 1.6695860425604012
0.6200000000000001 1.7264752982558076 1.7264738349157551
0.6280000000000001 1.8679007962020078 1.8693165502097138
0.6360000000000001 2.02481911453971 2.0267408731043752
0.6440000000000001 2.104335307866383 2.1046263819840716
0.6520000000000001 2.058259005311381 2.0564030315811066
0.6600000000000001 1.9296620512353324 1.9310606109578816
0.668 1.8120156494695503 1.8139996862150076
0.6759999999999999 1.7791850229249007 1.7766775736486164
0.6839999999999999 1.8560217636653848 1.8535246016141014
0.692 2.014731516788469 2.0137275775390657
0.7 2.175784019136112 2.1749639067662097
0.708 2.241956723419135 2.2391274662727225
0.716 2.1750359474101035 2.1706409407739007
0.724 2.03340589474056 2.033339516020778
0.732 1.9175454389559026 1.9169220505419942
0.74 1.89929995577883 1.8944772818429563
0.748 1.9970726776206664 1.9927777715768311
0.756 2.1728528732236017 2.170060550170729
0.764 2.335539562216617 2.332606435421242
0.772 2.3853461527918483 2.380078433352443
0.78 2.296526687356809 2.290565372414087
0.788 2.143144614540729 2.142326182104176
0.796 2.031461479375169 2.0287919988003527
0.804 2.030248320816955 2.023937161018092
0.812 2.1504930712932246 2.145198742125575
0.8200000000000001 2.3427439679454642 2.3389530238997196
0.8280000000000001 2.5041480265500318 2.4998975307766536
0.8360000000000001 2.534541271647375 2.5276636031472766
0.8440000000000001 2.4231053941355998 2.416615973600374
0.8520000000000001 2.259597888638119 2.258589359317613
0.8600000000000001 2.1547057155034843 2.15044879362875
0.8680000000000001 2.1730619041915733 2.1658477948035975
0.8760000000000001 2.3171615593645254 2.3113429316964185
0.8840000000000001 2.524840338216584 2.5204194390599186
0.8920000000000001 2.6816390171106184 2.67635871176673
0.9000000000000001 2.6896193186265975 2.681452580078264
0.9080000000000001 2.5552307012131186 2.548727505325992
0.916 2.3835746545234 2.382354673464696
0.9239999999999999 2.2883053570632583 2.282539186989056
0.9319999999999999 2.328835533145937 2.320894545616495
0.94 2.4979610058994766 2.491709650083242
0.948 2.719526781494695 2.714467754184639
0.956 2.8680166360514647 2.861630331808002
0.964 2.8507101480708554 2.8413101556654583
0.972 2.693453614112457 2.6871771045579864
0.98 2.5159785485817614 2.514244207351869
0.988 2.4333768891589513 2.4260827355934924
0.996 2.498724389232622 2.4900949998710384
