-0.996 0.40020420191564543 0.4004591440187462
-0.988 0.4109515482189157 0.41129151241875866
-0.98 0.39745966855070874 0.3972389038026111
-0.972 0.37127054825093714 0.3710651180120795
-0.964 0.3507897850213654 0.3511904462128417
-0.956 0.34867301236325726 0.3490077979818195
-0.948 0.36771103222979995 0.36780052498251603
-0.94 0.40032650535307923 0.4004224252413466
-0.9319999999999999 0.42939915067730755 0.4297994119788261
-0.9239999999999999 0.43700461431570903 0.4373961487918694
-0.916 0.41953793983429977 0.4193055712981134
-0.908 0.3913540955520141 0.3913108365625671
-0.9 0.3717998279810953 0.3723332993674302
-0.892 0.3729062687480844 0.37329027122095404
-0.884 0.39606464807447994 0.39621403234223695
-0.876 0.43156248469539366 0.431780086090498
-0.868 0.4601801716145962 0.460738277795993
-0.86 0.4641005000380722 0.4645280521214013
-0.852 0.44255661816134234 0.44233491567896843
-0.844 0.41269356356551273 0.41284336766421303
-0.836 0.3945487142736526 0.3952081697314267
-0.8280000000000001 0.3993374151221259 0.39977608490767186
-0.8200000000000001 0.4268498878654325 0.42707572983580633
-0.812 0.4650096358768251 0.46537440866825996
-0.804 0.4925505859760882 0.49327508144868304
-0.796 0.49225644217323666 0.4927045745140368
-0.788 0.46660407043206525 0.4664250331983235
-0.78 0.435440183336374 0.43580857434992404
-0.772 0.41922636817304265 0.42000503526611765
-0.764 0.4281665900662225 0.4286680799535189
-0.756 0.46022445163391895 0.4605467024535047
-0.748 0.5007329260574968 0.5012723312069852
-0.74 0.5265098286623577 0.5274043699965513
-0.732 0.5215001335960837 0.5219552789241863
-0.724 0.49178594800176145 0.491690649025976
-0.716 0.4597629592760817 0.46036820320912286
-0.708 0.4460398129897512 0.4469316069025187
-0.7 0.4596061193004682 0.46017990202111186
-0.692 0.496347190184938 0.49678652794838174
-0.6839999999999999 0.5387925171648615 0.5395296211762657
-0.6759999999999999 0.5620652869957697 0.5631175404362527
-0.6679999999999999 0.551889292689202 0.5523247621887197
-0.6599999999999999 0.5182553379659245 0.5182627058541758
-0.6519999999999999 0.4858967284313254 0.48670134375852225
-0.644 0.47528848156173076 0.4762138184637902
-0.636 0.4939949926811391 0.4945365350992737
-0.628 0.5355490814411097 0.5359540777032226
-0.62 0.5794954479903567 0.5801946804816746
-0.612 0.5995909555253227 0.6004107887920103
-0.604 0.5840015312901323 0.5838788563308559
-0.596 0.5468584458720456 0.5462875766887251
-0.588 0.5149640670428423 0.5149965849700289
-0.5800000000000001 0.5083683913360776 0.5080718669632796
-0.5720000000000001 0.5329687077518845 0.5319283279279245
-0.5640000000000001 0.5796224464162554 0.5781345490900176
-0.556 0.6247196718516959 0.623212360469067
-0.548 0.6410513435689293 0.6391767932800703
-0.54 0.6198693190983303 0.6165951808876016
-0.532 0.5795488523173998 0.5758307184734051
-0.524 0.548607613110879 0.5453829657306865
-0.516 0.5463536810550113 0.5426852682538006
-0.508 0.5767497912125045 0.5725220220327353
-0.5 0.6276551064890118 0.6234090784984069
-0.492 0.6722482972289633 0.6685626196215869
-0.484 0.6829520601643044 0.67940612808683
-0.476 0.654856112577536 0.6505992122408885
-0.46799999999999997 0.6107104681896524 0.607124676781121
-0.45999999999999996 0.5804773861075856 0.5781818339810278
-0.45199999999999996 0.5825141754582428 0.5804483633106198
-0.44399999999999995 0.6186347774908689 0.6167252182048462
-0.43599999999999994 0.6733994914282292 0.6721208400389138
-0.42799999999999994 0.7167876652179924 0.7165016725555
-0.42 0.7215026749584013 0.7213625834061809
-0.41200000000000003 0.6870893593549909 0.6862386142116291
-0.404 0.6405544274875519 0.6405363520247194
-0.396 0.6128329415689531 0.6137550298756909
-0.388 0.6209494508662691 0.6216711146104124
-0.38 0.6641719670790852 0.6647132396781994
-0.372 0.723341059339615 0.7242346739990759
-0.364 0.7652855063883535 0.7668199664268177
-0.356 0.7637377875737229 0.7648497235139912
-0.348 0.7233075383344734 0.7234676043706258
-0.33999999999999997 0.675120551864714 0.6761474535482511
-0.33199999999999996 0.650699668958912 0.6523244159633665
-0.32399999999999995 0.6654707280830559 0.666669308392095
-0.31599999999999995 0.7158421722877573 0.7168014957365081
-0.30799999999999994 0.7786259914181167 0.7799668582348523
-0.3 0.8177531287985411 0.819644061170534
-0.29200000000000004 0.8088864157031838 0.8100382396290271
-0.28400000000000003 0.7622613095818 0.7625463069094527
-0.276 0.7128834001228889 0.7142342960228218
-0.268 0.6924391201597097 0.6941765020781017
-0.26 0.7144403460672344 0.7156835851341794
-0.252 0.7720385632586347 0.7731107454508057
-0.244 0.8376884666091944 0.8392691181432431
-0.236 0.8727794447016599 0.8748521306032563
-0.22799999999999998 0.8558582415625082 0.8569435994846224
-0.21999999999999997 0.8032294474087303 0.8036856581846996
-0.21199999999999997 0.7534322928084002 0.755136025285267
-0.20399999999999996 0.7378761478195158 0.7397606132878856
-0.19599999999999995 0.767822753683057 0.7691787420740194
-0.18799999999999994 0.8327294863035218 0.8339969203477382
-0.17999999999999994 0.9004134112281602 0.9022979087115299
-0.17199999999999993 0.930242482086625 0.9324748148065801
-0.16399999999999998 0.9046661197877722 0.9056494440018807
-0.15600000000000003 0.8463897185441107 0.8470435915581107
-0.14800000000000002 0.7970600908484355 0.7990527088709505
-0.14 0.7873670597336944 0.7893307679641881
-0.132 0.8259613061024437 0.8273970397886983
-0.124 0.8981307836685103 0.8996024547914276
-0.11599999999999999 0.966844947238094 0.9690654009316517
-0.10799999999999998 0.9901425295304975 0.9925364390732228
-0.09999999999999998 0.9554260723764185 0.9563771127342091
-0.09199999999999997 0.8920001382529664 0.8930012150297313
-0.08399999999999996 0.8441206107963337 0.8464604380292622
-0.07599999999999996 0.8413126172576659 0.8434140145344758
-0.06799999999999995 0.8892193507837597 0.8907974245693884
-0.05999999999999994 0.9684499743494225 0.9701811439166064
-0.051999999999999935 1.0370140372636427 1.0395747055462694
-0.043999999999999984 1.052491496691666 1.0549559334312824
-0.03600000000000003 1.008286186296351 1.009168739685275
-0.028000000000000025 0.9403540600436692 0.9417095546301748
-0.020000000000000018 0.8950016271335978 0.8976137528045958
-0.01200000000000001 0.9001409573921666 0.9023482782552976
-0.0040000000000000036 0.9579671093402585 0.9597111618167427
0.0040000000000000036 1.0438771751659501 1.045951334054228
0.01200000000000001 1.1109371168901578 1.113930357059803
0.020000000000000018 1.1173164044435073 1.1199103991485178
0.028000000000000025 1.063429236380987 1.0644134444821671
0.03600000000000003 0.9917819103256905 0.9936750902259197
0.04400000000000004 0.950126441062313 0.9531044093653054
0.052000000000000046 0.9643071010289208 0.9667391814703213
0.06000000000000005 1.0325778579030611 1.0346262155713086
0.06800000000000006 1.124581914595762 1.1271489844769471
0.07600000000000007 1.1886188076669886 1.1921400547072238
0.08400000000000007 1.1846648301320484 1.1874238349888209
0.09200000000000008 1.1210760594259062 1.1223147412121033
0.10000000000000009 1.0466534553664761 1.0492177270953222
0.1080000000000001 1.009955607577201 1.0133802165843202
0.1160000000000001 1.034292006031183 1.0370987194822174
0.12400000000000011 1.113423588394775 1.1160021244236016
0.13200000000000012 1.210710468652368 1.2140711770373729
0.14000000000000012 1.2700556717958944 1.2744038297827331
0.14800000000000013 1.2546105513019121 1.2578493646759275
0.15600000000000003 1.1814888320246 1.1834701682975965
0.16399999999999992 1.1053801818459352 1.109084137184586
0.17199999999999993 1.074988531763603 1.079347498033872
0.17999999999999994 1.1106009612218974 1.1144153198699929
0.18799999999999994 1.2008701702878823 1.2047850637782793
0.19599999999999995 1.302383909912045 1.3075073869333649
0.20399999999999996 1.3552409887774934 1.3614259015237415
0.21199999999999997 1.327259277256358 1.3320317901695202
0.21999999999999997 1.244974277512815 1.2488876372167874
0.22799999999999998 1.1684177982140045 1.1743479854324528
0.236 1.145764844867683 1.1521499655784586
0.244 1.1937612274498877 1.199794644988371
0.252 1.2952721237581013 1.3018791305329165
0.26 1.3996970845728012 1.4080302703106105
0.268 1.4441705031750915 1.4535609019379887
0.276 1.402754373630796 1.4103897933813254
0.28400000000000003 1.311886840771658 1.3191047666231555
0.29200000000000004 1.2362688507053214 1.245652046007132
0.30000000000000004 1.222865454024635 1.2325894715587344
0.30800000000000005 1.2843188443106872 1.2941218874814968
0.31600000000000006 1.3969671605806444 1.4081016885646824
0.32400000000000007 1.5027187214763718 1.5162676486706765
0.3320000000000001 1.5368490535440102 1.5513467748111032
0.3400000000000001 1.4812825029968215 1.4935421054674975
0.3480000000000001 1.382631877144549 1.3946907110758646
0.3560000000000001 1.3094854308002126 1.3233414401421504
0.3640000000000001 1.3069131434702232 1.3205689733638917
0.3720000000000001 1.382834541497459 1.3964723671510888
0.3800000000000001 1.5062706954359295 1.5213157151686982
0.3880000000000001 1.6114928530629653 1.6288041075448287
0.39600000000000013 1.6332979586796348 1.650637862335781
0.404 1.5630791272290674 1.5774070674335197
0.4119999999999999 1.4576689045739408 1.4719805558600314
0.41999999999999993 1.3886719311644238 1.4043369629856637
0.42799999999999994 1.3985725909886262 1.413656196940353
0.43599999999999994 1.4898787233071666 1.5050086116919177
0.44399999999999995 1.623470574483026 1.6402421363581778
0.45199999999999996 1.7260416914675971 1.7450678928578565
0.45999999999999996 1.7335630114813159 1.7519044518487477
0.46799999999999997 1.6484338430341476 1.6635224726326592
0.476 1.5375149658707306 1.5531180989101037
0.484 1.4744877849604758 1.4910908405209127
0.492 1.4985496526108204 1.5143098412788403
0.5 1.6060255341656744 1.621854789004142
0.508 1.748822306560023 1.7663551391197092
0.516 1.846370054771515 1.8658209684863774
0.524 1.8377229151177175 1.8554864920754095
0.532 1.737695548529513 1.752019822217081
0.54 1.6227481406271735 1.6379583959097979
0.548 1.5676500993017355 1.5832390645970733
0.556 1.6075897627862503 1.6218692387132738
0.5640000000000001 1.731846062206836 1.7459028540882142
0.5720000000000001 1.8825451113492608 1.898023169510866
0.5800000000000001 1.9724713813442964 1.9892170092703294
0.5880000000000001 1.9458979921643011 1.9599683259101388
0.5960000000000001 1.8312774639271558 1.8422144897194093
0.6040000000000001 1.714011233689236 1.7264369217070885
0.6120000000000001 1.668936068054921 1.6813435232012366
0.6200000000000001 1.7264752982558076 1.7373980945720264
0.6280000000000001 1.8679007962020078 1.8785693362253517
0.6360000000000001 2.02481911453971 2.0369252287653143
0.6440000000000001 2.104335307866383 2.117359449176967
0.6520000000000001 2.058259005311381 2.068132188600237
0.6600000000000001 1.9296620512353324 1.9373855022707047
0.668 1.8120156494695503 1.8220310316406123
0.6759999999999999 1.7791850229249007 1.7890426397023773
0.6839999999999999 1.8560217636653848 1.864552843824269
0.692 2.014731516788469 2.0233260872426597
0.7 2.175784019136112 2.1861504293564717
0.708 2.241956723419135 2.25301800134687
0.716 2.1750359474101035 2.1826462458017972
0.724 2.03340589474056 2.039997124164919
0.732 1.9175454389559026 1.9269199983857894
0.74 1.89929995577883 1.9082783942176818
0.748 1.9970726776206664 2.0048921041423586
0.756 2.1728528732236017 2.181103002650962
0.764 2.335539562216617 2.3458659275223743
0.772 2.3853461527918483 2.3959111061409635
0.78 2.296526687356809 2.3032814795898404
0.788 2.143144614540729 2.1499249122630264
0.796 2.031461479375169 2.0410796854691227
0.804 2.030248320816955 2.039096562590842
0.812 2.1504930712932246 2.1582923592729433
0.8200000000000001 2.3427439679454642 2.3513159043821426
0.8280000000000001 2.5041480265500318 2.514988366561971
0.8360000000000001 2.534541271647375 2.5449434550022945
0.8440000000000001 2.4231053941355998 2.429455801016298
0.8520000000000001 2.259597888638119 2.2670385156905875
0.8600000000000001 2.1547057155034843 2.1647796233371825
0.8680000000000001 2.1730619041915733 2.182036770726432
0.8760000000000001 2.3171615593645254 2.325267303127129
0.8840000000000001 2.524840338216584 2.5341387283171706
0.8920000000000001 2.6816390171106184 2.693349928490167
0.9000000000000001 2.6896193186265975 2.7000984018895577
0.9080000000000001 2.5552307012131186 2.5616729538793686
0.916 2.3835746545234 2.3921681494604448
0.9239999999999999 2.2883053570632583 2.2991277321287646
0.9319999999999999 2.328835533145937 2.3383091319719385
0.94 2.4979610058994766 2.506816302705068
0.948 2.719526781494695 2.730045090361645
0.956 2.8680166360514647 2.8809652802730352
0.964 2.8507101480708554 2.861494050252383
0.972 2.693453614112457 2.7004716149439543
0.98 2.5159785485817614 2.526079710556907
0.988 2.4333768891589513 2.4451177944320954
0.996 2.498724389232622 2.5089340148605808
