-0.996 0.40020420191564543 0.4003336960228706
-0.988 0.4109515482189157 0.41168834065597354
-0.98 0.39745966855070874 0.39829956562306684
-0.972 0.37127054825093714 0.3714394166687995
-0.964 0.3507897850213654 0.35067557230229646
-0.956 0.34867301236325726 0.3486882969713465
-0.948 0.36771103222979995 0.3677106842562285
-0.94 0.40032650535307923 0.4001593590019488
-0.9319999999999999 0.42939915067730755 0.4294435463927675
-0.9239999999999999 0.43700461431570903 0.43770015390251804
-0.916 0.41953793983429977 0.42019029493990395
-0.908 0.3913540955520141 0.39129025129748884
-0.9 0.3717998279810953 0.3715439500543338
-0.892 0.3729062687480844 0.37279227335510656
-0.884 0.39606464807447994 0.39588554139357884
-0.876 0.43156248469539366 0.431208399165633
-0.868 0.4601801716145962 0.4601397636142003
-0.86 0.4641005000380722 0.46472835478463653
-0.852 0.44255661816134234 0.44297806619875685
-0.844 0.41269356356551273 0.4123859336185116
-0.836 0.3945487142736526 0.3941421763021633
-0.8280000000000001 0.3993374151221259 0.3990698299252794
-0.8200000000000001 0.4268498878654325 0.4264612826549399
-0.812 0.4650096358768251 0.4644532446926529
-0.804 0.4925505859760882 0.49242363111886006
-0.796 0.49225644217323666 0.4927819202358813
-0.788 0.46660407043206525 0.4667515324748631
-0.78 0.435440183336374 0.43487984888827214
-0.772 0.41922636817304265 0.418656457894116
-0.764 0.4281665900662225 0.4277167192779463
-0.756 0.46022445163391895 0.45959334445981803
-0.748 0.5007329260574968 0.4999608021084006
-0.74 0.5265098286623577 0.5262915974057478
-0.732 0.5215001335960837 0.5218799421797953
-0.724 0.49178594800176145 0.4916178710881952
-0.716 0.4597629592760817 0.45894171218584034
-0.708 0.4460398129897512 0.4452886681034821
-0.7 0.4596061193004682 0.45893911419264094
-0.692 0.496347190184938 0.4954358294239298
-0.6839999999999999 0.5387925171648615 0.5377876659152712
-0.6759999999999999 0.5620652869957697 0.5617358495028727
-0.6679999999999999 0.551889292689202 0.5520537718162515
-0.6599999999999999 0.5182553379659245 0.5177031235837463
-0.6519999999999999 0.4858967284313254 0.48475804211632073
-0.644 0.47528848156173076 0.4742578436707237
-0.636 0.4939949926811391 0.4929554256228218
-0.628 0.5355490814411097 0.5341440626382692
-0.62 0.5794954479903567 0.5779844368692931
-0.612 0.5995909555253227 0.5987493354777407
-0.604 0.5840015312901323 0.5833463358716113
-0.596 0.5468584458720456 0.5451369010230621
-0.588 0.5149640670428423 0.512494544891697
-0.5800000000000001 0.5083683913360776 0.5057242542814341
-0.5720000000000001 0.5329687077518845 0.5298602067701289
-0.5640000000000001 0.5796224464162554 0.5756631540573922
-0.556 0.6247196718516959 0.6203182120489974
-0.548 0.6410513435689293 0.637022285023556
-0.54 0.6198693190983303 0.6155344553546528
-0.532 0.5795488523173998 0.5738466119282295
-0.524 0.548607613110879 0.5422071285573079
-0.516 0.5463536810550113 0.5398747190864637
-0.508 0.5767497912125045 0.5699676576374662
-0.5 0.6276551064890118 0.6204116779355855
-0.492 0.6722482972289633 0.6653025491067841
-0.484 0.6829520601643044 0.6771905051987127
-0.476 0.654856112577536 0.6493905973523828
-0.46799999999999997 0.6107104681896524 0.6046671927357945
-0.45999999999999996 0.5804773861075856 0.5747022981531729
-0.45199999999999996 0.5825141754582428 0.5774332962089902
-0.44399999999999995 0.6186347774908689 0.6138233682461773
-0.43599999999999994 0.6733994914282292 0.6686323928063722
-0.42799999999999994 0.7167876652179924 0.7128421174359456
-0.42 0.7215026749584013 0.7189663254122022
-0.41200000000000003 0.6870893593549909 0.6846457099448443
-0.404 0.6405544274875519 0.6374274545464019
-0.396 0.6128329415689531 0.6099067265609744
-0.388 0.6209494508662691 0.6184145419693086
-0.38 0.6641719670790852 0.6614755558782579
-0.372 0.723341059339615 0.7203469908572808
-0.364 0.7652855063883535 0.7629481351478256
-0.356 0.7637377875737229 0.762452183905223
-0.348 0.7233075383344734 0.7215457134514791
-0.33999999999999997 0.675120551864714 0.6724348258692525
-0.33199999999999996 0.650699668958912 0.6481037292838281
-0.32399999999999995 0.6654707280830559 0.6630354358408941
-0.31599999999999995 0.7158421722877573 0.7130099181477008
-0.30799999999999994 0.7786259914181167 0.7754560074357447
-0.3 0.8177531287985411 0.8153964793839851
-0.29200000000000004 0.8088864157031838 0.8074865638434436
-0.28400000000000003 0.7622613095818 0.7601335967095251
-0.276 0.7128834001228889 0.7099201095049941
-0.268 0.6924391201597097 0.6896732056441204
-0.26 0.7144403460672344 0.711763884168325
-0.252 0.7720385632586347 0.768861592038598
-0.244 0.8376884666091944 0.8342544232238562
-0.236 0.8727794447016599 0.8703518960810854
-0.22799999999999998 0.8558582415625082 0.8542207201033597
-0.21999999999999997 0.8032294474087303 0.8006043495692055
-0.21199999999999997 0.7534322928084002 0.7500817995520578
-0.20399999999999996 0.7378761478195158 0.7348004482585879
-0.19599999999999995 0.767822753683057 0.7647470077208463
-0.18799999999999994 0.8327294863035218 0.8290747630990771
-0.17999999999999994 0.9004134112281602 0.8966593636585183
-0.17199999999999993 0.930242482086625 0.9277214864329577
-0.16399999999999998 0.9046661197877722 0.9027497840665788
-0.15600000000000003 0.8463897185441107 0.8433025991132946
-0.14800000000000002 0.7970600908484355 0.7934130613061299
-0.14 0.7873670597336944 0.784045546959368
-0.132 0.8259613061024437 0.8225145705592336
-0.124 0.8981307836685103 0.8940114573067481
-0.11599999999999999 0.966844947238094 0.9627856333385326
-0.10799999999999998 0.9901425295304975 0.9874609682826595
-0.09999999999999998 0.9554260723764185 0.9530575958922015
-0.09199999999999997 0.8920001382529664 0.8883105266114915
-0.08399999999999996 0.8441206107963337 0.8400610814942426
-0.07599999999999996 0.8413126172576659 0.8376114805420912
-0.06799999999999995 0.8892193507837597 0.8852761670829923
-0.05999999999999994 0.9684499743494225 0.9638056113630704
-0.051999999999999935 1.0370140372636427 1.0326865502617546
-0.043999999999999984 1.052491496691666 1.0496889859136065
-0.03600000000000003 1.008286186296351 1.0054848178224052
-0.028000000000000025 0.9403540600436692 0.9361556365479966
-0.020000000000000018 0.8950016271335978 0.8906255106385369
-0.01200000000000001 0.9001409573921666 0.89609857979628
-0.0040000000000000036 0.9579671093402585 0.9535153033881341
0.0040000000000000036 1.0438771751659501 1.03868380771948
0.01200000000000001 1.1109371168901578 1.1063101385327823
0.020000000000000018 1.1173164044435073 1.1142553939201278
0.028000000000000025 1.063429236380987 1.0599989976580002
0.03600000000000003 0.9917819103256905 0.9869527831403672
0.04400000000000004 0.950126441062313 0.9453265016686813
0.052000000000000046 0.9643071010289208 0.9598097819049487
0.06000000000000005 1.0325778579030611 1.0275387763833803
0.06800000000000006 1.124581914595762 1.1188687527245094
0.07600000000000007 1.1886188076669886 1.1838305660329596
0.08400000000000007 1.1846648301320484 1.1814746850660904
0.09200000000000008 1.1210760594259062 1.1171870495194431
0.10000000000000009 1.0466534553664761 1.041482286098898
0.1080000000000001 1.009955607577201 1.0050426226747213
0.1160000000000001 1.034292006031183 1.0296550282134864
0.12400000000000011 1.113423588394775 1.1081547022177154
0.13200000000000012 1.210710468652368 1.2049296450484002
0.14000000000000012 1.2700556717958944 1.2655913719692629
0.14800000000000013 1.2546105513019121 1.251654862588365
0.15600000000000003 1.1814888320246 1.1774577975582665
0.16399999999999992 1.1053801818459352 1.1002078265927038
0.17199999999999993 1.074988531763603 1.0702619177217088
0.17999999999999994 1.1106009612218974 1.1061200663767605
0.18799999999999994 1.2008701702878823 1.1957509276493687
0.19599999999999995 1.302383909912045 1.2970913847115029
0.20399999999999996 1.3552409887774934 1.3517767269673413
0.21199999999999997 1.327259277256358 1.3252133055731419
0.21999999999999997 1.244974277512815 1.241599040502026
0.22799999999999998 1.1684177982140045 1.164209886133506
0.236 1.145764844867683 1.1422972234633417
0.244 1.1937612274498877 1.1906675233444892
0.252 1.2952721237581013 1.2917669570204962
0.26 1.3996970845728012 1.3966074728993103
0.268 1.4441705031750915 1.443458440924442
0.276 1.402754373630796 1.4031767866495435
0.28400000000000003 1.311886840771658 1.3106090787390197
0.29200000000000004 1.2362688507053214 1.234356746063435
0.30000000000000004 1.222865454024635 1.2218648034946118
0.30800000000000005 1.2843188443106872 1.2838027376257384
0.31600000000000006 1.3969671605806444 1.396360292087256
0.32400000000000007 1.5027187214763718 1.5032327351995476
0.3320000000000001 1.5368490535440102 1.5401887547049422
0.3400000000000001 1.4812825029968215 1.4852152619817411
0.3480000000000001 1.382631877144549 1.3843566627284452
0.3560000000000001 1.3094854308002126 1.3105724935632816
0.3640000000000001 1.3069131434702232 1.3087514830936389
0.3720000000000001 1.382834541497459 1.3848476726506485
0.3800000000000001 1.5062706954359295 1.508002776164851
0.3880000000000001 1.6114928530629653 1.6144394782861222
0.39600000000000013 1.6332979586796348 1.6387595995223716
0.404 1.5630791272290674 1.5680228404250995
0.4119999999999999 1.4576689045739408 1.4597851762542686
0.41999999999999993 1.3886719311644238 1.3901183118535858
0.42799999999999994 1.3985725909886262 1.4005555782088124
0.43599999999999994 1.4898787233071666 1.4916994631472007
0.44399999999999995 1.623470574483026 1.6248939120144987
0.45199999999999996 1.7260416914675971 1.7289605398485839
0.45999999999999996 1.7335630114813159 1.7388818613304093
0.46799999999999997 1.6484338430341476 1.652507271738711
0.476 1.5375149658707306 1.538675582017967
0.484 1.4744877849604758 1.4752212024043097
0.492 1.4985496526108204 1.4996580998162041
0.5 1.6060255341656744 1.6065724599681084
0.508 1.748822306560023 1.7487675519988917
0.516 1.846370054771515 1.8479429212127538
0.524 1.8377229151177175 1.841288251987082
0.532 1.737695548529513 1.7391648414785168
0.54 1.6227481406271735 1.6212516092653924
0.548 1.5676500993017355 1.5658048998573193
0.556 1.6075897627862503 1.6056672075287712
0.5640000000000001 1.731846062206836 1.7286393828924005
0.5720000000000001 1.8825451113492608 1.8783009572581855
0.5800000000000001 1.9724713813442964 1.9698368491192828
0.5880000000000001 1.9458979921643011 1.9447650310310096
0.5960000000000001 1.8312774639271558 1.8274861301007546
0.6040000000000001 1.714011233689236 1.7076488376936176
0.6120000000000001 1.668936068054921 1.6625627914061225
0.6200000000000001 1.7264752982558076 1.7197875852119608
0.6280000000000001 1.8679007962020078 1.859516815958302
0.6360000000000001 2.02481911453971 2.0154735699982176
0.6440000000000001 2.104335307866383 2.0971232412348035
0.6520000000000001 2.058259005311381 2.052489073753449
0.6600000000000001 1.9296620512353324 1.9212139860840218
0.668 1.8120156494695503 1.8017908753406258
0.6759999999999999 1.7791850229249007 1.769402548778753
0.6839999999999999 1.8560217636653848 1.845756619469302
0.692 2.014731516788469 2.0024895811998595
0.7 2.175784019136112 2.1628463790083003
0.708 2.241956723419135 2.231635994959775
0.716 2.1750359474101035 2.165807423598679
0.724 2.03340589474056 2.0213387079118252
0.732 1.9175454389559026 1.9043220929010185
0.74 1.89929995577883 1.8867211363632839
0.748 1.9970726776206664 1.9837061451729394
0.756 2.1728528732236017 2.1572743089917314
0.764 2.335539562216617 2.319714328415392
0.772 2.3853461527918483 2.372629735080278
0.78 2.296526687356809 2.284459701602976
0.788 2.143144614540729 2.128205264878217
0.796 2.031461479375169 2.0160004000462295
0.804 2.030248320816955 2.015534786522533
0.812 2.1504930712932246 2.134655410592692
0.8200000000000001 2.3427439679454642 2.324562540687194
0.8280000000000001 2.5041480265500318 2.4863158058528194
0.8360000000000001 2.534541271647375 2.5201768103333877
0.8440000000000001 2.4231053941355998 2.408747406395204
0.8520000000000001 2.259597888638119 2.2423582962602038
0.8600000000000001 2.1547057155034843 2.1374593510983555
0.8680000000000001 2.1730619041915733 2.1564741041844555
0.8760000000000001 2.3171615593645254 2.299005629974639
0.8840000000000001 2.524840338216584 2.5042533627824897
0.8920000000000001 2.6816390171106184 2.662067180040061
0.9000000000000001 2.6896193186265975 2.673679630268338
0.9080000000000001 2.5552307012131186 2.538534606349436
0.916 2.3835746545234 2.364111114819751
0.9239999999999999 2.2883053570632583 2.2692888885282754
0.9319999999999999 2.328835533145937 2.3102682468753737
0.94 2.4979610058994766 2.477343948001144
0.948 2.719526781494695 2.696508344506694
0.956 2.8680166360514647 2.8467701711027678
0.964 2.8507101480708554 2.8330732527380533
0.972 2.693453614112457 2.6742705417386965
0.98 2.5159785485817614 2.4942987342672622
0.988 2.4333768891589513 2.4125222196926677
0.996 2.498724389232622 2.477991206828519
