-0.996 0.40020420191564543 0.3998852145105726
-0.988 0.4109515482189157 0.41124409187407973
-0.98 0.39745966855070874 0.3986737968120906
-0.972 0.37127054825093714 0.3724544777104607
-0.964 0.3507897850213654 0.3514191978659851
-0.956 0.34867301236325726 0.3489727441930714
-0.948 0.36771103222979995 0.3677134841282539
-0.94 0.40032650535307923 0.3997678185883372
-0.9319999999999999 0.42939915067730755 0.42856823568894514
-0.9239999999999999 0.43700461431570903 0.43695431633505644
-0.916 0.41953793983429977 0.4203951252470184
-0.908 0.3913540955520141 0.3920628919752314
-0.9 0.3717998279810953 0.3719520461945165
-0.892 0.3729062687480844 0.37274096716673544
-0.884 0.39606464807447994 0.3955206984896352
-0.876 0.43156248469539366 0.43036089894985646
-0.868 0.4601801716145962 0.45879346585373626
-0.86 0.4641005000380722 0.46366792554254066
-0.852 0.44255661816134234 0.44298654257099246
-0.844 0.41269356356551273 0.4128628764892513
-0.836 0.3945487142736526 0.3941714780466768
-0.8280000000000001 0.3993374151221259 0.39863982358046574
-0.8200000000000001 0.4268498878654325 0.4256689196156423
-0.812 0.4650096358768251 0.4630819608318915
-0.804 0.4925505859760882 0.4905642993427548
-0.796 0.49225644217323666 0.4913938214623387
-0.788 0.46660407043206525 0.46652856885007976
-0.78 0.435440183336374 0.4350030529307278
-0.772 0.41922636817304265 0.4182611011463041
-0.764 0.4281665900662225 0.42685841185807244
-0.756 0.46022445163391895 0.4583050367419884
-0.748 0.5007329260574968 0.49799339494684763
-0.74 0.5265098286623577 0.5238793415629702
-0.732 0.5215001335960837 0.5201496891573765
-0.724 0.49178594800176145 0.491119244614558
-0.716 0.4597629592760817 0.4586488313260103
-0.708 0.4460398129897512 0.44441921562361186
-0.7 0.4596061193004682 0.4575950846924097
-0.692 0.496347190184938 0.49357428713250945
-0.6839999999999999 0.5387925171648615 0.5351485476289148
-0.6759999999999999 0.5620652869957697 0.55873405711236
-0.6679999999999999 0.551889292689202 0.5499642807220495
-0.6599999999999999 0.5182553379659245 0.5168747105651446
-0.6519999999999999 0.4858967284313254 0.4839819502509062
-0.644 0.47528848156173076 0.4728584341495642
-0.636 0.4939949926811391 0.4910569966947449
-0.628 0.5355490814411097 0.5316209813600887
-0.62 0.5794954479903567 0.5745957841519593
-0.612 0.5995909555253227 0.5951280514970027
-0.604 0.5840015312901323 0.5808836218450316
-0.596 0.5468584458720456 0.5439279246607882
-0.588 0.5149640670428423 0.51118418933114
-0.5800000000000001 0.5083683913360776 0.503758376209372
-0.5720000000000001 0.5329687077518845 0.5273547154141871
-0.5640000000000001 0.5796224464162554 0.572394740583905
-0.556 0.6247196718516959 0.6160764427283925
-0.548 0.6410513435689293 0.6326546020793263
-0.54 0.6198693190983303 0.6124895030311663
-0.532 0.5795488523173998 0.5719541943820335
-0.524 0.548607613110879 0.5400360199482299
-0.516 0.5463536810550113 0.5370001654154306
-0.508 0.5767497912125045 0.5664656304261895
-0.5 0.6276551064890118 0.6159773417776895
-0.492 0.6722482972289633 0.6598526771113513
-0.484 0.6829520601643044 0.671910519751727
-0.476 0.654856112577536 0.6457895968615162
-0.46799999999999997 0.6107104681896524 0.6022385615015746
-0.45999999999999996 0.5804773861075856 0.5719425190246109
-0.45199999999999996 0.5825141754582428 0.5740135003500584
-0.44399999999999995 0.6186347774908689 0.6097543385843203
-0.43599999999999994 0.6733994914282292 0.6635347225908615
-0.42799999999999994 0.7167876652179924 0.7067664928656064
-0.42 0.7215026749584013 0.7133549997839794
-0.41200000000000003 0.6870893593549909 0.6808950796612446
-0.404 0.6405544274875519 0.6346387814371657
-0.396 0.6128329415689531 0.6065883602960258
-0.388 0.6209494508662691 0.614390415903822
-0.38 0.6641719670790852 0.6567223747788116
-0.372 0.723341059339615 0.7144611127610957
-0.364 0.7652855063883535 0.7561840275653815
-0.356 0.7637377875737229 0.7565204961412675
-0.348 0.7233075383344734 0.7176628545304786
-0.33999999999999997 0.675120551864714 0.6693272369135518
-0.33199999999999996 0.650699668958912 0.6443386931305816
-0.32399999999999995 0.6654707280830559 0.658519367283316
-0.31599999999999995 0.7158421722877573 0.7076101803833665
-0.30799999999999994 0.7786259914181167 0.7687291553207124
-0.3 0.8177531287985411 0.8078432531844035
-0.29200000000000004 0.8088864157031838 0.8010860219850223
-0.28400000000000003 0.7622613095818 0.7558703573978371
-0.276 0.7128834001228889 0.7062146217284796
-0.268 0.6924391201597097 0.6852405885248507
-0.26 0.7144403460672344 0.7065883063612683
-0.252 0.7720385632586347 0.7627043216160303
-0.244 0.8376884666091944 0.8266775539538875
-0.236 0.8727794447016599 0.862148365986865
-0.22799999999999998 0.8558582415625082 0.8475716420380854
-0.21999999999999997 0.8032294474087303 0.7961302254392583
-0.21199999999999997 0.7534322928084002 0.745878840978329
-0.20399999999999996 0.7378761478195158 0.7297221183549576
-0.19599999999999995 0.767822753683057 0.7588091096520633
-0.18799999999999994 0.8327294863035218 0.8219346418612546
-0.17999999999999994 0.9004134112281602 0.887948404392044
-0.17199999999999993 0.930242482086625 0.9186067884627891
-0.16399999999999998 0.9046661197877722 0.8956017888356136
-0.15600000000000003 0.8463897185441107 0.8383467111771818
-0.14800000000000002 0.7970600908484355 0.7885219890953801
-0.14 0.7873670597336944 0.7782499234312596
-0.132 0.8259613061024437 0.8158175995117888
-0.124 0.8981307836685103 0.8859498697538468
-0.11599999999999999 0.966844947238094 0.9530922981357147
-0.10799999999999998 0.9901425295304975 0.9776814053802061
-0.09999999999999998 0.9554260723764185 0.945613970208384
-0.09199999999999997 0.8920001382529664 0.8829040285682498
-0.08399999999999996 0.8441206107963337 0.8343941102672738
-0.07599999999999996 0.8413126172576659 0.8309205600366388
-0.06799999999999995 0.8892193507837597 0.8775342995774535
-0.05999999999999994 0.9684499743494225 0.9544546786508064
-0.051999999999999935 1.0370140372636427 1.0216558768212987
-0.043999999999999984 1.052491496691666 1.0389813101770946
-0.03600000000000003 1.008286186296351 0.9975295445064741
-0.028000000000000025 0.9403540600436692 0.9301220801757654
-0.020000000000000018 0.8950016271335978 0.884133874104181
-0.01200000000000001 0.9001409573921666 0.8885621403407991
-0.0040000000000000036 0.9579671093402585 0.9448193002561811
0.0040000000000000036 1.0438771751659501 1.0281715016788595
0.01200000000000001 1.1109371168901578 1.0941456551703574
0.020000000000000018 1.1173164044435073 1.1028603255230796
0.028000000000000025 1.063429236380987 1.0516343556128775
0.03600000000000003 0.9917819103256905 0.9802013120585613
0.04400000000000004 0.950126441062313 0.937829496848515
0.052000000000000046 0.9643071010289208 0.9511604494991514
0.06000000000000005 1.0325778579030611 1.0175175062655575
0.06800000000000006 1.124581914595762 1.1067681057839773
0.07600000000000007 1.1886188076669886 1.1701629780287652
0.08400000000000007 1.1846648301320484 1.169121251291568
0.09200000000000008 1.1210760594259062 1.1081563236353718
0.10000000000000009 1.0466534553664761 1.0338050685503353
0.1080000000000001 1.009955607577201 0.9964699539801237
0.1160000000000001 1.034292006031183 1.0199178715786046
0.12400000000000011 1.113423588394775 1.0968944617616547
0.13200000000000012 1.210710468652368 1.1914194596071797
0.14000000000000012 1.2700556717958944 1.2507480667999662
0.14800000000000013 1.2546105513019121 1.2387389825082238
0.15600000000000003 1.1814888320246 1.1680330777748433
0.16399999999999992 1.1053801818459352 1.0917447597367476
0.17199999999999993 1.074988531763603 1.0606680718501569
0.17999999999999994 1.1106009612218974 1.0952069275832739
0.18799999999999994 1.2008701702878823 1.1829977499705797
0.19599999999999995 1.302383909912045 1.281815263205568
0.20399999999999996 1.3552409887774934 1.3354053601595834
0.21199999999999997 1.327259277256358 1.3113663446814
0.21999999999999997 1.244974277512815 1.2313088078654202
0.22799999999999998 1.1684177982140045 1.1544991379659288
0.236 1.145764844867683 1.1313197788130864
0.244 1.1937612274498877 1.1782801104720753
0.252 1.2952721237581013 1.2772858840446397
0.26 1.3996970845728012 1.379470494346363
0.268 1.4441705031750915 1.4256727872743777
0.276 1.402754373630796 1.3885951623461963
0.28400000000000003 1.311886840771658 1.2995547814743884
0.29200000000000004 1.2362688507053214 1.2234412264010348
0.30000000000000004 1.222865454024635 1.2094710255052588
0.30800000000000005 1.2843188443106872 1.2697314843282106
0.31600000000000006 1.3969671605806444 1.3797377652805576
0.32400000000000007 1.5027187214763718 1.4837111634675948
0.3320000000000001 1.5368490535440102 1.5204717652875703
0.3400000000000001 1.4812825029968215 1.4693467942649883
0.3480000000000001 1.382631877144549 1.3719214442458505
0.3560000000000001 1.3094854308002126 1.297931007799836
0.3640000000000001 1.3069131434702232 1.2945553870888018
0.3720000000000001 1.382834541497459 1.3688042660347222
0.3800000000000001 1.5062706954359295 1.4890750523403673
0.3880000000000001 1.6114928530629653 1.592589386330319
0.39600000000000013 1.6332979586796348 1.6173799791821062
0.404 1.5630791272290674 1.5510774162206213
0.4119999999999999 1.4576689045739408 1.4459471279189307
0.41999999999999993 1.3886719311644238 1.3756043206968163
0.42799999999999994 1.3985725909886262 1.3842752270485792
0.43599999999999994 1.4898787233071666 1.4732124212937174
0.44399999999999995 1.623470574483026 1.6030441178142003
0.45199999999999996 1.7260416914675971 1.7041730496472152
0.45999999999999996 1.7335630114813159 1.7153124089017138
0.46799999999999997 1.6484338430341476 1.6339196943382994
0.476 1.5375149658707306 1.5228494617915755
0.484 1.4744877849604758 1.4583679500853985
0.492 1.4985496526108204 1.480883540220534
0.5 1.6060255341656744 1.5852182130958896
0.508 1.748822306560023 1.7236066566513226
0.516 1.846370054771515 1.8200008208477358
0.524 1.8377229151177175 1.815471725579764
0.532 1.737695548529513 1.7188183423208125
0.54 1.6227481406271735 1.6032628873033135
0.548 1.5676500993017355 1.5465159201737473
0.556 1.6075897627862503 1.584345966751012
0.5640000000000001 1.731846062206836 1.704404987079566
0.5720000000000001 1.8825451113492608 1.849960687439644
0.5800000000000001 1.9724713813442964 1.9391500344908617
0.5880000000000001 1.9458979921643011 1.917282807998803
0.5960000000000001 1.8312774639271558 1.805843297044866
0.6040000000000001 1.714011233689236 1.6878508779605275
0.6120000000000001 1.668936068054921 1.6411686089911992
0.6200000000000001 1.7264752982558076 1.6961419233571111
0.6280000000000001 1.8679007962020078 1.8324794394535384
0.6360000000000001 2.02481911453971 1.9839684929571788
0.6440000000000001 2.104335307866383 2.0637574142634243
0.6520000000000001 2.058259005311381 2.023351391303739
0.6600000000000001 1.9296620512353324 1.8980536558897656
0.668 1.8120156494695503 1.779892263235427
0.6759999999999999 1.7791850229249007 1.745658160637509
0.6839999999999999 1.8560217636653848 1.8195309831112474
0.692 2.014731516788469 1.9723980717386969
0.7 2.175784019136112 2.1280687688172564
0.708 2.241956723419135 2.195745561472948
0.716 2.1750359474101035 2.1352486845630745
0.724 2.03340589474056 1.9967367383173549
0.732 1.9175454389559026 1.8803488922059535
0.74 1.89929995577883 1.860629724064065
0.748 1.9970726776206664 1.9547790132015854
0.756 2.1728528732236017 2.123872656024016
0.764 2.335539562216617 2.2813978297374566
0.772 2.3853461527918483 2.334019411354955
0.78 2.296526687356809 2.252142186672595
0.788 2.143144614540729 2.1015334062391395
0.796 2.031461479375169 1.9892303972260832
0.804 2.030248320816955 1.986294761019459
0.812 2.1504930712932246 2.102056809130701
0.8200000000000001 2.3427439679454642 2.2867550332845283
0.8280000000000001 2.5041480265500318 2.4434480588644534
0.8360000000000001 2.534541271647375 2.47804887697968
0.8440000000000001 2.4231053941355998 2.373892243227056
0.8520000000000001 2.259597888638119 2.212773765814891
0.8600000000000001 2.1547057155034843 2.107178842472683
0.8680000000000001 2.1730619041915733 2.123457126179576
0.8760000000000001 2.3171615593645254 2.26210501395175
0.8840000000000001 2.524840338216584 2.4614776505733826
0.8920000000000001 2.6816390171106184 2.6143636240956356
0.9000000000000001 2.6896193186265975 2.6280561674520753
0.9080000000000001 2.5552307012131186 2.50114936905002
0.916 2.3835746545234 2.3315221488187694
0.9239999999999999 2.2883053570632583 2.2354861605561407
0.9319999999999999 2.328835533145937 2.273473243151565
0.94 2.4979610058994766 2.4360800787976657
0.948 2.719526781494695 2.6487282797037692
0.956 2.8680166360514647 2.7944012632113324
0.964 2.8507101480708554 2.7842521539079024
0.972 2.693453614112457 2.6343989767676272
0.98 2.5159785485817614 2.45848395047591
0.988 2.4333768891589513 2.3748916371428725
0.996 2.498724389232622 2.4369423074126315
