-0.996 0.40020420191564543 0.4004591440187462
-0.988 0.4109515482189157 0.41129151241875866
-0.98 0.39745966855070874 0.3972389038026111
-0.972 0.37127054825093714 0.3710651180120795
-0.964 0.3507897850213654 0.3511904462128417
-0.956 0.34867301236325726 0.3490077979818195
-0.948 0.36771103222979995 0.36780052498251603
-0.94 0.40032650535307923 0.4004224252413466
-0.9319999999999999 0.42939915067730755 0.4297994119788261
-0.9239999999999999 0.43700461431570903 0.4373961487918694
-0.916 0.41953793983429977 0.41930557129811347
-0.908 0.3913540955520141 0.391310836562567
-0.9 0.37179982798109523 0.3723332993674301
-0.892 0.3729062687480842 0.3732902712209541
-0.884 0.39606464807447916 0.396214032342237
-0.876 0.43156248469539105 0.431780086090498
-0.868 0.4601801716145875 0.4607382777959929
-0.86 0.4641005000380445 0.4645280521214014
-0.852 0.4425566181612559 0.44233491567896843
-0.844 0.41269356356524944 0.41284336766421303
-0.836 0.3945487142728711 0.39520816973142664
-0.8280000000000001 0.3993374151198647 0.3997760849076715
-0.8200000000000001 0.4268498878590554 0.42707572983580644
-0.812 0.4650096358592953 0.4653744086682602
-0.804 0.49255058592911843 0.49327508144868326
-0.796 0.49225644205056596 0.4927045745140371
-0.788 0.46660407011978416 0.46642503319832374
-0.78 0.43544018256149747 0.43580857434992387
-0.772 0.4192263662989053 0.4200050352661172
-0.764 0.42816658564795135 0.42866807995351847
-0.756 0.46022444148112973 0.46054670245350415
-0.748 0.5007329033169742 0.5012723312069851
-0.74 0.5265097790148362 0.5274043699965513
-0.732 0.5215000279443166 0.5219552789241865
-0.724 0.49178572885350513 0.4916906490259765
-0.716 0.45976251619691033 0.46036820320912303
-0.708 0.446038939803857 0.4469316069025185
-0.7 0.4596044419873287 0.4601799020211115
-0.692 0.4963440496498631 0.49678652794838096
-0.6839999999999999 0.5387867855736449 0.5395296211762651
-0.6759999999999999 0.5620550910191705 0.5631175404362523
-0.6679999999999999 0.5518716134116944 0.5523247621887193
-0.6599999999999999 0.5182254578514495 0.5182627058541762
-0.6519999999999999 0.4858475038464435 0.48670134375852353
-0.644 0.47520943846820457 0.47621381846379174
-0.636 0.49387127611511333 0.4945365350992747
-0.628 0.5353603371406532 0.5359540777032223
-0.62 0.579214774176186 0.5801946804816733
-0.612 0.599184126427 0.6004107887920084
-0.604 0.5834267479377021 0.5838788563308543
-0.596 0.5460668957589359 0.5462875766887241
-0.588 0.5139015529214671 0.5149965849700276
-0.5800000000000001 0.5069782048338116 0.5080718669632796
-0.5720000000000001 0.53119577000908 0.5319283279279272
-0.5640000000000001 0.5774185257122287 0.5781345490900227
-0.556 0.6220492461128982 0.6232123604690727
-0.548 0.6378974494661922 0.6391767932800745
-0.54 0.6162385739129619 0.6165951808876046
-0.532 0.5754748010065562 0.5758307184734055
-0.524 0.5441516736683581 0.545382965730678
-0.516 0.5416032378859981 0.5426852682537828
-0.508 0.571813383354553 0.5725220220327296
-0.5 0.6226551064890118 0.6234090784984285
-0.492 0.6673118893710118 0.6685626196216081
-0.484 0.6782016169952912 0.6794061280868402
-0.476 0.6504001731350151 0.6505992122408941
-0.46799999999999997 0.6066364168788088 0.6071246767811238
-0.45999999999999996 0.5768466409222172 0.5781818339810283
-0.45199999999999996 0.5793602813555057 0.5804483633106132
-0.44399999999999995 0.6159643517520713 0.6167252182048327
-0.43599999999999994 0.6711955707242026 0.6721208400389139
-0.42799999999999994 0.7150147274751879 0.7165016725555514
-0.42 0.7201124884561353 0.7213625834063092
-0.41200000000000003 0.6860268452336158 0.6862386142118666
-0.404 0.6397628773744422 0.6405363520251803
-0.396 0.6122581582165229 0.6137550298763744
-0.388 0.6205426217679464 0.6216711146108008
-0.38 0.6638912932649146 0.6647132396776512
-0.372 0.7231523150391586 0.7242346739972105
-0.364 0.7651617898223277 0.7668199664235439
-0.356 0.7636587444801967 0.7648497235100712
-0.348 0.7232583137495914 0.7234676043680156
-0.33999999999999997 0.675090671750239 0.6761474535492911
-0.33199999999999996 0.6506819896814044 0.6523244159714683
-0.32399999999999995 0.6654605321064566 0.6666693084135298
-0.31599999999999995 0.7158364406965406 0.7168014957790761
-0.30799999999999994 0.7786228508830418 0.7799668583033484
-0.3 0.8177514514854016 0.8196440612614591
-0.29200000000000004 0.8088855425172896 0.8100382397185477
-0.28400000000000003 0.7622608665026287 0.7625463069006064
-0.276 0.7128831809746325 0.7142342958424389
-0.268 0.6924390145079425 0.6941765017450299
-0.26 0.7144402964197129 0.7156835847041524
-0.252 0.7720385405181122 0.77311074502434
-0.244 0.8376884564564051 0.8392691179031951
-0.236 0.8727794402833888 0.8748521308114412
-0.22799999999999998 0.8558582396883709 0.8569436003897415
-0.21999999999999997 0.8032294466338536 0.803685659934695
-0.21199999999999997 0.7534322924961191 0.7551360280853867
-0.20399999999999996 0.7378761476968451 0.7397606177106424
-0.19599999999999995 0.7678227536360872 0.769178748984011
-0.18799999999999994 0.832729486285992 0.8339969301465381
-0.17999999999999994 0.9004134112217832 0.9022979196599622
-0.17199999999999993 0.9302424820843638 0.9324748206686515
-0.16399999999999998 0.9046661197869907 0.9056494366019225
-0.15600000000000003 0.8463897185438474 0.8470435681538161
-0.14800000000000002 0.7970600908483491 0.7990526691346349
-0.14 0.7873670597336667 0.7893307102507723
-0.132 0.825961306102435 0.8273969614887473
-0.124 0.8981307836685076 0.899602356518078
-0.11599999999999999 0.9668449472380932 0.9690652920903813
-0.10799999999999998 0.9901425295304973 0.9925363391494748
-0.09999999999999998 0.9554260723764184 0.9563770439704075
-0.09199999999999997 0.8920001382529664 0.8930011972478925
-0.08399999999999996 0.8441206107963337 0.8464605126616337
-0.07599999999999996 0.8413126172576659 0.8434142535169631
-0.06799999999999995 0.8892193507837597 0.8907978468880171
-0.05999999999999994 0.9684499743494225 0.9701815014610402
-0.051999999999999935 1.0370140372636427 1.0395743297941669
-0.043999999999999984 1.052491496691666 1.054954183067432
-0.03600000000000003 1.008286186296351 1.0091653903861146
-0.028000000000000025 0.9403540600436692 0.9417045167121959
-0.020000000000000018 0.8950016271335978 0.8976066360034815
-0.01200000000000001 0.9001409573921666 0.9023381345291921
-0.0040000000000000036 0.9579671093402585 0.9596964452575112
0.0040000000000000036 1.0438771751659501 1.0459302769176806
0.01200000000000001 1.1109371168901578 1.113901886810591
0.020000000000000018 1.1173164044435073 1.1198748275068902
0.028000000000000025 1.063429236380987 1.0643716139915265
0.03600000000000003 0.9917819103256905 0.9936261555782371
0.04400000000000004 0.950126441062313 0.953044091764026
0.052000000000000046 0.9643071010289208 0.9666592954307807
0.06000000000000005 1.0325778579030611 1.0345160406757898
0.06800000000000006 1.124581914595762 1.1269997360640596
0.07600000000000007 1.1886188076669886 1.191951279824137
0.08400000000000007 1.1846648301320484 1.1872055616978092
0.09200000000000008 1.1210760594259062 1.1220791025350227
0.10000000000000009 1.0466534553664761 1.048966852080945
0.1080000000000001 1.009955607577201 1.0131025937362712
0.1160000000000001 1.034292006031183 1.0367714474276013
0.12400000000000011 1.113423588394775 1.1155969146626576
0.13200000000000012 1.210710468652368 1.2135667019837681
0.14000000000000012 1.2700556717958944 1.273800008616322
0.14800000000000013 1.2546105513019121 1.2571681614930559
0.15600000000000003 1.1814888320246 1.1827316571880426
0.16399999999999992 1.1053801818459352 1.1082771126725293
0.17199999999999993 1.074988531763603 1.0784211172893146
0.17999999999999994 1.1106009612218974 1.1132871019917943
0.18799999999999994 1.2008701702878823 1.2033648161611064
0.19599999999999995 1.302383909912045 1.3057432935308322
0.20399999999999996 1.3552409887774934 1.3593512712917746
0.21199999999999997 1.327259277256358 1.3297553250507057
0.21999999999999997 1.244974277512815 1.2465015924242344
0.22799999999999998 1.1684177982140045 1.1718408002610168
0.236 1.145764844867683 1.149403536999595
0.244 1.1937612274498877 1.1966228928465528
0.252 1.2952721237581013 1.2981042279672454
0.26 1.3996970845728012 1.4035982528752835
0.268 1.4441705031750915 1.4486237618204654
0.276 1.402754373630796 1.4052253297381712
0.28400000000000003 1.311886840771658 1.3138831129161004
0.29200000000000004 1.2362688507053214 1.2402893293909991
0.30000000000000004 1.222865454024635 1.226785265529978
0.30800000000000005 1.2843188443106872 1.2874682989120354
0.31600000000000006 1.3969671605806444 1.4002736711361043
0.32400000000000007 1.5027187214763718 1.5072675355047787
0.3320000000000001 1.5368490535440102 1.5416249533222777
0.3400000000000001 1.4812825029968215 1.4837503322112178
0.3480000000000001 1.382631877144549 1.3851953294530848
0.3560000000000001 1.3094854308002126 1.314042611621872
0.3640000000000001 1.3069131434702232 1.3110600208507064
0.3720000000000001 1.382834541497459 1.386246718684757
0.3800000000000001 1.5062706954359295 1.5100553328680735
0.3880000000000001 1.6114928530629653 1.616665286955681
0.39600000000000013 1.6332979586796348 1.6382835803407367
0.404 1.5630791272290674 1.5655697978477288
0.4119999999999999 1.4576689045739408 1.4609162679727774
0.41999999999999993 1.3886719311644238 1.3937703693940742
0.42799999999999994 1.3985725909886262 1.4030139452364634
0.43599999999999994 1.4898787233071666 1.4936793775900186
0.44399999999999995 1.623470574483026 1.6279040491570607
0.45199999999999996 1.7260416914675971 1.7319609002408252
0.45999999999999996 1.7335630114813159 1.7387782193906332
0.46799999999999997 1.6484338430341476 1.6511058898340238
0.476 1.5375149658707306 1.5415933436452716
0.484 1.4744877849604758 1.4801238004007014
0.492 1.4985496526108204 1.5033095858586967
0.5 1.6060255341656744 1.6102564338434318
0.508 1.748822306560023 1.7539511818264448
0.516 1.846370054771515 1.8529868503469753
0.524 1.8377229151177175 1.843029456475534
0.532 1.737695548529513 1.7406005658780208
0.54 1.6227481406271735 1.6276711965042654
0.548 1.5676500993017355 1.5737488629860015
0.556 1.6075897627862503 1.6126694412317493
0.5640000000000001 1.731846062206836 1.736573448724609
0.5720000000000001 1.8825451113492608 1.8884815861055206
0.5800000000000001 1.9724713813442964 1.9798223503349028
0.5880000000000001 1.9458979921643011 1.951306329615858
0.5960000000000001 1.8312774639271558 1.8346471701899711
0.6040000000000001 1.714011233689236 1.7199099106510334
0.6120000000000001 1.668936068054921 1.6755593116622318
0.6200000000000001 1.7264752982558076 1.7319940280670487
0.6280000000000001 1.8679007962020078 1.8732830947361048
0.6360000000000001 2.02481911453971 2.031719073549516
0.6440000000000001 2.104335307866383 2.1124326094989656
0.6520000000000001 2.058259005311381 2.0637579396096397
0.6600000000000001 1.9296620512353324 1.9336773799847606
0.668 1.8120156494695503 1.8188978787636718
0.6759999999999999 1.7791850229249007 1.786294361526544
0.6839999999999999 1.8560217636653848 1.8619877636629691
0.692 2.014731516788469 2.0208112708940456
0.7 2.175784019136112 2.1836722566326094
0.708 2.241956723419135 2.250675261144669
0.716 2.1750359474101035 2.1805616840051654
0.724 2.03340589474056 2.0382113332195972
0.732 1.9175454389559026 1.9253821569363003
0.74 1.89929995577883 1.9068961712678307
0.748 1.9970726776206664 2.0035727818405658
0.756 2.1728528732236017 2.1797924750385675
0.764 2.335539562216617 2.3445727614456366
0.772 2.3853461527918483 2.394698394916274
0.78 2.296526687356809 2.302215615238339
0.788 2.143144614540729 2.149023679423439
0.796 2.031461479375169 2.0403160399859117
0.804 2.030248320816955 2.038426059772478
0.812 2.1504930712932246 2.15767380979986
0.8200000000000001 2.3427439679454642 2.350729297881263
0.8280000000000001 2.5041480265500318 2.5144420067955635
0.8360000000000001 2.534541271647375 2.544463950430533
0.8440000000000001 2.4231053941355998 2.4290624451315397
0.8520000000000001 2.259597888638119 2.266727098709179
0.8600000000000001 2.1547057155034843 2.1645308716552942
0.8680000000000001 2.1730619041915733 2.1818273867130324
0.8760000000000001 2.3171615593645254 2.3250778871834648
0.8840000000000001 2.524840338216584 2.5339592507456143
0.8920000000000001 2.6816390171106184 2.693180763311917
0.9000000000000001 2.6896193186265975 2.6999462740159674
0.9080000000000001 2.5552307012131186 2.561542900596393
0.916 2.3835746545234 2.392058821401682
0.9239999999999999 2.2883053570632583 2.299033496304846
0.9319999999999999 2.328835533145937 2.3382231080570244
0.94 2.4979610058994766 2.5067329341366555
0.948 2.719526781494695 2.729962246340939
0.956 2.8680166360514647 2.8808849562308385
0.964 2.8507101480708554 2.861420591215837
0.972 2.693453614112457 2.700407881156721
0.98 2.5159785485817614 2.5260252289137455
0.988 2.4333768891589513 2.445069935476847
0.996 2.498724389232622 2.508889661427618
