-0.996 0.40020420191564543 0.3998852145105726
-0.988 0.4109515482189157 0.41124409187407973
-0.98 0.39745966855070874 0.3986737968120906
-0.972 0.37127054825093714 0.3724544777104607
-0.964 0.3507897850213654 0.3514191978659851
-0.956 0.34867301236325726 0.3489727441930714
-0.948 0.36771103222979995 0.3677134841282539
-0.94 0.40032650535307923 0.3997678185883372
-0.9319999999999999 0.42939915067730755 0.42856823568894514
-0.9239999999999999 0.43700461431570903 0.43695431633505644
-0.916 0.41953793983429977 0.4203951252470184
-0.908 0.3913540955520141 0.3920628919752314
-0.9 0.37179982798109523 0.3719520461945165
-0.892 0.3729062687480842 0.37274096716673544
-0.884 0.39606464807447916 0.3955206984896352
-0.876 0.43156248469539105 0.4303608989498565
-0.868 0.4601801716145875 0.4587934658537366
-0.86 0.4641005000380445 0.46366792554254077
-0.852 0.4425566181612559 0.44298654257099235
-0.844 0.41269356356524944 0.4128628764892515
-0.836 0.3945487142728711 0.3941714780466766
-0.8280000000000001 0.3993374151198647 0.3986398235804658
-0.8200000000000001 0.4268498878590554 0.42566891961564235
-0.812 0.4650096358592953 0.46308196083189146
-0.804 0.49255058592911843 0.4905642993427548
-0.796 0.49225644205056596 0.4913938214623387
-0.788 0.46660407011978416 0.4665285688500798
-0.78 0.43544018256149747 0.43500305293072783
-0.772 0.4192263662989053 0.418261101146304
-0.764 0.42816658564795135 0.4268584118580725
-0.756 0.46022444148112973 0.45830503674198864
-0.748 0.5007329033169742 0.49799339494684797
-0.74 0.5265097790148362 0.5238793415629704
-0.732 0.5215000279443166 0.5201496891573764
-0.724 0.49178572885350513 0.49111924461455736
-0.716 0.45976251619691033 0.45864883132600986
-0.708 0.446038939803857 0.4444192156236124
-0.7 0.4596044419873287 0.4575950846924105
-0.692 0.4963440496498631 0.4935742871325103
-0.6839999999999999 0.5387867855736449 0.5351485476289151
-0.6759999999999999 0.5620550910191705 0.55873405711236
-0.6679999999999999 0.5518716134116944 0.5499642807220496
-0.6599999999999999 0.5182254578514495 0.5168747105651442
-0.6519999999999999 0.4858475038464435 0.4839819502509057
-0.644 0.47520943846820457 0.47285843414956436
-0.636 0.49387127611511333 0.4910569966947453
-0.628 0.5353603371406532 0.5316209813600885
-0.62 0.579214774176186 0.5745957841519587
-0.612 0.599184126427 0.5951280514970018
-0.604 0.5834267479377021 0.5808836218450311
-0.596 0.5460668957589359 0.5439279246607884
-0.588 0.5139015529214671 0.5111841893311411
-0.5800000000000001 0.5069782048338116 0.5037583762093739
-0.5720000000000001 0.53119577000908 0.5273547154141872
-0.5640000000000001 0.5774185257122287 0.5723947405838979
-0.556 0.6220492461128982 0.6160764427283784
-0.548 0.6378974494661922 0.6326546020793247
-0.54 0.6162385739129619 0.612489503031186
-0.532 0.5754748010065562 0.5719541943820413
-0.524 0.5441516736683581 0.5400360199482314
-0.516 0.5416032378859981 0.5370001654154286
-0.508 0.571813383354553 0.5664656304261856
-0.5 0.6226551064890118 0.6159773417776827
-0.492 0.6673118893710118 0.6598526771113502
-0.484 0.6782016169952912 0.671910519751733
-0.476 0.6504001731350151 0.6457895968615299
-0.46799999999999997 0.6066364168788088 0.6022385615015773
-0.45999999999999996 0.5768466409222172 0.5719425190245918
-0.45199999999999996 0.5793602813555057 0.5740135003500457
-0.44399999999999995 0.6159643517520713 0.6097543385843196
-0.43599999999999994 0.6711955707242026 0.6635347225908729
-0.42799999999999994 0.7150147274751879 0.7067664928656299
-0.42 0.7201124884561353 0.713354999784012
-0.41200000000000003 0.6860268452336158 0.6808950796612737
-0.404 0.6397628773744422 0.6346387814371699
-0.396 0.6122581582165229 0.6065883602959417
-0.388 0.6205426217679464 0.614390415903365
-0.38 0.6638912932649146 0.6567223747772712
-0.372 0.7231523150391586 0.7144611127576845
-0.364 0.7651617898223277 0.756184027560534
-0.356 0.7636587444801967 0.7565204961365612
-0.348 0.7232583137495914 0.7176628545275181
-0.33999999999999997 0.675090671750239 0.6693272369138187
-0.33199999999999996 0.6506819896814044 0.6443386931352956
-0.32399999999999995 0.6654605321064566 0.6585193672934595
-0.31599999999999995 0.7158364406965406 0.7076101803992789
-0.30799999999999994 0.7786228508830418 0.7687291553406468
-0.3 0.8177514514854016 0.8078432532021599
-0.29200000000000004 0.8088855425172896 0.8010860219868148
-0.28400000000000003 0.7622608665026287 0.7558703573622031
-0.276 0.7128831809746325 0.7062146215896492
-0.268 0.6924390145079425 0.6852405880253694
-0.26 0.7144402964197129 0.7065883052617277
-0.252 0.7720385405181122 0.7627043200654716
-0.244 0.8376884564564051 0.8266775523365417
-0.236 0.8727794402833888 0.8621483647879236
-0.22799999999999998 0.8558582396883709 0.8475716417473489
-0.21999999999999997 0.8032294466338536 0.7961302265760873
-0.21199999999999997 0.7534322924961191 0.7458788441039186
-0.20399999999999996 0.7378761476968451 0.7297221244008506
-0.19599999999999995 0.7678227536360872 0.7588091202355092
-0.18799999999999994 0.832729486285992 0.8219346590270227
-0.17999999999999994 0.9004134112217832 0.8879484294515008
-0.17199999999999993 0.9302424820843638 0.9186068202312325
-0.16399999999999998 0.9046661197869907 0.8956018234837557
-0.15600000000000003 0.8463897185438474 0.8383467335262523
-0.14800000000000002 0.7970600908483491 0.7885219534025616
-0.14 0.7873670597336667 0.7782498054617633
-0.132 0.825961306102435 0.8158174066696183
-0.124 0.8981307836685076 0.8859496183436704
-0.11599999999999999 0.9668449472380932 0.953092015910533
-0.10799999999999998 0.9901425295304973 0.9776811325041846
-0.09999999999999998 0.9554260723764184 0.9456137554625952
-0.09199999999999997 0.8920001382529664 0.8829039212161871
-0.08399999999999996 0.8441206107963337 0.8343941591495655
-0.07599999999999996 0.8413126172576659 0.8309208531690078
-0.06799999999999995 0.8892193507837597 0.8775349887191399
-0.05999999999999994 0.9684499743494225 0.9544559304314941
-0.051999999999999935 1.0370140372636427 1.0216577265856541
-0.043999999999999984 1.052491496691666 1.0389835161131975
-0.03600000000000003 1.008286186296351 0.9975312981401478
-0.028000000000000025 0.9403540600436692 0.9301206876327862
-0.020000000000000018 0.8950016271335978 0.8841267532715273
-0.01200000000000001 0.9001409573921666 0.8885482986354558
-0.0040000000000000036 0.9579671093402585 0.9447977042219405
0.0040000000000000036 1.0438771751659501 1.028141186296077
0.01200000000000001 1.1109371168901578 1.0941067574592376
0.020000000000000018 1.1173164044435073 1.1028145850100368
0.028000000000000025 1.063429236380987 1.0515841252826907
0.03600000000000003 0.9917819103256905 0.9801475389477654
0.04400000000000004 0.950126441062313 0.9377702945890959
0.052000000000000046 0.9643071010289208 0.9510913109739934
0.06000000000000005 1.0325778579030611 1.0174326963872566
0.06800000000000006 1.124581914595762 1.1066629356288515
0.07600000000000007 1.1886188076669886 1.1700361089247735
0.08400000000000007 1.1846648301320484 1.1689744627903793
0.09200000000000008 1.1210760594259062 1.1079892001432199
0.10000000000000009 1.0466534553664761 1.0336007791434754
0.1080000000000001 1.009955607577201 0.9961914799339466
0.1160000000000001 1.034292006031183 1.0195223988135451
0.12400000000000011 1.113423588394775 1.0963427536147166
0.13200000000000012 1.210710468652368 1.1906894882869754
0.14000000000000012 1.2700556717958944 1.2498529121806956
0.14800000000000013 1.2546105513019121 1.2377262389550068
0.15600000000000003 1.1814888320246 1.1669525350862306
0.16399999999999992 1.1053801818459352 1.0906063712718055
0.17199999999999993 1.074988531763603 1.059425063799211
0.17999999999999994 1.1106009612218974 1.093771922128268
0.18799999999999994 1.2008701702878823 1.1812802339283741
0.19599999999999995 1.302383909912045 1.2797735256447873
0.20399999999999996 1.3552409887774934 1.3330860674851275
0.21199999999999997 1.327259277256358 1.30888250677324
0.21999999999999997 1.244974277512815 1.2287504331517876
0.22799999999999998 1.1684177982140045 1.151842929175463
0.236 1.145764844867683 1.1284094257467672
0.244 1.1937612274498877 1.1748860620722907
0.252 1.2952721237581013 1.273205843420681
0.26 1.3996970845728012 1.3746506402096461
0.268 1.4441705031750915 1.4202815233615855
0.276 1.402754373630796 1.3829406912670286
0.28400000000000003 1.311886840771658 1.2938632129274343
0.29200000000000004 1.2362688507053214 1.21768051859334
0.30000000000000004 1.222865454024635 1.2033549568309794
0.30800000000000005 1.2843188443106872 1.2628595776288647
0.31600000000000006 1.3969671605806444 1.3717964013791069
0.32400000000000007 1.5027187214763718 1.474693106698715
0.3320000000000001 1.5368490535440102 1.5107638755989368
0.3400000000000001 1.4812825029968215 1.4595250997025508
0.3480000000000001 1.382631877144549 1.3623663412402423
0.3560000000000001 1.3094854308002126 1.2885905725828342
0.3640000000000001 1.3069131434702232 1.2850301571372873
0.3720000000000001 1.382834541497459 1.3586076609194708
0.3800000000000001 1.5062706954359295 1.4779241029759553
0.3880000000000001 1.6114928530629653 1.5806505553493957
0.39600000000000013 1.6332979586796348 1.6052733679996667
0.404 1.5630791272290674 1.539508883798056
0.4119999999999999 1.4576689045739408 1.4352203043280647
0.41999999999999993 1.3886719311644238 1.3654654757418903
0.42799999999999994 1.3985725909886262 1.3741437560280245
0.43599999999999994 1.4898787233071666 1.4625050415903085
0.44399999999999995 1.623470574483026 1.5914731753171205
0.45199999999999996 1.7260416914675971 1.6919591727063068
0.45999999999999996 1.7335630114813159 1.7031160839836144
0.46799999999999997 1.6484338430341476 1.6224158970693277
0.476 1.5375149658707306 1.5122669627228327
0.484 1.4744877849604758 1.448410720019574
0.492 1.4985496526108204 1.4710004672143164
0.5 1.6060255341656744 1.5749224251116645
0.508 1.748822306560023 1.712744080845734
0.516 1.846370054771515 1.808899580791807
0.524 1.8377229151177175 1.8047981190879256
0.532 1.737695548529513 1.7091443554325942
0.54 1.6227481406271735 1.5946987199271023
0.548 1.5676500993017355 1.538737059562932
0.556 1.6075897627862503 1.5768825012988588
0.5640000000000001 1.731846062206836 1.6969004788548268
0.5720000000000001 1.8825451113492608 1.8423444950027472
0.5800000000000001 1.9724713813442964 1.9316888017712124
0.5880000000000001 1.9458979921643011 1.910418159676746
0.5960000000000001 1.8312774639271558 1.799878880488347
0.6040000000000001 1.714011233689236 1.6827548188127808
0.6120000000000001 1.668936068054921 1.6366591102065584
0.6200000000000001 1.7264752982558076 1.6918927166195292
0.6280000000000001 1.8679007962020078 1.8282640531189416
0.6360000000000001 2.02481911453971 1.9797414248115832
0.6440000000000001 2.104335307866383 2.059661155708839
0.6520000000000001 2.058259005311381 2.019607209393894
0.6600000000000001 1.9296620512353324 1.8947912007594252
0.668 1.8120156494695503 1.7770673913068273
0.6759999999999999 1.7791850229249007 1.743114918899991
0.6839999999999999 1.8560217636653848 1.8171058855323374
0.692 2.014731516788469 1.9699920870214083
0.7 2.175784019136112 2.1256876840997996
0.708 2.241956723419135 2.193492051571495
0.716 2.1750359474101035 2.1332479273716567
0.724 2.03340589474056 1.9950423276671072
0.732 1.9175454389559026 1.8789127175147164
0.74 1.89929995577883 1.8593512290783196
0.748 1.9970726776206664 1.9535641363274312
0.756 2.1728528732236017 2.1226676604746118
0.764 2.335539562216617 2.2802054177989515
0.772 2.3853461527918483 2.332890255247902
0.78 2.296526687356809 2.2511351811957585
0.788 2.143144614540729 2.1006704587032003
0.796 2.031461479375169 1.9884863284392575
0.804 2.030248320816955 1.9856227747852484
0.812 2.1504930712932246 2.101415836042986
0.8200000000000001 2.3427439679454642 2.2861261537220647
0.8280000000000001 2.5041480265500318 2.4428415077514103
0.8360000000000001 2.534541271647375 2.4774961207403443
0.8440000000000001 2.4231053941355998 2.3734228919188998
0.8520000000000001 2.259597888638119 2.212394977868334
0.8600000000000001 2.1547057155034843 2.1068762189312813
0.8680000000000001 2.1730619041915733 2.123210639473024
0.8760000000000001 2.3171615593645254 2.261900932726716
0.8840000000000001 2.524840338216584 2.461312104189937
0.8920000000000001 2.6816390171106184 2.614240270987399
0.9000000000000001 2.6896193186265975 2.62797935921272
0.9080000000000001 2.5552307012131186 2.5011169056591243
0.916 2.3835746545234 2.3315228049808474
0.9239999999999999 2.2883053570632583 2.2355045581432567
0.9319999999999999 2.328835533145937 2.273497875373403
0.94 2.4979610058994766 2.4361049715949177
0.948 2.719526781494695 2.648750401718335
0.956 2.8680166360514647 2.7944186811942315
0.964 2.8507101480708554 2.7842637798383776
0.972 2.693453614112457 2.634404960626947
0.98 2.5159785485817614 2.4584854077692557
0.988 2.4333768891589513 2.374889759050596
0.996 2.498724389232622 2.4369379699610905
