-0.996 0.40020420191564543 0.40024362118496803
-0.988 0.4109515482189157 0.4106837500876099
-0.98 0.39745966855070874 0.3969604039596223
-0.972 0.37127054825093714 0.37162190977255133
-0.964 0.3507897850213654 0.35095194971341237
-0.956 0.34867301236325726 0.34814010111903976
-0.948 0.36771103222979995 0.36735273420435405
-0.94 0.40032650535307923 0.40030144567082837
-0.9319999999999999 0.42939915067730755 0.42938358063813054
-0.9239999999999999 0.43700461431570903 0.4365738468848174
-0.916 0.41953793983429977 0.4190402276506055
-0.908 0.3913540955520141 0.39177947430931337
-0.9 0.37179982798109523 0.3717734278530011
-0.892 0.3729062687480842 0.37228124044090183
-0.884 0.39606464807447916 0.3956915143621609
-0.876 0.43156248469539105 0.43151315333141016
-0.868 0.4601801716145875 0.4600704666489802
-0.86 0.4641005000380445 0.4635092894050635
-0.852 0.4425566181612559 0.44208882065429966
-0.844 0.41269356356524944 0.4131597627413722
-0.836 0.3945487142728711 0.3943100770375618
-0.8280000000000001 0.3993374151198647 0.3986316185107997
-0.8200000000000001 0.4268498878590554 0.42646174798379793
-0.812 0.4650096358592953 0.46492182470897747
-0.804 0.49255058592911843 0.4923224973460292
-0.796 0.49225644205056596 0.4914990679003223
-0.788 0.46660407011978416 0.4662039088625266
-0.78 0.43544018256149747 0.4358964597546866
-0.772 0.4192263662989053 0.41876394079866985
-0.764 0.42816658564795135 0.42738843951917693
-0.756 0.46022444148112973 0.45981949661622556
-0.748 0.5007329033169742 0.5005895902608767
-0.74 0.5265097790148362 0.5261358412394788
-0.732 0.5215000279443166 0.5205801214842894
-0.724 0.49178572885350513 0.4914868191248988
-0.716 0.45976251619691033 0.460146609009089
-0.708 0.446038939803857 0.44535218401174137
-0.7 0.4596044419873287 0.45875992036660496
-0.692 0.4963440496498631 0.49591747064679265
-0.6839999999999999 0.5387867855736449 0.5385680260848565
-0.6759999999999999 0.5620550910191705 0.5615051482289289
-0.6679999999999999 0.5518716134116944 0.550804234005032
-0.6599999999999999 0.5182254578514495 0.5180520478086618
-0.6519999999999999 0.4858475038464435 0.4860912521233917
-0.644 0.47520943846820457 0.474307439630685
-0.636 0.49387127611511333 0.49296453546607244
-0.628 0.5353603371406532 0.5349028289293121
-0.62 0.579214774176186 0.5788951772434505
-0.612 0.599184126427 0.5984226931850594
-0.604 0.5834267479377021 0.5822345116226999
-0.596 0.5460668957589359 0.5460234782090835
-0.588 0.5139015529214671 0.5139350609669229
-0.5800000000000001 0.5069782048338116 0.5058809157907606
-0.5720000000000001 0.53119577000908 0.5302459331609782
-0.5640000000000001 0.5774185257122287 0.5769507508182523
-0.556 0.6220492461128982 0.6216559921446846
-0.548 0.6378974494661922 0.6369674057711269
-0.54 0.6162385739129619 0.6150496463431522
-0.532 0.5754748010065562 0.5756489028476641
-0.524 0.5441516736683581 0.5440226167544345
-0.516 0.5416032378859981 0.5404525947897081
-0.508 0.571813383354553 0.5709657688782391
-0.5 0.6226551064890118 0.6223213208901848
-0.492 0.6673118893710118 0.6669801716535699
-0.484 0.6782016169952912 0.6772272600829687
-0.476 0.6504001731350151 0.6493842340492313
-0.46799999999999997 0.6066364168788088 0.6070728999448564
-0.45999999999999996 0.5768466409222172 0.5765406073811334
-0.45199999999999996 0.5793602813555057 0.5781593909313123
-0.44399999999999995 0.6159643517520713 0.6151503390610759
-0.43599999999999994 0.6711955707242026 0.6708528697129718
-0.42799999999999994 0.7150147274751879 0.7145465846071847
-0.42 0.7201124884561353 0.7188940297855383
-0.41200000000000003 0.6860268452336158 0.6850699539113603
-0.404 0.6397628773744422 0.6402621619214459
-0.396 0.6122581582165229 0.611645652992125
-0.388 0.6205426217679464 0.619260163339773
-0.38 0.6638912932649146 0.6631109396966346
-0.372 0.7231523150391586 0.7228175867700771
-0.364 0.7651617898223277 0.7645840353067673
-0.356 0.7636587444801967 0.7622604236617665
-0.348 0.7232583137495914 0.7224768261780449
-0.33999999999999997 0.675090671750239 0.6756049443485594
-0.33199999999999996 0.6506819896814044 0.6497466215513392
-0.32399999999999995 0.6654605321064566 0.6640743138101748
-0.31599999999999995 0.7158364406965406 0.7150283211274718
-0.30799999999999994 0.7786228508830418 0.7782002131458556
-0.3 0.8177514514854016 0.8169564063079953
-0.29200000000000004 0.8088855425172896 0.8072717011345605
-0.28400000000000003 0.7622608665026287 0.7616924056758643
-0.276 0.7128831809746325 0.7133357482908398
-0.268 0.6924390145079425 0.6912334976645184
-0.26 0.7144402964197129 0.7130313213751398
-0.252 0.7720385405181122 0.7712754023936974
-0.244 0.8376884564564051 0.8372210199441472
-0.236 0.8727794402833888 0.8717707934930197
-0.22799999999999998 0.8558582396883709 0.8540675355920984
-0.21999999999999997 0.8032294466338536 0.8028812667613854
-0.21199999999999997 0.7534322924961191 0.7536602214482322
-0.20399999999999996 0.7378761476968451 0.7363435047760354
-0.19599999999999995 0.7678227536360872 0.7663239607024229
-0.18799999999999994 0.832729486285992 0.8319358849053606
-0.17999999999999994 0.9004134112217832 0.8998281427187731
-0.17199999999999993 0.9302424820843638 0.9289707556381822
-0.16399999999999998 0.9046661197869907 0.90277949603448
-0.15600000000000003 0.8463897185438474 0.8463352622648651
-0.14800000000000002 0.7970600908483491 0.7970397500243495
-0.14 0.7873670597336667 0.7856154924829161
-0.132 0.825961306102435 0.8244531750970334
-0.124 0.8981307836685076 0.8973431239583401
-0.11599999999999999 0.9668449472380932 0.9661225825759965
-0.10799999999999998 0.9901425295304973 0.9885404615756672
-0.09999999999999998 0.9554260723764184 0.9534503124680969
-0.09199999999999997 0.8920001382529664 0.8921384532461385
-0.08399999999999996 0.8441206107963337 0.8436750912837614
-0.07599999999999996 0.8413126172576659 0.8392929170137091
-0.06799999999999995 0.8892193507837597 0.8876458139232686
-0.05999999999999994 0.9684499743494225 0.9676128509378368
-0.051999999999999935 1.0370140372636427 1.0361169292595316
-0.043999999999999984 1.052491496691666 1.050568283401277
-0.03600000000000003 1.008286186296351 1.006375645358231
-0.028000000000000025 0.9403540600436692 0.9407126403143286
-0.020000000000000018 0.8950016271335978 0.8941447799838715
-0.01200000000000001 0.9001409573921666 0.8979564354968295
-0.0040000000000000036 0.9579671093402585 0.9563869970075588
0.0040000000000000036 1.0438771751659501 1.04298731589516
0.01200000000000001 1.1109371168901578 1.1098014283160684
0.020000000000000018 1.1173164044435073 1.1149987422895224
0.028000000000000025 1.063429236380987 1.0616014160253295
0.03600000000000003 0.9917819103256905 0.992183721604144
0.04400000000000004 0.950126441062313 0.94873313080166
0.052000000000000046 0.9643071010289208 0.9619145950458708
0.06000000000000005 1.0325778579030611 1.0309441605123888
0.06800000000000006 1.124581914595762 1.1235876676762522
0.07600000000000007 1.1886188076669886 1.187206058539931
0.08400000000000007 1.1846648301320484 1.1819989429441555
0.09200000000000008 1.1210760594259062 1.11949133399732
0.10000000000000009 1.0466534553664761 1.0470492808717742
0.1080000000000001 1.009955607577201 1.008083887666704
0.1160000000000001 1.034292006031183 1.0317769330852815
0.12400000000000011 1.113423588394775 1.1117804575567343
0.13200000000000012 1.210710468652368 1.2095941885323969
0.14000000000000012 1.2700556717958944 1.268290750794358
0.14800000000000013 1.2546105513019121 1.2515741297351013
0.15600000000000003 1.1814888320246 1.180162246092726
0.16399999999999992 1.1053801818459352 1.105548549582523
0.17199999999999993 1.074988531763603 1.0725765351037204
0.17999999999999994 1.1106009612218974 1.107916441533432
0.18799999999999994 1.2008701702878823 1.199159864678007
0.19599999999999995 1.302383909912045 1.3010763622602384
0.20399999999999996 1.3552409887774934 1.3530609422952664
0.21199999999999997 1.327259277256358 1.3239335018221863
0.21999999999999997 1.244974277512815 1.2440087177470707
0.22799999999999998 1.1684177982140045 1.1682606626656653
0.236 1.145764844867683 1.1429064808014586
0.244 1.1937612274498877 1.1909815208691896
0.252 1.2952721237581013 1.2935295933644053
0.26 1.3996970845728012 1.3981826893580527
0.268 1.4441705031750915 1.4415161735094717
0.276 1.402754373630796 1.3991992899203527
0.28400000000000003 1.311886840771658 1.3112515134080358
0.29200000000000004 1.2362688507053214 1.235573607555494
0.30000000000000004 1.222865454024635 1.2195385126572424
0.30800000000000005 1.2843188443106872 1.2813898549532712
0.31600000000000006 1.3969671605806444 1.3951067230173366
0.32400000000000007 1.5027187214763718 1.500892739267122
0.3320000000000001 1.5368490535440102 1.5336312270921666
0.3400000000000001 1.4812825029968215 1.4776046953056192
0.3480000000000001 1.382631877144549 1.3823093822768135
0.3560000000000001 1.3094854308002126 1.3081573655827063
0.3640000000000001 1.3069131434702232 1.3032173813992034
0.3720000000000001 1.382834541497459 1.3798263335570418
0.3800000000000001 1.5062706954359295 1.5043220714917744
0.3880000000000001 1.6114928530629653 1.6093487949048388
0.39600000000000013 1.6332979586796348 1.6295109763435063
0.404 1.5630791272290674 1.559431107706407
0.4119999999999999 1.4576689045739408 1.4575587896178062
0.41999999999999993 1.3886719311644238 1.3865780666932572
0.42799999999999994 1.3985725909886262 1.3945019132752177
0.43599999999999994 1.4898787233071666 1.4867323540348365
0.44399999999999995 1.623470574483026 1.6213156826816795
0.45199999999999996 1.7260416914675971 1.7234259201059552
0.45999999999999996 1.7335630114813159 1.729107823535474
0.46799999999999997 1.6484338430341476 1.644904686652092
0.476 1.5375149658707306 1.5374325744253197
0.484 1.4744877849604758 1.4715561708723255
0.492 1.4985496526108204 1.494154204292923
0.5 1.6060255341656744 1.60277604949139
0.508 1.748822306560023 1.7464641101466016
0.516 1.846370054771515 1.843265885356132
0.524 1.8377229151177175 1.8326757415100925
0.532 1.737695548529513 1.7344937358267845
0.54 1.6227481406271735 1.622549752965635
0.548 1.5676500993017355 1.5638999414686308
0.556 1.6075897627862503 1.6029169449239211
0.5640000000000001 1.731846062206836 1.7284795573224914
0.5720000000000001 1.8825451113492608 1.8798898239438253
0.5800000000000001 1.9724713813442964 1.9687247692461947
0.5880000000000001 1.9458979921643011 1.94022436762069
0.5960000000000001 1.8312774639271558 1.8284379327995437
0.6040000000000001 1.714011233689236 1.7133822651404174
0.6120000000000001 1.668936068054921 1.6643107357841345
0.6200000000000001 1.7264752982558076 1.7214810087804349
0.6280000000000001 1.8679007962020078 1.8643443397355075
0.6360000000000001 2.02481911453971 2.0217571023424803
0.6440000000000001 2.104335307866383 2.0998216363974795
0.6520000000000001 2.058259005311381 2.0520403203589646
0.6600000000000001 1.9296620512353324 1.9272710301892937
0.668 1.8120156494695503 1.810739252434774
0.6759999999999999 1.7791850229249007 1.7737765178440204
0.6839999999999999 1.8560217636653848 1.8507819389342306
0.692 2.014731516788469 2.0110262472289087
0.7 2.175784019136112 2.1723150539017366
0.708 2.241956723419135 2.2366504030259855
0.716 2.1750359474101035 2.1684669884494587
0.724 2.03340589474056 2.0315144298069923
0.732 1.9175454389559026 1.9154036813811426
0.74 1.89929995577883 1.8931631949786907
0.748 1.9970726776206664 1.9915643069695628
0.756 2.1728528732236017 2.168892958143832
0.764 2.335539562216617 2.331488983066401
0.772 2.3853461527918483 2.3790560054420897
0.78 2.296526687356809 2.2896804927008945
0.788 2.143144614540729 2.141584953850157
0.796 2.031461479375169 2.028166618160148
0.804 2.030248320816955 2.023379044515551
0.812 2.1504930712932246 2.144664524359811
0.8200000000000001 2.3427439679454642 2.338422063294666
0.8280000000000001 2.5041480265500318 2.4993758609318886
0.8360000000000001 2.534541271647375 2.5271758733726095
0.8440000000000001 2.4231053941355998 2.4161847017779725
0.8520000000000001 2.259597888638119 2.258219168179143
0.8600000000000001 2.1547057155034843 2.150128626178562
0.8680000000000001 2.1730619041915733 2.1655573074946646
0.8760000000000001 2.3171615593645254 2.3110650295213024
0.8840000000000001 2.524840338216584 2.5201481103610774
0.8920000000000001 2.6816390171106184 2.6761002620526226
0.9000000000000001 2.6896193186265975 2.6812198333518453
0.9080000000000001 2.5552307012131186 2.548529049996838
0.916 2.3835746545234 2.3821897475606497
0.9239999999999999 2.2883053570632583 2.282399904921666
0.9319999999999999 2.328835533145937 2.320769721801219
0.94 2.4979610058994766 2.491591126070376
0.948 2.719526781494695 2.7143530401420612
0.956 2.8680166360514647 2.8615223620951435
0.964 2.8507101480708554 2.8412141679783023
0.972 2.693453614112457 2.687096061987229
0.98 2.5159785485817614 2.514177014527986
0.988 2.4333768891589513 2.4260256584657913
0.996 2.498724389232622 2.4900428585579713
