-0.996 0.40020420191564543 0.4117783647746307
-0.988 0.4109515482189157 0.40983671931330945
-0.98 0.39745966855070874 0.3949869518316288
-0.972 0.37127054825093714 0.372830612353914
-0.964 0.3507897850213654 0.3436963149487855
-0.956 0.34867301236325726 0.35237610960069365
-0.948 0.36771103222979995 0.3738543089082257
-0.94 0.40032650535307923 0.4039998169494072
-0.9319999999999999 0.42939915067730755 0.4452221664706062
-0.9239999999999999 0.43700461431570903 0.4393088390953216
-0.916 0.41953793983429977 0.42072357579473574
-0.908 0.3913540955520141 0.3965945411270101
-0.9 0.37179982798109523 0.36711671122954515
-0.892 0.3729062687480842 0.3794710258840843
-0.884 0.39606464807447916 0.40508464134860045
-0.876 0.43156248469539105 0.4376802498618831
-0.868 0.4601801716145875 0.47971739001788505
-0.86 0.4641005000380445 0.4696946721438112
-0.852 0.4425566181612559 0.4469870438644344
-0.844 0.41269356356524944 0.4210051778618577
-0.836 0.3945487142728711 0.3928522155813074
-0.8280000000000001 0.3993374151198647 0.4088259425957502
-0.8200000000000001 0.4268498878590554 0.43873748684686725
-0.812 0.4650096358592953 0.4734697697466716
-0.804 0.49255058592911843 0.5151139718781277
-0.796 0.49225644205056596 0.500901587851462
-0.788 0.46660407011978416 0.4751246279326797
-0.78 0.43544018256149747 0.4363226934588239
-0.772 0.4192263662989053 0.43165926822773115
-0.764 0.42816658564795135 0.445339827177268
-0.756 0.46022444148112973 0.4773492265972577
-0.748 0.5007329033169742 0.5135274863526831
-0.74 0.5265097790148362 0.5529639391114719
-0.732 0.5215000279443166 0.5345172216620295
-0.724 0.49178572885350513 0.5051466715438
-0.716 0.45976251619691033 0.4630609225716499
-0.708 0.446038939803857 0.4625453587727402
-0.7 0.4596044419873287 0.48093030204311993
-0.692 0.4963440496498631 0.5176341959151558
-0.6839999999999999 0.5387867855736449 0.5573855696890578
-0.6759999999999999 0.5620550910191705 0.5907062680634646
-0.6679999999999999 0.5518716134116944 0.5688509055075599
-0.6599999999999999 0.5182254578514495 0.5364700744762406
-0.6519999999999999 0.4858475038464435 0.49187104179571206
-0.644 0.47520943846820457 0.49596092008785947
-0.636 0.49387127611511333 0.5195353693239531
-0.628 0.5353603371406532 0.5600358407378312
-0.62 0.579214774176186 0.620463006041124
-0.612 0.599184126427 0.6222982642667968
-0.604 0.5834267479377021 0.6028756018841592
-0.596 0.5460668957589359 0.5699040214797209
-0.588 0.5139015529214671 0.524227078426209
-0.5800000000000001 0.5069782048338116 0.5331445944691409
-0.5720000000000001 0.53119577000908 0.562108874513162
-0.5640000000000001 0.5774185257122287 0.6066901757417729
-0.556 0.6220492461128982 0.6703734401112174
-0.548 0.6378974494661922 0.6661825333077871
-0.54 0.6162385739129619 0.6413803666271106
-0.532 0.5754748010065562 0.6052768673328335
-0.524 0.5441516736683581 0.558395191854346
-0.516 0.5416032378859981 0.5734518614619889
-0.508 0.571813383354553 0.6092012587416855
-0.5 0.6226551064890118 0.6584634470047549
-0.492 0.6673118893710118 0.7252121673123886
-0.484 0.6782016169952912 0.7144522451888468
-0.476 0.6504001731350151 0.683200244385178
-0.46799999999999997 0.6066364168788088 0.643430370428862
-0.45999999999999996 0.5768466409222172 0.5952615224945998
-0.45199999999999996 0.5793602813555057 0.6152767959228091
-0.44399999999999995 0.6159643517520713 0.6565456106397756
-0.43599999999999994 0.6711955707242026 0.7085409754460364
-0.42799999999999994 0.7150147274751879 0.7750432507667752
-0.42 0.7201124884561353 0.7576924521001657
-0.41200000000000003 0.6860268452336158 0.7200957121528483
-0.404 0.6397628773744422 0.6779504007238232
-0.396 0.6122581582165229 0.6337645059051893
-0.388 0.6205426217679464 0.6600263172648277
-0.38 0.6638912932649146 0.70872617166677
-0.372 0.7231523150391586 0.764467728431219
-0.364 0.7651617898223277 0.8303043127143187
-0.356 0.7636587444801967 0.8062797039215268
-0.348 0.7232583137495914 0.7638902462985777
-0.33999999999999997 0.675090671750239 0.7006854039224373
-0.33199999999999996 0.6506819896814044 0.6937042044399517
-0.32399999999999995 0.6654605321064566 0.7160218717565319
-0.31599999999999995 0.7158364406965406 0.7675431581659309
-0.30799999999999994 0.7786228508830418 0.8251808057470792
-0.3 0.8177514514854016 0.8865816313641356
-0.29200000000000004 0.8088855425172896 0.8562446014894267
-0.28400000000000003 0.7622608665026287 0.8087257004690124
-0.276 0.7128831809746325 0.7412037229931414
-0.268 0.6924390145079425 0.7412856516892049
-0.26 0.7144402964197129 0.7714232171548981
-0.252 0.7720385405181122 0.8293996140928324
-0.244 0.8376884564564051 0.9183651801775642
-0.236 0.8727794402833888 0.9295443829878304
-0.22799999999999998 0.8558582396883709 0.9048486452536537
-0.21999999999999997 0.8032294466338536 0.8568959517244601
-0.21199999999999997 0.7534322924961191 0.7874171989818128
-0.20399999999999996 0.7378761476968451 0.7943555336001222
-0.19599999999999995 0.7678227536360872 0.8323140614209052
-0.18799999999999994 0.832729486285992 0.8968117210918153
-0.17999999999999994 0.9004134112217832 0.9926520161290835
-0.17199999999999993 0.9302424820843638 0.9938044820068237
-0.16399999999999998 0.9046661197869907 0.961587178897011
-0.15600000000000003 0.8463897185438474 0.9084867227250197
-0.14800000000000002 0.7970600908483491 0.835753192720178
-0.14 0.7873670597336667 0.8512528296567679
-0.132 0.825961306102435 0.8985700877606972
-0.124 0.8981307836685076 0.9701317131706497
-0.11599999999999999 0.9668449472380932 1.0716125443865558
-0.10799999999999998 0.9901425295304973 1.0633615564389567
-0.09999999999999998 0.9554260723764184 1.0225940272026675
-0.09199999999999997 0.8920001382529664 0.9644820289222138
-0.08399999999999996 0.8441206107963337 0.8896974315597388
-0.07599999999999996 0.8413126172576659 0.9142927650478218
-0.06799999999999995 0.8892193507837597 0.9716557987825386
-0.05999999999999994 0.9684499743494225 1.0498201147565842
-0.051999999999999935 1.0370140372636427 1.1549800987753447
-0.043999999999999984 1.052491496691666 1.1365964161139634
-0.03600000000000003 1.008286186296351 1.086094146323675
-0.028000000000000025 0.9403540600436692 1.0231974606936032
-0.020000000000000018 0.8950016271335978 0.9483651334272889
-0.01200000000000001 0.9001409573921666 0.9820274422801918
-0.0040000000000000036 0.9579671093402585 1.0495212104434457
0.0040000000000000036 1.0438771751659501 1.1330545074444014
0.01200000000000001 1.1109371168901578 1.2386270119166158
0.020000000000000018 1.1173164044435073 1.2096155434187386
0.028000000000000025 1.063429236380987 1.1485094935920097
0.03600000000000003 0.9917819103256905 1.0807415095017139
0.04400000000000004 0.950126441062313 1.011909168718067
0.052000000000000046 0.9643071010289208 1.054481420268938
0.06000000000000005 1.0325778579030611 1.132916635502208
0.06800000000000006 1.124581914595762 1.2217121882326
0.07600000000000007 1.1886188076669886 1.3253564444135855
0.08400000000000007 1.1846648301320484 1.2861100282154156
0.09200000000000008 1.1210760594259062 1.218159431936439
0.10000000000000009 1.0466534553664761 1.1175070628971528
0.1080000000000001 1.009955607577201 1.1084777201556073
0.1160000000000001 1.034292006031183 1.1456325514949306
0.12400000000000011 1.113423588394775 1.2288961676478651
0.13200000000000012 1.210710468652368 1.320808534729957
0.14000000000000012 1.2700556717958944 1.4153677994762963
0.14800000000000013 1.2546105513019121 1.3654709024662792
0.15600000000000003 1.1814888320246 1.2885198809998832
0.16399999999999992 1.1053801818459352 1.1800282320967839
0.17199999999999993 1.074988531763603 1.1812651367521936
0.17999999999999994 1.1106009612218974 1.2303322783338944
0.18799999999999994 1.2008701702878823 1.3232762084626488
0.19599999999999995 1.302383909912045 1.4656532155988846
0.20399999999999996 1.3552409887774934 1.4809619053600347
0.21199999999999997 1.327259277256358 1.441146627408624
0.21999999999999997 1.244974277512815 1.3650866634272734
0.22799999999999998 1.1684177982140045 1.2554808011456942
0.236 1.145764844867683 1.2692841914578852
0.244 1.1937612274498877 1.3322493153846509
0.252 1.2952721237581013 1.4366669339271088
0.26 1.3996970845728012 1.5905013432533668
0.268 1.4441705031750915 1.5902475060132137
0.276 1.402754373630796 1.537209220055612
0.28400000000000003 1.311886840771658 1.4516769978540593
0.29200000000000004 1.2362688507053214 1.3354996823081016
0.30000000000000004 1.222865454024635 1.361569194655916
0.30800000000000005 1.2843188443106872 1.4381219572471766
0.31600000000000006 1.3969671605806444 1.552279443549093
0.32400000000000007 1.5027187214763718 1.7131020043306981
0.3320000000000001 1.5368490535440102 1.6972520449783746
0.3400000000000001 1.4812825029968215 1.6302782892419188
0.3480000000000001 1.382631877144549 1.5370466961844693
0.3560000000000001 1.3094854308002126 1.418472859085158
0.3640000000000001 1.3069131434702232 1.4595953069546401
0.3720000000000001 1.382834541497459 1.5527925384898615
0.3800000000000001 1.5062706954359295 1.6779455185479883
0.3880000000000001 1.6114928530629653 1.8448879318069662
0.39600000000000013 1.6332979586796348 1.813719942872111
0.404 1.5630791272290674 1.731860571261668
0.4119999999999999 1.4576689045739408 1.6318012975428675
0.41999999999999993 1.3886719311644238 1.514668728793375
0.42799999999999994 1.3985725909886262 1.570476875442527
0.43599999999999994 1.4898787233071666 1.6802015966552943
0.44399999999999995 1.623470574483026 1.8139499424001897
0.45199999999999996 1.7260416914675971 1.9811192962816921
0.45999999999999996 1.7335630114813159 1.9326732885642088
0.46799999999999997 1.6484338430341476 1.8334132677761554
0.476 1.5375149658707306 1.724413225041475
0.484 1.4744877849604758 1.6176932910688042
0.492 1.4985496526108204 1.6864712158861375
0.5 1.6060255341656744 1.8125221651230166
0.508 1.748822306560023 1.9535288605849574
0.516 1.846370054771515 2.115661900683148
0.524 1.8377229151177175 2.05096884553385
0.532 1.737695548529513 1.9414177597555178
0.54 1.6227481406271735 1.7803915670600903
0.548 1.5676500993017355 1.7691582059927844
0.556 1.6075897627862503 1.8313889519730573
0.5640000000000001 1.731846062206836 1.9669167181010652
0.5720000000000001 1.8825451113492608 2.114871576253674
0.5800000000000001 1.9724713813442964 2.2638053417707416
0.5880000000000001 1.9458979921643011 2.1833903322292145
0.5960000000000001 1.8312774639271558 2.060680766887975
0.6040000000000001 1.714011233689236 1.8884371647442657
0.6120000000000001 1.668936068054921 1.8939849730971843
0.6200000000000001 1.7264752982558076 1.9755903252820335
0.6280000000000001 1.8679007962020078 2.126216681655808
0.6360000000000001 2.02481911453971 2.3559387439660617
0.6440000000000001 2.104335307866383 2.375571269688236
0.6520000000000001 2.058259005311381 2.309396293172635
0.6600000000000001 1.9296620512353324 2.1862663451129007
0.668 1.8120156494695503 2.01031138348092
0.6759999999999999 1.7791850229249007 2.0348378811747914
0.6839999999999999 1.8560217636653848 2.1377764249673716
0.692 2.014731516788469 2.3058781900882357
0.7 2.175784019136112 2.55197241133419
0.708 2.241956723419135 2.548551949813574
0.716 2.1750359474101035 2.46184205442599
0.724 2.03340589474056 2.325025214691304
0.732 1.9175454389559026 2.1407602640284757
0.74 1.89929995577883 2.186996408081149
0.748 1.9970726776206664 2.313979384042013
0.756 2.1728528732236017 2.4996937051080916
0.764 2.335539562216617 2.7589880243950184
0.772 2.3853461527918483 2.731121292474734
0.78 2.296526687356809 2.621916578823059
0.788 2.143144614540729 2.4723889640252135
0.796 2.031461479375169 2.283914075793703
0.804 2.030248320816955 2.3531932855379187
0.812 2.1504930712932246 2.505810512938899
0.8200000000000001 2.3427439679454642 2.7075506598440677
0.8280000000000001 2.5041480265500318 2.9741461201031743
0.8360000000000001 2.534541271647375 2.92014054411975
0.8440000000000001 2.4231053941355998 2.7852669140544988
0.8520000000000001 2.259597888638119 2.6237214014580834
0.8600000000000001 2.1547057155034843 2.4378550478796908
0.8680000000000001 2.1730619041915733 2.5302308165305663
0.8760000000000001 2.3171615593645254 2.7091822235431433
0.8840000000000001 2.524840338216584 2.924415363809627
0.8920000000000001 2.6816390171106184 3.1905741182509697
0.9000000000000001 2.6896193186265975 3.1096432979158894
0.9080000000000001 2.5552307012131186 2.9482200945404156
0.916 2.3835746545234 2.770801573196375
0.9239999999999999 2.2883053570632583 2.6088358523131645
0.9319999999999999 2.328835533145937 2.7207805454797227
0.94 2.4979610058994766 2.925771495586658
0.948 2.719526781494695 3.152538598541528
0.956 2.8680166360514647 3.409120802018454
0.964 2.8507101480708554 3.3018234264682755
0.972 2.693453614112457 3.12356459517331
0.98 2.5159785485817614 2.8635718076937295
0.988 2.4333768891589513 2.849064840640189
0.996 2.498724389232622 2.96497380834212
