-0.996 0.40020420191564543 0.4117783647746307
-0.988 0.4109515482189157 0.40983671931330945
-0.98 0.39745966855070874 0.3949869518316288
-0.972 0.37127054825093714 0.372830612353914
-0.964 0.3507897850213654 0.3436963149487855
-0.956 0.34867301236325726 0.35237610960069365
-0.948 0.36771103222979995 0.3738543089082257
-0.94 0.40032650535307923 0.4039998169494072
-0.9319999999999999 0.42939915067730755 0.4452221664706062
-0.9239999999999999 0.43700461431570903 0.4393088390953216
-0.916 0.41953793983429977 0.42072357579473574
-0.908 0.3913540955520141 0.3965945411270101
-0.9 0.3717998279810953 0.367116711229545
-0.892 0.3729062687480844 0.37947102588408416
-0.884 0.39606464807447994 0.4050846413485999
-0.876 0.43156248469539366 0.4376802498618829
-0.868 0.4601801716145962 0.47971739001788494
-0.86 0.4641005000380722 0.4696946721438111
-0.852 0.44255661816134234 0.4469870438644342
-0.844 0.41269356356551273 0.42100517786185754
-0.836 0.3945487142736526 0.39285221558130734
-0.8280000000000001 0.3993374151221259 0.40882594259575
-0.8200000000000001 0.4268498878654325 0.43873748684686686
-0.812 0.4650096358768251 0.47346976974667165
-0.804 0.4925505859760882 0.5151139718781279
-0.796 0.49225644217323666 0.5009015878514622
-0.788 0.46660407043206525 0.4751246279326798
-0.78 0.435440183336374 0.43632269345882413
-0.772 0.41922636817304265 0.4316592682277313
-0.764 0.4281665900662225 0.4453398271772683
-0.756 0.46022445163391895 0.47734922659725765
-0.748 0.5007329260574968 0.5135274863526826
-0.74 0.5265098286623577 0.552963939111471
-0.732 0.5215001335960837 0.5345172216620291
-0.724 0.49178594800176145 0.5051466715438007
-0.716 0.4597629592760817 0.46306092257165277
-0.708 0.4460398129897512 0.4625453587727466
-0.7 0.4596061193004682 0.4809303020431284
-0.692 0.496347190184938 0.5176341959151554
-0.6839999999999999 0.5387925171648615 0.5573855696891178
-0.6759999999999999 0.5620652869957697 0.5907062680634223
-0.6679999999999999 0.551889292689202 0.568850905507508
-0.6599999999999999 0.5182553379659245 0.5364700744761587
-0.6519999999999999 0.4858967284313254 0.49187104179556984
-0.644 0.47528848156173076 0.49596092008771697
-0.636 0.4939949926811391 0.5195353693238448
-0.628 0.5355490814411097 0.5600358407378047
-0.62 0.5794954479903567 0.6204630060412291
-0.612 0.5995909555253227 0.6222982642670576
-0.604 0.5840015312901323 0.6028756018845298
-0.596 0.5468584458720456 0.5699040214801907
-0.588 0.5149640670428423 0.524227078426807
-0.5800000000000001 0.5083683913360776 0.533144594469649
-0.5720000000000001 0.5329687077518845 0.5621088745134626
-0.5640000000000001 0.5796224464162554 0.6066901757416847
-0.556 0.6247196718516959 0.6703734401104944
-0.548 0.6410513435689293 0.666182533306479
-0.54 0.6198693190983303 0.6413803666253317
-0.532 0.5795488523173998 0.6052768673309294
-0.524 0.548607613110879 0.558395191852427
-0.516 0.5463536810550113 0.5734518614609329
-0.508 0.5767497912125045 0.6092012587419379
-0.5 0.6276551064890118 0.6584634470068067
-0.492 0.6722482972289633 0.7252121673171843
-0.484 0.6829520601643044 0.7144522451954807
-0.476 0.654856112577536 0.6832002443930234
-0.46799999999999997 0.6107104681896524 0.6434303704371296
-0.45999999999999996 0.5804773861075856 0.5952615225020659
-0.45199999999999996 0.5825141754582428 0.6152767959224859
-0.44399999999999995 0.6186347774908689 0.6565456106265253
-0.43599999999999994 0.6733994914282292 0.7085409754146069
-0.42799999999999994 0.7167876652179924 0.775043250705991
-0.42 0.7215026749584013 0.7576924520260806
-0.41200000000000003 0.6870893593549909 0.7200957120764966
-0.404 0.6405544274875519 0.6779504006157246
-0.396 0.6128329415689531 0.6337645059073131
-0.388 0.6209494508662691 0.6600263173353071
-0.38 0.6641719670790852 0.7087261718620148
-0.372 0.723341059339615 0.7644677287819976
-0.364 0.7652855063883535 0.8303043133162882
-0.356 0.7637377875737229 0.8062797045463499
-0.348 0.7233075383344734 0.7638902468431004
-0.33999999999999997 0.675120551864714 0.7006854046371956
-0.33199999999999996 0.650699668958912 0.6937042040656753
-0.32399999999999995 0.6654707280830559 0.716021870203863
-0.31599999999999995 0.7158421722877573 0.7675431547330187
-0.30799999999999994 0.7786259914181167 0.8251808001184142
-0.3 0.8177531287985411 0.8865816213332798
-0.29200000000000004 0.8088864157031838 0.856244590311005
-0.28400000000000003 0.7622613095818 0.8087256885127383
-0.276 0.7128834001228889 0.741203709137303
-0.268 0.6924391201597097 0.7412856410618365
-0.26 0.7144403460672344 0.7714232125599558
-0.252 0.7720385632586347 0.8293996202110214
-0.244 0.8376884666091944 0.9183651808102078
-0.236 0.8727794447016599 0.9295444464290492
-0.22799999999999998 0.8558582415625082 0.9048487227638774
-0.21999999999999997 0.8032294474087303 0.8568960486814374
-0.21199999999999997 0.7534322928084002 0.7874173259543685
-0.20399999999999996 0.7378761478195158 0.7943556731395671
-0.19599999999999995 0.767822753683057 0.8323142002956664
-0.18799999999999994 0.8327294863035218 0.8968118346631074
-0.17999999999999994 0.9004134112281602 0.9926520961598624
-0.17199999999999993 0.930242482086625 0.9938044419745725
-0.16399999999999998 0.9046661197877722 0.9615870141273539
-0.15600000000000003 0.8463897185441107 0.90848641083458
-0.14800000000000002 0.7970600908484355 0.8357527084638909
-0.14 0.7873670597336944 0.8512521353538649
-0.132 0.8259613061024437 0.8985691572048424
-0.124 0.8981307836685103 0.9701305412704613
-0.11599999999999999 0.966844947238094 1.071611077317156
-0.10799999999999998 0.9901425295304975 1.0633600871012636
-0.09999999999999998 0.9554260723764185 1.0225926437199828
-0.09199999999999997 0.8920001382529664 0.9644808192513619
-0.08399999999999996 0.8441206107963337 0.8896964865270687
-0.07599999999999996 0.8413126172576659 0.9142920888444543
-0.06799999999999995 0.8892193507837597 0.9716554432270733
-0.05999999999999994 0.9684499743494225 1.049820121693281
-0.051999999999999935 1.0370140372636427 1.1549805669613593
-0.043999999999999984 1.052491496691666 1.1365971710997056
-0.03600000000000003 1.008286186296351 1.0860951499559495
-0.028000000000000025 0.9403540600436692 1.023198627787204
-0.020000000000000018 0.8950016271335978 0.9483663178102109
-0.01200000000000001 0.9001409573921666 0.9820286790835333
-0.0040000000000000036 0.9579671093402585 1.0495225865690987
0.0040000000000000036 1.0438771751659501 1.133056218570239
0.01200000000000001 1.1109371168901578 1.2386291995988747
0.020000000000000018 1.1173164044435073 1.2096185713975125
0.028000000000000025 1.063429236380987 1.1485140791307282
0.03600000000000003 0.9917819103256905 1.080745823393233
0.04400000000000004 0.950126441062313 1.0119205241840554
0.052000000000000046 0.9643071010289208 1.0544956969851627
0.06000000000000005 1.0325778579030611 1.132936459094979
0.06800000000000006 1.124581914595762 1.2217392596505379
0.07600000000000007 1.1886188076669886 1.3253940051752435
0.08400000000000007 1.1846648301320484 1.286153200786869
0.09200000000000008 1.1210760594259062 1.2182092520277683
0.10000000000000009 1.0466534553664761 1.1175594428077646
0.1080000000000001 1.009955607577201 1.108550224896016
0.1160000000000001 1.034292006031183 1.1457317192363767
0.12400000000000011 1.113423588394775 1.2290387682969575
0.13200000000000012 1.210710468652368 1.3209929583333182
0.14000000000000012 1.2700556717958944 1.4156650563448456
0.14800000000000013 1.2546105513019121 1.3658039104371877
0.15600000000000003 1.1814888320246 1.2889017223159636
0.16399999999999992 1.1053801818459352 1.18045648497038
0.17199999999999993 1.074988531763603 1.1817990701910177
0.17999999999999994 1.1106009612218974 1.2309998300589573
0.18799999999999994 1.2008701702878823 1.324117811169366
0.19599999999999995 1.302383909912045 1.4666604267281604
0.20399999999999996 1.3552409887774934 1.4821946988915666
0.21199999999999997 1.327259277256358 1.4424448508504308
0.21999999999999997 1.244974277512815 1.3664443059626217
0.22799999999999998 1.1684177982140045 1.256863265435136
0.236 1.145764844867683 1.2708752161013264
0.244 1.1937612274498877 1.3341438881032877
0.252 1.2952721237581013 1.438980940851439
0.26 1.3996970845728012 1.593354623272678
0.268 1.4441705031750915 1.5934519690981206
0.276 1.402754373630796 1.540644974300617
0.28400000000000003 1.311886840771658 1.4553094130399682
0.29200000000000004 1.2362688507053214 1.3392815581213398
0.30000000000000004 1.222865454024635 1.3658858137705652
0.30800000000000005 1.2843188443106872 1.4431773051568964
0.31600000000000006 1.3969671605806444 1.5582357468337937
0.32400000000000007 1.5027187214763718 1.720204954130352
0.3320000000000001 1.5368490535440102 1.7046792070164627
0.3400000000000001 1.4812825029968215 1.6377770275018664
0.3480000000000001 1.382631877144549 1.5444654459257856
0.3560000000000001 1.3094854308002126 1.4256813847966392
0.3640000000000001 1.3069131434702232 1.4672816066455563
0.3720000000000001 1.382834541497459 1.5612751932706428
0.3800000000000001 1.5062706954359295 1.6874291705774507
0.3880000000000001 1.6114928530629653 1.8556650800509897
0.39600000000000013 1.6332979586796348 1.8246259668334108
0.404 1.5630791272290674 1.7426351641119049
0.4119999999999999 1.4576689045739408 1.642315872249911
0.41999999999999993 1.3886719311644238 1.525012978989202
0.42799999999999994 1.3985725909886262 1.581597198601124
0.43599999999999994 1.4898787233071666 1.6926025794194313
0.44399999999999995 1.623470574483026 1.8278500534393074
0.45199999999999996 1.7260416914675971 1.9969052932055216
0.45999999999999996 1.7335630114813159 1.9484301861986815
0.46799999999999997 1.6484338430341476 1.8487359093760949
0.476 1.5375149658707306 1.7391990882002584
0.484 1.4744877849604758 1.6318030733895947
0.492 1.4985496526108204 1.7011539971436886
0.5 1.6060255341656744 1.8282498972285026
0.508 1.748822306560023 1.9703587466891994
0.516 1.846370054771515 2.1336236255674863
0.524 1.8377229151177175 2.068153813575364
0.532 1.737695548529513 1.9573978565335672
0.54 1.6227481406271735 1.7947106187455772
0.548 1.5676500993017355 1.7829910467027195
0.556 1.6075897627862503 1.8453222224519812
0.5640000000000001 1.731846062206836 1.9814506723357284
0.5720000000000001 1.8825451113492608 2.1301774032276732
0.5800000000000001 1.9724713813442964 2.2795690753872933
0.5880000000000001 1.9458979921643011 2.198399872249945
0.5960000000000001 1.8312774639271558 2.0745755326797957
0.6040000000000001 1.714011233689236 1.900875839804082
0.6120000000000001 1.668936068054921 1.9061356946213985
0.6200000000000001 1.7264752982558076 1.987927682843239
0.6280000000000001 1.8679007962020078 2.139119956667071
0.6360000000000001 2.02481911453971 2.3698995989411387
0.6440000000000001 2.104335307866383 2.389146093232297
0.6520000000000001 2.058259005311381 2.3222282939419516
0.6600000000000001 1.9296620512353324 2.197984161131314
0.668 1.8120156494695503 2.0206137976463943
0.6759999999999999 1.7791850229249007 2.044716427096904
0.6839999999999999 1.8560217636653848 2.147567729820897
0.692 2.014731516788469 2.315807569738266
0.7 2.175784019136112 2.562291673474929
0.708 2.241956723419135 2.558251921298451
0.716 2.1750359474101035 2.4706676464926565
0.724 2.03340589474056 2.3327925234713316
0.732 1.9175454389559026 2.147303908753329
0.74 1.89929995577883 2.1931742300141064
0.748 1.9970726776206664 2.3199891606335434
0.756 2.1728528732236017 2.505681357865318
0.764 2.335539562216617 2.765076747361701
0.772 2.3853461527918483 2.7367837816493363
0.78 2.296526687356809 2.627006225300791
0.788 2.143144614540729 2.476860781590543
0.796 2.031461479375169 2.287692200482116
0.804 2.030248320816955 2.3568474925835545
0.812 2.1504930712932246 2.5094409221603153
0.8200000000000001 2.3427439679454642 2.711227456787319
0.8280000000000001 2.5041480265500318 2.9779239325777827
0.8360000000000001 2.534541271647375 2.9236743583672915
0.8440000000000001 2.4231053941355998 2.788445373551127
0.8520000000000001 2.259597888638119 2.6265458603754217
0.8600000000000001 2.1547057155034843 2.440235997338001
0.8680000000000001 2.1730619041915733 2.53256963509073
0.8760000000000001 2.3171615593645254 2.7115168376952528
0.8840000000000001 2.524840338216584 2.926763300697104
0.8920000000000001 2.6816390171106184 3.192933014774093
0.9000000000000001 2.6896193186265975 3.1118082771248305
0.9080000000000001 2.5552307012131186 2.950091656575003
0.916 2.3835746545234 2.7725315153583088
0.9239999999999999 2.2883053570632583 2.610042476226795
0.9319999999999999 2.328835533145937 2.7220209802814903
0.94 2.4979610058994766 2.927009002233729
0.948 2.719526781494695 3.1537548401491438
0.956 2.8680166360514647 3.410274175835884
0.964 2.8507101480708554 3.302857942191607
0.972 2.693453614112457 3.1244495665697736
0.98 2.5159785485817614 2.8642812471517587
0.988 2.4333768891589513 2.8496849609888564
0.996 2.498724389232622 2.965446059014655
