-0.996 0.40020420191564543 0.40045914401860916
-0.988 0.4109515482189157 0.4112915124184773
-0.98 0.39745966855070874 0.39723890380336135
-0.972 0.37127054825093714 0.37106511801235137
-0.964 0.3507897850213654 0.35119044621076967
-0.956 0.34867301236325726 0.3490077979834705
-0.948 0.36771103222979995 0.36780052498790927
-0.94 0.40032650535307923 0.40042242523152705
-0.9319999999999999 0.42939915067730755 0.4297994119662271
-0.9239999999999999 0.43700461431570903 0.4373961488130258
-0.916 0.41953793983429977 0.41930557131536705
-0.908 0.3913540955520141 0.39131083654220633
-0.9 0.3717998279810953 0.3723332993504607
-0.892 0.3729062687480844 0.3732902712361942
-0.884 0.39606464807447994 0.3962140323861876
-0.876 0.43156248469539366 0.43178008607519425
-0.868 0.4601801716145962 0.4607382776714175
-0.86 0.4641005000380722 0.4645280521320805
-0.852 0.44255661816134234 0.44233491583559176
-0.844 0.41269356356551273 0.4128433675949555
-0.836 0.3945487142736526 0.3952081696430706
-0.8280000000000001 0.3993374151221259 0.39977608519880187
-0.8200000000000001 0.4268498878654325 0.4270757300139537
-0.812 0.4650096358768251 0.465374407823599
-0.804 0.4925505859760882 0.4932750796781413
-0.796 0.49225644217323666 0.492704574453354
-0.788 0.46660407043206525 0.46642503768804217
-0.78 0.435440183336374 0.43580857862506084
-0.772 0.41922636817304265 0.42000503023655555
-0.764 0.4281665900662225 0.4286680675333211
-0.756 0.46022445163391895 0.46054669863392667
-0.748 0.5007329260574968 0.5012723507321826
-0.74 0.5265098286623577 0.527404402881672
-0.732 0.5215001335960837 0.5219552902606083
-0.724 0.49178594800176145 0.49169062671998864
-0.716 0.4597629592760817 0.4603681857838798
-0.708 0.4460398129897512 0.44693162105574474
-0.7 0.4596061193004682 0.4601798733624741
-0.692 0.496347190184938 0.4967863483907876
-0.6839999999999999 0.5387925171648615 0.53952934452247
-0.6759999999999999 0.5620652869957697 0.5631175260491528
-0.6679999999999999 0.551889292689202 0.5523254924858045
-0.6599999999999999 0.5182553379659245 0.5182641400091472
-0.6519999999999999 0.4858967284313254 0.4867025678580491
-0.644 0.47528848156173076 0.4762132422446556
-0.636 0.4939949926811391 0.494532902134193
-0.628 0.5355490814411097 0.5359481147152452
-0.62 0.5794954479903567 0.5801895437567823
-0.612 0.5995909555253227 0.600410530527493
-0.604 0.5840015312901323 0.5838856268504354
-0.596 0.5468584458720456 0.5462995933336054
-0.588 0.5149640670428423 0.5150086810998191
-0.5800000000000001 0.5083683913360776 0.5080774826887986
-0.5720000000000001 0.5329687077518845 0.5319226859959435
-0.5640000000000001 0.5796224464162554 0.578117545704339
-0.556 0.6247196718516959 0.623189528583995
-0.548 0.6410513435689293 0.6391575892911436
-0.54 0.6198693190983303 0.6165877627675014
-0.532 0.5795488523173998 0.5758380678019419
-0.524 0.548607613110879 0.5454043129835663
-0.516 0.5463536810550113 0.5427165134758879
-0.508 0.5767497912125045 0.5725546109493975
-0.5 0.6276551064890118 0.6234318622875998
-0.492 0.6722482972289633 0.6685659106920707
-0.484 0.6829520601643044 0.6793861695953135
-0.476 0.654856112577536 0.6505612694810577
-0.46799999999999997 0.6107104681896524 0.607081071969191
-0.45999999999999996 0.5804773861075856 0.5781443484576754
-0.45199999999999996 0.5825141754582428 0.5804249865593758
-0.44399999999999995 0.6186347774908689 0.6167211338700225
-0.43599999999999994 0.6733994914282292 0.6721385146544616
-0.42799999999999994 0.7167876652179924 0.7165394664900421
-0.42 0.7215026749584013 0.7214130693668143
-0.41200000000000003 0.6870893593549909 0.686288668216268
-0.404 0.6405544274875519 0.6405741706177727
-0.396 0.6128329415689531 0.6137739626975874
-0.388 0.6209494508662691 0.6216663752855393
-0.38 0.6641719670790852 0.6646832472491243
-0.372 0.723341059339615 0.7241839909075718
-0.364 0.7652855063883535 0.7667606661079183
-0.356 0.7637377875737229 0.7647981180406974
-0.348 0.7233075383344734 0.7234342410085426
-0.33999999999999997 0.675120551864714 0.6761362372237237
-0.33199999999999996 0.650699668958912 0.6523361655895779
-0.32399999999999995 0.6654707280830559 0.6667026830440423
-0.31599999999999995 0.7158421722877573 0.7168524511973393
-0.30799999999999994 0.7786259914181167 0.7800269445393965
-0.3 0.8177531287985411 0.819698415150782
-0.29200000000000004 0.8088864157031838 0.8100728368492857
-0.28400000000000003 0.7622613095818 0.7625549358220624
-0.276 0.7128834001228889 0.7142157280556443
-0.268 0.6924391201597097 0.6941341856524634
-0.26 0.7144403460672344 0.7156271546361326
-0.252 0.7720385632586347 0.7730531061953879
-0.244 0.8376884666091944 0.8392219525101572
-0.236 0.8727794447016599 0.8748249686266647
-0.22799999999999998 0.8558582415625082 0.8569413876992247
-0.21999999999999997 0.8032294474087303 0.8037071447910134
-0.21199999999999997 0.7534322928084002 0.7551769469468026
-0.20399999999999996 0.7378761478195158 0.7398155237506248
-0.19599999999999995 0.767822753683057 0.7692395157026026
-0.18799999999999994 0.8327294863035218 0.8340513691583771
-0.17999999999999994 0.9004134112281602 0.9023325643077321
-0.17199999999999993 0.930242482086625 0.9324801033635388
-0.16399999999999998 0.9046661197877722 0.9056229907298078
-0.15600000000000003 0.8463897185441107 0.8469914256716413
-0.14800000000000002 0.7970600908484355 0.7989864677178966
-0.14 0.7873670597336944 0.789264118025508
-0.132 0.8259613061024437 0.8273406282560047
-0.124 0.8981307836685103 0.8995642901586209
-0.11599999999999999 0.966844947238094 0.9690522734555254
-0.10799999999999998 0.9901425295304975 0.9925515162774603
-0.09999999999999998 0.9554260723764185 0.956417195492564
-0.09199999999999997 0.8920001382529664 0.8930591630582636
-0.08399999999999996 0.8441206107963337 0.8465288325556863
-0.07599999999999996 0.8413126172576659 0.8434841824495525
-0.06799999999999995 0.8892193507837597 0.8908582812413962
-0.05999999999999994 0.9684499743494225 0.9702205925759304
-0.051999999999999935 1.0370140372636427 1.0395820538606868
-0.043999999999999984 1.052491496691666 1.0549266200791731
-0.03600000000000003 1.008286186296351 1.0091083826230833
-0.028000000000000025 0.9403540600436692 0.9416317888368915
-0.020000000000000018 0.8950016271335978 0.897534264261419
-0.01200000000000001 0.9001409573921666 0.9022798130676419
-0.0040000000000000036 0.9579671093402585 0.9596626289053828
0.0040000000000000036 1.0438771751659501 1.045929519558238
0.01200000000000001 1.1109371168901578 1.1139388535382362
0.020000000000000018 1.1173164044435073 1.1199464571431967
0.028000000000000025 1.063429236380987 1.0644671552745277
0.03600000000000003 0.9917819103256905 0.9937332109446295
0.04400000000000004 0.950126441062313 0.9531546982545348
0.052000000000000046 0.9643071010289208 0.9667715807409345
0.06000000000000005 1.0325778579030611 1.034632396009436
0.06800000000000006 1.124581914595762 1.1271225116796435
0.07600000000000007 1.1886188076669886 1.1920788548739183
0.08400000000000007 1.1846648301320484 1.1873329891631577
0.09200000000000008 1.1210760594259062 1.1222039259363734
0.10000000000000009 1.0466534553664761 1.0490944232196093
0.1080000000000001 1.009955607577201 1.0132477347888331
0.1160000000000001 1.034292006031183 1.0369595312207893
0.12400000000000011 1.113423588394775 1.115862435759088
0.13200000000000012 1.210710468652368 1.2139446544789099
0.14000000000000012 1.2700556717958944 1.2743101061173354
0.14800000000000013 1.2546105513019121 1.257804864088373
0.15600000000000003 1.1814888320246 1.1834788511566283
0.16399999999999992 1.1053801818459352 1.109140542890131
0.17199999999999993 1.074988531763603 1.0794433457111703
0.17999999999999994 1.1106009612218974 1.114540426558537
0.18799999999999994 1.2008701702878823 1.204927951600655
0.19599999999999995 1.302383909912045 1.307654078356418
0.20399999999999996 1.3552409887774934 1.361559311698713
0.21199999999999997 1.327259277256358 1.3321364216493288
0.21999999999999997 1.244974277512815 1.2489569302067738
0.22799999999999998 1.1684177982140045 1.1743832495691235
0.236 1.145764844867683 1.1521523398243123
0.244 1.1937612274498877 1.1997602133844811
0.252 1.2952721237581013 1.3017987787086387
0.26 1.3996970845728012 1.407894462209224
0.268 1.4441705031750915 1.4533659795350562
0.276 1.402754373630796 1.4101391453915082
0.28400000000000003 1.311886840771658 1.3188016743192845
0.29200000000000004 1.2362688507053214 1.245285886051661
0.30000000000000004 1.222865454024635 1.2321307733826337
0.30800000000000005 1.2843188443106872 1.2935380246189563
0.31600000000000006 1.3969671605806444 1.407387441470355
0.32400000000000007 1.5027187214763718 1.5154772304886075
0.3320000000000001 1.5368490535440102 1.5505973641127642
0.3400000000000001 1.4812825029968215 1.4929655034780767
0.3480000000000001 1.382631877144549 1.394369681765876
0.3560000000000001 1.3094854308002126 1.3233084339503955
0.3640000000000001 1.3069131434702232 1.320836667841756
0.3720000000000001 1.382834541497459 1.3970358255298856
0.3800000000000001 1.5062706954359295 1.5221410513336644
0.3880000000000001 1.6114928530629653 1.6298129207575427
0.39600000000000013 1.6332979586796348 1.6517154073969091
0.404 1.5630791272290674 1.5784400679893238
0.4119999999999999 1.4576689045739408 1.4729086561577174
0.41999999999999993 1.3886719311644238 1.4051483927337762
0.42799999999999994 1.3985725909886262 1.414359941408771
0.43599999999999994 1.4898787233071666 1.5056150094693235
0.44399999999999995 1.623470574483026 1.6407459537010234
0.45199999999999996 1.7260416914675971 1.7454475467108326
0.45999999999999996 1.7335630114813159 1.752141998075429
0.46799999999999997 1.6484338430341476 1.663627475915889
0.476 1.5375149658707306 1.5531243010434985
0.484 1.4744877849604758 1.491038337632757
0.492 1.4985496526108204 1.5142408226727888
0.5 1.6060255341656744 1.6218083220241346
0.508 1.748822306560023 1.76636070670923
0.516 1.846370054771515 1.8658907237150322
0.524 1.8377229151177175 1.8556064343907237
0.532 1.737695548529513 1.752154023167964
0.54 1.6227481406271735 1.6380675357644516
0.548 1.5676500993017355 1.583287507880706
0.556 1.6075897627862503 1.6218245538995233
0.5640000000000001 1.731846062206836 1.745737985392766
0.5720000000000001 1.8825451113492608 1.8977232868356921
0.5800000000000001 1.9724713813442964 1.9887950267960872
0.5880000000000001 1.9458979921643011 1.9594728951388243
0.5960000000000001 1.8312774639271558 1.8417061170560018
0.6040000000000001 1.714011233689236 1.7259585007936906
0.6120000000000001 1.668936068054921 1.680925175299454
0.6200000000000001 1.7264752982558076 1.7370693119617113
0.6280000000000001 1.8679007962020078 1.8783613369683616
0.6360000000000001 2.02481911453971 2.0368656939558774
0.6440000000000001 2.104335307866383 2.117457117099784
0.6520000000000001 2.058259005311381 2.068360819531555
0.6600000000000001 1.9296620512353324 1.9376910249122512
0.668 1.8120156494695503 1.8223616158574292
0.6759999999999999 1.7791850229249007 1.789356524953167
0.6839999999999999 1.8560217636653848 1.864815413126407
0.692 2.014731516788469 2.0235054357276883
0.7 2.175784019136112 2.186216064125534
0.708 2.241956723419135 2.2529526248783647
0.716 2.1750359474101035 2.182459873622973
0.724 2.03340589474056 2.039719747968805
0.732 1.9175454389559026 1.9265800233534178
0.74 1.89929995577883 1.907897415574312
0.748 1.9970726776206664 2.0044884143727257
0.756 2.1728528732236017 2.1806954404066365
0.764 2.335539562216617 2.345480988570111
0.772 2.3853461527918483 2.3955819990420233
0.78 2.296526687356809 2.303033010335534
0.788 2.143144614540729 2.1497619625855915
0.796 2.031461479375169 2.0409963701949523
0.804 2.030248320816955 2.039087786456025
0.812 2.1504930712932246 2.1583576319351687
0.8200000000000001 2.3427439679454642 2.3514566795907825
0.8280000000000001 2.5041480265500318 2.515198513005811
0.8360000000000001 2.534541271647375 2.545201017989763
0.8440000000000001 2.4231053941355998 2.429727709429842
0.8520000000000001 2.259597888638119 2.267297116843861
0.8600000000000001 2.1547057155034843 2.1650087811570864
0.8680000000000001 2.1730619041915733 2.1822258470163067
0.8760000000000001 2.3171615593645254 2.325406458348016
0.8840000000000001 2.524840338216584 2.534215698073489
0.8920000000000001 2.6816390171106184 2.6933534261730667
0.9000000000000001 2.6896193186265975 2.700027555617001
0.9080000000000001 2.5552307012131186 2.5615416667832767
0.916 2.3835746545234 2.391995401674026
0.9239999999999999 2.2883053570632583 2.298927798738189
0.9319999999999999 2.328835533145937 2.3380918675074582
0.94 2.4979610058994766 2.5065867957251
0.948 2.719526781494695 2.729808667608544
0.956 2.8680166360514647 2.880734994931246
0.964 2.8507101480708554 2.861288542433852
0.972 2.693453614112457 2.700303790096208
0.98 2.5159785485817614 2.525951872399154
0.988 2.4333768891589513 2.4450268686401686
0.996 2.498724389232622 2.508877455523936
