-0.996 0.40020420191564543 0.3998852145110966
-0.988 0.4109515482189157 0.4112440918741117
-0.98 0.39745966855070874 0.39867379681001636
-0.972 0.37127054825093714 0.372454477711715
-0.964 0.3507897850213654 0.3514191978684097
-0.956 0.34867301236325726 0.3489727441883587
-0.948 0.36771103222979995 0.3677134841274833
-0.94 0.40032650535307923 0.39976781859988886
-0.9319999999999999 0.42939915067730755 0.4285682356900759
-0.9239999999999999 0.43700461431570903 0.43695431631674975
-0.916 0.41953793983429977 0.4203951252383413
-0.908 0.3913540955520141 0.39206289198948086
-0.9 0.3717998279810953 0.3719520462165402
-0.892 0.3729062687480844 0.3727409671525922
-0.884 0.39606464807447994 0.39552069842823206
-0.876 0.43156248469539366 0.4303608989617323
-0.868 0.4601801716145962 0.4587934659907527
-0.86 0.4641005000380722 0.4636679256335304
-0.852 0.44255661816134234 0.4429865424889115
-0.844 0.41269356356551273 0.4128628761769526
-0.836 0.3945487142736526 0.3941714778613082
-0.8280000000000001 0.3993374151221259 0.39863982437295686
-0.8200000000000001 0.4268498878654325 0.4256689207310609
-0.812 0.4650096358768251 0.46308195989784745
-0.804 0.4925505859760882 0.4905642958529017
-0.796 0.49225644217323666 0.4913938180277595
-0.788 0.46660407043206525 0.46652857040178275
-0.78 0.435440183336374 0.43500306237828396
-0.772 0.41922636817304265 0.41826110823888063
-0.764 0.4281665900662225 0.42685840083233445
-0.756 0.46022445163391895 0.45830501142108265
-0.748 0.5007329260574968 0.4979933807361378
-0.74 0.5265098286623577 0.5238793576769967
-0.732 0.5215001335960837 0.5201497304099723
-0.724 0.49178594800176145 0.49111928409751227
-0.716 0.4597629592760817 0.4586488470150719
-0.708 0.4460398129897512 0.444419228722312
-0.7 0.4596061193004682 0.4575950868825377
-0.692 0.496347190184938 0.49357415141635497
-0.6839999999999999 0.5387925171648615 0.5351481425175868
-0.6759999999999999 0.5620652869957697 0.5587334944493493
-0.6679999999999999 0.551889292689202 0.5499640365875358
-0.6599999999999999 0.5182553379659245 0.5168754675424011
-0.6519999999999999 0.4858967284313254 0.48398405619979
-0.644 0.47528848156173076 0.4728608726408483
-0.636 0.4939949926811391 0.49105701314775907
-0.628 0.5355490814411097 0.5316158344493644
-0.62 0.5794954479903567 0.5745855197288989
-0.612 0.5995909555253227 0.5951168236960463
-0.604 0.5840015312901323 0.5808790025867343
-0.596 0.5468584458720456 0.543938694531167
-0.588 0.5149640670428423 0.5112188184517603
-0.5800000000000001 0.5083683913360776 0.50382662218075
-0.5720000000000001 0.5329687077518845 0.5274687599027467
-0.5640000000000001 0.5796224464162554 0.5725654725314221
-0.556 0.6247196718516959 0.6163024128471817
-0.548 0.6410513435689293 0.6329073371363354
-0.54 0.6198693190983303 0.6126846095600478
-0.532 0.5795488523173998 0.571980119742832
-0.524 0.548607613110879 0.5398404605970328
-0.516 0.5463536810550113 0.5365866105540231
-0.508 0.5767497912125045 0.5658804628538714
-0.5 0.6276551064890118 0.6153110140596563
-0.492 0.6722482972289633 0.6592626264175916
-0.484 0.6829520601643044 0.6715725578763638
-0.476 0.654856112577536 0.6457858561551777
-0.46799999999999997 0.6107104681896524 0.6025421315145103
-0.45999999999999996 0.5804773861075856 0.5724394900760066
-0.45199999999999996 0.5825141754582428 0.5745457496186877
-0.44399999999999995 0.6186347774908689 0.6102070824777936
-0.43599999999999994 0.6733994914282292 0.6638245060839045
-0.42799999999999994 0.7167876652179924 0.7068293387985802
-0.42 0.7215026749584013 0.7131718120981998
-0.41200000000000003 0.6870893593549909 0.6805056013844216
-0.404 0.6405544274875519 0.6341205974805066
-0.396 0.6128329415689531 0.606034269896738
-0.388 0.6209494508662691 0.6139291970642182
-0.38 0.6641719670790852 0.656494299090554
-0.372 0.723341059339615 0.7145447372211837
-0.364 0.7652855063883535 0.7565760803182067
-0.356 0.7637377875737229 0.7571318361676074
-0.348 0.7233075383344734 0.7183181731037562
-0.33999999999999997 0.675120551864714 0.6698583068031352
-0.33199999999999996 0.650699668958912 0.6446693924684888
-0.32399999999999995 0.6654707280830559 0.6586067798417614
-0.31599999999999995 0.7158421722877573 0.7074317777825079
-0.30799999999999994 0.7786259914181167 0.7682947053877169
-0.3 0.8177531287985411 0.807212857794735
-0.29200000000000004 0.8088864157031838 0.8003686041338537
-0.28400000000000003 0.7622613095818 0.7552146803081689
-0.276 0.7128834001228889 0.7057842638454551
-0.268 0.6924391201597097 0.685130765228518
-0.26 0.7144403460672344 0.7068250676796437
-0.252 0.7720385632586347 0.7632437469541458
-0.244 0.8376884666091944 0.8274045019819394
-0.236 0.8727794447016599 0.8628933473265804
-0.22799999999999998 0.8558582415625082 0.8481746976515363
-0.21999999999999997 0.8032294474087303 0.7964889958334693
-0.21199999999999997 0.7534322928084002 0.74595529741582
-0.20399999999999996 0.7378761478195158 0.729520367172914
-0.19599999999999995 0.767822753683057 0.7583510462077585
-0.18799999999999994 0.8327294863035218 0.8212645122893263
-0.17999999999999994 0.9004134112281602 0.887149944680309
-0.17199999999999993 0.930242482086625 0.9178296905227058
-0.16399999999999998 0.9046661197877722 0.8950428032768014
-0.15600000000000003 0.8463897185441107 0.8381290158014375
-0.14800000000000002 0.7970600908484355 0.7886722220070579
-0.14 0.7873670597336944 0.778724236146354
-0.132 0.8259613061024437 0.8165075947154223
-0.124 0.8981307836685103 0.8867156229976345
-0.11599999999999999 0.966844947238094 0.9537975842383536
-0.10799999999999998 0.9901425295304975 0.9782011574348863
-0.09999999999999998 0.9554260723764185 0.945858047217315
-0.09199999999999997 0.8920001382529664 0.8828465441302719
-0.08399999999999996 0.8441206107963337 0.8340607902648205
-0.07599999999999996 0.8413126172576659 0.8303534977584681
-0.06799999999999995 0.8892193507837597 0.876785846620852
-0.05999999999999994 0.9684499743494225 0.9536079100403871
-0.051999999999999935 1.0370140372636427 1.020863111372509
-0.043999999999999984 1.052491496691666 1.0384332929869873
-0.03600000000000003 1.008286186296351 0.997346291564464
-0.028000000000000025 0.9403540600436692 0.9303195381060174
-0.020000000000000018 0.8950016271335978 0.8846529104076246
-0.01200000000000001 0.9001409573921666 0.8892816263170282
-0.0040000000000000036 0.9579671093402585 0.9456006043319065
0.0040000000000000036 1.0438771751659501 1.0289000116345142
0.01200000000000001 1.1109371168901578 1.0947117539452071
0.020000000000000018 1.1173164044435073 1.1031686421610492
0.028000000000000025 1.063429236380987 1.051639853094755
0.03600000000000003 0.9917819103256905 0.979920765689767
0.04400000000000004 0.950126441062313 0.9373092128433042
0.052000000000000046 0.9643071010289208 0.9504500022318538
0.06000000000000005 1.0325778579030611 1.0166800641469103
0.06800000000000006 1.124581914595762 1.1059195056891804
0.07600000000000007 1.1886188076669886 1.1694974066589194
0.08400000000000007 1.1846648301320484 1.1688144956676894
0.09200000000000008 1.1210760594259062 1.1082671427964776
0.10000000000000009 1.0466534553664761 1.0342754278898376
0.1080000000000001 1.009955607577201 0.997145729333109
0.1160000000000001 1.034292006031183 1.0206096600283623
0.12400000000000011 1.113423588394775 1.0975084109449946
0.13200000000000012 1.210710468652368 1.191909878147086
0.14000000000000012 1.2700556717958944 1.2510751471364059
0.14800000000000013 1.2546105513019121 1.2388755027513887
0.15600000000000003 1.1814888320246 1.1679754181665172
0.16399999999999992 1.1053801818459352 1.0915038760980662
0.17199999999999993 1.074988531763603 1.0602429528158401
0.17999999999999994 1.1106009612218974 1.094574451730022
0.18799999999999994 1.2008701702878823 1.182137042571631
0.19599999999999995 1.302383909912045 1.2807556432198373
0.20399999999999996 1.3552409887774934 1.3342712655436961
0.21199999999999997 1.327259277256358 1.3103753418440878
0.21999999999999997 1.244974277512815 1.2306678418717198
0.22799999999999998 1.1684177982140045 1.154309299438378
0.236 1.145764844867683 1.1315863148944785
0.244 1.1937612274498877 1.1789633313539176
0.252 1.2952721237581013 1.2783150119223954
0.26 1.3996970845728012 1.3807219817675327
0.268 1.4441705031750915 1.4269627900935096
0.276 1.402754373630796 1.389726321715097
0.28400000000000003 1.311886840771658 1.3003906386400068
0.29200000000000004 1.2362688507053214 1.2239343558180817
0.30000000000000004 1.222865454024635 1.2096093641502819
0.30800000000000005 1.2843188443106872 1.269482996662562
0.31600000000000006 1.3969671605806444 1.3790547957045032
0.32400000000000007 1.5027187214763718 1.4825809706750896
0.3320000000000001 1.5368490535440102 1.5189710213511187
0.3400000000000001 1.4812825029968215 1.4676531549613028
0.3480000000000001 1.382631877144549 1.3702714217207697
0.3560000000000001 1.3094854308002126 1.2965413205662686
0.3640000000000001 1.3069131434702232 1.2935864218089879
0.3720000000000001 1.382834541497459 1.368387113771266
0.3800000000000001 1.5062706954359295 1.4893220515474512
0.3880000000000001 1.6114928530629653 1.5935434330072853
0.39600000000000013 1.6332979586796348 1.6189495838839605
0.404 1.5630791272290674 1.5530500114923456
0.4119999999999999 1.4576689045739408 1.4480647242722358
0.41999999999999993 1.3886719311644238 1.3776598951408214
0.42799999999999994 1.3985725909886262 1.3861671136760831
0.43599999999999994 1.4898787233071666 1.4748686649437182
0.44399999999999995 1.623470574483026 1.6043703461136138
0.45199999999999996 1.7260416914675971 1.7050554528293587
0.45999999999999996 1.7335630114813159 1.7156731410040515
0.46799999999999997 1.6484338430341476 1.6337744355428057
0.476 1.5375149658707306 1.5223010349697914
0.484 1.4744877849604758 1.4575441652586973
0.492 1.4985496526108204 1.4798906802535587
0.5 1.6060255341656744 1.584136513141896
0.508 1.748822306560023 1.7225169235691649
0.516 1.846370054771515 1.8190075891693556
0.524 1.8377229151177175 1.8146871922355086
0.532 1.737695548529513 1.7183198992669555
0.54 1.6227481406271735 1.6030722128526884
0.548 1.5676500993017355 1.5466284881830636
0.556 1.6075897627862503 1.5847742390537791
0.5640000000000001 1.731846062206836 1.7051804752519093
0.5720000000000001 1.8825451113492608 1.8510932891873462
0.5800000000000001 1.9724713813442964 1.940576050545645
0.5880000000000001 1.9458979921643011 1.918846314148333
0.5960000000000001 1.8312774639271558 1.8073355515161187
0.6040000000000001 1.714011233689236 1.6890759075774184
0.6120000000000001 1.668936068054921 1.641980372569929
0.6200000000000001 1.7264752982558076 1.6964332780729996
0.6280000000000001 1.8679007962020078 1.8321661761621242
0.6360000000000001 2.02481911453971 1.9830189534866491
0.6440000000000001 2.104335307866383 2.062254243306079
0.6520000000000001 2.058259005311381 2.0214978953505
0.6600000000000001 1.9296620512353324 1.8960923527865825
0.668 1.8120156494695503 1.7780115401318084
0.6759999999999999 1.7791850229249007 1.7439227441016336
0.6839999999999999 1.8560217636653848 1.817949969364193
0.692 2.014731516788469 1.9710038673015884
0.7 2.175784019136112 2.126941536456351
0.708 2.241956723419135 2.1949872924683422
0.716 2.1750359474101035 2.134924786176225
0.724 2.03340589474056 1.9968420926866133
0.732 1.9175454389559026 1.8808322249409752
0.74 1.89929995577883 1.861444060752367
0.748 1.9970726776206664 1.95589600317765
0.756 2.1728528732236017 2.125248403122331
0.764 2.335539562216617 2.2829293871458844
0.772 2.3853461527918483 2.335533204508103
0.78 2.296526687356809 2.253444060926889
0.788 2.143144614540729 2.102489135560696
0.796 2.031461479375169 1.989785444976057
0.804 2.030248320816955 1.9864276994622998
0.812 2.1504930712932246 2.101737025178094
0.8200000000000001 2.3427439679454642 2.2859488272681947
0.8280000000000001 2.5041480265500318 2.442165196702936
0.8360000000000001 2.534541271647375 2.476384514149115
0.8440000000000001 2.4231053941355998 2.372006503241831
0.8520000000000001 2.259597888638119 2.210810974216843
0.8600000000000001 2.1547057155034843 2.1052123048601685
0.8680000000000001 2.1730619041915733 2.1215134483507536
0.8760000000000001 2.3171615593645254 2.2602237580340203
0.8840000000000001 2.524840338216584 2.4597562151379857
0.8920000000000001 2.6816390171106184 2.612960108949821
0.9000000000000001 2.6896193186265975 2.627133498399707
0.9080000000000001 2.5552307012131186 2.5007974490116425
0.916 2.3835746545234 2.331734717038913
0.9239999999999999 2.2883053570632583 2.2362153255554844
0.9319999999999999 2.328835533145937 2.274690477383875
0.94 2.4979610058994766 2.4377733298430155
0.948 2.719526781494695 2.650843257847392
0.956 2.8680166360514647 2.7967853108114644
0.964 2.8507101480708554 2.786667593254604
0.972 2.693453614112457 2.636616938973991
0.98 2.5159785485817614 2.460387126878482
0.988 2.4333768891589513 2.3764712303437925
0.996 2.498724389232622 2.438217188401813
