-0.996 0.40020420191564543 0.4002436211851793
-0.988 0.4109515482189157 0.4106837500877538
-0.98 0.39745966855070874 0.396960403958587
-0.972 0.37127054825093714 0.3716219097730652
-0.964 0.3507897850213654 0.35095194971530513
-0.956 0.34867301236325726 0.3481401011142776
-0.948 0.36771103222979995 0.36735273420467707
-0.94 0.40032650535307923 0.40030144568841525
-0.9319999999999999 0.42939915067730755 0.42938358062912596
-0.9239999999999999 0.43700461431570903 0.43657384685195855
-0.916 0.41953793983429977 0.4190402276589846
-0.908 0.3913540955520141 0.391779474340349
-0.9 0.3717998279810953 0.3717734278704498
-0.892 0.3729062687480844 0.37228124039137067
-0.884 0.39606464807447994 0.3956915142482083
-0.876 0.43156248469539366 0.4315131534805201
-0.868 0.4601801716145962 0.46007046704082977
-0.86 0.4641005000380722 0.4635092892365066
-0.852 0.44255661816134234 0.4420888200166184
-0.844 0.41269356356551273 0.41315976263867704
-0.836 0.3945487142736526 0.3943100779074205
-0.8280000000000001 0.3993374151221259 0.39863161925771456
-0.8200000000000001 0.4268498878654325 0.42646174611110577
-0.812 0.4650096358768251 0.46492182110623376
-0.804 0.4925505859760882 0.4923224993858899
-0.796 0.49225644217323666 0.49149907676600635
-0.788 0.46660407043206525 0.4662039130499147
-0.78 0.435440183336374 0.4358964503742927
-0.772 0.41922636817304265 0.4187639255345736
-0.764 0.4281665900662225 0.427388443415943
-0.756 0.46022445163391895 0.4598195350079538
-0.748 0.5007329260574968 0.5005896232546615
-0.74 0.5265098286623577 0.5261358047452335
-0.732 0.5215001335960837 0.5205800406023091
-0.724 0.49178594800176145 0.49148677943699254
-0.716 0.4597629592760817 0.4601466594124582
-0.708 0.4460398129897512 0.4453522602573739
-0.7 0.4596061193004682 0.4587598863879906
-0.692 0.496347190184938 0.49591732968932223
-0.6839999999999999 0.5387925171648615 0.5385680712957954
-0.6759999999999999 0.5620652869957697 0.5615056495378559
-0.6679999999999999 0.551889292689202 0.5508048016326226
-0.6599999999999999 0.5182553379659245 0.5180519500860726
-0.6519999999999999 0.4858967284313254 0.4860899610924676
-0.644 0.47528848156173076 0.47430540069835636
-0.636 0.4939949926811391 0.49296384380175734
-0.628 0.5355490814411097 0.5349057633528113
-0.62 0.5794954479903567 0.5789018194969382
-0.612 0.5995909555253227 0.5984297869725856
-0.604 0.5840015312901323 0.5822376515045791
-0.596 0.5468584458720456 0.546020247910037
-0.588 0.5149640670428423 0.5139258027627971
-0.5800000000000001 0.5083683913360776 0.5058706263387429
-0.5720000000000001 0.5329687077518845 0.5302433345126552
-0.5640000000000001 0.5796224464162554 0.5769620834141513
-0.556 0.6247196718516959 0.6216805272603121
-0.548 0.6410513435689293 0.6369973809504091
-0.54 0.6198693190983303 0.6150744400197067
-0.532 0.5795488523173998 0.5756602105752229
-0.524 0.548607613110879 0.5440155188335842
-0.516 0.5463536810550113 0.540427070516773
-0.508 0.5767497912125045 0.5709287040750789
-0.5 0.6276551064890118 0.6222858731795244
-0.492 0.6722482972289633 0.6669594740619724
-0.484 0.6829520601643044 0.6772286752062153
-0.476 0.654856112577536 0.6494067594793071
-0.46799999999999997 0.6107104681896524 0.6071090594809779
-0.45999999999999996 0.5804773861075856 0.5765788883091016
-0.45199999999999996 0.5825141754582428 0.5781889745170764
-0.44399999999999995 0.6186347774908689 0.6151649073106791
-0.43599999999999994 0.6733994914282292 0.6708483475104658
-0.42799999999999994 0.7167876652179924 0.7145214972316077
-0.42 0.7215026749584013 0.7188530032431577
-0.41200000000000003 0.6870893593549909 0.6850235760338499
-0.404 0.6405544274875519 0.6402216246016815
-0.396 0.6128329415689531 0.6116202094574708
-0.388 0.6209494508662691 0.6192565247449284
-0.38 0.6641719670790852 0.6631326113532106
-0.372 0.723341059339615 0.7228624128666774
-0.364 0.7652855063883535 0.764642302017631
-0.356 0.7637377875737229 0.7623165874701712
-0.348 0.7233075383344734 0.7225190416784315
-0.33999999999999997 0.675120551864714 0.6756263520845079
-0.33199999999999996 0.650699668958912 0.649743660141779
-0.32399999999999995 0.6654707280830559 0.6640472486189332
-0.31599999999999995 0.7158421722877573 0.7149800892651619
-0.30799999999999994 0.7786259914181167 0.7781379821789536
-0.3 0.8177531287985411 0.816894946292501
-0.29200000000000004 0.8088864157031838 0.8072270142822168
-0.28400000000000003 0.7622613095818 0.7616728878797342
-0.276 0.7128834001228889 0.7133461296903548
-0.268 0.6924391201597097 0.6912730056881158
-0.26 0.7144403460672344 0.7130911069086656
-0.252 0.7720385632586347 0.7713420334119417
-0.244 0.8376884666091944 0.8372815309236018
-0.236 0.8727794447016599 0.871813501233566
-0.22799999999999998 0.8558582415625082 0.8540840864028947
-0.21999999999999997 0.8032294474087303 0.8028699319549566
-0.21199999999999997 0.7534322928084002 0.7536229308314973
-0.20399999999999996 0.7378761478195158 0.7362854863146622
-0.19599999999999995 0.767822753683057 0.7662535550861158
-0.18799999999999994 0.8327294863035218 0.8318654314821576
-0.17999999999999994 0.9004134112281602 0.8997734921547835
-0.17199999999999993 0.930242482086625 0.9289451627457138
-0.16399999999999998 0.9046661197877722 0.9027890083827728
-0.15600000000000003 0.8463897185441107 0.8463777961114731
-0.14800000000000002 0.7970600908484355 0.7971078583542706
-0.14 0.7873670597336944 0.7856947031340966
-0.132 0.8259613061024437 0.8245293643060864
-0.124 0.8981307836685103 0.8974070071962476
-0.11599999999999999 0.966844947238094 0.9661651480579044
-0.10799999999999998 0.9901425295304975 0.9885535089406572
-0.09999999999999998 0.9554260723764185 0.9534327437740744
-0.09199999999999997 0.8920001382529664 0.8920947029989118
-0.08399999999999996 0.8441206107963337 0.8436114969269962
-0.07599999999999996 0.8413126172576659 0.8392189573766844
-0.06799999999999995 0.8892193507837597 0.8875736270339374
-0.05999999999999994 0.9684499743494225 0.9675567577449021
-0.051999999999999935 1.0370140372636427 1.0360899807342445
-0.043999999999999984 1.052491496691666 1.0505782454455344
-0.03600000000000003 1.008286186296351 1.0064201513665276
-0.028000000000000025 0.9403540600436692 0.9407831481833181
-0.020000000000000018 0.8950016271335978 0.8942289752993073
-0.01200000000000001 0.9001409573921666 0.8980415936919917
-0.0040000000000000036 0.9579671093402585 0.9564678292842275
0.0040000000000000036 1.0438771751659501 1.0430597904219416
0.01200000000000001 1.1109371168901578 1.1098586339263026
0.020000000000000018 1.1173164044435073 1.1150347139867491
0.028000000000000025 1.063429236380987 1.0616158127631843
0.03600000000000003 0.9917819103256905 0.9921798228640825
0.04400000000000004 0.950126441062313 0.9487170331544217
0.052000000000000046 0.9643071010289208 0.9618958555539984
0.06000000000000005 1.0325778579030611 1.0309372749365808
0.06800000000000006 1.124581914595762 1.1236144393698346
0.07600000000000007 1.1886188076669886 1.187287416657165
0.08400000000000007 1.1846648301320484 1.1821432854550162
0.09200000000000008 1.1210760594259062 1.1196952151285042
0.10000000000000009 1.0466534553664761 1.0473092373464243
0.1080000000000001 1.009955607577201 1.0084009186590641
0.1160000000000001 1.034292006031183 1.0321597525408204
0.12400000000000011 1.113423588394775 1.1122449440165139
0.13200000000000012 1.210710468652368 1.2101497340666083
0.14000000000000012 1.2700556717958944 1.2689242621940653
0.14800000000000013 1.2546105513019121 1.252252715257215
0.15600000000000003 1.1814888320246 1.1808623948034327
0.16399999999999992 1.1053801818459352 1.1062815269582809
0.17199999999999993 1.074988531763603 1.0733976567756756
0.17999999999999994 1.1106009612218974 1.108925126143603
0.18799999999999994 1.2008701702878823 1.20047348692676
0.19599999999999995 1.302383909912045 1.3027776513504987
0.20399999999999996 1.3552409887774934 1.3551400832671878
0.21199999999999997 1.327259277256358 1.3262901635422106
0.21999999999999997 1.244974277512815 1.2465519709055592
0.22799999999999998 1.1684177982140045 1.170994457916919
0.236 1.145764844867683 1.1459323887477044
0.244 1.1937612274498877 1.1944771402568657
0.252 1.2952721237581013 1.2976574567999268
0.26 1.3996970845728012 1.4029584965778175
0.268 1.4441705031750915 1.4467229001913944
0.276 1.402754373630796 1.4044995966969762
0.28400000000000003 1.311886840771658 1.3164432552922352
0.29200000000000004 1.2362688507053214 1.2406923003134198
0.30000000000000004 1.222865454024635 1.2248549361722407
0.30800000000000005 1.2843188443106872 1.2873312356432538
0.31600000000000006 1.3969671605806444 1.4020597193724014
0.32400000000000007 1.5027187214763718 1.5089690774410434
0.3320000000000001 1.5368490535440102 1.5425368863203852
0.3400000000000001 1.4812825029968215 1.4868440752024723
0.3480000000000001 1.382631877144549 1.3916027704333764
0.3560000000000001 1.3094854308002126 1.3175830591798494
0.3640000000000001 1.3069131434702232 1.313155566550853
0.3720000000000001 1.382834541497459 1.390774011341157
0.3800000000000001 1.5062706954359295 1.5165599901258275
0.3880000000000001 1.6114928530629653 1.6226371181878194
0.39600000000000013 1.6332979586796348 1.643069658226585
0.404 1.5630791272290674 1.5724363025485342
0.4119999999999999 1.4576689045739408 1.4696832820722792
0.41999999999999993 1.3886719311644238 1.3980133858545392
0.42799999999999994 1.3985725909886262 1.4058357531476604
0.43599999999999994 1.4898787233071666 1.4985905331722202
0.44399999999999995 1.623470574483026 1.633978193821664
0.45199999999999996 1.7260416914675971 1.736590362998005
0.45999999999999996 1.7335630114813159 1.7420149237034732
0.46799999999999997 1.6484338430341476 1.6568903192205533
0.476 1.5375149658707306 1.548343852339214
0.484 1.4744877849604758 1.48171156127843
0.492 1.4985496526108204 1.5041970049803732
0.5 1.6060255341656744 1.6133024207042588
0.508 1.748822306560023 1.7577085342357621
0.516 1.846370054771515 1.8549321559793925
0.524 1.8377229151177175 1.8440990419632504
0.532 1.737695548529513 1.7451435717614978
0.54 1.6227481406271735 1.6323488725464035
0.548 1.5676500993017355 1.573157124304827
0.556 1.6075897627862503 1.6121521019237712
0.5640000000000001 1.731846062206836 1.7380598353734436
0.5720000000000001 1.8825451113492608 1.8897622191764518
0.5800000000000001 1.9724713813442964 1.9783632600827135
0.5880000000000001 1.9458979921643011 1.9489346151550158
0.5960000000000001 1.8312774639271558 1.8358156960382148
0.6040000000000001 1.714011233689236 1.7194245563011452
0.6120000000000001 1.668936068054921 1.669323081741883
0.6200000000000001 1.7264752982558076 1.7259097141639408
0.6280000000000001 1.8679007962020078 1.868516531945799
0.6360000000000001 2.02481911453971 2.0257908095909705
0.6440000000000001 2.104335307866383 2.10364391231365
0.6520000000000001 2.058259005311381 2.055501358487313
0.6600000000000001 1.9296620512353324 1.9302982862014484
0.668 1.8120156494695503 1.8133840906188563
0.6759999999999999 1.7791850229249007 1.7761841728271353
0.6839999999999999 1.8560217636653848 1.8531277430841535
0.692 2.014731516788469 2.013427124126124
0.7 2.175784019136112 2.1747818650089803
0.708 2.241956723419135 2.23908736261888
0.716 2.1750359474101035 2.1707471779584657
0.724 2.03340589474056 2.0335787392827065
0.732 1.9175454389559026 1.9172751585751056
0.74 1.89929995577883 1.894915820660569
0.748 1.9970726776206664 1.9932660345557331
0.756 2.1728528732236017 2.170552367362057
0.764 2.335539562216617 2.333044098971989
0.772 2.3853461527918483 2.3804041807528296
0.78 2.296526687356809 2.2907488249200356
0.788 2.143144614540729 2.1423698516993483
0.796 2.031461479375169 2.0287148461837705
0.804 2.030248320816955 2.0237698233684007
0.812 2.1504930712932246 2.1449651034168937
0.8200000000000001 2.3427439679454642 2.338667587943692
0.8280000000000001 2.5041480265500318 2.4995782441563374
0.8360000000000001 2.534541271647375 2.5273398090733172
0.8440000000000001 2.4231053941355998 2.416315686433672
0.8520000000000001 2.259597888638119 2.2583270294135946
0.8600000000000001 2.1547057155034843 2.1502280860018517
0.8680000000000001 2.1730619041915733 2.165664931709879
0.8760000000000001 2.3171615593645254 2.3111959094091024
0.8840000000000001 2.524840338216584 2.520313353718164
0.8920000000000001 2.6816390171106184 2.6763031221436564
0.9000000000000001 2.6896193186265975 2.681452799832091
0.9080000000000001 2.5552307012131186 2.5487802631670355
0.916 2.3835746545234 2.38245391908006
0.9239999999999999 2.2883053570632583 2.2826799850442914
0.9319999999999999 2.328835533145937 2.321074700668451
0.94 2.4979610058994766 2.4919293225652837
0.948 2.719526781494695 2.714721629721303
0.956 2.8680166360514647 2.861900279750058
0.964 2.8507101480708554 2.8415686848973722
0.972 2.693453614112457 2.6874027460344188
0.98 2.5159785485817614 2.5144268569215704
0.988 2.4333768891589513 2.426220991592537
0.996 2.498724389232622 2.4901909733704963
