-0.996 0.40020420191564543 0.40045914401860916
-0.988 0.4109515482189157 0.4112915124184773
-0.98 0.39745966855070874 0.39723890380336135
-0.972 0.37127054825093714 0.3710651180123514
-0.964 0.3507897850213654 0.35119044621076967
-0.956 0.34867301236325726 0.3490077979834704
-0.948 0.36771103222979995 0.3678005249879093
-0.94 0.40032650535307923 0.40042242523152705
-0.9319999999999999 0.42939915067730755 0.42979941196622723
-0.9239999999999999 0.43700461431570903 0.4373961488130258
-0.916 0.41953793983429977 0.4193055713153672
-0.908 0.3913540955520141 0.3913108365422062
-0.9 0.37179982798109523 0.37233329935046056
-0.892 0.3729062687480842 0.37329027123619396
-0.884 0.39606464807447916 0.39621403238618735
-0.876 0.43156248469539105 0.43178008607519436
-0.868 0.4601801716145875 0.4607382776714172
-0.86 0.4641005000380445 0.4645280521320805
-0.852 0.4425566181612559 0.44233491583559204
-0.844 0.41269356356524944 0.4128433675949556
-0.836 0.3945487142728711 0.3952081696430703
-0.8280000000000001 0.3993374151198647 0.3997760851988016
-0.8200000000000001 0.4268498878590554 0.42707573001395327
-0.812 0.4650096358592953 0.46537440782359873
-0.804 0.49255058592911843 0.4932750796781414
-0.796 0.49225644205056596 0.4927045744533537
-0.788 0.46660407011978416 0.466425037688042
-0.78 0.43544018256149747 0.4358085786250606
-0.772 0.4192263662989053 0.4200050302365552
-0.764 0.42816658564795135 0.42866806753332076
-0.756 0.46022444148112973 0.46054669863392617
-0.748 0.5007329033169742 0.5012723507321819
-0.74 0.5265097790148362 0.5274044028816723
-0.732 0.5215000279443166 0.521955290260609
-0.724 0.49178572885350513 0.4916906267199895
-0.716 0.45976251619691033 0.4603681857838806
-0.708 0.446038939803857 0.44693162105574474
-0.7 0.4596044419873287 0.46017987336247346
-0.692 0.4963440496498631 0.4967863483907866
-0.6839999999999999 0.5387867855736449 0.5395293445224706
-0.6759999999999999 0.5620550910191705 0.5631175260491554
-0.6679999999999999 0.5518716134116944 0.5523254924858064
-0.6599999999999999 0.5182254578514495 0.5182641400091463
-0.6519999999999999 0.4858475038464435 0.48670256785804467
-0.644 0.47520943846820457 0.4762132422446511
-0.636 0.49387127611511333 0.4945329021341937
-0.628 0.5353603371406532 0.535948114715254
-0.62 0.579214774176186 0.5801895437567948
-0.612 0.599184126427 0.600410530527502
-0.604 0.5834267479377021 0.5838856268504379
-0.596 0.5460668957589359 0.5462995933335936
-0.588 0.5139015529214671 0.5150086810997958
-0.5800000000000001 0.5069782048338116 0.5080774826887842
-0.5720000000000001 0.53119577000908 0.5319226859959462
-0.5640000000000001 0.5774185257122287 0.5781175457043624
-0.556 0.6220492461128982 0.6231895285840297
-0.548 0.6378974494661922 0.6391575892911535
-0.54 0.6162385739129619 0.616587762767504
-0.532 0.5754748010065562 0.5758380678019581
-0.524 0.5441516736683581 0.5454043129835617
-0.516 0.5416032378859981 0.5427165134758232
-0.508 0.571813383354553 0.57255461094935
-0.5 0.6226551064890118 0.6234318622876482
-0.492 0.6673118893710118 0.6685659106921386
-0.484 0.6782016169952912 0.6793861695953824
-0.476 0.6504001731350151 0.6505612694812063
-0.46799999999999997 0.6066364168788088 0.6070810719692126
-0.45999999999999996 0.5768466409222172 0.5781443484574671
-0.45199999999999996 0.5793602813555057 0.5804249865593124
-0.44399999999999995 0.6159643517520713 0.6167211338703925
-0.43599999999999994 0.6711955707242026 0.6721385146550861
-0.42799999999999994 0.7150147274751879 0.7165394664903502
-0.42 0.7201124884561353 0.7214130693661007
-0.41200000000000003 0.6860268452336158 0.6862886682146027
-0.404 0.6397628773744422 0.6405741706167617
-0.396 0.6122581582165229 0.6137739626992457
-0.388 0.6205426217679464 0.6216663752920649
-0.38 0.6638912932649146 0.6646832472584356
-0.372 0.7231523150391586 0.7241839909103946
-0.364 0.7651617898223277 0.7667606660961898
-0.356 0.7636587444801967 0.7647981180246559
-0.348 0.7232583137495914 0.7234342409996688
-0.33999999999999997 0.675090671750239 0.6761362372314976
-0.33199999999999996 0.6506819896814044 0.6523361656227082
-0.32399999999999995 0.6654605321064566 0.6667026830844728
-0.31599999999999995 0.7158364406965406 0.7168524511977612
-0.30799999999999994 0.7786228508830418 0.7800269444402109
-0.3 0.8177514514854016 0.8196984149404803
-0.29200000000000004 0.8088855425172896 0.810072836762184
-0.28400000000000003 0.7622608665026287 0.7625549361692026
-0.276 0.7128831809746325 0.7142157288897147
-0.268 0.6924390145079425 0.694134186593717
-0.26 0.7144402964197129 0.7156271547169942
-0.252 0.7720385405181122 0.7730531046523572
-0.244 0.8376884564564051 0.8392219500671172
-0.236 0.8727794402833888 0.8748249666858879
-0.22799999999999998 0.8558582396883709 0.8569413874041826
-0.21999999999999997 0.8032294466338536 0.8037071466674981
-0.21199999999999997 0.7534322924961191 0.7551769507895648
-0.20399999999999996 0.7378761476968451 0.739815527047809
-0.19599999999999995 0.7678227536360872 0.7692395116562699
-0.18799999999999994 0.832729486285992 0.8340513534954703
-0.17999999999999994 0.9004134112217832 0.902332545598584
-0.17199999999999993 0.9302424820843638 0.9324800968542659
-0.16399999999999998 0.9046661197869907 0.905623012322534
-0.15600000000000003 0.8463897185438474 0.8469914707829773
-0.14800000000000002 0.7970600908483491 0.7989864972510663
-0.14 0.7873670597336667 0.7892640824371241
-0.132 0.825961306102435 0.8273405115689048
-0.124 0.8981307836685076 0.8995640981679517
-0.11599999999999999 0.9668449472380932 0.9690520429701301
-0.10799999999999998 0.9901425295304973 0.9925513066963632
-0.09999999999999998 0.9554260723764184 0.956417051729132
-0.09199999999999997 0.8920001382529664 0.8930591009113262
-0.08399999999999996 0.8441206107963337 0.8465288103127783
-0.07599999999999996 0.8413126172576659 0.8434839577681552
-0.06799999999999995 0.8892193507837597 0.8908573105220483
-0.05999999999999994 0.9684499743494225 0.9702185407218122
-0.051999999999999935 1.0370140372636427 1.039579079786074
-0.043999999999999984 1.052491496691666 1.0549233395102182
-0.03600000000000003 1.008286186296351 1.0091057621460406
-0.028000000000000025 0.9403540600436692 0.9416301642242985
-0.020000000000000018 0.8950016271335978 0.897532064237907
-0.01200000000000001 0.9001409573921666 0.9022736166008399
-0.0040000000000000036 0.9579671093402585 0.9596487680163925
0.0040000000000000036 1.0438771751659501 1.0459054492797422
0.01200000000000001 1.1109371168901578 1.1139047501528272
0.020000000000000018 1.1173164044435073 1.1199055457010694
0.028000000000000025 1.063429236380987 1.0644245305214652
0.03600000000000003 0.9917819103256905 0.9936937963814857
0.04400000000000004 0.950126441062313 0.9531194698812142
0.052000000000000046 0.9643071010289208 0.9667336980046464
0.06000000000000005 1.0325778579030611 1.0345782764803289
0.06800000000000006 1.124581914595762 1.1270379968628828
0.07600000000000007 1.1886188076669886 1.191956183221978
0.08400000000000007 1.1846648301320484 1.1871748760227356
0.09200000000000008 1.1210760594259062 1.122020390331742
0.10000000000000009 1.0466534553664761 1.048893166729345
0.1080000000000001 1.009955607577201 1.013027127659245
0.1160000000000001 1.034292006031183 1.036703621479145
0.12400000000000011 1.113423588394775 1.1155430828986952
0.13200000000000012 1.210710468652368 1.2135330859651907
0.14000000000000012 1.2700556717958944 1.2737922077782344
0.14800000000000013 1.2546105513019121 1.2571875424714092
0.15600000000000003 1.1814888320246 1.1827742268637695
0.16399999999999992 1.1053801818459352 1.1083376781428727
0.17199999999999993 1.074988531763603 1.0784954652904828
0.17999999999999994 1.1106009612218974 1.1133701034017802
0.18799999999999994 1.2008701702878823 1.2034474202820489
0.19599999999999995 1.302383909912045 1.3058117185371771
0.20399999999999996 1.3552409887774934 1.3593914047604918
0.21199999999999997 1.327259277256358 1.3297591949189433
0.21999999999999997 1.244974277512815 1.246470019104843
0.22799999999999998 1.1684177982140045 1.1717802206563337
0.236 1.145764844867683 1.1493235477006993
0.244 1.1937612274498877 1.1965351698351996
0.252 1.2952721237581013 1.298018398042364
0.26 1.3996970845728012 1.403523262212031
0.268 1.4441705031750915 1.4485692395354755
0.276 1.402754373630796 1.4051980534005644
0.28400000000000003 1.311886840771658 1.31388401640439
0.29200000000000004 1.2362688507053214 1.240316487635447
0.30000000000000004 1.222865454024635 1.226837155217925
0.30800000000000005 1.2843188443106872 1.287543702252918
0.31600000000000006 1.3969671605806444 1.4003698219484801
0.32400000000000007 1.5027187214763718 1.5073764144802233
0.3320000000000001 1.5368490535440102 1.541730244386409
0.3400000000000001 1.4812825029968215 1.4838330327576255
0.3480000000000001 1.382631877144549 1.3852442379459327
0.3560000000000001 1.3094854308002126 1.3140531063180665
0.3640000000000001 1.3069131434702232 1.3110298979283654
0.3720000000000001 1.382834541497459 1.386177142456865
0.3800000000000001 1.5062706954359295 1.5099530817270264
0.3880000000000001 1.6114928530629653 1.6165445347294838
0.39600000000000013 1.6332979586796348 1.6381637207178745
0.404 1.5630791272290674 1.5654669219638015
0.4119999999999999 1.4576689045739408 1.4608379547200614
0.41999999999999993 1.3886719311644238 1.3937189873501064
0.42799999999999994 1.3985725909886262 1.4029904063064955
0.43599999999999994 1.4898787233071666 1.4936850181254595
0.44399999999999995 1.623470574483026 1.6279406044822344
0.45199999999999996 1.7260416914675971 1.732027432526265
0.45999999999999996 1.7335630114813159 1.7388681058289701
0.46799999999999997 1.6484338430341476 1.6512088946720493
0.476 1.5375149658707306 1.5417008970049917
0.484 1.4744877849604758 1.480229595291428
0.492 1.4985496526108204 1.5034061374975447
0.5 1.6060255341656744 1.610333721871665
0.508 1.748822306560023 1.75399734321776
0.516 1.846370054771515 1.8529914852166018
0.524 1.8377229151177175 1.84298983123681
0.532 1.737695548529513 1.7405242151387796
0.54 1.6227481406271735 1.6275698457194
0.548 1.5676500993017355 1.5736337731918069
0.556 1.6075897627862503 1.6125503396807992
0.5640000000000001 1.731846062206836 1.7364564194322945
0.5720000000000001 1.8825451113492608 1.8883734769453442
0.5800000000000001 1.9724713813442964 1.9797332326478114
0.5880000000000001 1.9458979921643011 1.951245810972118
0.5960000000000001 1.8312774639271558 1.8346191029390417
0.6040000000000001 1.714011233689236 1.7199134517894301
0.6120000000000001 1.668936068054921 1.6755933775914764
0.6200000000000001 1.7264752982558076 1.7320588385810032
0.6280000000000001 1.8679007962020078 1.8733794112282913
0.6360000000000001 2.02481911453971 2.0318445116669785
0.6440000000000001 2.104335307866383 2.112577879840356
0.6520000000000001 2.058259005311381 2.0639074507581863
0.6600000000000001 1.9296620512353324 1.933815291454791
0.668 1.8120156494695503 1.8190132879287866
0.6759999999999999 1.7791850229249007 1.7863793160617796
0.6839999999999999 1.8560217636653848 1.8620348061790408
0.692 2.014731516788469 2.0208127347756983
0.7 2.175784019136112 2.183622734177664
0.708 2.241956723419135 2.2505778816506155
0.716 2.1750359474101035 2.180430943105473
0.724 2.03340589474056 2.0380655425022534
0.732 1.9175454389559026 1.925234678312483
0.74 1.89929995577883 1.90675399570436
0.748 1.9970726776206664 2.0034379562594915
0.756 2.1728528732236017 2.1796679787894737
0.764 2.335539562216617 2.344466118625225
0.772 2.3853461527918483 2.3946198788534074
0.78 2.296526687356809 2.302171991842159
0.788 2.143144614540729 2.149015329866054
0.796 2.031461479375169 2.0403412548920583
0.804 2.030248320816955 2.0384845570811994
0.812 2.1504930712932246 2.157767202009265
0.8200000000000001 2.3427439679454642 2.350858704349559
0.8280000000000001 2.5041480265500318 2.514602896095827
0.8360000000000001 2.534541271647375 2.544643433525578
0.8440000000000001 2.4231053941355998 2.4292438466170716
0.8520000000000001 2.259597888638119 2.266898086548471
0.8600000000000001 2.1547057155034843 2.164684742941313
0.8680000000000001 2.1730619041915733 2.1819587441188304
0.8760000000000001 2.3171615593645254 2.3251794561240215
0.8840000000000001 2.524840338216584 2.5340204682114105
0.8920000000000001 2.6816390171106184 2.693190547556298
0.9000000000000001 2.6896193186265975 2.6999000524515306
0.9080000000000001 2.5552307012131186 2.5614468411828817
0.916 2.3835746545234 2.391923668193769
0.9239999999999999 2.2883053570632583 2.2988671494510227
0.9319999999999999 2.328835533145937 2.338031397193967
0.94 2.4979610058994766 2.5065212514722424
0.948 2.719526781494695 2.729738402459129
0.956 2.8680166360514647 2.8806637937401653
0.964 2.8507101480708554 2.8612218482422533
0.972 2.693453614112457 2.700245584426721
0.98 2.5159785485817614 2.525902788984228
0.988 2.4333768891589513 2.444985354010667
0.996 2.498724389232622 2.508841382325801
