-0.996 0.40020420191564543 0.4002436211851793
-0.988 0.4109515482189157 0.4106837500877537
-0.98 0.39745966855070874 0.39696040395858706
-0.972 0.37127054825093714 0.37162190977306525
-0.964 0.3507897850213654 0.350951949715305
-0.956 0.34867301236325726 0.3481401011142774
-0.948 0.36771103222979995 0.3673527342046772
-0.94 0.40032650535307923 0.4003014456884151
-0.9319999999999999 0.42939915067730755 0.4293835806291258
-0.9239999999999999 0.43700461431570903 0.4365738468519586
-0.916 0.41953793983429977 0.4190402276589844
-0.908 0.3913540955520141 0.3917794743403491
-0.9 0.37179982798109523 0.3717734278704501
-0.892 0.3729062687480842 0.3722812403913708
-0.884 0.39606464807447916 0.39569151424820814
-0.876 0.43156248469539105 0.43151315348051916
-0.868 0.4601801716145875 0.460070467040829
-0.86 0.4641005000380445 0.46350928923650636
-0.852 0.4425566181612559 0.4420888200166179
-0.844 0.41269356356524944 0.41315976263867693
-0.836 0.3945487142728711 0.394310077907421
-0.8280000000000001 0.3993374151198647 0.3986316192577153
-0.8200000000000001 0.4268498878590554 0.4264617461111058
-0.812 0.4650096358592953 0.46492182110623304
-0.804 0.49255058592911843 0.49232249938588873
-0.796 0.49225644205056596 0.49149907676600624
-0.788 0.46660407011978416 0.4662039130499146
-0.78 0.43544018256149747 0.43589645037429353
-0.772 0.4192263662989053 0.4187639255345744
-0.764 0.42816658564795135 0.4273884434159436
-0.756 0.46022444148112973 0.45981953500795386
-0.748 0.5007329033169742 0.5005896232546612
-0.74 0.5265097790148362 0.526135804745233
-0.732 0.5215000279443166 0.5205800406023089
-0.724 0.49178572885350513 0.4914867794369927
-0.716 0.45976251619691033 0.46014665941245814
-0.708 0.446038939803857 0.4453522602573732
-0.7 0.4596044419873287 0.45875988638799015
-0.692 0.4963440496498631 0.4959173296893239
-0.6839999999999999 0.5387867855736449 0.5385680712957984
-0.6759999999999999 0.5620550910191705 0.5615056495378569
-0.6679999999999999 0.5518716134116944 0.5508048016326199
-0.6599999999999999 0.5182254578514495 0.5180519500860683
-0.6519999999999999 0.4858475038464435 0.4860899610924656
-0.644 0.47520943846820457 0.47430540069836113
-0.636 0.49387127611511333 0.49296384380176583
-0.628 0.5353603371406532 0.5349057633528138
-0.62 0.579214774176186 0.5789018194969273
-0.612 0.599184126427 0.5984297869725673
-0.604 0.5834267479377021 0.5822376515045647
-0.596 0.5460668957589359 0.5460202479100309
-0.588 0.5139015529214671 0.5139258027628062
-0.5800000000000001 0.5069782048338116 0.5058706263387781
-0.5720000000000001 0.53119577000908 0.5302433345126861
-0.5640000000000001 0.5774185257122287 0.5769620834141493
-0.556 0.6220492461128982 0.6216805272602871
-0.548 0.6378974494661922 0.636997380950369
-0.54 0.6162385739129619 0.6150744400196724
-0.532 0.5754748010065562 0.5756602105752017
-0.524 0.5441516736683581 0.5440155188335853
-0.516 0.5416032378859981 0.5404270705168224
-0.508 0.571813383354553 0.5709287040751327
-0.5 0.6226551064890118 0.622285873179421
-0.492 0.6673118893710118 0.6669594740618315
-0.484 0.6782016169952912 0.6772286752062759
-0.476 0.6504001731350151 0.6494067594794793
-0.46799999999999997 0.6066364168788088 0.6071090594810634
-0.45999999999999996 0.5768466409222172 0.5765788883090638
-0.45199999999999996 0.5793602813555057 0.5781889745169588
-0.44399999999999995 0.6159643517520713 0.6151649073104155
-0.43599999999999994 0.6711955707242026 0.6708483475098164
-0.42799999999999994 0.7150147274751879 0.7145214972306242
-0.42 0.7201124884561353 0.7188530032432996
-0.41200000000000003 0.6860268452336158 0.6850235760363813
-0.404 0.6397628773744422 0.6402216246042008
-0.396 0.6122581582165229 0.6116202094543857
-0.388 0.6205426217679464 0.6192565247313547
-0.38 0.6638912932649146 0.6631326113366828
-0.372 0.7231523150391586 0.7228624128680607
-0.364 0.7651617898223277 0.7646423020494197
-0.356 0.7636587444801967 0.7623165875046003
-0.348 0.7232583137495914 0.7225190416804372
-0.33999999999999997 0.675090671750239 0.6756263520307285
-0.33199999999999996 0.6506819896814044 0.6497436600440716
-0.32399999999999995 0.6654605321064566 0.6640472485548677
-0.31599999999999995 0.7158364406965406 0.7149800893378385
-0.30799999999999994 0.7786228508830418 0.7781379825147188
-0.3 0.8177514514854016 0.8168949466877773
-0.29200000000000004 0.8088855425172896 0.8072270138799174
-0.28400000000000003 0.7622608665026287 0.7616728865912052
-0.276 0.7128831809746325 0.7133461280109175
-0.268 0.6924390145079425 0.6912730046550852
-0.26 0.7144402964197129 0.7130911082072662
-0.252 0.7720385405181122 0.7713420367736945
-0.244 0.8376884564564051 0.8372815324147704
-0.236 0.8727794402833888 0.8718134988266354
-0.22799999999999998 0.8558582396883709 0.8540840808002326
-0.21999999999999997 0.8032294466338536 0.802869924930169
-0.21199999999999997 0.7534322924961191 0.7536229266782299
-0.20399999999999996 0.7378761476968451 0.7362854913362229
-0.19599999999999995 0.7678227536360872 0.7662535720185052
-0.18799999999999994 0.832729486285992 0.8318654473272442
-0.17999999999999994 0.9004134112217832 0.8997734656333631
-0.17199999999999993 0.9302424820843638 0.9289450739056258
-0.16399999999999998 0.9046661197869907 0.9027888942087275
-0.15600000000000003 0.8463897185438474 0.846377715839911
-0.14800000000000002 0.7970600908483491 0.7971078688142325
-0.14 0.7873670597336667 0.7856948288221556
-0.132 0.825961306102435 0.8245294871969489
-0.124 0.8981307836685076 0.8974069831954027
-0.11599999999999999 0.9668449472380932 0.9661649130234529
-0.10799999999999998 0.9901425295304973 0.9885530969583807
-0.09999999999999998 0.9554260723764184 0.9534322376943876
-0.09199999999999997 0.8920001382529664 0.892094219843456
-0.08399999999999996 0.8441206107963337 0.843611194856783
-0.07599999999999996 0.8413126172576659 0.8392189417537281
-0.06799999999999995 0.8892193507837597 0.8875736439398941
-0.05999999999999994 0.9684499743494225 0.9675559180587785
-0.051999999999999935 1.0370140372636427 1.0360874761174332
-0.043999999999999984 1.052491496691666 1.0505743812196895
-0.03600000000000003 1.008286186296351 1.0064163165462727
-0.028000000000000025 0.9403540600436692 0.9407804454415971
-0.020000000000000018 0.8950016271335978 0.8942281376543768
-0.01200000000000001 0.9001409573921666 0.8980405705992215
-0.0040000000000000036 0.9579671093402585 0.9564622144831948
0.0040000000000000036 1.0438771751659501 1.0430460141146707
0.01200000000000001 1.1109371168901578 1.1098347437476324
0.020000000000000018 1.1173164044435073 1.115000755032833
0.028000000000000025 1.063429236380987 1.061573719319287
0.03600000000000003 0.9917819103256905 0.9921312889081412
0.04400000000000004 0.950126441062313 0.9486625883507575
0.052000000000000046 0.9643071010289208 0.9618346013480865
0.06000000000000005 1.0325778579030611 1.0308654524342935
0.06800000000000006 1.124581914595762 1.1235230940504002
0.07600000000000007 1.1886188076669886 1.1871679311989085
0.08400000000000007 1.1846648301320484 1.1819946819969929
0.09200000000000008 1.1210760594259062 1.1195196048655163
0.10000000000000009 1.0466534553664761 1.047103716869735
0.1080000000000001 1.009955607577201 1.0081534268520629
0.1160000000000001 1.034292006031183 1.031848711154087
0.12400000000000011 1.113423588394775 1.1118465083962334
0.13200000000000012 1.210710468652368 1.2096475526492187
0.14000000000000012 1.2700556717958944 1.2683229434408396
0.14800000000000013 1.2546105513019121 1.251579776502421
0.15600000000000003 1.1814888320246 1.1801418886896946
0.16399999999999992 1.1053801818459352 1.105504781151983
0.17199999999999993 1.074988531763603 1.0725132575081393
0.17999999999999994 1.1106009612218974 1.1078383141734127
0.18799999999999994 1.2008701702878823 1.1990735274934772
0.19599999999999995 1.302383909912045 1.30099413491881
0.20399999999999996 1.3552409887774934 1.352998383676851
0.21199999999999997 1.327259277256358 1.3239015318895002
0.21999999999999997 1.244974277512815 1.2440104976489712
0.22799999999999998 1.1684177982140045 1.1682946895647848
0.236 1.145764844867683 1.142966069984698
0.244 1.1937612274498877 1.1910560902746647
0.252 1.2952721237581013 1.2936095856073428
0.26 1.3996970845728012 1.3982597286696794
0.268 1.4441705031750915 1.4415798686369552
0.276 1.402754373630796 1.399241000882614
0.28400000000000003 1.311886840771658 1.3112679086692283
0.29200000000000004 1.2362688507053214 1.2355638898955081
0.30000000000000004 1.222865454024635 1.219503760101189
0.30800000000000005 1.2843188443106872 1.2813311694078
0.31600000000000006 1.3969671605806444 1.395025934602978
0.32400000000000007 1.5027187214763718 1.5007958849281495
0.3320000000000001 1.5368490535440102 1.533531938481133
0.3400000000000001 1.4812825029968215 1.4775203429931612
0.3480000000000001 1.382631877144549 1.3822517514248824
0.3560000000000001 1.3094854308002126 1.3081342375692873
0.3640000000000001 1.3069131434702232 1.3032320781255042
0.3720000000000001 1.382834541497459 1.3798781636700226
0.3800000000000001 1.5062706954359295 1.5044060320845576
0.3880000000000001 1.6114928530629653 1.6094536421384924
0.39600000000000013 1.6332979586796348 1.6296203874617383
0.404 1.5630791272290674 1.559530140927862
0.4119999999999999 1.4576689045739408 1.4576388812676513
0.41999999999999993 1.3886719311644238 1.38663488356137
0.42799999999999994 1.3985725909886262 1.394534110700959
0.43599999999999994 1.4898787233071666 1.486738364153506
0.44399999999999995 1.623470574483026 1.6212928467539416
0.45199999999999996 1.7260416914675971 1.7233737564069254
0.45999999999999996 1.7335630114813159 1.7290317708067944
0.46799999999999997 1.6484338430341476 1.64481372803436
0.476 1.5375149658707306 1.5373342426580228
0.484 1.4744877849604758 1.4714569372182098
0.492 1.4985496526108204 1.494061554677732
0.5 1.6060255341656744 1.6027001465762036
0.508 1.748822306560023 1.746417289221212
0.516 1.846370054771515 1.843259343687663
0.524 1.8377229151177175 1.8327124994322912
0.532 1.737695548529513 1.734566768670601
0.54 1.6227481406271735 1.6226494315219702
0.548 1.5676500993017355 1.5640150602720189
0.556 1.6075897627862503 1.6030381019558586
0.5640000000000001 1.731846062206836 1.7286018342669107
0.5720000000000001 1.8825451113492608 1.8800064163097532
0.5800000000000001 1.9724713813442964 1.968823727660793
0.5880000000000001 1.9458979921643011 1.940294289961273
0.5960000000000001 1.8312774639271558 1.8284737286866843
0.6040000000000001 1.714011233689236 1.7133826928901337
0.6120000000000001 1.668936068054921 1.6642765757088995
0.6200000000000001 1.7264752982558076 1.7214127482691248
0.6280000000000001 1.8679007962020078 1.8642409909849205
0.6360000000000001 2.02481911453971 2.021620989712667
0.6440000000000001 2.104335307866383 2.0996633452976075
0.6520000000000001 2.058259005311381 2.051876907286616
0.6600000000000001 1.9296620512353324 1.9271187239029979
0.668 1.8120156494695503 1.810610317852469
0.6759999999999999 1.7791850229249007 1.773680753838471
0.6839999999999999 1.8560217636653848 1.8507270971637984
0.692 2.014731516788469 2.0110206627930776
0.7 2.175784019136112 2.1723652339581903
0.708 2.241956723419135 2.2367532925266174
0.716 2.1750359474101035 2.168607159949543
0.724 2.03340589474056 2.0316745222160013
0.732 1.9175454389559026 1.9155702081358723
0.74 1.89929995577883 1.8933279309430493
0.748 1.9970726776206664 1.9917257450709829
0.756 2.1728528732236017 2.1690478224330136
0.764 2.335539562216617 2.3316269529559044
0.772 2.3853461527918483 2.3791628136456566
0.78 2.296526687356809 2.2897466474431964
0.788 2.143144614540729 2.1416078407200216
0.796 2.031461479375169 2.0281464411026713
0.804 2.030248320816955 2.0233170899394763
0.812 2.1504930712932246 2.144559534717546
0.8200000000000001 2.3427439679454642 2.3382722879498763
0.8280000000000001 2.5041480265500318 2.4991865276339835
0.8360000000000001 2.534541271647375 2.5269631750171104
0.8440000000000001 2.4231053941355998 2.415968273338553
0.8520000000000001 2.259597888638119 2.258012710639401
0.8600000000000001 2.1547057155034843 2.1499405566742693
0.8680000000000001 2.1730619041915733 2.165393044856858
0.8760000000000001 2.3171615593645254 2.310931244131162
0.8840000000000001 2.524840338216584 2.520056155499005
0.8920000000000001 2.6816390171106184 2.676063829100803
0.9000000000000001 2.6896193186265975 2.6812460506727116
0.9080000000000001 2.5552307012131186 2.54861354218851
0.916 2.3835746545234 2.382324116054906
0.9239999999999999 2.2883053570632583 2.2825762466018813
0.9319999999999999 2.328835533145937 2.3209817713340097
0.94 2.4979610058994766 2.491835551806094
0.948 2.719526781494695 2.7146232475692083
0.956 2.8680166360514647 2.8618010316423974
0.964 2.8507101480708554 2.8414760460929633
0.972 2.693453614112457 2.68732246010023
0.98 2.5159785485817614 2.5143605413445234
0.988 2.4333768891589513 2.4261668788048008
0.996 2.498724389232622 2.490145598246351
