-0.996 0.40020420191564543 0.39988521451109665
-0.988 0.4109515482189157 0.41124409187411165
-0.98 0.39745966855070874 0.39867379681001636
-0.972 0.37127054825093714 0.372454477711715
-0.964 0.3507897850213654 0.35141919786840964
-0.956 0.34867301236325726 0.3489727441883587
-0.948 0.36771103222979995 0.36771348412748317
-0.94 0.40032650535307923 0.39976781859988897
-0.9319999999999999 0.42939915067730755 0.42856823569007607
-0.9239999999999999 0.43700461431570903 0.43695431631674986
-0.916 0.41953793983429977 0.4203951252383413
-0.908 0.3913540955520141 0.39206289198948113
-0.9 0.37179982798109523 0.37195204621654043
-0.892 0.3729062687480842 0.3727409671525922
-0.884 0.39606464807447916 0.3955206984282319
-0.876 0.43156248469539105 0.4303608989617319
-0.868 0.4601801716145875 0.45879346599075227
-0.86 0.4641005000380445 0.46366792563353054
-0.852 0.4425566181612559 0.4429865424889116
-0.844 0.41269356356524944 0.41286287617695266
-0.836 0.3945487142728711 0.3941714778613079
-0.8280000000000001 0.3993374151198647 0.39863982437295686
-0.8200000000000001 0.4268498878590554 0.42566892073106066
-0.812 0.4650096358592953 0.4630819598978473
-0.804 0.49255058592911843 0.49056429585290184
-0.796 0.49225644205056596 0.49139381802775994
-0.788 0.46660407011978416 0.46652857040178297
-0.78 0.43544018256149747 0.4350030623782837
-0.772 0.4192263662989053 0.41826110823888085
-0.764 0.42816658564795135 0.4268584008323347
-0.756 0.46022444148112973 0.4583050114210834
-0.748 0.5007329033169742 0.4979933807361381
-0.74 0.5265097790148362 0.5238793576769973
-0.732 0.5215000279443166 0.5201497304099731
-0.724 0.49178572885350513 0.4911192840975133
-0.716 0.45976251619691033 0.4586488470150736
-0.708 0.446038939803857 0.4444192287223133
-0.7 0.4596044419873287 0.4575950868825377
-0.692 0.4963440496498631 0.4935741514163544
-0.6839999999999999 0.5387867855736449 0.5351481425175855
-0.6759999999999999 0.5620550910191705 0.5587334944493486
-0.6679999999999999 0.5518716134116944 0.5499640365875376
-0.6599999999999999 0.5182254578514495 0.5168754675424037
-0.6519999999999999 0.4858475038464435 0.4839840561997916
-0.644 0.47520943846820457 0.4728608726408474
-0.636 0.49387127611511333 0.4910570131477565
-0.628 0.5353603371406532 0.531615834449362
-0.62 0.579214774176186 0.5745855197288989
-0.612 0.599184126427 0.5951168236960523
-0.604 0.5834267479377021 0.5808790025867439
-0.596 0.5460668957589359 0.5439386945311725
-0.588 0.5139015529214671 0.5112188184517612
-0.5800000000000001 0.5069782048338116 0.503826622180753
-0.5720000000000001 0.53119577000908 0.5274687599027608
-0.5640000000000001 0.5774185257122287 0.5725654725314708
-0.556 0.6220492461128982 0.6163024128472481
-0.548 0.6378974494661922 0.632907337136182
-0.54 0.6162385739129619 0.6126846095597634
-0.532 0.5754748010065562 0.5719801197427247
-0.524 0.5441516736683581 0.5398404605970272
-0.516 0.5416032378859981 0.5365866105541064
-0.508 0.571813383354553 0.5658804628538899
-0.5 0.6226551064890118 0.6153110140593007
-0.492 0.6673118893710118 0.6592626264161336
-0.484 0.6782016169952912 0.6715725578735345
-0.476 0.6504001731350151 0.6457858561531359
-0.46799999999999997 0.6066364168788088 0.6025421315153734
-0.45999999999999996 0.5768466409222172 0.5724394900791544
-0.45199999999999996 0.5793602813555057 0.574545749619967
-0.44399999999999995 0.6159643517520713 0.6102070824753782
-0.43599999999999994 0.6711955707242026 0.6638245060793917
-0.42799999999999994 0.7150147274751879 0.7068293387955098
-0.42 0.7201124884561353 0.7131718120997982
-0.41200000000000003 0.6860268452336158 0.6805056013923354
-0.404 0.6397628773744422 0.6341205974941836
-0.396 0.6122581582165229 0.6060342699040259
-0.388 0.6205426217679464 0.6139291970321565
-0.38 0.6638912932649146 0.6564942990520826
-0.372 0.7231523150391586 0.714544737237043
-0.364 0.7651617898223277 0.7565760804285736
-0.356 0.7636587444801967 0.7571318363632389
-0.348 0.7232583137495914 0.7183181731619456
-0.33999999999999997 0.675090671750239 0.6698583066482179
-0.33199999999999996 0.6506819896814044 0.6446693921925988
-0.32399999999999995 0.6654605321064566 0.6586067796023133
-0.31599999999999995 0.7158364406965406 0.7074317778621405
-0.30799999999999994 0.7786228508830418 0.7682947061293744
-0.3 0.8177514514854016 0.8072128594158866
-0.29200000000000004 0.8088855425172896 0.8003686066965567
-0.28400000000000003 0.7622608665026287 0.7552146840513121
-0.276 0.7128831809746325 0.7057842678060052
-0.268 0.6924390145079425 0.6851307679748178
-0.26 0.7144402964197129 0.7068250685664875
-0.252 0.7720385405181122 0.7632437457390651
-0.244 0.8376884564564051 0.8274044989462792
-0.236 0.8727794402833888 0.8628933441611168
-0.22799999999999998 0.8558582396883709 0.8481746962988154
-0.21999999999999997 0.8032294466338536 0.796488997562111
-0.21199999999999997 0.7534322924961191 0.7459553031680459
-0.20399999999999996 0.7378761476968451 0.7295203774910092
-0.19599999999999995 0.7678227536360872 0.7583510612748399
-0.18799999999999994 0.832729486285992 0.8212645322019538
-0.17999999999999994 0.9004134112217832 0.8871499690703804
-0.17199999999999993 0.9302424820843638 0.9178297093485217
-0.16399999999999998 0.9046661197869907 0.8950427890108394
-0.15600000000000003 0.8463897185438474 0.8381289567401565
-0.14800000000000002 0.7970600908483491 0.7886721093325979
-0.14 0.7873670597336667 0.7787241421594151
-0.132 0.825961306102435 0.8165076933800536
-0.124 0.8981307836685076 0.8867160071397135
-0.11599999999999999 0.9668449472380932 0.9537981791824095
-0.10799999999999998 0.9901425295304973 0.978201847244767
-0.09999999999999998 0.9554260723764184 0.9458586492795895
-0.09199999999999997 0.8920001382529664 0.882846814473763
-0.08399999999999996 0.8441206107963337 0.8340604736199863
-0.07599999999999996 0.8413126172576659 0.8303522277139243
-0.06799999999999995 0.8892193507837597 0.8767830608863743
-0.05999999999999994 0.9684499743494225 0.953602812621611
-0.051999999999999935 1.0370140372636427 1.020854136996002
-0.043999999999999984 1.052491496691666 1.0384197706775198
-0.03600000000000003 1.008286186296351 0.9973304340916966
-0.028000000000000025 0.9403540600436692 0.9303042316503263
-0.020000000000000018 0.8950016271335978 0.8846424275770123
-0.01200000000000001 0.9001409573921666 0.8892831133523427
-0.0040000000000000036 0.9579671093402585 0.9456146853520344
0.0040000000000000036 1.0438771751659501 1.0289185454304008
0.01200000000000001 1.1109371168901578 1.0947267592571712
0.020000000000000018 1.1173164044435073 1.103172630705185
0.028000000000000025 1.063429236380987 1.0516259641525962
0.03600000000000003 0.9917819103256905 0.9798835216707408
0.04400000000000004 0.950126441062313 0.9372436049574048
0.052000000000000046 0.9643071010289208 0.9503481472061903
0.06000000000000005 1.0325778579030611 1.0165310556667535
0.06800000000000006 1.124581914595762 1.1057055796974073
0.07600000000000007 1.1886188076669886 1.1691982238556702
0.08400000000000007 1.1846648301320484 1.168439020850473
0.09200000000000008 1.1210760594259062 1.107854863027657
0.10000000000000009 1.0466534553664761 1.0338689046534957
0.1080000000000001 1.009955607577201 0.9968014716846649
0.1160000000000001 1.034292006031183 1.0203672458330024
0.12400000000000011 1.113423588394775 1.097294844329039
0.13200000000000012 1.210710468652368 1.1916203049623455
0.14000000000000012 1.2700556717958944 1.2506286649663196
0.14800000000000013 1.2546105513019121 1.2382274316774382
0.15600000000000003 1.1814888320246 1.167114803441946
0.16399999999999992 1.1053801818459352 1.0904307810702905
0.17199999999999993 1.074988531763603 1.0589423371154763
0.17999999999999994 1.1106009612218974 1.0930125898618588
0.18799999999999994 1.2008701702878823 1.180287517691109
0.19599999999999995 1.302383909912045 1.2786348647853645
0.20399999999999996 1.3552409887774934 1.3319636055045108
0.21199999999999997 1.327259277256358 1.3079870164039988
0.21999999999999997 1.244974277512815 1.2282378317302542
0.22799999999999998 1.1684177982140045 1.151766858955881
0.236 1.145764844867683 1.1287618483053339
0.244 1.1937612274498877 1.1756253062461473
0.252 1.2952721237581013 1.274247617329181
0.26 1.3996970845728012 1.3758577646742056
0.268 1.4441705031750915 1.4214695939200888
0.276 1.402754373630796 1.383932564914621
0.28400000000000003 1.311886840771658 1.294543539247035
0.29200000000000004 1.2362688507053214 1.2180065370425743
0.30000000000000004 1.222865454024635 1.203321428030598
0.30800000000000005 1.2843188443106872 1.26246347193685
0.31600000000000006 1.3969671605806444 1.3710414345592203
0.32400000000000007 1.5027187214763718 1.473626845494278
0.3320000000000001 1.5368490535440102 1.5095020411323903
0.3400000000000001 1.4812825029968215 1.4582298452436535
0.3480000000000001 1.382631877144549 1.3612062068424615
0.3560000000000001 1.3094854308002126 1.287702543186878
0.3640000000000001 1.3069131434702232 1.284500919749894
0.3720000000000001 1.382834541497459 1.3584984416315478
0.3800000000000001 1.5062706954359295 1.4782766076530935
0.3880000000000001 1.6114928530629653 1.5814491420671524
0.39600000000000013 1.6332979586796348 1.606410135819812
0.404 1.5630791272290674 1.5408057340704957
0.4119999999999999 1.4576689045739408 1.4364846969349507
0.41999999999999993 1.3886719311644238 1.3665761724576821
0.42799999999999994 1.3985725909886262 1.375049660625915
0.43599999999999994 1.4898787233071666 1.4631609466932276
0.44399999999999995 1.623470574483026 1.5918204410855268
0.45199999999999996 1.7260416914675971 1.6919431408336973
0.45999999999999996 1.7335630114813159 1.702723856841557
0.46799999999999997 1.6484338430341476 1.6216960217005727
0.476 1.5375149658707306 1.5113007021681022
0.484 1.4744877849604758 1.4472627580853192
0.492 1.4985496526108204 1.4697131093963074
0.5 1.6060255341656744 1.5735543281897177
0.508 1.748822306560023 1.711416645390285
0.516 1.846370054771515 1.807790885637807
0.524 1.8377229151177175 1.8040811610702059
0.532 1.737695548529513 1.708914609676502
0.54 1.6227481406271735 1.5949557701434416
0.548 1.5676500993017355 1.5394354269662014
0.556 1.6075897627862503 1.5779690715853563
0.5640000000000001 1.731846062206836 1.6983045798450842
0.5720000000000001 1.8825451113492608 1.843951297995979
0.5800000000000001 1.9724713813442964 1.9333233134929415
0.5880000000000001 1.9458979921643011 1.9118792516753311
0.5960000000000001 1.8312774639271558 1.8010148078152985
0.6040000000000001 1.714011233689236 1.6835019103591393
0.6120000000000001 1.668936068054921 1.6370097308543696
0.6200000000000001 1.7264752982558076 1.6918417633019325
0.6280000000000001 1.8679007962020078 1.8277930653104255
0.6360000000000001 2.02481911453971 1.9788475546929658
0.6440000000000001 2.104335307866383 2.058403132603157
0.6520000000000001 2.058259005311381 2.0181143135697517
0.6600000000000001 1.9296620512353324 1.8932094997562396
0.668 1.8120156494695503 1.7755005753064412
0.6759999999999999 1.7791850229249007 1.741626412757571
0.6839999999999999 1.8560217636653848 1.8157596513298664
0.692 2.014731516788469 1.9688803158738977
0.7 2.175784019136112 2.124930481901786
0.708 2.241956723419135 2.193199643383984
0.716 2.1750359474101035 2.1334638109939075
0.724 2.03340589474056 1.9957246761469194
0.732 1.9175454389559026 1.8799819519406238
0.74 1.89929995577883 1.8607380604151547
0.748 1.9970726776206664 1.9552099367244535
0.756 2.1728528732236017 2.124496154664114
0.764 2.335539562216617 2.28208540791989
0.772 2.3853461527918483 2.334633965498469
0.78 2.296526687356809 2.2525613638075352
0.788 2.143144614540729 2.1016779687825777
0.796 2.031461479375169 1.9890586431861061
0.804 2.030248320816955 1.9857686862681485
0.812 2.1504930712932246 2.101125206210144
0.8200000000000001 2.3427439679454642 2.2853779041220452
0.8280000000000001 2.5041480265500318 2.441649844809694
0.8360000000000001 2.534541271647375 2.475950940829356
0.8440000000000001 2.4231053941355998 2.371670876574052
0.8520000000000001 2.259597888638119 2.210564969762878
0.8600000000000001 2.1547057155034843 2.105029494331614
0.8680000000000001 2.1730619041915733 2.121365385625351
0.8760000000000001 2.3171615593645254 2.2600913248323966
0.8840000000000001 2.524840338216584 2.459631762606035
0.8920000000000001 2.6816390171106184 2.6128450334771887
0.9000000000000001 2.6896193186265975 2.627033658342598
0.9080000000000001 2.5552307012131186 2.5007174349326395
0.916 2.3835746545234 2.331674198219644
0.9239999999999999 2.2883053570632583 2.2361699222016505
0.9319999999999999 2.328835533145937 2.2746548111798237
0.94 2.4979610058994766 2.4377428559642955
0.948 2.719526781494695 2.6508149487046966
0.956 2.8680166360514647 2.796757963428246
0.964 2.8507101480708554 2.786641456124893
0.972 2.693453614112457 2.6365927233952933
0.98 2.5159785485817614 2.460365207761568
0.988 2.4333768891589513 2.3764510631528584
0.996 2.498724389232622 2.4381978429640707
