-0.996 0.40020420191564543 0.4003336960229016
-0.988 0.4109515482189157 0.4116883406554809
-0.98 0.39745966855070874 0.39829956562317204
-0.972 0.37127054825093714 0.37143941666979896
-0.964 0.3507897850213654 0.3506755723013462
-0.956 0.34867301236325726 0.34868829697046966
-0.948 0.36771103222979995 0.36771068425888054
-0.94 0.40032650535307923 0.40015935900295607
-0.9319999999999999 0.42939915067730755 0.42944354638813353
-0.9239999999999999 0.43700461431570903 0.43770015389833894
-0.916 0.41953793983429977 0.42019029494244725
-0.908 0.3913540955520141 0.39129025130727285
-0.9 0.3717998279810953 0.3715439500548234
-0.892 0.3729062687480844 0.37279227333322507
-0.884 0.39606464807447994 0.3958855413919534
-0.876 0.43156248469539366 0.43120839921897425
-0.868 0.4601801716145962 0.46013976364430054
-0.86 0.4641005000380722 0.4647283547212327
-0.852 0.44255661816134234 0.4429780660916585
-0.844 0.41269356356551273 0.41238593358377396
-0.836 0.3945487142736526 0.3941421765325813
-0.8280000000000001 0.3993374151221259 0.39906983024154935
-0.8200000000000001 0.4268498878654325 0.4264612822393993
-0.812 0.4650096358768251 0.4644532433963813
-0.804 0.4925505859760882 0.49242363035522324
-0.796 0.49225644217323666 0.49278192161093726
-0.788 0.46660407043206525 0.4667515362348045
-0.78 0.435440183336374 0.43487985158756637
-0.772 0.41922636817304265 0.4186564534134863
-0.764 0.4281665900662225 0.42771670854101784
-0.756 0.46022445163391895 0.45959333960670334
-0.748 0.5007329260574968 0.49996081445281154
-0.74 0.5265098286623577 0.5262916248539008
-0.732 0.5215001335960837 0.5218799708761451
-0.724 0.49178594800176145 0.491617881553019
-0.716 0.4597629592760817 0.45894169370335036
-0.708 0.4460398129897512 0.4452886190891496
-0.7 0.4596061193004682 0.4589390126479587
-0.692 0.496347190184938 0.49543567488045914
-0.6839999999999999 0.5387925171648615 0.5377875864279504
-0.6759999999999999 0.5620652869957697 0.561736095234268
-0.6679999999999999 0.551889292689202 0.5520545672960857
-0.6599999999999999 0.5182553379659245 0.5177044008028673
-0.6519999999999999 0.4858967284313254 0.4847590346526496
-0.644 0.47528848156173076 0.47425701753047034
-0.636 0.4939949926811391 0.4929513280594803
-0.628 0.5355490814411097 0.5341369386757207
-0.62 0.5794954479903567 0.577977505101084
-0.612 0.5995909555253227 0.5987484180886686
-0.604 0.5840015312901323 0.5833573723006236
-0.596 0.5468584458720456 0.5451638738585282
-0.588 0.5149640670428423 0.5125404959141266
-0.5800000000000001 0.5083683913360776 0.5057919657613896
-0.5720000000000001 0.5329687077518845 0.5299477780790395
-0.5640000000000001 0.5796224464162554 0.5757522741594996
-0.556 0.6247196718516959 0.6203706177095792
-0.548 0.6410513435689293 0.6369996324787407
-0.54 0.6198693190983303 0.6154231585983633
-0.532 0.5795488523173998 0.5736644681336716
-0.524 0.548607613110879 0.5419923357773939
-0.516 0.5463536810550113 0.5396757783730354
-0.508 0.5767497912125045 0.5698301535655212
-0.5 0.6276551064890118 0.6203679766883928
-0.492 0.6722482972289633 0.6653641473672596
-0.484 0.6829520601643044 0.6773437502234828
-0.476 0.654856112577536 0.6495973639279768
-0.46799999999999997 0.6107104681896524 0.6048636891935927
-0.45999999999999996 0.5804773861075856 0.5748461097989526
-0.45199999999999996 0.5825141754582428 0.577503083221866
-0.44399999999999995 0.6186347774908689 0.6138059188105696
-0.43599999999999994 0.6733994914282292 0.6685251537351506
-0.42799999999999994 0.7167876652179924 0.712660127385335
-0.42 0.7215026749584013 0.7187443858564817
-0.41200000000000003 0.6870893593549909 0.6844364397628712
-0.404 0.6405544274875519 0.6372871705518534
-0.396 0.6128329415689531 0.6098647015690865
-0.388 0.6209494508662691 0.6184817067472932
-0.38 0.6641719670790852 0.6616428859952559
-0.372 0.723341059339615 0.7205806227627602
-0.364 0.7652855063883535 0.7631917457896691
-0.356 0.7637377875737229 0.7626472754467315
-0.348 0.7233075383344734 0.7216546658483904
-0.33999999999999997 0.675120551864714 0.6724465285854245
-0.33199999999999996 0.650699668958912 0.6480240901680085
-0.32399999999999995 0.6654707280830559 0.662877238157039
-0.31599999999999995 0.7158421722877573 0.7127940272233594
-0.30799999999999994 0.7786259914181167 0.7752180015567129
-0.3 0.8177531287985411 0.8151965948155648
-0.29200000000000004 0.8088864157031838 0.8073807159513484
-0.28400000000000003 0.7622613095818 0.7601435140481312
-0.276 0.7128834001228889 0.7100399769256207
-0.268 0.6924391201597097 0.689872614487929
-0.26 0.7144403460672344 0.7119954150790788
-0.252 0.7720385632586347 0.7690804648203132
-0.244 0.8376884666091944 0.8344217912342845
-0.236 0.8727794447016599 0.8704340223995971
-0.22799999999999998 0.8558582415625082 0.8542014077077953
-0.21999999999999997 0.8032294474087303 0.8004926840409893
-0.21199999999999997 0.7534322928084002 0.7499013524803834
-0.20399999999999996 0.7378761478195158 0.7345776942741626
-0.19599999999999995 0.767822753683057 0.7645148196361087
-0.18799999999999994 0.8327294863035218 0.8288812404549795
-0.17999999999999994 0.9004134112281602 0.8965547123752133
-0.17199999999999993 0.930242482086625 0.9277359982234157
-0.16399999999999998 0.9046661197877722 0.9028827307744045
-0.15600000000000003 0.8463897185441107 0.8435232401253243
-0.14800000000000002 0.7970600908484355 0.793665751281631
-0.14 0.7873670597336944 0.7842797353556477
-0.132 0.8259613061024437 0.8226991686938899
-0.124 0.8981307836685103 0.8941194022301027
-0.11599999999999999 0.966844947238094 0.9627946109361964
-0.10799999999999998 0.9901425295304975 0.9873644881366903
-0.09999999999999998 0.9554260723764185 0.9528732716255511
-0.09199999999999997 0.8920001382529664 0.8880711262157731
-0.08399999999999996 0.8441206107963337 0.8398006979922976
-0.07599999999999996 0.8413126172576659 0.8373676282682965
-0.06799999999999995 0.8892193507837597 0.8850939129419985
-0.05999999999999994 0.9684499743494225 0.9637267624680521
-0.051999999999999935 1.0370140372636427 1.0327373319202386
-0.043999999999999984 1.052491496691666 1.0498660202493877
-0.03600000000000003 1.008286186296351 1.0057526528395584
-0.028000000000000025 0.9403540600436692 0.9364535808116122
-0.020000000000000018 0.8950016271335978 0.8908967059634629
-0.01200000000000001 0.9001409573921666 0.8963134808201638
-0.0040000000000000036 0.9579671093402585 0.9536510106398716
0.0040000000000000036 1.0438771751659501 1.038719118590639
0.01200000000000001 1.1109371168901578 1.1062326306636485
0.020000000000000018 1.1173164044435073 1.1140739505199964
0.028000000000000025 1.063429236380987 1.0597446790323741
0.03600000000000003 0.9917819103256905 0.9866634159258664
0.04400000000000004 0.950126441062313 0.9450386059453828
0.052000000000000046 0.9643071010289208 0.9595687666023944
0.06000000000000005 1.0325778579030611 1.0273934808839695
0.06800000000000006 1.124581914595762 1.1188554158042068
0.07600000000000007 1.1886188076669886 1.183958574230065
0.08400000000000007 1.1846648301320484 1.1817147064187765
0.09200000000000008 1.1210760594259062 1.117478630626156
0.10000000000000009 1.0466534553664761 1.0417614261172459
0.1080000000000001 1.009955607577201 1.0052720977878797
0.1160000000000001 1.034292006031183 1.0298223795978858
0.12400000000000011 1.113423588394775 1.1082513404694436
0.13200000000000012 1.210710468652368 1.20494399956735
0.14000000000000012 1.2700556717958944 1.2655135449621313
0.14800000000000013 1.2546105513019121 1.2514850068215901
0.15600000000000003 1.1814888320246 1.1772071320647568
0.16399999999999992 1.1053801818459352 1.099886487086606
0.17199999999999993 1.074988531763603 1.069870500968688
0.17999999999999994 1.1106009612218974 1.1056619314033815
0.18799999999999994 1.2008701702878823 1.1952580838320803
0.19599999999999995 1.302383909912045 1.296640054046526
0.20399999999999996 1.3552409887774934 1.351467052063674
0.21199999999999997 1.327259277256358 1.3251222873989579
0.21999999999999997 1.244974277512815 1.241745389453767
0.22799999999999998 1.1684177982140045 1.1645639856802614
0.236 1.145764844867683 1.1428154970339242
0.244 1.1937612274498877 1.1913032547652682
0.252 1.2952721237581013 1.2924590253473536
0.26 1.3996970845728012 1.3972683589804302
0.268 1.4441705031750915 1.443979943575124
0.276 1.402754373630796 1.4034632231372577
0.28400000000000003 1.311886840771658 1.31061349668544
0.29200000000000004 1.2362688507053214 1.2340653266670847
0.30000000000000004 1.222865454024635 1.2212535825671036
0.30800000000000005 1.2843188443106872 1.2828391385998654
0.31600000000000006 1.3969671605806444 1.3950526982965343
0.32400000000000007 1.5027187214763718 1.5016933280627278
0.3320000000000001 1.5368490535440102 1.5386449739846801
0.3400000000000001 1.4812825029968215 1.4839383392280845
0.3480000000000001 1.382631877144549 1.383547691358656
0.3560000000000001 1.3094854308002126 1.310312516316887
0.3640000000000001 1.3069131434702232 1.3090584974190937
0.3720000000000001 1.382834541497459 1.3857114120019498
0.3800000000000001 1.5062706954359295 1.509360561513046
0.3880000000000001 1.6114928530629653 1.6161441663952374
0.39600000000000013 1.6332979586796348 1.6405814938352616
0.404 1.5630791272290674 1.5697224647908319
0.4119999999999999 1.4576689045739408 1.4612223935388275
0.41999999999999993 1.3886719311644238 1.3912528874593302
0.42799999999999994 1.3985725909886262 1.4013902511097045
0.43599999999999994 1.4898787233071666 1.4922363581169442
0.44399999999999995 1.623470574483026 1.6251257239815171
0.45199999999999996 1.7260416914675971 1.7288899138677802
0.45999999999999996 1.7335630114813159 1.738552603509118
0.46799999999999997 1.6484338430341476 1.652009817825525
0.476 1.5375149658707306 1.538110498035249
0.484 1.4744877849604758 1.4746609772558485
0.492 1.4985496526108204 1.4991466316431543
0.5 1.6060255341656744 1.6061471209629934
0.508 1.748822306560023 1.7484753031883606
0.516 1.846370054771515 1.8478369537615142
0.524 1.8377229151177175 1.8414063451434597
0.532 1.737695548529513 1.7395128486873634
0.54 1.6227481406271735 1.6218145617564574
0.548 1.5676500993017355 1.566565964203659
0.556 1.6075897627862503 1.6066002601847962
0.5640000000000001 1.731846062206836 1.7296814809325574
0.5720000000000001 1.8825451113492608 1.879336234999216
0.5800000000000001 1.9724713813442964 1.9707098222580468
0.5880000000000001 1.9458979921643011 1.9453332360128983
0.5960000000000001 1.8312774639271558 1.8276786835041539
0.6040000000000001 1.714011233689236 1.7074712319735046
0.6120000000000001 1.668936068054921 1.6620563847203371
0.6200000000000001 1.7264752982558076 1.719002557391248
0.6280000000000001 1.8679007962020078 1.858515787273053
0.6360000000000001 2.02481911453971 2.0143481186805294
0.6440000000000001 2.104335307866383 2.0959999907061775
0.6520000000000001 2.058259005311381 2.051496769801787
0.6600000000000001 1.9296620512353324 1.9204264748757487
0.668 1.8120156494695503 1.8012119211960087
0.6759999999999999 1.7791850229249007 1.7690072117424873
0.6839999999999999 1.8560217636653848 1.8455284344664116
0.692 2.014731516788469 2.002429452049234
0.7 2.175784019136112 2.162962035622621
0.708 2.241956723419135 2.231921307188437
0.716 2.1750359474101035 2.166229433585313
0.724 2.03340589474056 2.021846630104436
0.732 1.9175454389559026 1.9048693751136356
0.74 1.89929995577883 1.8872735383593713
0.748 1.9970726776206664 1.9842305312589175
0.756 2.1728528732236017 2.157725745992532
0.764 2.335539562216617 2.3200341339363666
0.772 2.3853461527918483 2.372762435481729
0.78 2.296526687356809 2.2843789446098497
0.788 2.143144614540729 2.1279208052843837
0.796 2.031461479375169 2.0155344553639627
0.804 2.030248320816955 2.014898331536786
0.812 2.1504930712932246 2.1338521055745945
0.8200000000000001 2.3427439679454642 2.3236114800313787
0.8280000000000001 2.5041480265500318 2.48527613499159
0.8360000000000001 2.534541271647375 2.519149515265121
0.8440000000000001 2.4231053941355998 2.4078349133145673
0.8520000000000001 2.259597888638119 2.241616395416129
0.8600000000000001 2.1547057155034843 2.1368947914094236
0.8680000000000001 2.1730619041915733 2.1560786018145435
0.8760000000000001 2.3171615593645254 2.2987805131503096
0.8840000000000001 2.524840338216584 2.5042125057763487
0.8920000000000001 2.6816390171106184 2.662222093661869
0.9000000000000001 2.6896193186265975 2.67401772745574
0.9080000000000001 2.5552307012131186 2.5390141995524704
0.916 2.3835746545234 2.36468526318057
0.9239999999999999 2.2883053570632583 2.2699301149210473
0.9319999999999999 2.328835533145937 2.310967413500716
0.94 2.4979610058994766 2.478093216955429
0.948 2.719526781494695 2.697280795147797
0.956 2.8680166360514647 2.8475083716964105
0.964 2.8507101480708554 2.8337040613261477
0.972 2.693453614112457 2.674741187309166
0.98 2.5159785485817614 2.4945957335678166
0.988 2.4333768891589513 2.4126533389211664
0.996 2.498724389232622 2.477957818217318
