-0.996 0.40020420191564543 0.39918238781897514
-0.988 0.4109515482189157 0.41096248432370475
-0.98 0.39745966855070874 0.39526718183540716
-0.972 0.37127054825093714 0.36896487695212726
-0.964 0.3507897850213654 0.3496516371702174
-0.956 0.34867301236325726 0.3479988576311488
-0.948 0.36771103222979995 0.3661375728737264
-0.94 0.40032650535307923 0.40070227332516617
-0.9319999999999999 0.42939915067730755 0.42847967267589415
-0.9239999999999999 0.43700461431570903 0.4373267507451405
-0.916 0.41953793983429977 0.4175316470857268
-0.908 0.3913540955520141 0.38947720691293375
-0.9 0.37179982798109523 0.37116426881566195
-0.892 0.3729062687480842 0.3724886817568428
-0.884 0.39606464807447916 0.39496222536301673
-0.876 0.43156248469539105 0.43266258471630803
-0.868 0.4601801716145875 0.4594642520331926
-0.86 0.4641005000380445 0.46461311764439894
-0.852 0.4425566181612559 0.44081243362027694
-0.844 0.41269356356524944 0.41133158407097925
-0.836 0.3945487142728711 0.39444377134032094
-0.8280000000000001 0.3993374151198647 0.39912798959856616
-0.8200000000000001 0.4268498878590554 0.4263539806717417
-0.812 0.4650096358592953 0.4668062001337238
-0.804 0.49255058592911843 0.49215651791790516
-0.796 0.49225644205056596 0.49287318652777534
-0.788 0.46660407011978416 0.46520392964167984
-0.78 0.43544018256149747 0.4346848699963697
-0.772 0.4192263662989053 0.41969980680569186
-0.764 0.42816658564795135 0.4281313365729946
-0.756 0.46022444148112973 0.4605364374919741
-0.748 0.5007329033169742 0.5030913066235063
-0.74 0.5265097790148362 0.5267875738227397
-0.732 0.5215000279443166 0.5221068547407332
-0.724 0.49178572885350513 0.4908183288469679
-0.716 0.45976251619691033 0.4597110415933521
-0.708 0.446038939803857 0.44717992764517744
-0.7 0.4596044419873287 0.45976548128799444
-0.692 0.4963440496498631 0.4978059372566832
-0.6839999999999999 0.5387867855736449 0.5413692691606244
-0.6759999999999999 0.5620550910191705 0.5639696517572579
-0.6679999999999999 0.5518716134116944 0.5525638239374919
-0.6599999999999999 0.5182254578514495 0.5178178639439788
-0.6519999999999999 0.4858475038464435 0.48661667222840504
-0.644 0.47520943846820457 0.47708585990503166
-0.636 0.49387127611511333 0.4944506340522249
-0.628 0.5353603371406532 0.5382266026070299
-0.62 0.579214774176186 0.5819383998119027
-0.612 0.599184126427 0.6032611020675778
-0.604 0.5834267479377021 0.584488022974797
-0.596 0.5460668957589359 0.5463543360010439
-0.588 0.5139015529214671 0.5156053118681051
-0.5800000000000001 0.5069782048338116 0.5096323807585063
-0.5720000000000001 0.53119577000908 0.5325943776524077
-0.5640000000000001 0.5774185257122287 0.581880994136883
-0.556 0.6220492461128982 0.6256990746547043
-0.548 0.6378974494661922 0.6437703733323938
-0.54 0.6162385739129619 0.618653162878636
-0.532 0.5754748010065562 0.5776919599691398
-0.524 0.5441516736683581 0.5482759583339317
-0.516 0.5416032378859981 0.5467137166576128
-0.508 0.571813383354553 0.5761983060676366
-0.5 0.6226551064890118 0.6309087209815036
-0.492 0.6673118893710118 0.6739523125476092
-0.484 0.6782016169952912 0.6867355418849141
-0.476 0.6504001731350151 0.6547209388950452
-0.46799999999999997 0.6066364168788088 0.6103899711054677
-0.45999999999999996 0.5768466409222172 0.5818480180511709
-0.45199999999999996 0.5793602813555057 0.5843799706594847
-0.44399999999999995 0.6159643517520713 0.6201786287226032
-0.43599999999999994 0.6711955707242026 0.6794047855106292
-0.42799999999999994 0.7150147274751879 0.720864215016936
-0.42 0.7201124884561353 0.7281466001226988
-0.41200000000000003 0.6860268452336158 0.6904886783078531
-0.404 0.6397628773744422 0.6446097789887182
-0.396 0.6122581582165229 0.6188935243727669
-0.388 0.6205426217679464 0.6269863622220575
-0.38 0.6638912932649146 0.6703157802662449
-0.372 0.7231523150391586 0.7333963539222507
-0.364 0.7651617898223277 0.7719914227423043
-0.356 0.7636587444801967 0.7715229173239474
-0.348 0.7232583137495914 0.7274554931293614
-0.33999999999999997 0.675090671750239 0.6797700558141728
-0.33199999999999996 0.6506819896814044 0.6570178503549747
-0.32399999999999995 0.6654605321064566 0.6711501912587325
-0.31599999999999995 0.7158364406965406 0.7229197143058813
-0.30799999999999994 0.7786228508830418 0.7896144161252168
-0.3 0.8177514514854016 0.8262770326739801
-0.29200000000000004 0.8088855425172896 0.8177867297915404
-0.28400000000000003 0.7622608665026287 0.7684130944870932
-0.276 0.7128831809746325 0.7199194431750673
-0.268 0.6924390145079425 0.7008625092789716
-0.26 0.7144402964197129 0.7210544429806417
-0.252 0.7720385405181122 0.7810008601040539
-0.244 0.8376884564564051 0.8482174915071581
-0.236 0.8727794402833888 0.8828424936525788
-0.22799999999999998 0.8558582396883709 0.8632586022338923
-0.21999999999999997 0.8032294466338536 0.8086505130671323
-0.21199999999999997 0.7534322924961191 0.7605277688917484
-0.20399999999999996 0.7378761476968451 0.7467838240526165
-0.19599999999999995 0.7678227536360872 0.7752473165060992
-0.18799999999999994 0.832729486285992 0.8447243362669781
-0.17999999999999994 0.9004134112217832 0.9127654918259278
-0.17199999999999993 0.9302424820843638 0.945256580465606
-0.16399999999999998 0.9046661197869907 0.914416486054276
-0.15600000000000003 0.8463897185438474 0.8542415989658232
-0.14800000000000002 0.7970600908483491 0.8062966106623788
-0.14 0.7873670597336667 0.7974335756042841
-0.132 0.825961306102435 0.8338390067042416
-0.124 0.8981307836685076 0.9108588597986773
-0.11599999999999999 0.9668449472380932 0.9781315250665752
-0.10799999999999998 0.9901425295304973 1.0046014039814004
-0.09999999999999998 0.9554260723764184 0.9640413397105461
-0.09199999999999997 0.8920001382529664 0.8998184463767178
-0.08399999999999996 0.8441206107963337 0.8544177228923674
-0.07599999999999996 0.8413126172576659 0.8528222213089821
-0.06799999999999995 0.8892193507837597 0.8996951035931066
-0.05999999999999994 0.9684499743494225 0.9852267694175174
-0.051999999999999935 1.0370140372636427 1.0513907463778935
-0.043999999999999984 1.052491496691666 1.0699582144288122
-0.03600000000000003 1.008286186296351 1.0192219119135875
-0.028000000000000025 0.9403540600436692 0.9503647117061564
-0.020000000000000018 0.8950016271335978 0.906840420967369
-0.01200000000000001 0.9001409573921666 0.9118708096895295
-0.0040000000000000036 0.9579671093402585 0.9686464591781607
0.0040000000000000036 1.0438771751659501 1.0607822780665805
0.01200000000000001 1.1109371168901578 1.123884694395938
0.020000000000000018 1.1173164044435073 1.1332128188422572
0.028000000000000025 1.063429236380987 1.0734913209129584
0.03600000000000003 0.9917819103256905 1.0022407293915514
0.04400000000000004 0.950126441062313 0.9633442686279423
0.052000000000000046 0.9643071010289208 0.977506950856443
0.06000000000000005 1.0325778579030611 1.0467185078324803
0.06800000000000006 1.124581914595762 1.1456262395349497
0.07600000000000007 1.1886188076669886 1.2052450536994945
0.08400000000000007 1.1846648301320484 1.2031667983472851
0.09200000000000008 1.1210760594259062 1.1338490706311561
0.10000000000000009 1.0466534553664761 1.0597394345364304
0.1080000000000001 1.009955607577201 1.0249711479405443
0.1160000000000001 1.034292006031183 1.047548404140661
0.12400000000000011 1.113423588394775 1.1286282094444817
0.13200000000000012 1.210710468652368 1.231134932813612
0.14000000000000012 1.2700556717958944 1.2865035806963987
0.14800000000000013 1.2546105513019121 1.2706589241555317
0.15600000000000003 1.1814888320246 1.1933105877128871
0.16399999999999992 1.1053801818459352 1.1188415336282258
0.17199999999999993 1.074988531763603 1.091151712347112
0.17999999999999994 1.1106009612218974 1.1248575817103927
0.18799999999999994 1.2008701702878823 1.2204861921642332
0.19599999999999995 1.302383909912045 1.325264489236225
0.20399999999999996 1.3552409887774934 1.3791138476239826
0.21199999999999997 1.327259277256358 1.346408081530484
0.21999999999999997 1.244974277512815 1.2606102589725472
0.22799999999999998 1.1684177982140045 1.185824961999066
0.236 1.145764844867683 1.1650700916718162
0.244 1.1937612274498877 1.210018192512098
0.252 1.2952721237581013 1.3182408235238707
0.26 1.3996970845728012 1.4223500977431218
0.268 1.4441705031750915 1.4707356722694678
0.276 1.402754373630796 1.4206353560489076
0.28400000000000003 1.311886840771658 1.3269433078537771
0.29200000000000004 1.2362688507053214 1.2539219434041
0.30000000000000004 1.222865454024635 1.2424440850076073
0.30800000000000005 1.2843188443106872 1.3016833413527147
0.31600000000000006 1.3969671605806444 1.4233116327270425
0.32400000000000007 1.5027187214763718 1.5276565788189298
0.3320000000000001 1.5368490535440102 1.5673019672515642
0.3400000000000001 1.4812825029968215 1.5023708929545225
0.3480000000000001 1.382631877144549 1.4019740881537985
0.3560000000000001 1.3094854308002126 1.3319817149733348
0.3640000000000001 1.3069131434702232 1.3306615884965598
0.3720000000000001 1.382834541497459 1.4048751998748923
0.3800000000000001 1.5062706954359295 1.5381029972837843
0.3880000000000001 1.6114928530629653 1.6392159846945729
0.39600000000000013 1.6332979586796348 1.6655105232086052
0.404 1.5630791272290674 1.5849444384841767
0.4119999999999999 1.4576689045739408 1.478024082491175
0.41999999999999993 1.3886719311644238 1.4119582633608627
0.42799999999999994 1.3985725909886262 1.4219983410763148
0.43599999999999994 1.4898787233071666 1.5127249102902374
0.44399999999999995 1.623470574483026 1.656971052372588
0.45199999999999996 1.7260416914675971 1.7539152132975853
0.45999999999999996 1.7335630114813159 1.7660668639773203
0.46799999999999997 1.6484338430341476 1.6716358240944562
0.476 1.5375149658707306 1.5608940720798814
0.484 1.4744877849604758 1.5017022129327509
0.492 1.4985496526108204 1.525497029028047
0.5 1.6060255341656744 1.6351103346066782
0.508 1.748822306560023 1.7890403262319263
0.516 1.846370054771515 1.8802237975785379
0.524 1.8377229151177175 1.874265636276343
0.532 1.737695548529513 1.7654252357059317
0.54 1.6227481406271735 1.6509215738722554
0.548 1.5676500993017355 1.5989117856146438
0.556 1.6075897627862503 1.6364022702271046
0.5640000000000001 1.731846062206836 1.7650807915743738
0.5720000000000001 1.8825451113492608 1.9242332897009118
0.5800000000000001 1.9724713813442964 2.0090594284079817
0.5880000000000001 1.9458979921643011 1.9806562488821176
0.5960000000000001 1.8312774639271558 1.8588522256717466
0.6040000000000001 1.714011233689236 1.7432539615451974
0.6120000000000001 1.668936068054921 1.7016370984039788
0.6200000000000001 1.7264752982558076 1.7558358012670525
0.6280000000000001 1.8679007962020078 1.9063483062151532
0.6360000000000001 2.02481911453971 2.067958668903162
0.6440000000000001 2.104335307866383 2.1506137244088634
0.6520000000000001 2.058259005311381 2.096124131571707
0.6600000000000001 1.9296620512353324 1.962183410233091
0.668 1.8120156494695503 1.847621124418688
0.6759999999999999 1.7791850229249007 1.8183413338494634
0.6839999999999999 1.8560217636653848 1.8918441043887437
0.692 2.014731516788469 2.063173818532454
0.7 2.175784019136112 2.2250734669638987
0.708 2.241956723419135 2.298732484619734
0.716 2.1750359474101035 2.2177427081712935
0.724 2.03340589474056 2.070970894560521
0.732 1.9175454389559026 1.9581362073608102
0.74 1.89929995577883 1.942016720539858
0.748 1.9970726776206664 2.0362254322377127
0.756 2.1728528732236017 2.226164066591495
0.764 2.335539562216617 2.385972671914473
0.772 2.3853461527918483 2.4433762391157265
0.78 2.296526687356809 2.338838725888934
0.788 2.143144614540729 2.1817221461533824
0.796 2.031461479375169 2.074176172291543
0.804 2.030248320816955 2.0747128414077345
0.812 2.1504930712932246 2.1932919926000567
0.8200000000000001 2.3427439679454642 2.402309475081358
0.8280000000000001 2.5041480265500318 2.558513397236708
0.8360000000000001 2.534541271647375 2.5971191154609974
0.8440000000000001 2.4231053941355998 2.4701888273351593
0.8520000000000001 2.259597888638119 2.304760220466199
0.8600000000000001 2.1547057155034843 2.2049665722792064
0.8680000000000001 2.1730619041915733 2.224337312761236
0.8760000000000001 2.3171615593645254 2.3696030264639356
0.8840000000000001 2.524840338216584 2.595747577996755
0.8920000000000001 2.6816390171106184 2.7447028894515215
0.9000000000000001 2.6896193186265975 2.7594843840154795
0.9080000000000001 2.5552307012131186 2.609509772036554
0.916 2.3835746545234 2.436580073184812
0.9239999999999999 2.2883053570632583 2.345813022269775
0.9319999999999999 2.328835533145937 2.385018795628799
0.94 2.4979610058994766 2.558087934803048
0.948 2.719526781494695 2.7971192329115
0.956 2.8680166360514647 2.935476888032384
0.964 2.8507101480708554 2.921524290633823
0.972 2.693453614112457 2.747645009634106
0.98 2.5159785485817614 2.577083055416991
0.988 2.4333768891589513 2.474413039465894
0.996 2.498724389232622 2.593318224324725
