-0.996 0.40020420191564543 0.39918238781897514
-0.988 0.4109515482189157 0.41096248432370475
-0.98 0.39745966855070874 0.39526718183540716
-0.972 0.37127054825093714 0.36896487695212726
-0.964 0.3507897850213654 0.34965163717021747
-0.956 0.34867301236325726 0.3479988576311487
-0.948 0.36771103222979995 0.3661375728737263
-0.94 0.40032650535307923 0.4007022733251659
-0.9319999999999999 0.42939915067730755 0.42847967267589376
-0.9239999999999999 0.43700461431570903 0.43732675074514005
-0.916 0.41953793983429977 0.4175316470857265
-0.908 0.3913540955520141 0.3894772069129333
-0.9 0.3717998279810953 0.37116426881566167
-0.892 0.3729062687480844 0.3724886817568424
-0.884 0.39606464807447994 0.39496222536301656
-0.876 0.43156248469539366 0.43266258471630814
-0.868 0.4601801716145962 0.4594642520331925
-0.86 0.4641005000380722 0.4646131176443987
-0.852 0.44255661816134234 0.4408124336202766
-0.844 0.41269356356551273 0.4113315840709791
-0.836 0.3945487142736526 0.39444377134032094
-0.8280000000000001 0.3993374151221259 0.39912798959856577
-0.8200000000000001 0.4268498878654325 0.426353980671742
-0.812 0.4650096358768251 0.46680620013372426
-0.804 0.4925505859760882 0.4921565179179057
-0.796 0.49225644217323666 0.4928731865277758
-0.788 0.46660407043206525 0.46520392964167967
-0.78 0.435440183336374 0.4346848699963692
-0.772 0.41922636817304265 0.4196998068056915
-0.764 0.4281665900662225 0.4281313365729942
-0.756 0.46022445163391895 0.46053643749197304
-0.748 0.5007329260574968 0.5030913066235074
-0.74 0.5265098286623577 0.5267875738227401
-0.732 0.5215001335960837 0.5221068547407273
-0.724 0.49178594800176145 0.49081832884698046
-0.716 0.4597629592760817 0.4597110415933363
-0.708 0.4460398129897512 0.447179927645063
-0.7 0.4596061193004682 0.4597654812885812
-0.692 0.496347190184938 0.49780593725581473
-0.6839999999999999 0.5387925171648615 0.5413692691585211
-0.6759999999999999 0.5620652869957697 0.5639696517665364
-0.6679999999999999 0.551889292689202 0.5525638239370625
-0.6599999999999999 0.5182553379659245 0.5178178639367941
-0.6519999999999999 0.4858967284313254 0.4866166722244162
-0.644 0.47528848156173076 0.4770858599107914
-0.636 0.4939949926811391 0.49445063405828704
-0.628 0.5355490814411097 0.538226602602272
-0.62 0.5794954479903567 0.5819383998019854
-0.612 0.5995909555253227 0.603261102052359
-0.604 0.5840015312901323 0.5844880229974442
-0.596 0.5468584458720456 0.5463543360197491
-0.588 0.5149640670428423 0.5156053118622912
-0.5800000000000001 0.5083683913360776 0.509632380728819
-0.5720000000000001 0.5329687077518845 0.5325943776516437
-0.5640000000000001 0.5796224464162554 0.5818809941738385
-0.556 0.6247196718516959 0.6256990746795386
-0.548 0.6410513435689293 0.6437703733185791
-0.54 0.6198693190983303 0.6186531628271926
-0.532 0.5795488523173998 0.5776919599468934
-0.524 0.548607613110879 0.5482759583589754
-0.516 0.5463536810550113 0.546713716721015
-0.508 0.5767497912125045 0.5761983060603425
-0.5 0.6276551064890118 0.630908720898602
-0.492 0.6722482972289633 0.6739523124893805
-0.484 0.6829520601643044 0.6867355419097727
-0.476 0.654856112577536 0.654720938994276
-0.46799999999999997 0.6107104681896524 0.6103899711634353
-0.45999999999999996 0.5804773861075856 0.5818480180240491
-0.45199999999999996 0.5825141754582428 0.5843799705187801
-0.44399999999999995 0.6186347774908689 0.6201786286611648
-0.43599999999999994 0.6733994914282292 0.6794047856634227
-0.42799999999999994 0.7167876652179924 0.7208642152430449
-0.42 0.7215026749584013 0.7281466002310825
-0.41200000000000003 0.6870893593549909 0.6904886781621696
-0.404 0.6405544274875519 0.6446097787458087
-0.396 0.6128329415689531 0.6188935242169092
-0.388 0.6209494508662691 0.6269863623652497
-0.38 0.6641719670790852 0.6703157807364455
-0.372 0.723341059339615 0.7333963541255841
-0.364 0.7652855063883535 0.7719914224542626
-0.356 0.7637377875737229 0.7715229166060855
-0.348 0.7233075383344734 0.7274554926733002
-0.33999999999999997 0.675120551864714 0.6797700559894457
-0.33199999999999996 0.650699668958912 0.6570178510349567
-0.32399999999999995 0.6654707280830559 0.6711501921522158
-0.31599999999999995 0.7158421722877573 0.7229197140396654
-0.30799999999999994 0.7786259914181167 0.789614414928077
-0.3 0.8177531287985411 0.8262770309532832
-0.29200000000000004 0.8088864157031838 0.8177867292523182
-0.28400000000000003 0.7622613095818 0.7684130955990371
-0.276 0.7128834001228889 0.7199194449394659
-0.268 0.6924391201597097 0.700862510553337
-0.26 0.7144403460672344 0.7210544419661021
-0.252 0.7720385632586347 0.7810008565642963
-0.244 0.8376884666091944 0.8482174893775741
-0.236 0.8727794447016599 0.8828424919669909
-0.22799999999999998 0.8558582415625082 0.8632586061892994
-0.21999999999999997 0.8032294474087303 0.8086505187034783
-0.21199999999999997 0.7534322928084002 0.7605277724750231
-0.20399999999999996 0.7378761478195158 0.7467838237441654
-0.19599999999999995 0.767822753683057 0.775247310524603
-0.18799999999999994 0.8327294863035218 0.8447243294893789
-0.17999999999999994 0.9004134112281602 0.912765491395404
-0.17199999999999993 0.930242482086625 0.9452565867252589
-0.16399999999999998 0.9046661197877722 0.9144165004332638
-0.15600000000000003 0.8463897185441107 0.8542416112998917
-0.14800000000000002 0.7970600908484355 0.8062966145497273
-0.14 0.7873670597336944 0.7974335714925527
-0.132 0.8259613061024437 0.8338389986504984
-0.124 0.8981307836685103 0.9108588670586035
-0.11599999999999999 0.966844947238094 0.9781315569684028
-0.10799999999999998 0.9901425295304975 1.004601466148564
-0.09999999999999998 0.9554260723764185 0.9640414179950068
-0.09199999999999997 0.8920001382529664 0.8998185332636021
-0.08399999999999996 0.8441206107963337 0.8544178376383059
-0.07599999999999996 0.8413126172576659 0.852822407040215
-0.06799999999999995 0.8892193507837597 0.8996954129643923
-0.05999999999999994 0.9684499743494225 0.9852273207379808
-0.051999999999999935 1.0370140372636427 1.0513916280207494
-0.043999999999999984 1.052491496691666 1.0699595131810886
-0.03600000000000003 1.008286186296351 1.0192235098067575
-0.028000000000000025 0.9403540600436692 0.9503666560110235
-0.020000000000000018 0.8950016271335978 0.9068429410509417
-0.01200000000000001 0.9001409573921666 0.911874321693708
-0.0040000000000000036 0.9579671093402585 0.9686513567709986
0.0040000000000000036 1.0438771751659501 1.0607894041818386
0.01200000000000001 1.1109371168901578 1.1238946148645663
0.020000000000000018 1.1173164044435073 1.1332260481699217
0.028000000000000025 1.063429236380987 1.0735070519642014
0.03600000000000003 0.9917819103256905 1.0022600265054509
0.04400000000000004 0.950126441062313 0.9633694224074419
0.052000000000000046 0.9643071010289208 0.9775432100370745
0.06000000000000005 1.0325778579030611 1.046768926191354
0.06800000000000006 1.124581914595762 1.1457001169319612
0.07600000000000007 1.1886188076669886 1.205345344937941
0.08400000000000007 1.1846648301320484 1.2032963250415984
0.09200000000000008 1.1210760594259062 1.1339981659847358
0.10000000000000009 1.0466534553664761 1.0599128942931166
0.1080000000000001 1.009955607577201 1.0251775824517524
0.1160000000000001 1.034292006031183 1.0478074888964575
0.12400000000000011 1.113423588394775 1.1289503510868788
0.13200000000000012 1.210710468652368 1.2315447598904345
0.14000000000000012 1.2700556717958944 1.2869887859735536
0.14800000000000013 1.2546105513019121 1.2712130502106778
0.15600000000000003 1.1814888320246 1.1939013971971
0.16399999999999992 1.1053801818459352 1.1194943543347198
0.17199999999999993 1.074988531763603 1.09190858555943
0.17999999999999994 1.1106009612218974 1.1258028174466392
0.18799999999999994 1.2008701702878823 1.2216895639854275
0.19599999999999995 1.302383909912045 1.3268192162075094
0.20399999999999996 1.3552409887774934 1.3809955884331142
0.21199999999999997 1.327259277256358 1.3485461406547348
0.21999999999999997 1.244974277512815 1.2629019211159076
0.22799999999999998 1.1684177982140045 1.1883270621584492
0.236 1.145764844867683 1.1678802743342283
0.244 1.1937612274498877 1.2132948354435182
0.252 1.2952721237581013 1.3221511278198919
0.26 1.3996970845728012 1.4268718904818738
0.268 1.4441705031750915 1.4757447066561105
0.276 1.402754373630796 1.425679649215414
0.28400000000000003 1.311886840771658 1.3318573172691317
0.29200000000000004 1.2362688507053214 1.2588019405624862
0.30000000000000004 1.222865454024635 1.247529355666175
0.30800000000000005 1.2843188443106872 1.3072885196880777
0.31600000000000006 1.3969671605806444 1.429789281088454
0.32400000000000007 1.5027187214763718 1.5350147277538848
0.3320000000000001 1.5368490535440102 1.5754157741739843
0.3400000000000001 1.4812825029968215 1.51060489057499
0.3480000000000001 1.382631877144549 1.4101891159500712
0.3560000000000001 1.3094854308002126 1.3404577481025854
0.3640000000000001 1.3069131434702232 1.3398110849086604
0.3720000000000001 1.382834541497459 1.415221278264217
0.3800000000000001 1.5062706954359295 1.5501152795274225
0.3880000000000001 1.6114928530629653 1.6526207315700439
0.39600000000000013 1.6332979586796348 1.6796462779499859
0.404 1.5630791272290674 1.5986535247352471
0.4119999999999999 1.4576689045739408 1.4909537430997282
0.41999999999999993 1.3886719311644238 1.4243101782031444
0.42799999999999994 1.3985725909886262 1.4342575558913817
0.43599999999999994 1.4898787233071666 1.5254759794097332
0.44399999999999995 1.623470574483026 1.6705265880851838
0.45199999999999996 1.7260416914675971 1.7678192711095662
0.45999999999999996 1.7335630114813159 1.779602683926214
0.46799999999999997 1.6484338430341476 1.6841129130087789
0.476 1.5375149658707306 1.5722294447221687
0.484 1.4744877849604758 1.5123236444182022
0.492 1.4985496526108204 1.536080398552107
0.5 1.6060255341656744 1.646324349099741
0.508 1.748822306560023 1.8012303303048711
0.516 1.846370054771515 1.8929818778891787
0.524 1.8377229151177175 1.886936681269367
0.532 1.737695548529513 1.7773090632427653
0.54 1.6227481406271735 1.661921178591684
0.548 1.5676500993017355 1.6093809790393188
0.556 1.6075897627862503 1.6467765185559056
0.5640000000000001 1.731846062206836 1.7758967221847661
0.5720000000000001 1.8825451113492608 1.9354124450824328
0.5800000000000001 1.9724713813442964 2.0201498293337115
0.5880000000000001 1.9458979921643011 1.9908160156755539
0.5960000000000001 1.8312774639271558 1.8677326154116343
0.6040000000000001 1.714011233689236 1.7508400668669486
0.6120000000000001 1.668936068054921 1.7082987688778017
0.6200000000000001 1.7264752982558076 1.7619665796870323
0.6280000000000001 1.8679007962020078 1.9123559014248595
0.6360000000000001 2.02481911453971 2.0738518885368933
0.6440000000000001 2.104335307866383 2.156176919575108
0.6520000000000001 2.058259005311381 2.10108886927678
0.6600000000000001 1.9296620512353324 1.9664662457140656
0.668 1.8120156494695503 1.8512948953542487
0.6759999999999999 1.7791850229249007 1.821646614414253
0.6839999999999999 1.8560217636653848 1.8950077952842515
0.692 2.014731516788469 2.066379959807029
0.7 2.175784019136112 2.228311358619048
0.708 2.241956723419135 2.301823915574515
0.716 2.1750359474101035 2.220560704523809
0.724 2.03340589474056 2.073431304180984
0.732 1.9175454389559026 1.9602655733848722
0.74 1.89929995577883 1.943937274445246
0.748 1.9970726776206664 2.038047044907711
0.756 2.1728528732236017 2.227958249565191
0.764 2.335539562216617 2.387702641746795
0.772 2.3853461527918483 2.4449360091542194
0.78 2.296526687356809 2.3401889473224586
0.788 2.143144614540729 2.1828391465731407
0.796 2.031461479375169 2.0750872948117127
0.804 2.030248320816955 2.0754934622640837
0.812 2.1504930712932246 2.1940024709362325
0.8200000000000001 2.3427439679454642 2.402982813973243
0.8280000000000001 2.5041480265500318 2.559137928421505
0.8360000000000001 2.534541271647375 2.5976661039702176
0.8440000000000001 2.4231053941355998 2.4706540496637466
0.8520000000000001 2.259597888638119 2.305142112515921
0.8600000000000001 2.1547057155034843 2.2052806694538147
0.8680000000000001 2.1730619041915733 2.2246116380119587
0.8760000000000001 2.3171615593645254 2.3698605362898295
0.8840000000000001 2.524840338216584 2.5959975557688115
0.8920000000000001 2.6816390171106184 2.744939036734367
0.9000000000000001 2.6896193186265975 2.7596956106329555
0.9080000000000001 2.5552307012131186 2.609691905673157
0.916 2.3835746545234 2.4367325758631093
0.9239999999999999 2.2883053570632583 2.345942313678506
0.9319999999999999 2.328835533145937 2.385134061856523
0.94 2.4979610058994766 2.558198065576708
0.948 2.719526781494695 2.7972257225236357
0.956 2.8680166360514647 2.9355764122454406
0.964 2.8507101480708554 2.9216111115067003
0.972 2.693453614112457 2.7477183884171605
0.98 2.5159785485817614 2.5771414114333724
0.988 2.4333768891589513 2.474467678795609
0.996 2.498724389232622 2.5933733799850955
