0.125 1.999999999999999 4.42 1.999999999999999 4.42 -8.023378137447364e-69
0.375 1.999999999999999 4.42 1.999999999999999 4.42 -8.237583357394523e-66
0.625 1.999999999999999 4.42 1.999999999999999 4.42 -4.960217038783217e-63
0.875 1.999999999999999 4.42 1.999999999999999 4.42 -2.2389513277987053e-60
1.125 1.999999999999999 4.42 1.999999999999999 4.42 -8.083295968589929e-58
1.375 1.999999999999999 4.42 1.999999999999999 4.42 -2.3927033740792414e-55
1.625 1.999999999999999 4.42 1.9999999999999982 4.42 -5.861267598663116e-53
1.875 1.999999999999999 4.42 1.999999999999989 4.4200000000000195 -1.1883943908134718e-50
2.125 1.999999999999999 4.42 1.9999999999999774 4.420000000000045 -1.976589158084722e-48
2.375 1.999999999999999 4.42 2.0000000000002096 4.41999999999953 -2.632942317395744e-46
2.625 1.999999999999999 4.42 2.0000000000010516 4.4199999999976605 -2.638888646042497e-44
2.875 1.999999999999999 4.42 1.9999999999971443 4.420000000006332 -1.5796414191572262e-42
3.125 1.999999999999999 4.42 1.999999999967444 4.420000000072279 4.567817789604015e-41
3.375 1.999999999999999 4.42 1.9999999999885212 4.420000000025167 2.7652750956800404e-38
3.625 1.999999999999999 4.42 2.000000000696897 4.419999998455308 4.404258009248603e-36
3.875 1.999999999999999 4.42 2.0000000018909168 4.419999995801843 4.802503147034089e-34
4.125 1.999999999999999 4.42 1.9999999904660957 4.420000020946536 4.0714940949284585e-32
4.375 1.999999999999999 4.42 1.9999999419857002 4.420000131235507 2.798298194819873e-30
4.625 1.999999999999999 4.42 2.0000000391373223 4.419999902329701 1.5853487713817023e-28
4.875 1.999999999999999 4.42 2.000001364662625 4.419997138024366 7.44089836681967e-27
5.125 1.999999999999999 4.42 2.000011745637346 4.419973942525692 2.8831502816409013e-25
5.375 1.999999999999999 4.42 2.000096147026376 4.419786501033367 9.092577194644609e-24
5.625 1.999999999999999 4.42 2.000730945603565 4.4183752884367395 2.252142269674823e-22
5.875 1.999999999999999 4.42 2.0051193615417606 4.40854322914401 3.954656992153136e-21
6.125 1.999999999999999 4.42 2.0322835180383256 4.345203418115249 2.789761923259548e-20
6.375 1.999999999999999 4.42 2.166020646433501 3.992126907288396 -1.0909101867037715e-18
6.625 1.999999999999999 4.42 2.4888627077355356 2.949720560999168 -5.5213930824722155e-17
6.875 1.9999999999999991 4.42 2.6273545393150326 2.312886471291661 -1.5081395283077498e-15
7.125 1.9999999999999607 4.42 2.662516882781311 2.257841437838959 -3.0406459207729985e-14
7.375 1.9999999999993494 4.42 2.6578561879291334 2.254910371089932 -4.87731075149774e-13
7.625 2.999999999991479 4.42 2.649238812303623 2.251483079455359 -6.400550420574792e-12
7.875 2.9999999999075158 4.42 2.635713931398752 2.2937996880882756 -6.946621751012237e-11
8.125 2.9999999991688338 4.42 2.58528436585941 2.5232722668627816 -6.243021272063907e-10
8.375 2.999999993861073 4.42 2.4760536396687476 2.989711125548711 -4.611047172371882e-09
8.625 2.9999999635209753 4.42 2.3545440730282015 3.4801148892308547 -2.7399979986059073e-08
8.875 2.9999998348336523 4.42 2.186686733922218 4.2260109872630345 -1.240590773561188e-07
9.125 2.999999527027414 4.42 2.0978965214771272 4.777952328537454 -3.552572240524588e-07
9.375 3.0000001723043885 4.42 2.1020730983642766 5.204609553366264 1.2942058380315937e-07
9.625 2.000012261184625 4.42 2.173381623053108 5.628942986708564 9.209599773068e-06
9.875 2.000090916798193 4.42 2.230086276310287 6.032184518627902 6.829060285179713e-05
10.125 2.000445635126551 4.42 2.2629024892197203 6.30599440187763 0.00033476072351890226
10.375 2.001682083101676 4.42 2.2852181735744974 6.426710585784569 0.0012639670514472895
10.625 2.00512598540328 4.42 2.2887612998738183 6.458290626957853 0.003855097550723615
10.875 2.012845112568688 4.42 2.295573711487581 6.441338151747038 0.009678706501005496
11.125 2.026624222670182 4.42 2.295352641417095 6.337642850389496 0.02012788497491368
11.375 2.0455505747316267 4.42 2.276887417507494 6.055100774666128 0.03458962805843038
11.625 2.0636233536458644 4.42 2.2165467285137326 5.475267542069648 0.0485132950314933
11.875 2.0704590708615243 4.42 2.13672796071164 4.867317816953338 0.053807929155783495
12.125 2.0568096161460683 4.42 2.081538494484635 4.58501446603872 0.0432510018706274
12.375 2.022090566290612 4.42 2.0304331812086818 4.4754011765315 0.01668234441309194
12.625 1.9776640676065038 4.42 1.9802474030601005 4.437178189929829 -0.01668234441309194
12.875 1.941533818670759 4.42 1.9422751902126891 4.424955161093888 -0.0432510018706274
13.125 1.9269696433315944 4.42 1.9271760657901997 4.421336845970616 -0.053807929155783495
13.375 1.934289648496716 4.42 1.9343471677861723 4.420339524318104 -0.0485132950314933
13.625 1.9533918901662037 4.42 1.9534050507929261 4.420083220047778 -0.03458962805843038
13.875 1.9730184644515014 4.42 1.9730208372738804 4.4200211641680625 -0.02012788497491368
14.125 1.9870723380192024 4.42 1.9870736172179972 4.4200061616277875 -0.009678706501005496
14.375 1.9948609210956887 4.42 1.994861753236628 4.420001678903478 -0.003855097550723615
14.625 1.9983165094233506 4.42 1.9983166317317704 4.419998931498965 -0.0012639670514472895
14.875 1.9995542661463435 4.42 1.999553868984663 4.419996774584708 -0.00033476072351890226
15.125 1.9999090790932463 4.42 1.9999084614781941 4.419995854289882 -6.829060285179713e-05
15.375 1.9999877387406584 4.42 1.9999871285834325 4.419995978969254 -9.209599773068e-06
15.625 1.9999998276955975 4.42 1.999999359255177 4.419996895873521 -1.2942058380315937e-07
15.875 2.00000047297247 4.42 2.0000001844595 4.419998102806125 3.552572240524588e-07
16.125 2.0000001651663326 4.42 2.000000004383512 4.419998937967771 1.240590773561188e-07
16.375 2.000000036479027 4.42 1.9999999442443515 4.4199993881268504 2.7399979986059073e-08
16.625 2.0000000061389285 4.42 1.9999999522567773 4.419999642321976 4.611047172371882e-09
16.875 2.000000000831167 4.42 1.9999999733999132 4.419999817923028 6.243021272063907e-10
17.125 2.0000000000924842 4.42 1.999999990879602 4.419999938857693 6.946621751012237e-11
17.375 2.000000000008522 4.42 2.000000000129452 4.420000000806528 6.400550420574792e-12
17.625 2.0000000000006493 4.42 2.0000000024663804 4.42000001637213 4.87731075149774e-13
17.875 2.0000000000000426 4.42 2.000000001635521 4.420000010859445 3.0406459207729985e-14
18.125 2.000000000000004 4.42 2.0000000004849285 4.420000003219874 1.5081395283077498e-15
18.375 1.999999999999999 4.42 1.9999999999575253 4.4199999997179855 5.5213930824722155e-17
18.625 1.999999999999999 4.42 1.9999999998909572 4.419999999275975 1.0909101867037715e-18
18.875 1.999999999999999 4.42 1.9999999999539027 4.41999999969393 -2.789761923259548e-20
19.125 1.999999999999999 4.42 1.999999999996012 4.419999999973532 -3.954656992153136e-21
19.375 1.999999999999999 4.42 2.000000000005094 4.420000000033838 -2.252142269674823e-22
19.625 1.999999999999999 4.42 2.000000000002627 4.420000000017451 -9.092577194644609e-24
19.875 1.999999999999999 4.42 2.000000000000332 4.420000000002218 -2.8831502816409013e-25
20.125 1.999999999999999 4.42 1.9999999999997873 4.419999999998599 -7.44089836681967e-27
20.375 1.999999999999999 4.42 1.9999999999998843 4.419999999999242 -1.5853487713817023e-28
20.625 1.999999999999999 4.42 1.9999999999999851 4.419999999999908 -2.798298194819873e-30
20.875 1.999999999999999 4.42 2.0000000000000067 4.420000000000052 -4.0714940949284585e-32
21.125 1.999999999999999 4.42 2.0000000000000027 4.420000000000025 -4.802503147034089e-34
21.375 1.999999999999999 4.42 1.9999999999999987 4.420000000000002 -4.404258009248603e-36
21.625 1.999999999999999 4.42 1.9999999999999982 4.419999999999996 -2.7652750956800404e-38
21.875 1.999999999999999 4.42 1.9999999999999987 4.419999999999999 -4.567817789604015e-41
22.125 1.999999999999999 4.42 1.999999999999999 4.42 1.5796414191572262e-42
22.375 1.999999999999999 4.42 1.999999999999999 4.42 2.638888646042497e-44
22.625 1.999999999999999 4.42 1.999999999999999 4.42 2.632942317395744e-46
22.875 1.999999999999999 4.42 1.999999999999999 4.42 1.976589158084722e-48
23.125 1.999999999999999 4.42 1.999999999999999 4.42 1.1883943908134718e-50
23.375 1.999999999999999 4.42 1.999999999999999 4.42 5.861267598663116e-53
23.625 1.999999999999999 4.42 1.999999999999999 4.42 2.3927033740792414e-55
23.875 1.999999999999999 4.42 1.999999999999999 4.42 8.083295968589929e-58
24.125 1.999999999999999 4.42 1.999999999999999 4.42 2.2389513277987053e-60
24.375 1.999999999999999 4.42 1.999999999999999 4.42 4.960217038783217e-63
24.625 1.999999999999999 4.42 1.999999999999999 4.42 8.237583357394523e-66
24.875 1.999999999999999 4.42 1.999999999999999 4.419999999999999 8.023378137447364e-69
