0.125 1.999999999999999 4.42 1.9999999999999063 4.419999999999929 -8.023378137447364e-69
0.375 1.999999999999999 4.42 1.999999999999849 4.420000000000184 -8.237583357394523e-66
0.625 1.999999999999999 4.42 2.0000000000008695 4.419999999998012 -4.960217038783217e-63
0.875 1.999999999999999 4.42 2.0000000000042046 4.419999999990653 -2.2389513277987053e-60
1.125 1.999999999999999 4.42 1.9999999999977454 4.420000000004999 -8.083295968589929e-58
1.375 1.999999999999999 4.42 1.9999999999340665 4.420000000146345 -2.3927033740792414e-55
1.625 1.999999999999999 4.42 1.99999999986525 4.420000000299268 -5.861267598663116e-53
1.875 1.999999999999999 4.42 2.0000000005516725 4.419999998774621 -1.1883943908134718e-50
2.125 1.999999999999999 4.42 2.0000000031373784 4.419999993033011 -1.976589158084722e-48
2.375 1.999999999999999 4.42 2.000000000763497 4.419999998374475 -2.632942317395744e-46
2.625 1.999999999999999 4.42 1.9999999631712773 4.420000081206843 -2.638888646042497e-44
2.875 1.999999999999999 4.42 1.999999901298401 4.420000220042849 -1.5796414191572262e-42
3.125 1.999999999999999 4.42 2.000000199283382 4.4199995862671075 4.567817789604015e-41
3.375 1.999999999999999 4.42 2.0000022259973544 4.41999519371724 2.7652750956800404e-38
3.625 1.999999999999999 4.42 2.0000137755417104 4.419969476034901 4.404258009248603e-36
3.875 1.999999999999999 4.42 2.0000824460254094 4.419816952233234 4.802503147034089e-34
4.125 1.999999999999999 4.42 2.000478133274533 4.418937885795865 4.0714940949284585e-32
4.375 1.999999999999999 4.42 2.0026806895408678 4.414028047455529 2.798298194819873e-30
4.625 1.999999999999999 4.42 2.0144160119936583 4.387423840203866 1.5853487713817023e-28
4.875 1.999999999999999 4.42 2.070997813414663 4.250359479336046 7.44089836681967e-27
5.125 1.999999999999999 4.42 2.280507054398656 3.660620939693315 2.8831502816409013e-25
5.375 1.999999999999999 4.42 2.531676731450865 2.7419116529226177 9.092577194644609e-24
5.625 1.999999999999999 4.42 2.622926896682926 2.439753603355014 2.252142269674823e-22
5.875 1.999999999999999 4.42 2.633326315011635 2.329446731624115 3.954656992153136e-21
6.125 1.999999999999999 4.42 2.632840279981023 2.3380510705491258 2.789761923259548e-20
6.375 1.999999999999999 4.42 2.6125109099277983 2.433135709934908 -1.0909101867037715e-18
6.625 1.999999999999999 4.42 2.5622894075193434 2.644327398552926 -5.5213930824722155e-17
6.875 1.9999999999999991 4.42 2.4866982585226616 2.9403088856451616 -1.5081395283077498e-15
7.125 1.9999999999999607 4.42 2.3955512687382643 3.2682449548322934 -3.0406459207729985e-14
7.375 1.9999999999993494 4.42 2.2986712614659934 3.5669286101214004 -4.87731075149774e-13
7.625 2.999999999991479 4.42 2.209204388607329 3.8564496912705666 -6.400550420574792e-12
7.875 2.9999999999075158 4.42 2.1274857625914123 4.082498378549887 -6.946621751012237e-11
8.125 2.9999999991688338 4.42 2.0604531309617036 4.245727665549618 -6.243021272063907e-10
8.375 2.999999993861073 4.42 2.0195630470016166 4.360490910701281 -4.611047172371882e-09
8.625 2.9999999635209753 4.42 1.9963478348736858 4.395717849762226 -2.7399979986059073e-08
8.875 2.9999998348336523 4.42 1.9907659121107546 4.401155324879269 -1.240590773561188e-07
9.125 2.999999527027414 4.42 1.9931193559087172 4.397122901890491 -3.552572240524588e-07
9.375 3.0000001723043885 4.42 1.9969458383735463 4.393955395270391 1.2942058380315937e-07
9.625 2.000012261184625 4.42 1.9949600868382535 4.399684749956898 9.209599773068e-06
9.875 2.000090916798193 4.42 1.9925516596517996 4.399852482782897 6.829060285179713e-05
10.125 2.000445635126551 4.42 1.9957002732033873 4.391329547170431 0.00033476072351890226
10.375 2.001682083101676 4.42 1.991088513248775 4.404623405493419 0.0012639670514472895
10.625 2.00512598540328 4.42 1.997930991534243 4.402239277302979 0.003855097550723615
10.875 2.012845112568688 4.42 2.0069775939272043 4.424394425917042 0.009678706501005496
11.125 2.026624222670182 4.42 2.0293938986670232 4.464571614769423 0.02012788497491368
11.375 2.0455505747316267 4.42 2.0634830677230873 4.542728530202873 0.03458962805843038
11.625 2.0636233536458644 4.42 2.104976709384191 4.670160088183352 0.0485132950314933
11.875 2.0704590708615243 4.42 2.143316718229723 4.857862632510368 0.053807929155783495
12.125 2.0568096161460683 4.42 2.168758044867448 5.113458357988879 0.0432510018706274
12.375 2.022090566290612 4.42 2.1803457765622674 5.443790414597288 0.01668234441309194
12.625 1.9776640676065038 4.42 2.1842897683658853 5.817505397723595 -0.01668234441309194
12.875 1.941533818670759 4.42 2.1819787246181814 6.102692072616757 -0.0432510018706274
13.125 1.9269696433315944 4.42 2.182994335357781 6.246348494900337 -0.053807929155783495
13.375 1.934289648496716 4.42 2.1946512518661847 6.284327400630746 -0.0485132950314933
13.625 1.9533918901662037 4.42 2.2134412721402192 6.280334273457628 -0.03458962805843038
13.875 1.9730184644515014 4.42 2.2270966656424602 6.227151568964585 -0.02012788497491368
14.125 1.9870723380192024 4.42 2.2206311527576728 6.068296870764484 -0.009678706501005496
14.375 1.9948609210956887 4.42 2.1820498557832053 5.7243465344836615 -0.003855097550723615
14.625 1.9983165094233506 4.42 2.108947708145492 5.174656617905724 -0.0012639670514472895
14.875 1.9995542661463435 4.42 2.050519168702624 4.762834828276096 -0.00033476072351890226
15.125 1.9999090790932463 4.42 2.021825138440891 4.566367341333153 -6.829060285179713e-05
15.375 1.9999877387406584 4.42 2.0089344840613754 4.479550721355929 -9.209599773068e-06
15.625 1.9999998276955975 4.42 2.003496159561297 4.443238076561899 -1.2942058380315937e-07
15.875 2.00000047297247 4.42 2.0013136743216737 4.428722833698096 3.552572240524588e-07
16.125 2.0000001651663326 4.42 2.0004752589852477 4.42315502639633 1.240590773561188e-07
16.375 2.000000036479027 4.42 2.0001658810998055 4.421101248038248 2.7399979986059073e-08
16.625 2.0000000061389285 4.42 2.0000559191563885 4.420371246973609 4.611047172371882e-09
16.875 2.000000000831167 4.42 2.000018129325653 4.420120304709199 6.243021272063907e-10
17.125 2.0000000000924842 4.42 2.0000055004927244 4.420036327105143 6.946621751012237e-11
17.375 2.000000000008522 4.42 2.000001388880853 4.420008673545204 6.400550420574792e-12
17.625 2.0000000000006493 4.42 2.0000000570078025 4.419999729689162 4.87731075149774e-13
17.875 2.0000000000000426 4.42 1.9999996008723473 4.419997213683845 3.0406459207729985e-14
18.125 2.000000000000004 4.42 1.9999995227569947 4.419996848843832 1.5081395283077498e-15
18.375 1.999999999999999 4.42 1.9999995928318295 4.419997299375266 5.5213930824722155e-17
18.625 1.999999999999999 4.42 1.9999997197950397 4.419998142674357 1.0909101867037715e-18
18.875 1.999999999999999 4.42 1.9999998365707587 4.419998919118218 -2.789761923259548e-20
19.125 1.999999999999999 4.42 1.9999999154575037 4.419999440081906 -3.954656992153136e-21
19.375 1.999999999999999 4.42 1.9999999608156194 4.419999740102152 -2.252142269674823e-22
19.625 1.999999999999999 4.42 1.9999999846623298 4.419999898203262 -9.092577194644609e-24
19.875 1.999999999999999 4.42 1.999999996359679 4.419999975834729 -2.8831502816409013e-25
20.125 1.999999999999999 4.42 2.000000001368745 4.4200000090888745 -7.44089836681967e-27
20.375 1.999999999999999 4.42 2.0000000026582607 4.420000017650587 -1.5853487713817023e-28
20.625 1.999999999999999 4.42 2.000000002117802 4.420000014062016 -2.798298194819873e-30
20.875 1.999999999999999 4.42 2.000000001073257 4.4200000071263394 -4.0714940949284585e-32
21.125 1.999999999999999 4.42 2.000000000271524 4.420000001802914 -4.802503147034089e-34
21.375 1.999999999999999 4.42 1.999999999908991 4.419999999395729 -4.404258009248603e-36
21.625 1.999999999999999 4.42 1.9999999998567048 4.419999999048555 -2.7652750956800404e-38
21.875 1.999999999999999 4.42 1.999999999920227 4.419999999470335 -4.567817789604015e-41
22.125 1.999999999999999 4.42 1.999999999980556 4.419999999870905 1.5796414191572262e-42
22.375 1.999999999999999 4.42 2.0000000000060334 4.420000000040082 2.638888646042497e-44
22.625 1.999999999999999 4.42 2.0000000000081837 4.420000000054362 2.632942317395744e-46
22.875 1.999999999999999 4.42 2.000000000003638 4.420000000024178 1.976589158084722e-48
23.125 1.999999999999999 4.42 2.000000000000409 4.420000000002733 1.1883943908134718e-50
23.375 1.999999999999999 4.42 1.999999999999496 4.419999999996669 5.861267598663116e-53
23.625 1.999999999999999 4.42 1.9999999999996447 4.419999999997655 2.3927033740792414e-55
23.875 1.999999999999999 4.42 1.9999999999999059 4.419999999999387 8.083295968589929e-58
24.125 1.999999999999999 4.42 2.0000000000000133 4.420000000000108 2.2389513277987053e-60
24.375 1.999999999999999 4.42 2.000000000000021 4.420000000000157 4.960217038783217e-63
24.625 1.999999999999999 4.42 2.0000000000000058 4.420000000000048 8.237583357394523e-66
24.875 1.999999999999999 4.42 1.9999999999999993 4.419999999999986 8.023378137447364e-69
