0.125 1.999999999999999 4.42 1.9999999999999063 4.419999999999929 -8.023378137447364e-69
0.375 1.999999999999999 4.42 1.999999999999849 4.420000000000184 -8.237583357394523e-66
0.625 1.999999999999999 4.42 2.0000000000008695 4.419999999998012 -4.960217038783217e-63
0.875 1.999999999999999 4.42 2.0000000000042046 4.419999999990653 -2.2389513277987053e-60
1.125 1.999999999999999 4.42 1.9999999999977458 4.420000000004999 -8.083295968589929e-58
1.375 1.999999999999999 4.42 1.9999999999340665 4.420000000146347 -2.3927033740792414e-55
1.625 1.999999999999999 4.42 1.9999999998652496 4.420000000299268 -5.861267598663116e-53
1.875 1.999999999999999 4.42 2.0000000005516725 4.419999998774621 -1.1883943908134718e-50
2.125 1.999999999999999 4.42 2.0000000031373775 4.419999993033011 -1.976589158084722e-48
2.375 1.999999999999999 4.42 2.0000000007634977 4.419999998374471 -2.632942317395744e-46
2.625 1.999999999999999 4.42 1.9999999631712801 4.420000081206835 -2.638888646042497e-44
2.875 1.999999999999999 4.42 1.999999901298401 4.420000220042849 -1.5796414191572262e-42
3.125 1.999999999999999 4.42 2.0000001992833685 4.4199995862671395 4.567817789604015e-41
3.375 1.999999999999999 4.42 2.0000022259972905 4.41999519371734 2.7652750956800404e-38
3.625 1.999999999999999 4.42 2.0000137755415377 4.41996947603535 4.404258009248603e-36
3.875 1.999999999999999 4.42 2.000082446024974 4.419816952234186 4.802503147034089e-34
4.125 1.999999999999999 4.42 2.000478133275175 4.418937885794427 4.0714940949284585e-32
4.375 1.999999999999999 4.42 2.002680689548025 4.4140280474402225 2.798298194819873e-30
4.625 1.999999999999999 4.42 2.0144160119239434 4.3874238403809 1.5853487713817023e-28
4.875 1.999999999999999 4.42 2.0709978123122585 4.25035948202621 7.44089836681967e-27
5.125 1.999999999999999 4.42 2.2805070541122925 3.6606209378178636 2.8831502816409013e-25
5.375 1.999999999999999 4.42 2.53167672522734 2.741911663656257 9.092577194644609e-24
5.625 1.999999999999999 4.42 2.6229268952404077 2.4397536240277007 2.252142269674823e-22
5.875 1.999999999999999 4.42 2.6333263200273165 2.3294467125559732 3.954656992153136e-21
6.125 1.999999999999999 4.42 2.632840295124132 2.338051026221227 2.789761923259548e-20
6.375 1.999999999999999 4.42 2.6125109159159114 2.4331357028529554 -1.0909101867037715e-18
6.625 1.999999999999999 4.42 2.562289418267109 2.6443273455259217 -5.5213930824722155e-17
6.875 1.9999999999999991 4.42 2.48669827826776 2.9403087847382916 -1.5081395283077498e-15
7.125 1.9999999999999607 4.42 2.3955512961976027 3.2682448584406796 -3.0406459207729985e-14
7.375 1.9999999999993494 4.42 2.2986712917542653 3.5669285255208907 -4.87731075149774e-13
7.625 2.999999999991479 4.42 2.2092044104827773 3.8564496283123657 -6.400550420574792e-12
7.875 2.9999999999075158 4.42 2.1274857630466597 4.082498377047126 -6.946621751012237e-11
8.125 2.9999999991688338 4.42 2.060453102389179 4.245727704078892 -6.243021272063907e-10
8.375 2.999999993861073 4.42 2.019563062369825 4.360490932959204 -4.611047172371882e-09
8.625 2.9999999635209753 4.42 1.99634796814022 4.395717409242845 -2.7399979986059073e-08
8.875 2.9999998348336523 4.42 1.9907662946110691 4.401154662988269 -1.240590773561188e-07
9.125 2.999999527027414 4.42 1.9931201454031635 4.397121192788771 -3.552572240524588e-07
9.375 3.0000001723043885 4.42 1.996946799156406 4.393953287431323 1.2942058380315937e-07
9.625 2.000012261184625 4.42 1.9949606545667868 4.399683267974648 9.209599773068e-06
9.875 2.000090916798193 4.42 1.9925511701767513 4.399853661181393 6.829060285179713e-05
10.125 2.000445635126551 4.42 1.9956981610799263 4.3913352570872055 0.00033476072351890226
10.375 2.001682083101676 4.42 1.9910847974652377 4.404632033380974 0.0012639670514472895
10.625 2.00512598540328 4.42 1.997926861903864 4.402246377903575 0.003855097550723615
10.875 2.012845112568688 4.42 2.006979884840356 4.424388590221632 0.009678706501005496
11.125 2.026624222670182 4.42 2.0294067722626172 4.464530748101696 0.02012788497491368
11.375 2.0455505747316267 4.42 2.063510384719814 4.542649918624782 0.03458962805843038
11.625 2.0636233536458644 4.42 2.1050149843449666 4.670050542046223 0.0485132950314933
11.875 2.0704590708615243 4.42 2.1433531497952227 4.857774446325937 0.053807929155783495
12.125 2.0568096161460683 4.42 2.168777711956948 5.113451756996547 0.0432510018706274
12.375 2.022090566290612 4.42 2.180333823131409 5.443830345990332 0.01668234441309194
12.625 1.9776640676065038 4.42 2.1842371155300615 5.817450948632733 -0.01668234441309194
12.875 1.941533818670759 4.42 2.1819472048140836 6.10278246737664 -0.0432510018706274
13.125 1.9269696433315944 4.42 2.1829930906431985 6.2464494910521084 -0.053807929155783495
13.375 1.934289648496716 4.42 2.194637336839016 6.284363869531022 -0.0485132950314933
13.625 1.9533918901662037 4.42 2.213445336006025 6.28031738848765 -0.03458962805843038
13.875 1.9730184644515014 4.42 2.22710959308505 6.227122976214153 -0.02012788497491368
14.125 1.9870723380192024 4.42 2.2206315285656846 6.068240167633328 -0.009678706501005496
14.375 1.9948609210956887 4.42 2.1820310916115946 5.724218200029817 -0.003855097550723615
14.625 1.9983165094233506 4.42 2.1089409724611516 5.174611719341065 -0.0012639670514472895
14.875 1.9995542661463435 4.42 2.05052629993034 4.762858153262991 -0.00033476072351890226
15.125 1.9999090790932463 4.42 2.0218233994912924 4.566345763945166 -6.829060285179713e-05
15.375 1.9999877387406584 4.42 2.0089292645050625 4.479520298253433 -9.209599773068e-06
15.625 1.9999998276955975 4.42 2.003492461254794 4.443215161813545 -1.2942058380315937e-07
15.875 2.00000047297247 4.42 2.0013108328652036 4.428704265749719 3.552572240524588e-07
16.125 2.0000001651663326 4.42 2.000472807352233 4.423138805235407 1.240590773561188e-07
16.375 2.000000036479027 4.42 2.000163819397298 4.421087582282409 2.7399979986059073e-08
16.625 2.0000000061389285 4.42 2.0000543815899956 4.4203610557632675 4.611047172371882e-09
16.875 2.000000000831167 4.42 2.0000172151496853 4.4201142464220355 6.243021272063907e-10
17.125 2.0000000000924842 4.42 2.0000051976829436 4.420034334805952 6.946621751012237e-11
17.375 2.000000000008522 4.42 2.000001591904437 4.420009944012228 6.400550420574792e-12
17.625 2.0000000000006493 4.42 2.0000005576019264 4.420003198605341 4.87731075149774e-13
17.875 2.0000000000000426 4.42 2.0000002646160615 4.420001735137635 3.0406459207729985e-14
18.125 2.000000000000004 4.42 2.000000229547684 4.420001523798149 1.5081395283077498e-15
18.375 1.999999999999999 4.42 2.0000002250599684 4.420001492795727 5.5213930824722155e-17
18.625 1.999999999999999 4.42 2.0000001893360126 4.420001256756543 1.0909101867037715e-18
18.875 1.999999999999999 4.42 2.0000001295395218 4.4200008598041425 -2.789761923259548e-20
19.125 1.999999999999999 4.42 2.0000000722429814 4.420000479162978 -3.954656992153136e-21
19.375 1.999999999999999 4.42 2.0000000318074225 4.420000210983293 -2.252142269674823e-22
19.625 1.999999999999999 4.42 2.0000000082804332 4.420000054931646 -9.092577194644609e-24
19.875 1.999999999999999 4.42 1.9999999968938873 4.419999979369119 -2.8831502816409013e-25
20.125 1.999999999999999 4.42 1.9999999932615333 4.419999955257429 -7.44089836681967e-27
20.375 1.999999999999999 4.42 1.999999994024399 4.4199999603227065 -1.5853487713817023e-28
20.625 1.999999999999999 4.42 1.9999999964980504 4.419999976747474 -2.798298194819873e-30
20.875 1.999999999999999 4.42 1.999999998800645 4.419999992036493 -4.0714940949284585e-32
21.125 1.999999999999999 4.42 2.0000000001023466 4.420000000679608 -4.802503147034089e-34
21.375 1.999999999999999 4.42 2.000000000463843 4.420000003079894 -4.404258009248603e-36
21.625 1.999999999999999 4.42 2.0000000003380722 4.420000002244789 -2.7652750956800404e-38
21.875 1.999999999999999 4.42 2.000000000124378 4.420000000825875 -4.567817789604015e-41
22.125 1.999999999999999 4.42 1.9999999999989555 4.419999999993088 1.5796414191572262e-42
22.375 1.999999999999999 4.42 1.9999999999676004 4.4199999997848884 2.638888646042497e-44
22.625 1.999999999999999 4.42 1.999999999978946 4.419999999860219 2.632942317395744e-46
22.875 1.999999999999999 4.42 1.999999999994253 4.419999999961852 1.976589158084722e-48
23.125 1.999999999999999 4.42 2.0000000000012155 4.420000000008078 1.1883943908134718e-50
23.375 1.999999999999999 4.42 2.000000000001945 4.420000000012927 5.861267598663116e-53
23.625 1.999999999999999 4.42 2.0000000000008447 4.420000000005623 2.3927033740792414e-55
23.875 1.999999999999999 4.42 2.0000000000000693 4.420000000000479 8.083295968589929e-58
24.125 1.999999999999999 4.42 1.9999999999998708 4.419999999999155 2.2389513277987053e-60
24.375 1.999999999999999 4.42 1.9999999999999183 4.41999999999947 4.960217038783217e-63
24.625 1.999999999999999 4.42 1.9999999999999811 4.419999999999883 8.237583357394523e-66
24.875 1.999999999999999 4.42 2.000000000000002 4.420000000000028 8.023378137447364e-69
