0.125 1.999999999999999 4.42 1.999999999999999 4.42 -8.023378137447364e-69
0.375 1.999999999999999 4.42 1.999999999999999 4.42 -8.237583357394523e-66
0.625 1.999999999999999 4.42 1.999999999999999 4.42 -4.960217038783217e-63
0.875 1.999999999999999 4.42 1.999999999999999 4.42 -2.2389513277987053e-60
1.125 1.999999999999999 4.42 1.999999999999999 4.42 -8.083295968589929e-58
1.375 1.999999999999999 4.42 1.999999999999999 4.42 -2.3927033740792414e-55
1.625 1.999999999999999 4.42 1.9999999999999982 4.42 -5.861267598663116e-53
1.875 1.999999999999999 4.42 1.999999999999989 4.4200000000000195 -1.1883943908134718e-50
2.125 1.999999999999999 4.42 1.9999999999999774 4.420000000000045 -1.976589158084722e-48
2.375 1.999999999999999 4.42 2.0000000000002096 4.41999999999953 -2.632942317395744e-46
2.625 1.999999999999999 4.42 2.0000000000010516 4.4199999999976605 -2.638888646042497e-44
2.875 1.999999999999999 4.42 1.9999999999971443 4.420000000006332 -1.5796414191572262e-42
3.125 1.999999999999999 4.42 1.999999999967444 4.420000000072279 4.567817789604015e-41
3.375 1.999999999999999 4.42 1.9999999999885214 4.420000000025166 2.7652750956800404e-38
3.625 1.999999999999999 4.42 2.0000000006968968 4.419999998455307 4.404258009248603e-36
3.875 1.999999999999999 4.42 2.0000000018909168 4.419999995801843 4.802503147034089e-34
4.125 1.999999999999999 4.42 1.9999999904660954 4.420000020946535 4.0714940949284585e-32
4.375 1.999999999999999 4.42 1.9999999419857 4.420000131235508 2.798298194819873e-30
4.625 1.999999999999999 4.42 2.00000003913732 4.419999902329705 1.5853487713817023e-28
4.875 1.999999999999999 4.42 2.000001364662611 4.419997138024401 7.44089836681967e-27
5.125 1.999999999999999 4.42 2.0000117456372504 4.4199739425259 2.8831502816409013e-25
5.375 1.999999999999999 4.42 2.0000961470258396 4.419786501034568 9.092577194644609e-24
5.625 1.999999999999999 4.42 2.0007309456010427 4.4183752884424345 2.252142269674823e-22
5.875 1.999999999999999 4.42 2.005119361530549 4.40854322917243 3.954656992153136e-21
6.125 1.999999999999999 4.42 2.0322835181463756 4.345203417886102 2.789761923259548e-20
6.375 1.999999999999999 4.42 2.1660206463738803 3.9921269090653415 -1.0909101867037715e-18
6.625 1.999999999999999 4.42 2.488862707509973 2.949720560135791 -5.5213930824722155e-17
6.875 1.9999999999999991 4.42 2.627354539404906 2.3128864719412454 -1.5081395283077498e-15
7.125 1.9999999999999607 4.42 2.6625168824400416 2.2578414379175924 -3.0406459207729985e-14
7.375 1.9999999999993494 4.42 2.657856187990622 2.2549103712789975 -4.87731075149774e-13
7.625 2.999999999991479 4.42 2.6492388132439517 2.2514830746643875 -6.400550420574792e-12
7.875 2.9999999999075158 4.42 2.635713935482709 2.293799670845419 -6.946621751012237e-11
8.125 2.9999999991688338 4.42 2.585284379205275 2.523272213798151 -6.243021272063907e-10
8.375 2.999999993861073 4.42 2.4760536753818427 2.9897109913289706 -4.611047172371882e-09
8.625 2.9999999635209753 4.42 2.354544125972924 3.4801147364897953 -2.7399979986059073e-08
8.875 2.9999998348336523 4.42 2.1866867999035415 4.226010786062672 -1.240590773561188e-07
9.125 2.999999527027414 4.42 2.097896575946459 4.777952210064948 -3.552572240524588e-07
9.375 3.0000001723043885 4.42 2.1020730684504296 5.204609611316392 1.2942058380315937e-07
9.625 2.000012261184625 4.42 2.173381745103673 5.628943054021652 9.209599773068e-06
9.875 2.000090916798193 4.42 2.2300868255457247 6.032183109956879 6.829060285179713e-05
10.125 2.000445635126551 4.42 2.2629038997195075 6.3059931581166255 0.00033476072351890226
10.375 2.001682083101676 4.42 2.285219583563718 6.426708268267748 0.0012639670514472895
10.625 2.00512598540328 4.42 2.2887637765504447 6.458288887689413 0.003855097550723615
10.875 2.012845112568688 4.42 2.295573003867916 6.4413409498411465 0.009678706501005496
11.125 2.026624222670182 4.42 2.295352224675659 6.3376590172731095 0.02012788497491368
11.375 2.0455505747316267 4.42 2.2768870018934813 6.055116004692833 0.03458962805843038
11.625 2.0636233536458644 4.42 2.216531200325551 5.475177793205969 0.0485132950314933
11.875 2.0704590708615243 4.42 2.136719249005021 4.8674451576605104 0.053807929155783495
12.125 2.0568096161460683 4.42 2.081567954586423 4.58516953056817 0.0432510018706274
12.375 2.022090566290612 4.42 2.0304455147788074 4.47538336417027 0.01668234441309194
12.625 1.9776640676065038 4.42 1.9802465780821779 4.437103693919749 -0.01668234441309194
12.875 1.941533818670759 4.42 1.942281686631779 4.424901637858411 -0.0432510018706274
13.125 1.9269696433315944 4.42 1.9271714594119318 4.421306906029207 -0.053807929155783495
13.375 1.934289648496716 4.42 1.9343297278933298 4.420322443946887 -0.0485132950314933
13.625 1.9533918901662037 4.42 1.953397542898602 4.420070017654962 -0.03458962805843038
13.875 1.9730184644515014 4.42 1.97302246290323 4.42000951011405 -0.02012788497491368
14.125 1.9870723380192024 4.42 1.9870731086316864 4.419997044385899 -0.009678706501005496
14.375 1.9948609210956887 4.42 1.9948593383619908 4.41999650096683 -0.003855097550723615
14.625 1.9983165094233506 4.42 1.9983155634913472 4.419997344128532 -0.0012639670514472895
14.875 1.9995542661463435 4.42 1.9995541928691916 4.419999407161066 -0.00033476072351890226
15.125 1.9999090790932463 4.42 1.9999093729486004 4.420001492670712 -6.829060285179713e-05
15.375 1.9999877387406584 4.42 1.9999881003942606 4.420002210644645 -9.209599773068e-06
15.625 1.9999998276955975 4.42 2.000000139408508 4.420002034077953 -1.2942058380315937e-07
15.875 2.00000047297247 4.42 2.0000006844700757 4.420001397646378 3.552572240524588e-07
16.125 2.0000001651663326 4.42 2.0000002892762465 4.420000821808098 1.240590773561188e-07
16.375 2.000000036479027 4.42 2.000000110186793 4.420000489248313 2.7399979986059073e-08
16.625 2.0000000061389285 4.42 2.0000000495016463 4.420000287886799 4.611047172371882e-09
16.875 2.000000000831167 4.42 2.0000000194249505 4.420000123391485 6.243021272063907e-10
17.125 2.0000000000924842 4.42 2.0000000002811626 4.42000000121223 6.946621751012237e-11
17.375 2.000000000008522 4.42 1.999999992330495 4.419999949018409 6.400550420574792e-12
17.625 2.0000000000006493 4.42 1.99999999315564 4.419999954550094 4.87731075149774e-13
17.875 2.0000000000000426 4.42 1.9999999969727575 4.419999979899515 3.0406459207729985e-14
18.125 2.000000000000004 4.42 1.9999999996785904 4.419999997865974 1.5081395283077498e-15
18.375 1.999999999999999 4.42 2.0000000005016147 4.420000003330685 5.5213930824722155e-17
18.625 1.999999999999999 4.42 2.000000000358596 4.420000002381053 1.0909101867037715e-18
18.875 1.999999999999999 4.42 2.00000000009495 4.420000000630473 -2.789761923259548e-20
19.125 1.999999999999999 4.42 1.9999999999828448 4.419999999886104 -3.954656992153136e-21
19.375 1.999999999999999 4.42 1.9999999999759541 4.41999999984035 -2.252142269674823e-22
19.625 1.999999999999999 4.42 1.9999999999920943 4.419999999947519 -9.092577194644609e-24
19.875 1.999999999999999 4.42 2.0000000000002887 4.420000000001931 -2.8831502816409013e-25
20.125 1.999999999999999 4.42 2.0000000000012284 4.420000000008165 -7.44089836681967e-27
20.375 1.999999999999999 4.42 2.0000000000004188 4.420000000002792 -1.5853487713817023e-28
20.625 1.999999999999999 4.42 1.9999999999999902 4.4199999999999475 -2.798298194819873e-30
20.875 1.999999999999999 4.42 1.9999999999999438 4.4199999999996376 -4.0714940949284585e-32
21.125 1.999999999999999 4.42 1.9999999999999818 4.4199999999998845 -4.802503147034089e-34
21.375 1.999999999999999 4.42 1.9999999999999991 4.4200000000000035 -4.404258009248603e-36
21.625 1.999999999999999 4.42 2.0 4.420000000000011 -2.7652750956800404e-38
21.875 1.999999999999999 4.42 1.999999999999999 4.420000000000002 -4.567817789604015e-41
22.125 1.999999999999999 4.42 1.999999999999999 4.42 1.5796414191572262e-42
22.375 1.999999999999999 4.42 1.999999999999999 4.42 2.638888646042497e-44
22.625 1.999999999999999 4.42 1.999999999999999 4.42 2.632942317395744e-46
22.875 1.999999999999999 4.42 1.999999999999999 4.42 1.976589158084722e-48
23.125 1.999999999999999 4.42 1.999999999999999 4.42 1.1883943908134718e-50
23.375 1.999999999999999 4.42 1.999999999999999 4.42 5.861267598663116e-53
23.625 1.999999999999999 4.42 1.999999999999999 4.42 2.3927033740792414e-55
23.875 1.999999999999999 4.42 1.999999999999999 4.42 8.083295968589929e-58
24.125 1.999999999999999 4.42 1.999999999999999 4.42 2.2389513277987053e-60
24.375 1.999999999999999 4.42 1.999999999999999 4.42 4.960217038783217e-63
24.625 1.999999999999999 4.42 1.999999999999999 4.42 8.237583357394523e-66
24.875 1.999999999999999 4.42 1.999999999999999 4.419999999999999 8.023378137447364e-69
