0.125 1.999999999999999 4.42 1.999999999999999 4.42 -8.023378137447364e-69
0.375 1.999999999999999 4.42 1.999999999999999 4.42 -8.237583357394523e-66
0.625 1.999999999999999 4.42 1.999999999999999 4.42 -4.960217038783217e-63
0.875 1.999999999999999 4.42 1.999999999999999 4.42 -2.2389513277987053e-60
1.125 1.999999999999999 4.42 1.999999999999999 4.42 -8.083295968589929e-58
1.375 1.999999999999999 4.42 1.999999999999999 4.42 -2.3927033740792414e-55
1.625 1.999999999999999 4.42 1.9999999999999982 4.420000000000001 -5.861267598663116e-53
1.875 1.999999999999999 4.42 1.9999999999999891 4.420000000000019 -1.1883943908134718e-50
2.125 1.999999999999999 4.42 1.9999999999999778 4.420000000000045 -1.976589158084722e-48
2.375 1.999999999999999 4.42 2.0000000000002096 4.419999999999529 -2.632942317395744e-46
2.625 1.999999999999999 4.42 2.0000000000010516 4.41999999999766 -2.638888646042497e-44
2.875 1.999999999999999 4.42 1.999999999997145 4.420000000006332 -1.5796414191572262e-42
3.125 1.999999999999999 4.42 1.9999999999674445 4.420000000072281 4.567817789604015e-41
3.375 1.999999999999999 4.42 1.9999999999885223 4.420000000025164 2.7652750956800404e-38
3.625 1.999999999999999 4.42 2.0000000006968968 4.4199999984553076 4.404258009248603e-36
3.875 1.999999999999999 4.42 2.000000001890908 4.419999995801865 4.802503147034089e-34
4.125 1.999999999999999 4.42 1.9999999904660473 4.420000020946645 4.0714940949284585e-32
4.375 1.999999999999999 4.42 1.9999999419857548 4.420000131235428 2.798298194819873e-30
4.625 1.999999999999999 4.42 2.000000039138355 4.419999902327719 1.5853487713817023e-28
4.875 1.999999999999999 4.42 2.000001364667378 4.4199971380124445 7.44089836681967e-27
5.125 1.999999999999999 4.42 2.000011745670328 4.419973942452167 2.8831502816409013e-25
5.375 1.999999999999999 4.42 2.0000961472140846 4.419786500618683 9.092577194644609e-24
5.625 1.999999999999999 4.42 2.0007309464254153 4.418375286588493 2.252142269674823e-22
5.875 1.999999999999999 4.42 2.005119363667856 4.4085432237099225 3.954656992153136e-21
6.125 1.999999999999999 4.42 2.0322834999801382 4.345203451099082 2.789761923259548e-20
6.375 1.999999999999999 4.42 2.1660206619442017 3.992126586239988 -1.0909101867037715e-18
6.625 1.999999999999999 4.42 2.4888627584134317 2.949720440286626 -5.5213930824722155e-17
6.875 1.9999999999999991 4.42 2.6273545518055883 2.312886450248194 -1.5081395283077498e-15
7.125 1.9999999999999607 4.42 2.662516956057084 2.257841362535271 -3.0406459207729985e-14
7.375 1.9999999999993494 4.42 2.657856147479454 2.2549103977478 -4.87731075149774e-13
7.625 2.999999999991479 4.42 2.649238486299962 2.251484803855358 -6.400550420574792e-12
7.875 2.9999999999075158 4.42 2.635712664332825 2.2938051329706224 -6.946621751012237e-11
8.125 2.9999999991688338 4.42 2.5852805832157975 2.5232871986767234 -6.243021272063907e-10
8.375 2.999999993861073 4.42 2.4760442474408064 2.989746128096456 -4.611047172371882e-09
8.625 2.9999999635209753 4.42 2.354530479048754 3.4801576892990087 -2.7399979986059073e-08
8.875 2.9999998348336523 4.42 2.1866642869211224 4.226062994703241 -1.240590773561188e-07
9.125 2.999999527027414 4.42 2.097847344906712 4.778059550462867 -3.552572240524588e-07
9.375 3.0000001723043885 4.42 2.1019498018486455 5.204841984829018 1.2942058380315937e-07
9.625 2.000012261184625 4.42 2.173306285468347 5.629586153544209 9.209599773068e-06
9.875 2.000090916798193 4.42 2.229980834984181 6.031846465213795 6.829060285179713e-05
10.125 2.000445635126551 4.42 2.26276344775056 6.303687852368389 0.00033476072351890226
10.375 2.001682083101676 4.42 2.2863291263973715 6.427156376713331 0.0012639670514472895
10.625 2.00512598540328 4.42 2.2909773488408383 6.4617502828620115 0.003855097550723615
10.875 2.012845112568688 4.42 2.2979189421427417 6.437067804370106 0.009678706501005496
11.125 2.026624222670182 4.42 2.293742647764021 6.339947632465699 0.02012788497491368
11.375 2.0455505747316267 4.42 2.2750846992113223 6.048121608017864 0.03458962805843038
11.625 2.0636233536458644 4.42 2.2146929614547557 5.465595075628948 0.0485132950314933
11.875 2.0704590708615243 4.42 2.138100121859718 4.901164874990035 0.053807929155783495
12.125 2.0568096161460683 4.42 2.0804403620293948 4.616715229919075 0.0432510018706274
12.375 2.022090566290612 4.42 2.027225010528473 4.478158430959499 0.01668234441309194
12.625 1.9776640676065038 4.42 1.9790996366777738 4.410207519524864 -0.01668234441309194
12.875 1.941533818670759 4.42 1.9465394960359297 4.390245031600518 -0.0432510018706274
13.125 1.9269696433315944 4.42 1.9256194277113106 4.406092553307483 -0.053807929155783495
13.375 1.934289648496716 4.42 1.934614671146473 4.417384922689489 -0.0485132950314933
13.625 1.9533918901662037 4.42 1.9535427634364937 4.419920134498062 -0.03458962805843038
13.875 1.9730184644515014 4.42 1.972999580295709 4.424192204260594 -0.02012788497491368
14.125 1.9870723380192024 4.42 1.9872240511745622 4.4283726236779 -0.009678706501005496
14.375 1.9948609210956887 4.42 1.9952479164086232 4.428703118347826 -0.003855097550723615
14.625 1.9983165094233506 4.42 1.998932681381175 4.427964839593974 -0.0012639670514472895
14.875 1.9995542661463435 4.42 2.0001463746108863 4.424176837137781 -0.00033476072351890226
15.125 1.9999090790932463 4.42 2.000179720071602 4.421898353444096 -6.829060285179713e-05
15.375 1.9999877387406584 4.42 1.999941820172436 4.41970810885544 -9.209599773068e-06
15.625 1.9999998276955975 4.42 1.9998253303490041 4.4188485094582175 -1.2942058380315937e-07
15.875 2.00000047297247 4.42 1.9998074804956638 4.418714693570594 3.552572240524588e-07
16.125 2.0000001651663326 4.42 1.9998160842308161 4.418778214198871 1.240590773561188e-07
16.375 2.000000036479027 4.42 1.9998571727120693 4.419051308341153 2.7399979986059073e-08
16.625 2.0000000061389285 4.42 1.999918522806363 4.419458933216133 4.611047172371882e-09
16.875 2.000000000831167 4.42 1.999960844743668 4.419740030287196 6.243021272063907e-10
17.125 2.0000000000924842 4.42 1.999982305224425 4.419882601759896 6.946621751012237e-11
17.375 2.000000000008522 4.42 1.9999925498947855 4.419950765936013 6.400550420574792e-12
17.625 2.0000000000006493 4.42 1.999997057943318 4.4199809467194795 4.87731075149774e-13
17.875 2.0000000000000426 4.42 1.9999988961769481 4.4199933555306234 3.0406459207729985e-14
18.125 2.000000000000004 4.42 1.9999996501622714 4.419998009855995 1.5081395283077498e-15
18.375 1.999999999999999 4.42 1.9999999282251304 4.4199995604887565 5.5213930824722155e-17
18.625 1.999999999999999 4.42 2.0000000042647628 4.420000028964614 1.0909101867037715e-18
18.875 1.999999999999999 4.42 2.0000000129560878 4.420000086007774 -2.789761923259548e-20
19.125 1.999999999999999 4.42 2.000000005314871 4.420000035287067 -3.954656992153136e-21
19.375 1.999999999999999 4.42 2.000000000249752 4.420000001657884 -2.252142269674823e-22
19.625 1.999999999999999 4.42 1.9999999992830915 4.4199999952398255 -9.092577194644609e-24
19.875 1.999999999999999 4.42 1.9999999996789528 4.419999997868295 -2.8831502816409013e-25
20.125 1.999999999999999 4.42 1.9999999999808993 4.419999999873186 -7.44089836681967e-27
20.375 1.999999999999999 4.42 2.000000000037334 4.42000000024791 -1.5853487713817023e-28
20.625 1.999999999999999 4.42 2.000000000015459 4.420000000102664 -2.798298194819873e-30
20.875 1.999999999999999 4.42 2.0000000000003517 4.420000000002346 -4.0714940949284585e-32
21.125 1.999999999999999 4.42 1.9999999999981952 4.419999999988027 -4.802503147034089e-34
21.375 1.999999999999999 4.42 1.9999999999994003 4.419999999996037 -4.404258009248603e-36
21.625 1.999999999999999 4.42 2.0000000000000293 4.420000000000207 -2.7652750956800404e-38
21.875 1.999999999999999 4.42 2.0000000000000733 4.4200000000005 -4.567817789604015e-41
22.125 1.999999999999999 4.42 2.000000000000015 4.420000000000111 1.5796414191572262e-42
22.375 1.999999999999999 4.42 1.9999999999999944 4.419999999999975 2.638888646042497e-44
22.625 1.999999999999999 4.42 1.9999999999999956 4.41999999999998 2.632942317395744e-46
22.875 1.999999999999999 4.42 1.9999999999999982 4.419999999999996 1.976589158084722e-48
23.125 1.999999999999999 4.42 1.999999999999999 4.42 1.1883943908134718e-50
23.375 1.999999999999999 4.42 1.999999999999999 4.42 5.861267598663116e-53
23.625 1.999999999999999 4.42 1.999999999999999 4.42 2.3927033740792414e-55
23.875 1.999999999999999 4.42 1.999999999999999 4.42 8.083295968589929e-58
24.125 1.999999999999999 4.42 1.999999999999999 4.42 2.2389513277987053e-60
24.375 1.999999999999999 4.42 1.999999999999999 4.42 4.960217038783217e-63
24.625 1.999999999999999 4.42 1.9999999999999987 4.42 8.237583357394523e-66
24.875 1.999999999999999 4.42 1.999999999999999 4.419999999999998 8.023378137447364e-69
