-9.950495049504950451e-01 9.052857347897154128e-01 -9.950495049504951006e-02
-9.851485148514851353e-01 9.061823553715864232e-01 -9.851485148514851908e-02
-9.752475247524752255e-01 9.070800427902545593e-01 -9.752475247524752811e-02
-9.653465346534653158e-01 9.079785867341223504e-01 -9.653465346534653713e-02
-9.554455445544554060e-01 9.088780205706326054e-01 -9.554455445544554615e-02
-9.455445544554454962e-01 9.097783454426033867e-01 -9.455445544554455517e-02
-9.356435643564355864e-01 9.106795621537677743e-01 -9.356435643564356419e-02
-9.257425742574256766e-01 9.115816716017124399e-01 -9.257425742574257321e-02
-9.158415841584158779e-01 9.124846746696686495e-01 -9.158415841584159611e-02
-9.059405940594059681e-01 9.133885722428141118e-01 -9.059405940594060513e-02
-8.960396039603960583e-01 9.142933652072422479e-01 -8.960396039603961416e-02
-8.861386138613861485e-01 9.151990544499175595e-01 -8.861386138613862318e-02
-8.762376237623762387e-01 9.161056408586834010e-01 -8.762376237623763220e-02
-8.663366336633663289e-01 9.170131253222633116e-01 -8.663366336633664122e-02
-8.564356435643564192e-01 9.179215087302605713e-01 -8.564356435643565024e-02
-8.465346534653465094e-01 9.188307919731595330e-01 -8.465346534653465926e-02
-8.366336633663365996e-01 9.197409759423278430e-01 -8.366336633663366829e-02
-8.267326732673268008e-01 9.206520615300148869e-01 -8.267326732673269118e-02
-8.168316831683168910e-01 9.215640496293546757e-01 -8.168316831683170021e-02
-8.069306930693069813e-01 9.224769411343654024e-01 -8.069306930693070923e-02
-7.970297029702970715e-01 9.233907369399508847e-01 -7.970297029702971825e-02
-7.871287128712871617e-01 9.243054379419015643e-01 -7.871287128712872727e-02
-7.772277227722772519e-01 9.252210450368953953e-01 -7.772277227722773629e-02
-7.673267326732673421e-01 9.261375591224987325e-01 -7.673267326732674531e-02
-7.574257425742574323e-01 9.270549810971664417e-01 -7.574257425742575434e-02
-7.475247524752475226e-01 9.279733118602437880e-01 -7.475247524752474948e-02
-7.376237623762376128e-01 9.288925523119668792e-01 -7.376237623762375850e-02
-7.277227722772277030e-01 9.298127033534605568e-01 -7.277227722772276752e-02
-7.178217821782177932e-01 9.307337658867389507e-01 -7.178217821782177654e-02
-7.079207920792078834e-01 9.316557408147232433e-01 -7.079207920792078557e-02
-6.980198019801979736e-01 9.325786290412494406e-01 -6.980198019801979459e-02
-6.881188118811880639e-01 9.335024314710307358e-01 -6.881188118811880361e-02
-6.782178217821781541e-01 9.344271490096081045e-01 -6.782178217821781263e-02
-6.683168316831682443e-01 9.353527825633815018e-01 -6.683168316831682165e-02
-6.584158415841583345e-01 9.362793330397812808e-01 -6.584158415841583067e-02
-6.485148514851484247e-01 9.372068013473865422e-01 -6.485148514851483970e-02
-6.386138613861386260e-01 9.381351883956795534e-01 -6.386138613861386260e-02
-6.287128712871287162e-01 9.390644950944407876e-01 -6.287128712871287162e-02
-6.188118811881188064e-01 9.399947223535298768e-01 -6.188118811881188064e-02
-6.089108910891088966e-01 9.409258710839806250e-01 -6.089108910891088966e-02
-5.990099009900989868e-01 9.418579422000190604e-01 -5.990099009900989868e-02
-5.891089108910891881e-01 9.427909366195137419e-01 -5.891089108910892158e-02
-5.792079207920792783e-01 9.437248552601740226e-01 -5.792079207920793060e-02
-5.693069306930693685e-01 9.446596990328876009e-01 -5.693069306930693962e-02
-5.594059405940594587e-01 9.455954688396592811e-01 -5.594059405940594865e-02
-5.495049504950495489e-01 9.465321655844205484e-01 -5.495049504950495767e-02
-5.396039603960396391e-01 9.474697901945049461e-01 -5.396039603960396669e-02
-5.297029702970297294e-01 9.484083436335093431e-01 -5.297029702970297571e-02
-5.198019801980198196e-01 9.493478268796996522e-01 -5.198019801980198473e-02
-5.099009900990099098e-01 9.502882408645993983e-01 -5.099009900990099375e-02
-5.000000000000000000e-01 9.512295864097146669e-01 -5.000000000000000278e-02
-4.900990099009900902e-01 9.521718642321049808e-01 -4.900990099009901180e-02
-4.801980198019801804e-01 9.531150750697039431e-01 -4.801980198019802082e-02
-4.702970297029702706e-01 9.540592198931726609e-01 -4.702970297029702984e-02
-4.603960396039603609e-01 9.550043000678826166e-01 -4.603960396039603886e-02
-4.504950495049504511e-01 9.559503172911347768e-01 -4.504950495049504788e-02
-4.405940594059405413e-01 9.568972732172900120e-01 -4.405940594059405691e-02
-4.306930693069306870e-01 9.578451688756606242e-01 -4.306930693069307287e-02
-4.207920792079208328e-01 9.587940041721852991e-01 -4.207920792079208883e-02
-4.108910891089109230e-01 9.597437778113446782e-01 -4.108910891089109785e-02
-4.009900990099010132e-01 9.606944878163475865e-01 -4.009900990099010687e-02
-3.910891089108911034e-01 9.616461325264332727e-01 -3.910891089108911589e-02
-3.811881188118811936e-01 9.625987116710510438e-01 -3.811881188118812491e-02
-3.712871287128712838e-01 9.635522270263753297e-01 -3.712871287128712700e-02
-3.613861386138613740e-01 9.645066823221302155e-01 -3.613861386138613602e-02
-3.514851485148514643e-01 9.654620824183862693e-01 -3.514851485148514504e-02
-3.415841584158415545e-01 9.664184321274114087e-01 -3.415841584158415406e-02
-3.316831683168316447e-01 9.673757351992051667e-01 -3.316831683168316308e-02
-3.217821782178217349e-01 9.683339938154491566e-01 -3.217821782178217210e-02
-3.118811881188118251e-01 9.692932085745322723e-01 -3.118811881188118459e-02
-3.019801980198019709e-01 9.702533787314816527e-01 -3.019801980198019709e-02
-2.920792079207921166e-01 9.712145026269899395e-01 -2.920792079207921305e-02
-2.821782178217822068e-01 9.721765785861339326e-01 -2.821782178217822207e-02
-2.722772277227722970e-01 9.731396064258959200e-01 -2.722772277227723109e-02
-2.623762376237623872e-01 9.741035886837470237e-01 -2.623762376237624011e-02
-2.524752475247524774e-01 9.750685295952695730e-01 -2.524752475247524913e-02
-2.425742574257425677e-01 9.760344306750439181e-01 -2.425742574257425815e-02
-2.326732673267326579e-01 9.770012855922137751e-01 -2.326732673267326718e-02
-2.227722772277227481e-01 9.779690814089618822e-01 -2.227722772277227620e-02
-2.128712871287128383e-01 9.789378120992302534e-01 -2.128712871287128522e-02
-2.029702970297029285e-01 9.799074991166834003e-01 -2.029702970297029424e-02
-1.930693069306930187e-01 9.808781976297210603e-01 -1.930693069306930326e-02
-1.831683168316831090e-01 9.818499626560077687e-01 -1.831683168316831228e-02
-1.732673267326732547e-01 9.828227742169282077e-01 -1.732673267326732477e-02
-1.633663366336634004e-01 9.837964717721954244e-01 -1.633663366336634074e-02
-1.534653465346534906e-01 9.847707890355651417e-01 -1.534653465346534976e-02
-1.435643564356435808e-01 9.857455508623709228e-01 -1.435643564356435878e-02
-1.336633663366336711e-01 9.867209798219346295e-01 -1.336633663366336780e-02
-1.237623762376237613e-01 9.876978970788572454e-01 -1.237623762376237682e-02
-1.138613861386138515e-01 9.886774970455410871e-01 -1.138613861386138584e-02
-1.039603960396039417e-01 9.896609353077763238e-01 -1.039603960396039486e-02
-9.405940594059403193e-02 9.906494265183790615e-01 -9.405940594059403886e-03
-8.415841584158412214e-02 9.916447726651648198e-01 -8.415841584158412908e-03
-7.425742574257421236e-02 9.926499785305129553e-01 -7.425742574257421930e-03
-6.435643564356430257e-02 9.936699359352763050e-01 -6.435643564356430951e-03
-5.445544554455444830e-02 9.947122819532616678e-01 -5.445544554455445177e-03
-4.455445544554459403e-02 9.957885238786412518e-01 -4.455445544554459403e-03
-3.465346534653468424e-02 9.969154789916327974e-01 -3.465346534653468424e-03
-2.475247524752477446e-02 9.981170155147844891e-01 -2.475247524752477446e-03
-1.485148514851486468e-02 9.994259605328482676e-01 -1.485148514851486468e-03
-4.950495049504954892e-03 1.000888881141714259e+00 -4.950495049504954892e-04
4.950495049504954892e-03 1.668307572223515889e+00 5.049504950495049549e-01
1.485148514851486468e-02 1.685631353301096480e+00 5.148514851485148647e-01
2.475247524752477446e-02 1.703309312262384800e+00 5.247524752475247745e-01
3.465346534653468424e-02 1.721361310342286011e+00 5.346534653465346842e-01
4.455445544554459403e-02 1.739816215882440620e+00 5.445544554455445940e-01
5.445544554455450381e-02 1.758706166948874827e+00 5.544554455445545038e-01
6.435643564356441360e-02 1.778064233075459244e+00 5.643564356435644136e-01
7.425742574257432338e-02 1.797921757962774647e+00 5.742574257425743234e-01
8.415841584158423316e-02 1.818310908555398786e+00 5.841584158415842332e-01
9.405940594059414295e-02 1.839260135111706163e+00 5.940594059405941429e-01
1.039603960396040527e-01 1.860794304417465739e+00 6.039603960396040527e-01
1.138613861386139625e-01 1.882933915401229008e+00 6.138613861386139625e-01
1.237623762376238723e-01 1.905694482817317237e+00 6.237623762376238723e-01
1.336633663366337821e-01 1.929086197763539179e+00 6.336633663366337821e-01
1.435643564356435808e-01 1.953113872189192080e+00 6.435643564356435808e-01
1.534653465346533796e-01 1.977777168383839435e+00 6.534653465346533796e-01
1.633663366336632894e-01 2.003071081653803986e+00 6.633663366336632894e-01
1.732673267326731992e-01 2.028986620182759992e+00 6.732673267326731992e-01
1.831683168316831090e-01 2.055511610535972977e+00 6.831683168316831090e-01
1.930693069306930187e-01 2.082631552314244239e+00 6.930693069306930187e-01
2.029702970297029285e-01 2.110330451093862081e+00 7.029702970297029285e-01
2.128712871287128383e-01 2.138591572844563693e+00 7.128712871287128383e-01
2.227722772277227481e-01 2.167398081980567603e+00 7.227722772277227481e-01
2.326732673267326579e-01 2.196733545143856325e+00 7.326732673267326579e-01
2.425742574257425677e-01 2.226582300376917622e+00 7.425742574257425677e-01
2.524752475247524774e-01 2.256929704362404365e+00 7.524752475247524774e-01
2.623762376237623872e-01 2.287762278143798955e+00 7.623762376237623872e-01
2.722772277227722970e-01 2.319067774622012745e+00 7.722772277227722970e-01
2.821782178217822068e-01 2.350835190279227049e+00 7.821782178217822068e-01
2.920792079207921166e-01 2.383054740375315728e+00 7.920792079207921166e-01
3.019801980198020264e-01 2.415717812539275755e+00 8.019801980198020264e-01
3.118811881188119361e-01 2.448816909271617881e+00 8.118811881188119361e-01
3.217821782178218459e-01 2.482345586111050384e+00 8.217821782178218459e-01
3.316831683168317557e-01 2.516298389742506636e+00 8.316831683168317557e-01
3.415841584158416655e-01 2.550670799148545775e+00 8.415841584158416655e-01
3.514851485148515753e-01 2.585459173599567784e+00 8.514851485148515753e-01
3.613861386138614851e-01 2.620660711299448664e+00 8.613861386138614851e-01
3.712871287128713949e-01 2.656273426926420989e+00 8.712871287128713949e-01
3.811881188118813046e-01 2.692296146534268964e+00 8.811881188118813046e-01
3.910891089108911034e-01 2.728728546347594985e+00 8.910891089108911034e-01
4.009900990099009022e-01 2.765571173162827634e+00 9.009900990099009022e-01
4.108910891089108119e-01 2.802825635126650727e+00 9.108910891089108119e-01
4.207920792079207217e-01 2.840494403707374715e+00 9.207920792079207217e-01
4.306930693069306315e-01 2.878581855708675086e+00 9.306930693069306315e-01
4.405940594059405413e-01 2.917091758275618840e+00 9.405940594059405413e-01
4.504950495049504511e-01 2.956035265259328249e+00 9.504950495049504511e-01
4.603960396039603609e-01 2.995408101219352304e+00 9.603960396039603609e-01
4.702970297029702706e-01 3.035258270091872213e+00 9.702970297029702706e-01
4.801980198019801804e-01 3.075488432714587717e+00 9.801980198019801804e-01
4.900990099009900902e-01 3.116441723633832428e+00 9.900990099009900902e-01
5.000000000000000000e-01 3.157211031811453683e+00 1.000000000000000000e+00
5.099009900990099098e-01 4.753222875852427975e+00 1.409900990099009821e+00
5.198019801980198196e-01 4.810662187940141443e+00 1.419801980198019731e+00
5.297029702970297294e-01 4.868954808246953370e+00 1.429702970297029641e+00
5.396039603960396391e-01 4.927954443060611034e+00 1.439603960396039550e+00
5.495049504950495489e-01 4.987641469279863848e+00 1.449504950495049460e+00
5.594059405940594587e-01 5.048022470669353723e+00 1.459405940594059370e+00
5.693069306930693685e-01 5.109108946719995714e+00 1.469306930693069280e+00
5.792079207920792783e-01 5.170910475733752065e+00 1.479207920792079189e+00
5.891089108910891881e-01 5.233440943373357968e+00 1.489108910891089099e+00
5.990099009900990978e-01 5.296711094321085334e+00 1.499009900990099009e+00
6.089108910891090076e-01 5.360730637815755983e+00 1.508910891089108919e+00
6.188118811881189174e-01 5.425508203755804892e+00 1.518811881188118829e+00
6.287128712871288272e-01 5.491051274245146274e+00 1.528712871287128738e+00
6.386138613861387370e-01 5.557366213716370851e+00 1.538613861386138648e+00
6.485148514851485357e-01 5.624458363390871796e+00 1.548514851485148558e+00
6.584158415841583345e-01 5.692332213442350408e+00 1.558415841584158468e+00
6.683168316831682443e-01 5.760991653705406890e+00 1.568316831683168378e+00
6.782178217821781541e-01 5.830440287959357981e+00 1.578217821782178287e+00
6.881188118811880639e-01 5.900681776440224624e+00 1.588118811881188197e+00
6.980198019801979736e-01 5.971720170989587295e+00 1.598019801980198107e+00
7.079207920792078834e-01 6.043560241488199480e+00 1.607920792079208017e+00
7.178217821782177932e-01 6.116207822972823394e+00 1.617821782178217926e+00
7.277227722772277030e-01 6.189670176683879532e+00 1.627722772277227836e+00
7.376237623762376128e-01 6.263956229417626531e+00 1.637623762376237746e+00
7.475247524752475226e-01 6.339076388429324638e+00 1.647524752475247656e+00
7.574257425742574323e-01 6.415041641216543411e+00 1.657425742574257566e+00
7.673267326732673421e-01 6.491861951447999601e+00 1.667326732673267475e+00
7.772277227722772519e-01 6.569544411425082053e+00 1.677227722772277385e+00
7.871287128712871617e-01 6.648091971079951534e+00 1.687128712871287295e+00
7.970297029702970715e-01 6.727503250108652466e+00 1.697029702970297205e+00
8.069306930693069813e-01 6.807772652331698815e+00 1.706930693069307114e+00
8.168316831683168910e-01 6.888888922840196827e+00 1.716831683168317024e+00
8.267326732673268008e-01 6.970829611889570288e+00 1.726732673267326934e+00
8.366336633663367106e-01 7.053550339320831419e+00 1.736633663366336844e+00
8.465346534653466204e-01 7.136973189616623081e+00 1.746534653465346754e+00
8.564356435643565302e-01 7.220981965128250302e+00 1.756435643564356663e+00
8.663366336633664400e-01 7.305432757895977680e+00 1.766336633663366573e+00
8.762376237623763497e-01 7.390182690863714043e+00 1.776237623762376483e+00
8.861386138613862595e-01 7.475118256900931790e+00 1.786138613861386393e+00
8.960396039603960583e-01 7.560164723494339434e+00 1.796039603960396080e+00
9.059405940594058571e-01 7.645278776199056381e+00 1.805940594059405768e+00
9.158415841584157668e-01 7.730426412180379181e+00 1.815841584158415678e+00
9.257425742574256766e-01 7.815557740672754328e+00 1.825742574257425588e+00
9.356435643564355864e-01 7.900604257413652576e+00 1.835643564356435498e+00
9.455445544554454962e-01 7.985511555684643881e+00 1.845544554455445407e+00
9.554455445544554060e-01 8.070202704559521933e+00 1.855445544554455317e+00
9.653465346534653158e-01 8.154771969523395114e+00 1.865346534653465227e+00
9.752475247524752255e-01 8.239007688575208377e+00 1.875247524752475137e+00
9.851485148514851353e-01 8.323531460001731830e+00 1.885148514851485047e+00
9.950495049504950451e-01 8.407648532711828437e+00 1.895049504950494956e+00
