-9.950495049504950451e-01 9.052857348963668782e-01 -9.950495049504951006e-02
-9.851485148514851353e-01 9.061823550750973677e-01 -9.851485148514851908e-02
-9.752475247524752255e-01 9.070800416157254187e-01 -9.752475247524752811e-02
-9.653465346534653158e-01 9.079785873694512510e-01 -9.653465346534653713e-02
-9.554455445544554060e-01 9.088780270822995888e-01 -9.554455445544554615e-02
-9.455445544554454962e-01 9.097783533410921386e-01 -9.455445544554455517e-02
-9.356435643564355864e-01 9.106795526467893476e-01 -9.356435643564356419e-02
-9.257425742574256766e-01 9.115816217632735086e-01 -9.257425742574257321e-02
-9.158415841584158779e-01 9.124845749823776719e-01 -9.158415841584159611e-02
-9.059405940594059681e-01 9.133884328802811536e-01 -9.059405940594060513e-02
-8.960396039603960583e-01 9.142932062555080286e-01 -8.960396039603961416e-02
-8.861386138613861485e-01 9.151988921315015180e-01 -8.861386138613862318e-02
-8.762376237623762387e-01 9.161054817385769766e-01 -8.762376237623763220e-02
-8.663366336633663289e-01 9.170129691225719082e-01 -8.663366336633664122e-02
-8.564356435643564192e-01 9.179213533819231552e-01 -8.564356435643565024e-02
-8.465346534653465094e-01 9.188306362974383301e-01 -8.465346534653465926e-02
-8.366336633663365996e-01 9.197408197903841343e-01 -8.366336633663366829e-02
-8.267326732673268008e-01 9.206519050991239794e-01 -8.267326732673269118e-02
-8.168316831683168910e-01 9.215638930512222160e-01 -8.168316831683170021e-02
-8.069306930693069813e-01 9.224767844239416537e-01 -8.069306930693070923e-02
-7.970297029702970715e-01 9.233905800988166934e-01 -7.970297029702971825e-02
-7.871287128712871617e-01 9.243052809294329819e-01 -7.871287128712872727e-02
-7.772277227722772519e-01 9.252208878336096731e-01 -7.772277227722773629e-02
-7.673267326732673421e-01 9.261374019374367661e-01 -7.673267326732674531e-02
-7.574257425742574323e-01 9.270548235671119963e-01 -7.574257425742575434e-02
-7.475247524752475226e-01 9.279731535691274624e-01 -7.475247524752474948e-02
-7.376237623762376128e-01 9.288923957238286455e-01 -7.376237623762375850e-02
-7.277227722772277030e-01 9.298125479302041807e-01 -7.277227722772276752e-02
-7.178217821782177932e-01 9.307336003183399598e-01 -7.178217821782177654e-02
-7.079207920792078834e-01 9.316555729567728150e-01 -7.079207920792078557e-02
-6.980198019801979736e-01 9.325785152057743943e-01 -6.980198019801979459e-02
-6.881188118811880639e-01 9.335023645475482024e-01 -6.881188118811880361e-02
-6.782178217821781541e-01 9.344269053105600520e-01 -6.782178217821781263e-02
-6.683168316831682443e-01 9.353522760537814618e-01 -6.683168316831682165e-02
-6.584158415841583345e-01 9.362796916658694402e-01 -6.584158415841583067e-02
-6.485148514851484247e-01 9.372111851140604299e-01 -6.485148514851483970e-02
-6.386138613861386260e-01 9.381491649567035296e-01 -6.386138613861386260e-02
-6.287128712871287162e-01 9.390978463954553490e-01 -6.287128712871287162e-02
-6.188118811881188064e-01 9.400660634431142748e-01 -6.188118811881188064e-02
-6.089108910891088966e-01 9.410710972993701073e-01 -6.089108910891088966e-02
-5.990099009900989868e-01 9.421443529369588621e-01 -5.990099009900989868e-02
-5.891089108910891881e-01 9.433398058801039099e-01 -5.891089108910892158e-02
-5.792079207920792783e-01 9.447457198046984583e-01 -5.792079207920793060e-02
-5.693069306930693685e-01 9.464993576149600685e-01 -5.693069306930693962e-02
-5.594059405940594587e-01 9.488029223589572458e-01 -5.594059405940594865e-02
-5.495049504950495489e-01 9.519366662699855208e-01 -5.495049504950495767e-02
-5.396039603960396391e-01 9.562625176468168009e-01 -5.396039603960396669e-02
-5.297029702970297294e-01 9.622101520637040828e-01 -5.297029702970297571e-02
-5.198019801980198196e-01 9.702392892410189873e-01 -5.198019801980198473e-02
-5.099009900990099098e-01 9.807783029533494457e-01 -5.099009900990099375e-02
-5.000000000000000000e-01 9.941499784157774577e-01 -5.000000000000000278e-02
-4.900990099009900902e-01 1.010512444053026648e+00 -4.900990099009901180e-02
-4.801980198019801804e-01 1.029845164841354688e+00 -4.801980198019802082e-02
-4.702970297029702706e-01 1.051924276909292466e+00 -4.702970297029702984e-02
-4.603960396039603609e-01 1.076193721230443545e+00 -4.603960396039603886e-02
-4.504950495049504511e-01 1.101880526803648674e+00 -4.504950495049504788e-02
-4.405940594059405413e-01 1.128813211142966066e+00 -4.405940594059405691e-02
-4.306930693069306870e-01 1.158024187901005586e+00 -4.306930693069307287e-02
-4.207920792079208328e-01 1.190291028757347824e+00 -4.207920792079208883e-02
-4.108910891089109230e-01 1.219666941446212016e+00 -4.108910891089109785e-02
-4.009900990099010132e-01 1.237986502189515559e+00 -4.009900990099010687e-02
-3.910891089108911034e-01 1.245955823625580994e+00 -3.910891089108911589e-02
-3.811881188118811936e-01 1.247789871382251503e+00 -3.811881188118812491e-02
-3.712871287128712838e-01 1.247278416175464866e+00 -3.712871287128712700e-02
-3.613861386138613740e-01 1.241609048187906073e+00 -3.613861386138613602e-02
-3.514851485148514643e-01 1.226173461030861445e+00 -3.514851485148514504e-02
-3.415841584158415545e-01 1.194662757884391802e+00 -3.415841584158415406e-02
-3.316831683168316447e-01 1.141698654050272932e+00 -3.316831683168316308e-02
-3.217821782178217349e-01 1.083967894074014282e+00 -3.217821782178217210e-02
-3.118811881188118251e-01 1.044349238647185096e+00 -3.118811881188118459e-02
-3.019801980198019709e-01 1.018467578584615119e+00 -3.019801980198019709e-02
-2.920792079207921166e-01 1.001688596433973455e+00 -2.920792079207921305e-02
-2.821782178217822068e-01 9.910639555339466611e-01 -2.821782178217822207e-02
-2.722772277227722970e-01 9.845921355932730767e-01 -2.722772277227723109e-02
-2.623762376237623872e-01 9.808863774838283422e-01 -2.623762376237624011e-02
-2.524752475247524774e-01 9.789871456849306153e-01 -2.524752475247524913e-02
-2.425742574257425677e-01 9.782402538211303344e-01 -2.425742574257425815e-02
-2.326732673267326579e-01 9.782097816504136123e-01 -2.326732673267326718e-02
-2.227722772277227481e-01 9.786130341779660791e-01 -2.227722772277227620e-02
-2.128712871287128383e-01 9.792717064927741744e-01 -2.128712871287128522e-02
-2.029702970297029285e-01 9.800763757516031127e-01 -2.029702970297029424e-02
-1.930693069306930187e-01 9.809618198901580710e-01 -1.930693069306930326e-02
-1.831683168316831090e-01 9.818904658058571489e-01 -1.831683168316831228e-02
-1.732673267326732547e-01 9.828415615025957175e-01 -1.732673267326732477e-02
-1.633663366336634004e-01 9.838042897436398704e-01 -1.633663366336634074e-02
-1.534653465346534906e-01 9.847734687263046682e-01 -1.534653465346534976e-02
-1.435643564356435808e-01 9.857466623218509305e-01 -1.435643564356435878e-02
-1.336633663366336711e-01 9.867224425587712844e-01 -1.336633663366336780e-02
-1.237623762376237613e-01 9.876998486694867907e-01 -1.237623762376237682e-02
-1.138613861386138515e-01 9.886783584991259977e-01 -1.138613861386138584e-02
-1.039603960396039417e-01 9.896577987426662393e-01 -1.039603960396039486e-02
-9.405940594059403193e-02 9.906381620738081706e-01 -9.405940594059403886e-03
-8.415841584158412214e-02 9.916194771949407016e-01 -8.415841584158412908e-03
-7.425742574257421236e-02 9.926017613906457093e-01 -7.425742574257421930e-03
-6.435643564356430257e-02 9.935850210734989973e-01 -6.435643564356430951e-03
-5.445544554455444830e-02 9.945692555183733852e-01 -5.445544554455445177e-03
-4.455445544554459403e-02 9.955544639350344394e-01 -4.455445544554459403e-03
-3.465346534653468424e-02 9.965406520267233725e-01 -3.465346534653468424e-03
-2.475247524752477446e-02 9.975278167446480770e-01 -2.475247524752477446e-03
-1.485148514851486468e-02 9.985159503383853608e-01 -1.485148514851486468e-03
-4.950495049504954892e-03 9.995050493551776993e-01 -4.950495049504954892e-04
4.950495049504954892e-03 1.665467309681176067e+00 5.049504950495049549e-01
1.485148514851486468e-02 1.682039601496935211e+00 5.148514851485148647e-01
2.475247524752477446e-02 1.698776858649945654e+00 5.247524752475247745e-01
3.465346534653468424e-02 1.715680520767312922e+00 5.346534653465346842e-01
4.455445544554459403e-02 1.732752055733165264e+00 5.445544554455445940e-01
5.445544554455450381e-02 1.749993523588458721e+00 5.544554455445545038e-01
6.435643564356441360e-02 1.767407328647652154e+00 5.643564356435644136e-01
7.425742574257432338e-02 1.784994098583363886e+00 5.742574257425743234e-01
8.415841584158423316e-02 1.802754004354025330e+00 5.841584158415842332e-01
9.405940594059414295e-02 1.820686771659777659e+00 5.940594059405941429e-01
1.039603960396040527e-01 1.838790038261359339e+00 6.039603960396040527e-01
1.138613861386139625e-01 1.857055187628121828e+00 6.138613861386139625e-01
1.237623762376238723e-01 1.875462570629350623e+00 6.237623762376238723e-01
1.336633663366337821e-01 1.893974528054499729e+00 6.336633663366337821e-01
1.435643564356435808e-01 1.912526723947184148e+00 6.435643564356435808e-01
1.534653465346533796e-01 1.931020265688436766e+00 6.534653465346533796e-01
1.633663366336632894e-01 1.949319699380282600e+00 6.633663366336632894e-01
1.732673267326731992e-01 1.967265782430740684e+00 6.732673267326731992e-01
1.831683168316831090e-01 1.984780785865346342e+00 6.831683168316831090e-01
1.930693069306930187e-01 2.002536407341825253e+00 6.930693069306930187e-01
2.029702970297029285e-01 2.021206709805908996e+00 7.029702970297029285e-01
2.128712871287128383e-01 2.040599749259505824e+00 7.128712871287128383e-01
2.227722772277227481e-01 2.060514968163040805e+00 7.227722772277227481e-01
2.326732673267326579e-01 2.080816803484820454e+00 7.326732673267326579e-01
2.425742574257425677e-01 2.101422128912308729e+00 7.425742574257425677e-01
2.524752475247524774e-01 2.122284459194995421e+00 7.524752475247524774e-01
2.623762376237623872e-01 2.143379762620694073e+00 7.623762376237623872e-01
2.722772277227722970e-01 2.164696837744865210e+00 7.722772277227722970e-01
2.821782178217822068e-01 2.186231415561755931e+00 7.821782178217822068e-01
2.920792079207921166e-01 2.207982829435534811e+00 7.920792079207921166e-01
3.019801980198020264e-01 2.229952015034355473e+00 8.019801980198020264e-01
3.118811881188119361e-01 2.252140419032582663e+00 8.118811881188119361e-01
3.217821782178218459e-01 2.274549754478038643e+00 8.217821782178218459e-01
3.316831683168317557e-01 2.297182015483872242e+00 8.316831683168317557e-01
3.415841584158416655e-01 2.320039396426366807e+00 8.415841584158416655e-01
3.514851485148515753e-01 2.343124173485009010e+00 8.514851485148515753e-01
3.613861386138614851e-01 2.366438640103798896e+00 8.613861386138614851e-01
3.712871287128713949e-01 2.389985093638169467e+00 8.712871287128713949e-01
3.811881188118813046e-01 2.413765842872352962e+00 8.811881188118813046e-01
3.910891089108911034e-01 2.437783216569135103e+00 8.910891089108911034e-01
4.009900990099009022e-01 2.462039567426828057e+00 9.009900990099009022e-01
4.108910891089108119e-01 2.486537272752179728e+00 9.108910891089108119e-01
4.207920792079207217e-01 2.511278734101809462e+00 9.207920792079207217e-01
4.306930693069306315e-01 2.536266377036480169e+00 9.306930693069306315e-01
4.405940594059405413e-01 2.561502651188163338e+00 9.405940594059405413e-01
4.504950495049504511e-01 2.586990030499658033e+00 9.504950495049504511e-01
4.603960396039603609e-01 2.612731013503749811e+00 9.603960396039603609e-01
4.702970297029702706e-01 2.638728123592043673e+00 9.702970297029702706e-01
4.801980198019801804e-01 2.664983909269282414e+00 9.801980198019801804e-01
4.900990099009900902e-01 2.691500944400395667e+00 9.900990099009900902e-01
5.000000000000000000e-01 2.718281828460864968e+00 1.000000000000000000e+00
5.099009900990099098e-01 4.084480849075079689e+00 1.409900990099009821e+00
5.198019801980198196e-01 4.125123450586107410e+00 1.419801980198019731e+00
5.297029702970297294e-01 4.166170466051513088e+00 1.429702970297029641e+00
5.396039603960396391e-01 4.207625919591356123e+00 1.439603960396039550e+00
5.495049504950495489e-01 4.249493875369260820e+00 1.449504950495049460e+00
5.594059405940594587e-01 4.291778437989330008e+00 1.459405940594059370e+00
5.693069306930693685e-01 4.334483752894837671e+00 1.469306930693069280e+00
5.792079207920792783e-01 4.377612595110079496e+00 1.479207920792079189e+00
5.891089108910891881e-01 4.421170567704168164e+00 1.489108910891089099e+00
5.990099009900990978e-01 4.465161955650245318e+00 1.499009900990099009e+00
6.089108910891090076e-01 4.509591062618802937e+00 1.508910891089108919e+00
6.188118811881189174e-01 4.554462247020397037e+00 1.518811881188118829e+00
6.287128712871288272e-01 4.599779907176367644e+00 1.528712871287128738e+00
6.386138613861387370e-01 4.645548485630881075e+00 1.538613861386138648e+00
6.485148514851485357e-01 4.691772469348920893e+00 1.548514851485148558e+00
6.584158415841583345e-01 4.738456389902239607e+00 1.558415841584158468e+00
6.683168316831682443e-01 4.785604823437239475e+00 1.568316831683168378e+00
6.782178217821781541e-01 4.833222390880961505e+00 1.578217821782178287e+00
6.881188118811880639e-01 4.881313759196627799e+00 1.588118811881188197e+00
6.980198019801979736e-01 4.929883643535456272e+00 1.598019801980198107e+00
7.079207920792078834e-01 4.978936808406132286e+00 1.607920792079208017e+00
7.178217821782177932e-01 5.028478065687323806e+00 1.617821782178217926e+00
7.277227722772277030e-01 5.078512270324019084e+00 1.627722772277227836e+00
7.376237623762376128e-01 5.129044319032189492e+00 1.637623762376237746e+00
7.475247524752475226e-01 5.180079157508098220e+00 1.647524752475247656e+00
7.574257425742574323e-01 5.231621793489348526e+00 1.657425742574257566e+00
7.673267326732673421e-01 5.283677301729822418e+00 1.667326732673267475e+00
7.772277227722772519e-01 5.336250806450999917e+00 1.677227722772277385e+00
7.871287128712871617e-01 5.389347446829433785e+00 1.687128712871287295e+00
7.970297029702970715e-01 5.442972360505736518e+00 1.697029702970297205e+00
8.069306930693069813e-01 5.497130726961092506e+00 1.706930693069307114e+00
8.168316831683168910e-01 5.551827868504269681e+00 1.716831683168317024e+00
8.267326732673268008e-01 5.607069336524786785e+00 1.726732673267326934e+00
8.366336633663367106e-01 5.662860846859887332e+00 1.736633663366336844e+00
8.465346534653466204e-01 5.719208137579175677e+00 1.746534653465346754e+00
8.564356435643565302e-01 5.776117036307041097e+00 1.756435643564356663e+00
8.663366336633664400e-01 5.833593651862852170e+00 1.766336633663366573e+00
8.762376237623763497e-01 5.891644568833689810e+00 1.776237623762376483e+00
8.861386138613862595e-01 5.950277082658708139e+00 1.786138613861386393e+00
8.960396039603960583e-01 6.009499529587832178e+00 1.796039603960396080e+00
9.059405940594058571e-01 6.069321751292170219e+00 1.805940594059405768e+00
9.158415841584157668e-01 6.129755728854801688e+00 1.815841584158415678e+00
9.257425742574256766e-01 6.190816410461048136e+00 1.825742574257425588e+00
9.356435643564355864e-01 6.252522742410904222e+00 1.835643564356435498e+00
9.455445544554454962e-01 6.314898884825137060e+00 1.845544554455445407e+00
9.554455445544554060e-01 6.377975544129952823e+00 1.855445544554455317e+00
9.653465346534653158e-01 6.441791305223839359e+00 1.865346534653465227e+00
9.752475247524752255e-01 6.506393712055782430e+00 1.875247524752475137e+00
9.851485148514851353e-01 6.571838113200941578e+00 1.885148514851485047e+00
9.950495049504950451e-01 6.638243945793930401e+00 1.895049504950494956e+00
