-9.950495049504950451e-01 9.052854682461858316e-01 -9.950495049504951006e-02
-9.851485148514851353e-01 9.061822343623380238e-01 -9.851485148514851908e-02
-9.752475247524752255e-01 9.070798888054271147e-01 -9.752475247524752811e-02
-9.653465346534653158e-01 9.079784324554203145e-01 -9.653465346534653713e-02
-9.554455445544554060e-01 9.088778661931565805e-01 -9.554455445544554615e-02
-9.455445544554454962e-01 9.097781909003471723e-01 -9.455445544554455517e-02
-9.356435643564355864e-01 9.106794074595770949e-01 -9.356435643564356419e-02
-9.257425742574256766e-01 9.115815167543052100e-01 -9.257425742574257321e-02
-9.158415841584158779e-01 9.124845196688663451e-01 -9.158415841584159611e-02
-9.059405940594059681e-01 9.133884170884710718e-01 -9.059405940594060513e-02
-8.960396039603960583e-01 9.142932098992103684e-01 -8.960396039603961416e-02
-8.861386138613861485e-01 9.151988989880655012e-01 -8.861386138613862318e-02
-8.762376237623762387e-01 9.161054852429507678e-01 -8.762376237623763220e-02
-8.663366336633663289e-01 9.170129695528883573e-01 -8.663366336633664122e-02
-8.564356435643564192e-01 9.179213528086870300e-01 -8.564356435643565024e-02
-8.465346534653465094e-01 9.188306359054940753e-01 -8.465346534653465926e-02
-8.366336633663365996e-01 9.197408197519811868e-01 -8.366336633663366829e-02
-8.267326732673268008e-01 9.206519053020091325e-01 -8.267326732673269118e-02
-8.168316831683168910e-01 9.215638936590960784e-01 -8.168316831683170021e-02
-8.069306930693069813e-01 9.224767864061487188e-01 -8.069306930693070923e-02
-7.970297029702970715e-01 9.233905866006389962e-01 -7.970297029702971825e-02
-7.871287128712871617e-01 9.243053016451497905e-01 -7.871287128712872727e-02
-7.772277227722772519e-01 9.252209511957577570e-01 -7.772277227722773629e-02
-7.673267326732673421e-01 9.261375879569627712e-01 -7.673267326732674531e-02
-7.574257425742574323e-01 9.270553498261309144e-01 -7.574257425742575434e-02
-7.475247524752475226e-01 9.279745844611074768e-01 -7.475247524752474948e-02
-7.376237623762376128e-01 9.288961324363801397e-01 -7.376237623762375850e-02
-7.277227722772277030e-01 9.298219387926387469e-01 -7.277227722772276752e-02
-7.178217821782177932e-01 9.307563056766507970e-01 -7.178217821782177654e-02
-7.079207920792078834e-01 9.317083200479602256e-01 -7.079207920792078557e-02
-6.980198019801979736e-01 9.326962919611795355e-01 -6.980198019801979459e-02
-6.881188118811880639e-01 9.337553768507561580e-01 -6.881188118811880361e-02
-6.782178217821781541e-01 9.349498009319228142e-01 -6.782178217821781263e-02
-6.683168316831682443e-01 9.363910135455772998e-01 -6.683168316831682165e-02
-6.584158415841583345e-01 9.382622847552283263e-01 -6.584158415841583067e-02
-6.485148514851484247e-01 9.408483408608760978e-01 -6.485148514851483970e-02
-6.386138613861386260e-01 9.445653339728459219e-01 -6.386138613861386260e-02
-6.287128712871287162e-01 9.499819973902403625e-01 -6.287128712871287162e-02
-6.188118811881188064e-01 9.578182772944817680e-01 -6.188118811881188064e-02
-6.089108910891088966e-01 9.689050415840518848e-01 -6.089108910891088966e-02
-5.990099009900989868e-01 9.840902952646781721e-01 -5.990099009900989868e-02
-5.891089108910891881e-01 1.004086058496669986e+00 -5.891089108910892158e-02
-5.792079207920792783e-01 1.029266356887355460e+00 -5.792079207920793060e-02
-5.693069306930693685e-01 1.059448158113058147e+00 -5.693069306930693962e-02
-5.594059405940594587e-01 1.093707393329235167e+00 -5.594059405940594865e-02
-5.495049504950495489e-01 1.130292719930334533e+00 -5.495049504950495767e-02
-5.396039603960396391e-01 1.166692248358232487e+00 -5.396039603960396669e-02
-5.297029702970297294e-01 1.199879562582694348e+00 -5.297029702970297571e-02
-5.198019801980198196e-01 1.226719450710509918e+00 -5.198019801980198473e-02
-5.099009900990099098e-01 1.244463586824594126e+00 -5.099009900990099375e-02
-5.000000000000000000e-01 1.251229424500714060e+00 -5.000000000000000278e-02
-4.900990099009900902e-01 1.246347209755119145e+00 -4.900990099009901180e-02
-4.801980198019801804e-01 1.230486698418068015e+00 -4.801980198019802082e-02
-4.702970297029702706e-01 1.205530438760304524e+00 -4.702970297029702984e-02
-4.603960396039603609e-01 1.174226758545426019e+00 -4.603960396039603886e-02
-4.504950495049504511e-01 1.139710871513162971e+00 -4.504950495049504788e-02
-4.405940594059405413e-01 1.105009195540275879e+00 -4.405940594059405691e-02
-4.306930693069306870e-01 1.072633622031424316e+00 -4.306930693069307287e-02
-4.207920792079208328e-01 1.044335495438706518e+00 -4.207920792079208883e-02
-4.108910891089109230e-01 1.021038886453223604e+00 -4.108910891089109785e-02
-4.009900990099010132e-01 1.002926829245226026e+00 -4.009900990099010687e-02
-3.910891089108911034e-01 9.896253000539756428e-01 -3.910891089108911589e-02
-3.811881188118811936e-01 9.804222805657704098e-01 -3.811881188118812491e-02
-3.712871287128712838e-01 9.744697676215109405e-01 -3.712871287128712700e-02
-3.613861386138613740e-01 9.709368951693647665e-01 -3.613861386138613602e-02
-3.514851485148514643e-01 9.691037188745825759e-01 -3.514851485148514504e-02
-3.415841584158415545e-01 9.684015072847601546e-01 -3.415841584158415406e-02
-3.316831683168316447e-01 9.684141101362975235e-01 -3.316831683168316308e-02
-3.217821782178217349e-01 9.688568029759492273e-01 -3.217821782178217210e-02
-3.118811881188118251e-01 9.695463175869916128e-01 -3.118811881188118459e-02
-3.019801980198019709e-01 9.703712064753446942e-01 -3.019801980198019709e-02
-2.920792079207921166e-01 9.712672452726279770e-01 -2.920792079207921305e-02
-2.821782178217822068e-01 9.721992803912824499e-01 -2.821782178217822207e-02
-2.722772277227722970e-01 9.731490036236218888e-01 -2.722772277227723109e-02
-2.623762376237623872e-01 9.741073298570688266e-01 -2.623762376237624011e-02
-2.524752475247524774e-01 9.750699587918635336e-01 -2.524752475247524913e-02
-2.425742574257425677e-01 9.760349472343675670e-01 -2.425742574257425815e-02
-2.326732673267326579e-01 9.770014564571896098e-01 -2.326732673267326718e-02
-2.227722772277227481e-01 9.779691406496283657e-01 -2.227722772277227620e-02
-2.128712871287128383e-01 9.789378637615100409e-01 -2.128712871287128522e-02
-2.029702970297029285e-01 9.799075749355781184e-01 -2.029702970297029424e-02
-1.930693069306930187e-01 9.808782563630515927e-01 -1.930693069306930326e-02
-1.831683168316831090e-01 9.818499024886977455e-01 -1.831683168316831228e-02
-1.732673267326732547e-01 9.828225121024507516e-01 -1.732673267326732477e-02
-1.633663366336634004e-01 9.837960854688678758e-01 -1.633663366336634074e-02
-1.534653465346534906e-01 9.847706233319547531e-01 -1.534653465346534976e-02
-1.435643564356435808e-01 9.857461265854363663e-01 -1.435643564356435878e-02
-1.336633663366336711e-01 9.867225961682895008e-01 -1.336633663366336780e-02
-1.237623762376237613e-01 9.877000330330807376e-01 -1.237623762376237682e-02
-1.138613861386138515e-01 9.886784381367825780e-01 -1.138613861386138584e-02
-1.039603960396039417e-01 9.896578124382223729e-01 -1.039603960396039486e-02
-9.405940594059403193e-02 9.906381568974061969e-01 -9.405940594059403886e-03
-8.415841584158412214e-02 9.916194724753454315e-01 -8.415841584158412908e-03
-7.425742574257421236e-02 9.926017601340162422e-01 -7.425742574257421930e-03
-6.435643564356430257e-02 9.935850208363509184e-01 -6.435643564356430951e-03
-5.445544554455444830e-02 9.945692555462358753e-01 -5.445544554455445177e-03
-4.455445544554459403e-02 9.955544652285125418e-01 -4.455445544554459403e-03
-3.465346534653468424e-02 9.965406508489781379e-01 -3.465346534653468424e-03
-2.475247524752477446e-02 9.975278133743867848e-01 -2.475247524752477446e-03
-1.485148514851486468e-02 9.985159537724498380e-01 -1.485148514851486468e-03
-4.950495049504954892e-03 9.995050730118375526e-01 -4.950495049504954892e-04
4.950495049504954892e-03 1.656903493505076375e+00 5.049504950495049549e-01
1.485148514851486468e-02 1.673389960080520211e+00 5.148514851485148647e-01
2.475247524752477446e-02 1.690040469752745800e+00 5.247524752475247745e-01
3.465346534653468424e-02 1.706856654777972659e+00 5.346534653465346842e-01
4.455445544554459403e-02 1.723840163653642010e+00 5.445544554455445940e-01
5.445544554455450381e-02 1.740992661280020171e+00 5.544554455445545038e-01
6.435643564356441360e-02 1.758315829123409113e+00 5.643564356435644136e-01
7.425742574257432338e-02 1.775811365380981943e+00 5.742574257425743234e-01
8.415841584158423316e-02 1.793480985147256623e+00 5.841584158415842332e-01
9.405940594059414295e-02 1.811326420582228591e+00 5.940594059405941429e-01
1.039603960396040527e-01 1.829349421081174487e+00 6.039603960396040527e-01
1.138613861386139625e-01 1.847551753446146305e+00 6.138613861386139625e-01
1.237623762376238723e-01 1.865935202059171516e+00 6.237623762376238723e-01
1.336633663366337821e-01 1.884501569057177139e+00 6.336633663366337821e-01
1.435643564356435808e-01 1.903252674508652875e+00 6.435643564356435808e-01
1.534653465346533796e-01 1.922190356592075045e+00 6.534653465346533796e-01
1.633663366336632894e-01 1.941316471776102670e+00 6.633663366336632894e-01
1.732673267326731992e-01 1.960632895001567455e+00 6.732673267326731992e-01
1.831683168316831090e-01 1.980141519865276312e+00 6.831683168316831090e-01
1.930693069306930187e-01 1.999844258805640207e+00 6.930693069306930187e-01
2.029702970297029285e-01 2.019743043290151974e+00 7.029702970297029285e-01
2.128712871287128383e-01 2.039839824004729074e+00 7.128712871287128383e-01
2.227722772277227481e-01 2.060136571044939746e+00 7.227722772277227481e-01
2.326732673267326579e-01 2.080635274109130961e+00 7.326732673267326579e-01
2.425742574257425677e-01 2.101337942693482397e+00 7.425742574257425677e-01
2.524752475247524774e-01 2.122246606288995530e+00 7.524752475247524774e-01
2.623762376237623872e-01 2.143363314580446488e+00 7.623762376237623872e-01
2.722772277227722970e-01 2.164690137647317325e+00 7.722772277227722970e-01
2.821782178217822068e-01 2.186229166166727023e+00 7.821782178217822068e-01
2.920792079207921166e-01 2.207982511618380883e+00 7.920792079207921166e-01
3.019801980198020264e-01 2.229952306491560510e+00 8.019801980198020264e-01
3.118811881188119361e-01 2.252140704494171253e+00 8.118811881188119361e-01
3.217821782178218459e-01 2.274549880763873322e+00 8.217821782178218459e-01
3.316831683168317557e-01 2.297182032081308112e+00 8.316831683168317557e-01
3.415841584158416655e-01 2.320039377085453047e+00 8.415841584158416655e-01
3.514851485148515753e-01 2.343124156491113386e+00 8.514851485148515753e-01
3.613861386138614851e-01 2.366438633308581618e+00 8.613861386138614851e-01
3.712871287128713949e-01 2.389985093065479571e+00 8.712871287128713949e-01
3.811881188118813046e-01 2.413765844030811625e+00 8.811881188118813046e-01
3.910891089108911034e-01 2.437783217441244155e+00 8.910891089108911034e-01
4.009900990099009022e-01 2.462039567729638279e+00 9.009900990099009022e-01
4.108910891089108119e-01 2.486537272755854566e+00 9.108910891089108119e-01
4.207920792079207217e-01 2.511278734039857241e+00 9.207920792079207217e-01
4.306930693069306315e-01 2.536266376997135197e+00 9.306930693069306315e-01
4.405940594059405413e-01 2.561502651176466028e+00 9.405940594059405413e-01
4.504950495049504511e-01 2.586990030500047943e+00 9.504950495049504511e-01
4.603960396039603609e-01 2.612731013506017330e+00 9.603960396039603609e-01
4.702970297029702706e-01 2.638728123593383046e+00 9.702970297029702706e-01
4.801980198019801804e-01 2.664983909269395657e+00 9.801980198019801804e-01
4.900990099009900902e-01 2.691500944399378703e+00 9.900990099009900902e-01
5.000000000000000000e-01 2.718281828459045091e+00 1.000000000000000000e+00
5.099009900990099098e-01 4.095549884007740893e+00 1.409900990099009821e+00
5.198019801980198196e-01 4.136301289587748009e+00 1.419801980198019731e+00
5.297029702970297294e-01 4.177458178461520788e+00 1.429702970297029641e+00
5.396039603960396391e-01 4.219024585255574777e+00 1.439603960396039550e+00
5.495049504950495489e-01 4.261004584741632684e+00 1.449504950495049460e+00
5.594059405940594587e-01 4.303402292236079951e+00 1.459405940594059370e+00
5.693069306930693685e-01 4.346221864003385171e+00 1.469306930693069280e+00
5.792079207920792783e-01 4.389467497663542161e+00 1.479207920792079189e+00
5.891089108910891881e-01 4.433143432603566580e+00 1.489108910891089099e+00
5.990099009900990978e-01 4.477253950393082604e+00 1.499009900990099009e+00
6.089108910891090076e-01 4.521803375204047626e+00 1.508910891089108919e+00
6.188118811881189174e-01 4.566796074234652281e+00 1.518811881188118829e+00
6.287128712871288272e-01 4.612236458137438433e+00 1.528712871287128738e+00
6.386138613861387370e-01 4.658128981451677753e+00 1.538613861386138648e+00
6.485148514851485357e-01 4.704478143040052629e+00 1.548514851485148558e+00
6.584158415841583345e-01 4.751288486529679389e+00 1.558415841584158468e+00
6.683168316831682443e-01 4.798564600757525334e+00 1.568316831683168378e+00
6.782178217821781541e-01 4.846311120220250679e+00 1.578217821782178287e+00
6.881188118811880639e-01 4.894532725528531358e+00 1.588118811881188197e+00
6.980198019801979736e-01 4.943234143865901764e+00 1.598019801980198107e+00
7.079207920792078834e-01 4.992420149452164502e+00 1.607920792079208017e+00
7.178217821782177932e-01 5.042095564011402686e+00 1.617821782178217926e+00
7.277227722772277030e-01 5.092265257244664056e+00 1.627722772277227836e+00
7.376237623762376128e-01 5.142934147307331116e+00 1.637623762376237746e+00
7.475247524752475226e-01 5.194107201291257248e+00 1.647524752475247656e+00
7.574257425742574323e-01 5.245789435711688320e+00 1.657425742574257566e+00
7.673267326732673421e-01 5.297985916999035538e+00 1.667326732673267475e+00
7.772277227722772519e-01 5.350701761995537709e+00 1.677227722772277385e+00
7.871287128712871617e-01 5.403942138456870659e+00 1.687128712871287295e+00
7.970297029702970715e-01 5.457712265558741116e+00 1.697029702970297205e+00
8.069306930693069813e-01 5.512017414408528104e+00 1.706930693069307114e+00
8.168316831683168910e-01 5.566862908562006496e+00 1.716831683168317024e+00
8.267326732673268008e-01 5.622254124545222886e+00 1.726732673267326934e+00
8.366336633663367106e-01 5.678196492381555771e+00 1.736633663366336844e+00
8.465346534653466204e-01 5.734695496124023073e+00 1.746534653465346754e+00
8.564356435643565302e-01 5.791756674392887660e+00 1.756435643564356663e+00
8.663366336633664400e-01 5.849385620918607032e+00 1.766336633663366573e+00
8.762376237623763497e-01 5.907587985090193783e+00 1.776237623762376483e+00
8.861386138613862595e-01 5.966369472509023275e+00 1.786138613861386393e+00
8.960396039603960583e-01 6.025735845548156888e+00 1.796039603960396080e+00
9.059405940594058571e-01 6.085692923917234154e+00 1.805940594059405768e+00
9.158415841584157668e-01 6.146246585232976400e+00 1.815841584158415678e+00
9.257425742574256766e-01 6.207402765595372074e+00 1.825742574257425588e+00
9.356435643564355864e-01 6.269167460169596140e+00 1.835643564356435498e+00
9.455445544554454962e-01 6.331546723773719521e+00 1.845544554455445407e+00
9.554455445544554060e-01 6.394546671472264521e+00 1.855445544554455317e+00
9.653465346534653158e-01 6.458173479175667531e+00 1.865346534653465227e+00
9.752475247524752255e-01 6.522433384245703181e+00 1.875247524752475137e+00
9.851485148514851353e-01 6.587332686106941892e+00 1.885148514851485047e+00
9.950495049504950451e-01 6.652877746864276354e+00 1.895049504950494956e+00
