-9.950495049504950451e-01 9.052857347897154128e-01 -9.950495049504951006e-02
-9.851485148514851353e-01 9.061823553715864232e-01 -9.851485148514851908e-02
-9.752475247524752255e-01 9.070800427902545593e-01 -9.752475247524752811e-02
-9.653465346534653158e-01 9.079785867341223504e-01 -9.653465346534653713e-02
-9.554455445544554060e-01 9.088780205706326054e-01 -9.554455445544554615e-02
-9.455445544554454962e-01 9.097783454426033867e-01 -9.455445544554455517e-02
-9.356435643564355864e-01 9.106795621537677743e-01 -9.356435643564356419e-02
-9.257425742574256766e-01 9.115816716017124399e-01 -9.257425742574257321e-02
-9.158415841584158779e-01 9.124846746696686495e-01 -9.158415841584159611e-02
-9.059405940594059681e-01 9.133885722428141118e-01 -9.059405940594060513e-02
-8.960396039603960583e-01 9.142933652072422479e-01 -8.960396039603961416e-02
-8.861386138613861485e-01 9.151990544499175595e-01 -8.861386138613862318e-02
-8.762376237623762387e-01 9.161056408586834010e-01 -8.762376237623763220e-02
-8.663366336633663289e-01 9.170131253222633116e-01 -8.663366336633664122e-02
-8.564356435643564192e-01 9.179215087302605713e-01 -8.564356435643565024e-02
-8.465346534653465094e-01 9.188307919731595330e-01 -8.465346534653465926e-02
-8.366336633663365996e-01 9.197409759423278430e-01 -8.366336633663366829e-02
-8.267326732673268008e-01 9.206520615300148869e-01 -8.267326732673269118e-02
-8.168316831683168910e-01 9.215640496293546757e-01 -8.168316831683170021e-02
-8.069306930693069813e-01 9.224769411343628489e-01 -8.069306930693070923e-02
-7.970297029702970715e-01 9.233907369399347864e-01 -7.970297029702971825e-02
-7.871287128712871617e-01 9.243054379418684796e-01 -7.871287128712872727e-02
-7.772277227722772519e-01 9.252210450368736350e-01 -7.772277227722773629e-02
-7.673267326732673421e-01 9.261375591225274873e-01 -7.673267326732674531e-02
-7.574257425742574323e-01 9.270549810972097404e-01 -7.574257425742575434e-02
-7.475247524752475226e-01 9.279733118601549702e-01 -7.475247524752474948e-02
-7.376237623762376128e-01 9.288925523116846605e-01 -7.376237623762375850e-02
-7.277227722772277030e-01 9.298127033533136743e-01 -7.277227722772276752e-02
-7.178217821782177932e-01 9.307337658872900654e-01 -7.178217821782177654e-02
-7.079207920792078834e-01 9.316557408158139264e-01 -7.079207920792078557e-02
-6.980198019801979736e-01 9.325786290412156898e-01 -6.980198019801979459e-02
-6.881188118811880639e-01 9.335024314680547830e-01 -6.881188118811880361e-02
-6.782178217821781541e-01 9.344271490053666085e-01 -6.782178217821781263e-02
-6.683168316831682443e-01 9.353527825647944827e-01 -6.683168316831682165e-02
-6.584158415841583345e-01 9.362793330529259883e-01 -6.584158415841583067e-02
-6.485148514851484247e-01 9.372068013647386620e-01 -6.485148514851483970e-02
-6.386138613861386260e-01 9.381351883909860856e-01 -6.386138613861386260e-02
-6.287128712871287162e-01 9.390644950432462945e-01 -6.287128712871287162e-02
-6.188118811881188064e-01 9.399947222762959909e-01 -6.188118811881188064e-02
-6.089108910891088966e-01 9.409258710709951234e-01 -6.089108910891088966e-02
-5.990099009900989868e-01 9.418579423618163027e-01 -5.990099009900989868e-02
-5.891089108910891881e-01 9.427909369533324924e-01 -5.891089108910892158e-02
-5.792079207920792783e-01 9.437248555222377266e-01 -5.792079207920793060e-02
-5.693069306930693685e-01 9.446596987776577636e-01 -5.693069306930693962e-02
-5.594059405940594587e-01 9.455954677307705225e-01 -5.594059405940594865e-02
-5.495049504950495489e-01 9.465321638771813095e-01 -5.495049504950495767e-02
-5.396039603960396391e-01 9.474697890553741564e-01 -5.396039603960396669e-02
-5.297029702970297294e-01 9.484083448990420218e-01 -5.297029702970297571e-02
-5.198019801980198196e-01 9.493478320926204139e-01 -5.198019801980198473e-02
-5.099009900990099098e-01 9.502882498733793426e-01 -5.099009900990099375e-02
-5.000000000000000000e-01 9.512295962008030514e-01 -5.000000000000000278e-02
-4.900990099009900902e-01 9.521718686930814579e-01 -4.900990099009901180e-02
-4.801980198019801804e-01 9.531150659843143913e-01 -4.801980198019802082e-02
-4.702970297029702706e-01 9.540591888637725004e-01 -4.702970297029702984e-02
-4.603960396039603609e-01 9.550042406125884842e-01 -4.603960396039603886e-02
-4.504950495049504511e-01 9.559502263322990911e-01 -4.504950495049504788e-02
-4.405940594059405413e-01 9.568971515561404129e-01 -4.405940594059405691e-02
-4.306930693069306870e-01 9.578450207850205400e-01 -4.306930693069307287e-02
-4.207920792079208328e-01 9.587938366035286819e-01 -4.207920792079208883e-02
-4.108910891089109230e-01 9.597435996710645956e-01 -4.108910891089109785e-02
-4.009900990099010132e-01 9.606943093383790711e-01 -4.009900990099010687e-02
-3.910891089108911034e-01 9.616459643158692394e-01 -3.910891089108911589e-02
-3.811881188118811936e-01 9.625985630786404457e-01 -3.811881188118812491e-02
-3.712871287128712838e-01 9.635521043644796890e-01 -3.712871287128712700e-02
-3.613861386138613740e-01 9.645065883187097233e-01 -3.613861386138613602e-02
-3.514851485148514643e-01 9.654620177529236180e-01 -3.514851485148514504e-02
-3.415841584158415545e-01 9.664183973422896257e-01 -3.415841584158415406e-02
-3.316831683168316447e-01 9.673757290014839416e-01 -3.316831683168316308e-02
-3.217821782178217349e-01 9.683340061227279083e-01 -3.217821782178217210e-02
-3.118811881188118251e-01 9.692932150437196803e-01 -3.118811881188118459e-02
-3.019801980198019709e-01 9.702533508860322620e-01 -3.019801980198019709e-02
-2.920792079207921166e-01 9.712144405415874537e-01 -2.920792079207921305e-02
-2.821782178217822068e-01 9.721765453787221123e-01 -2.821782178217822207e-02
-2.722772277227722970e-01 9.731397138688721027e-01 -2.722772277227723109e-02
-2.623762376237623872e-01 9.741038920611214680e-01 -2.623762376237624011e-02
-2.524752475247524774e-01 9.750688672130715107e-01 -2.524752475247524913e-02
-2.425742574257425677e-01 9.760343578942000109e-01 -2.425742574257425815e-02
-2.326732673267326579e-01 9.770002949993700225e-01 -2.326732673267326718e-02
-2.227722772277227481e-01 9.779671696505016776e-01 -2.227722772277227620e-02
-2.128712871287128383e-01 9.789360993597606697e-01 -2.128712871287128522e-02
-2.029702970297029285e-01 9.799083880777672562e-01 -2.029702970297029424e-02
-1.930693069306930187e-01 9.808852734840647347e-01 -1.930693069306930326e-02
-1.831683168316831090e-01 9.818683578537054091e-01 -1.831683168316831228e-02
-1.732673267326732547e-01 9.828603163663798270e-01 -1.732673267326732477e-02
-1.633663366336634004e-01 9.838656752819340268e-01 -1.633663366336634074e-02
-1.534653465346534906e-01 9.848917602328249865e-01 -1.534653465346534976e-02
-1.435643564356435808e-01 9.859499527816508735e-01 -1.435643564356435878e-02
-1.336633663366336711e-01 9.870573471668964149e-01 -1.336633663366336780e-02
-1.237623762376237613e-01 9.882388267810540139e-01 -1.237623762376237682e-02
-1.138613861386138515e-01 9.895294760061843498e-01 -1.138613861386138584e-02
-1.039603960396039417e-01 9.909770899506706865e-01 -1.039603960396039486e-02
-9.405940594059403193e-02 9.926443397157007631e-01 -9.405940594059403886e-03
-8.415841584158412214e-02 9.946099214604657845e-01 -8.415841584158412908e-03
-7.425742574257421236e-02 9.969678350786330689e-01 -7.425742574257421930e-03
-6.435643564356430257e-02 9.998239049740734741e-01 -6.435643564356430951e-03
-5.445544554455444830e-02 1.003289019033873686e+00 -5.445544554455445177e-03
-4.455445544554459403e-02 1.007468583732087142e+00 -4.455445544554459403e-03
-3.465346534653468424e-02 1.012453112855576931e+00 -3.465346534653468424e-03
-2.475247524752477446e-02 1.018289465193371601e+00 -2.475247524752477446e-03
-1.485148514851486468e-02 1.025061085061921284e+00 -1.485148514851486468e-03
-4.950495049504954892e-03 1.032466546162048138e+00 -4.950495049504954892e-04
4.950495049504954892e-03 1.726615096330442078e+00 5.049504950495049549e-01
1.485148514851486468e-02 1.751153783812258169e+00 5.148514851485148647e-01
2.475247524752477446e-02 1.776541838581781718e+00 5.247524752475247745e-01
3.465346534653468424e-02 1.802607748054628978e+00 5.346534653465346842e-01
4.455445544554459403e-02 1.829286453730605277e+00 5.445544554455445940e-01
5.445544554455450381e-02 1.856540046339633543e+00 5.544554455445545038e-01
6.435643564356441360e-02 1.884338424821063063e+00 5.643564356435644136e-01
7.425742574257432338e-02 1.912653640695942903e+00 5.742574257425743234e-01
8.415841584158423316e-02 1.941463641052639799e+00 5.841584158415842332e-01
9.405940594059414295e-02 1.970747527440374736e+00 5.940594059405941429e-01
1.039603960396040527e-01 2.000486975292863789e+00 6.039603960396040527e-01
1.138613861386139625e-01 2.030666192297920780e+00 6.138613861386139625e-01
1.237623762376238723e-01 2.061271815344623004e+00 6.237623762376238723e-01
1.336633663366337821e-01 2.092292844744717328e+00 6.336633663366337821e-01
1.435643564356435808e-01 2.123720636047629284e+00 6.435643564356435808e-01
1.534653465346533796e-01 2.155549025501692029e+00 6.534653465346533796e-01
1.633663366336632894e-01 2.187774662145798743e+00 6.633663366336632894e-01
1.732673267326731992e-01 2.220397577871036532e+00 6.732673267326731992e-01
1.831683168316831090e-01 2.253421959548034259e+00 6.831683168316831090e-01
1.930693069306930187e-01 2.286857044839773145e+00 6.930693069306930187e-01
2.029702970297029285e-01 2.320718075726980967e+00 7.029702970297029285e-01
2.128712871287128383e-01 2.355027267516994094e+00 7.128712871287128383e-01
2.227722772277227481e-01 2.389814690269706610e+00 7.227722772277227481e-01
2.326732673267326579e-01 2.425118761182973870e+00 7.326732673267326579e-01
2.425742574257425677e-01 2.460985772260125604e+00 7.425742574257425677e-01
2.524752475247524774e-01 2.497467690336248936e+00 7.524752475247524774e-01
2.623762376237623872e-01 2.534617547428696938e+00 7.623762376237623872e-01
2.722772277227722970e-01 2.572482308377976423e+00 7.722772277227722970e-01
2.821782178217822068e-01 2.611094336881275346e+00 7.821782178217822068e-01
2.920792079207921166e-01 2.650464224725752160e+00 7.920792079207921166e-01
3.019801980198020264e-01 2.690579683987315729e+00 8.019801980198020264e-01
3.118811881188119361e-01 2.731414538230145794e+00 8.118811881188119361e-01
3.217821782178218459e-01 2.772945918173229884e+00 8.217821782178218459e-01
3.316831683168317557e-01 2.815170703175882139e+00 8.316831683168317557e-01
3.415841584158416655e-01 2.858101129304695398e+00 8.415841584158416655e-01
3.514851485148515753e-01 2.901717421778930550e+00 8.514851485148515753e-01
3.613861386138614851e-01 2.945835960217030980e+00 8.613861386138614851e-01
3.712871287128713949e-01 2.989918793647129203e+00 8.712871287128713949e-01
3.811881188118813046e-01 3.033025898313403523e+00 8.811881188118813046e-01
3.910891089108911034e-01 3.074218969071977892e+00 8.910891089108911034e-01
4.009900990099009022e-01 3.112982336944901007e+00 9.009900990099009022e-01
4.108910891089108119e-01 3.149301049610357506e+00 9.108910891089108119e-01
4.207920792079207217e-01 3.183543586235324963e+00 9.207920792079207217e-01
4.306930693069306315e-01 3.216339442224624090e+00 9.306930693069306315e-01
4.405940594059405413e-01 3.248459305513724082e+00 9.405940594059405413e-01
4.504950495049504511e-01 3.280534686870688610e+00 9.504950495049504511e-01
4.603960396039603609e-01 3.312120692142269451e+00 9.603960396039603609e-01
4.702970297029702706e-01 3.342368811649769178e+00 9.702970297029702706e-01
4.801980198019801804e-01 3.369752448763981612e+00 9.801980198019801804e-01
4.900990099009900902e-01 3.391459434630649472e+00 9.900990099009900902e-01
5.000000000000000000e-01 3.402073074853835699e+00 1.000000000000000000e+00
5.099009900990099098e-01 5.079335768671413121e+00 1.409900990099009821e+00
5.198019801980198196e-01 5.077617918588393842e+00 1.419801980198019731e+00
5.297029702970297294e-01 5.048879373516617974e+00 1.429702970297029641e+00
5.396039603960396391e-01 4.980932653047219993e+00 1.439603960396039550e+00
5.495049504950495489e-01 4.858342637129089425e+00 1.449504950495049460e+00
5.594059405940594587e-01 4.705322645566162976e+00 1.459405940594059370e+00
5.693069306930693685e-01 4.604516198027926777e+00 1.469306930693069280e+00
5.792079207920792783e-01 4.558733768470282222e+00 1.479207920792079189e+00
5.891089108910891881e-01 4.548197961843094994e+00 1.489108910891089099e+00
5.990099009900990978e-01 4.559114527361276537e+00 1.499009900990099009e+00
6.089108910891090076e-01 4.582905546423383214e+00 1.508910891089108919e+00
6.188118811881189174e-01 4.614555064831924902e+00 1.518811881188118829e+00
6.287128712871288272e-01 4.651156180491847536e+00 1.528712871287128738e+00
6.386138613861387370e-01 4.691010526790044821e+00 1.538613861386138648e+00
6.485148514851485357e-01 4.733110489339043880e+00 1.548514851485148558e+00
6.584158415841583345e-01 4.776846420442923957e+00 1.558415841584158468e+00
6.683168316831682443e-01 4.821841565446405298e+00 1.568316831683168378e+00
6.782178217821781541e-01 4.867858074565741155e+00 1.578217821782178287e+00
6.881188118811880639e-01 4.914742676436482327e+00 1.588118811881188197e+00
6.980198019801979736e-01 4.962394708965883972e+00 1.598019801980198107e+00
7.079207920792078834e-01 5.010746942045334329e+00 1.607920792079208017e+00
7.178217821782177932e-01 5.059753847214977895e+00 1.617821782178217926e+00
7.277227722772277030e-01 5.109384282983587156e+00 1.627722772277227836e+00
7.376237623762376128e-01 5.159616847290668495e+00 1.637623762376237746e+00
7.475247524752475226e-01 5.210436870256832442e+00 1.647524752475247656e+00
7.574257425742574323e-01 5.261834433228152363e+00 1.657425742574257566e+00
7.673267326732673421e-01 5.313803040564234692e+00 1.667326732673267475e+00
7.772277227722772519e-01 5.366338713222655876e+00 1.677227722772277385e+00
7.871287128712871617e-01 5.419439359158731762e+00 1.687128712871287295e+00
7.970297029702970715e-01 5.473104328296741983e+00 1.697029702970297205e+00
8.069306930693069813e-01 5.527334092457124370e+00 1.706930693069307114e+00
8.168316831683168910e-01 5.582130011382227863e+00 1.716831683168317024e+00
8.267326732673268008e-01 5.637494158817217382e+00 1.726732673267326934e+00
8.366336633663367106e-01 5.693429191578616155e+00 1.736633663366336844e+00
8.465346534653466204e-01 5.749938249102181764e+00 1.746534653465346754e+00
8.564356435643565302e-01 5.807024876326355667e+00 1.756435643564356663e+00
8.663366336633664400e-01 5.864692962054177450e+00 1.766336633663366573e+00
8.762376237623763497e-01 5.922946692414599923e+00 1.776237623762376483e+00
8.861386138613862595e-01 5.981790509396067712e+00 1.786138613861386393e+00
8.960396039603960583e-01 6.041229085394335563e+00 1.796039603960396080e+00
9.059405940594058571e-01 6.101267287398602690e+00 1.805940594059405768e+00
9.158415841584157668e-01 6.161910176384205684e+00 1.815841584158415678e+00
9.257425742574256766e-01 6.223162951983283619e+00 1.825742574257425588e+00
9.356435643564355864e-01 6.285031011677494561e+00 1.835643564356435498e+00
9.455445544554454962e-01 6.347519797776646655e+00 1.845544554455445407e+00
9.554455445544554060e-01 6.410635060378254479e+00 1.855445544554455317e+00
9.653465346534653158e-01 6.474382319197969693e+00 1.865346534653465227e+00
9.752475247524752255e-01 6.538767888290463404e+00 1.875247524752475137e+00
9.851485148514851353e-01 6.603796849440861649e+00 1.885148514851485047e+00
9.950495049504950451e-01 6.669477006076018455e+00 1.895049504950494956e+00
