-9.950495049504950451e-01 9.052857347897154128e-01 -9.950495049504951006e-02
-9.851485148514851353e-01 9.061823553715864232e-01 -9.851485148514851908e-02
-9.752475247524752255e-01 9.070800427902545593e-01 -9.752475247524752811e-02
-9.653465346534653158e-01 9.079785867341223504e-01 -9.653465346534653713e-02
-9.554455445544554060e-01 9.088780205706326054e-01 -9.554455445544554615e-02
-9.455445544554454962e-01 9.097783454425961702e-01 -9.455445544554455517e-02
-9.356435643564355864e-01 9.106795621537462360e-01 -9.356435643564356419e-02
-9.257425742574256766e-01 9.115816716017057786e-01 -9.257425742574257321e-02
-9.158415841584158779e-01 9.124846746697181654e-01 -9.158415841584159611e-02
-9.059405940594059681e-01 9.133885722428329856e-01 -9.059405940594060513e-02
-8.960396039603960583e-01 9.142933652070464046e-01 -8.960396039603961416e-02
-8.861386138613861485e-01 9.151990544496839686e-01 -8.861386138613862318e-02
-8.762376237623762387e-01 9.161056408591192746e-01 -8.762376237623763220e-02
-8.663366336633663289e-01 9.170131253233466673e-01 -8.663366336633664122e-02
-8.564356435643564192e-01 9.179215087298235876e-01 -8.564356435643565024e-02
-8.465346534653465094e-01 9.188307919693069481e-01 -8.465346534653465926e-02
-8.366336633663365996e-01 9.197409759394942208e-01 -8.366336633663366829e-02
-8.267326732673268008e-01 9.206520615382693951e-01 -8.267326732673269118e-02
-8.168316831683168910e-01 9.215640496477572885e-01 -8.168316831683170021e-02
-8.069306930693069813e-01 9.224769411343848313e-01 -8.069306930693070923e-02
-7.970297029702970715e-01 9.233907368876486110e-01 -7.970297029702971825e-02
-7.871287128712871617e-01 9.243054378658779324e-01 -7.871287128712872727e-02
-7.772277227722772519e-01 9.252210450643080231e-01 -7.772277227722773629e-02
-7.673267326732673421e-01 9.261375593714189502e-01 -7.673267326732674531e-02
-7.574257425742574323e-01 9.270549814417815560e-01 -7.574257425742575434e-02
-7.475247524752475226e-01 9.279733118153121740e-01 -7.475247524752474948e-02
-7.376237623762376128e-01 9.288925513482675367e-01 -7.376237623762375850e-02
-7.277227722772277030e-01 9.298127016362109920e-01 -7.277227722772276752e-02
-7.178217821782177932e-01 9.307337648760425353e-01 -7.178217821782177654e-02
-7.079207920792078834e-01 9.316557429038513360e-01 -7.079207920792078557e-02
-6.980198019801979736e-01 9.325786358719936331e-01 -6.980198019801979459e-02
-6.881188118811880639e-01 9.335024415918729002e-01 -6.881188118811880361e-02
-6.782178217821781541e-01 9.344271563602446484e-01 -6.782178217821781263e-02
-6.683168316831682443e-01 9.353527771114200640e-01 -6.683168316831682165e-02
-6.584158415841583345e-01 9.362793037056083012e-01 -6.584158415841583067e-02
-6.485148514851484247e-01 9.372067399131696064e-01 -6.485148514851483970e-02
-6.386138613861386260e-01 9.381350924285836168e-01 -6.386138613861386260e-02
-6.287128712871287162e-01 9.390643684827358895e-01 -6.287128712871287162e-02
-6.188118811881188064e-01 9.399945734172598932e-01 -6.188118811881188064e-02
-6.089108910891088966e-01 9.409257094306406888e-01 -6.089108910891088966e-02
-5.990099009900989868e-01 9.418577758560258140e-01 -5.990099009900989868e-02
-5.891089108910891881e-01 9.427907704991820292e-01 -5.891089108910892158e-02
-5.792079207920792783e-01 9.437246912299763757e-01 -5.792079207920793060e-02
-5.693069306930693685e-01 9.446595370835263461e-01 -5.693069306930693962e-02
-5.594059405940594587e-01 9.455953083567585349e-01 -5.594059405940594865e-02
-5.495049504950495489e-01 9.465320057657332642e-01 -5.495049504950495767e-02
-5.396039603960396391e-01 9.474696297450805327e-01 -5.396039603960396669e-02
-5.297029702970297294e-01 9.484081812846258952e-01 -5.297029702970297571e-02
-5.198019801980198196e-01 9.493476636738081842e-01 -5.198019801980198473e-02
-5.099009900990099098e-01 9.502880814001469778e-01 -5.099009900990099375e-02
-5.000000000000000000e-01 9.512294337019215895e-01 -5.000000000000000278e-02
-4.900990099009900902e-01 9.521717092056899423e-01 -4.900990099009901180e-02
-4.801980198019801804e-01 9.531148958882422750e-01 -4.801980198019802082e-02
-4.702970297029702706e-01 9.540590092734365646e-01 -4.702970297029702984e-02
-4.603960396039603609e-01 9.550041083985427726e-01 -4.603960396039603886e-02
-4.504950495049504511e-01 9.559502490682947329e-01 -4.504950495049504788e-02
-4.405940594059405413e-01 9.568973704541097192e-01 -4.405940594059405691e-02
-4.306930693069306870e-01 9.578452235884820087e-01 -4.306930693069307287e-02
-4.207920792079208328e-01 9.587935193312087101e-01 -4.207920792079208883e-02
-4.108910891089109230e-01 9.597423460288960761e-01 -4.108910891089109785e-02
-4.009900990099010132e-01 9.606925815595044327e-01 -4.009900990099010687e-02
-3.910891089108911034e-01 9.616457127084095946e-01 -3.910891089108911589e-02
-3.811881188118811936e-01 9.626032421923866877e-01 -3.811881188118812491e-02
-3.712871287128712838e-01 9.635668910189962855e-01 -3.712871287128712700e-02
-3.613861386138613740e-01 9.645395517382393535e-01 -3.613861386138613602e-02
-3.514851485148514643e-01 9.655264493055770725e-01 -3.514851485148514504e-02
-3.415841584158415545e-01 9.665365696441922116e-01 -3.415841584158415406e-02
-3.316831683168316447e-01 9.675846194842647741e-01 -3.316831683168316308e-02
-3.217821782178217349e-01 9.686937266552322345e-01 -3.217821782178217210e-02
-3.118811881188118251e-01 9.698989608570669496e-01 -3.118811881188118459e-02
-3.019801980198019709e-01 9.712515575512477017e-01 -3.019801980198019709e-02
-2.920792079207921166e-01 9.728234163600807394e-01 -2.920792079207921305e-02
-2.821782178217822068e-01 9.747110076623373143e-01 -2.821782178217822207e-02
-2.722772277227722970e-01 9.770373217147977352e-01 -2.722772277227723109e-02
-2.623762376237623872e-01 9.799501107560689706e-01 -2.623762376237624011e-02
-2.524752475247524774e-01 9.836147010914197963e-01 -2.524752475247524913e-02
-2.425742574257425677e-01 9.882004257372535294e-01 -2.425742574257425815e-02
-2.326732673267326579e-01 9.938614327536543502e-01 -2.326732673267326718e-02
-2.227722772277227481e-01 1.000715018167456893e+00 -2.227722772277227620e-02
-2.128712871287128383e-01 1.008822847578166648e+00 -2.128712871287128522e-02
-2.029702970297029285e-01 1.018181050576598023e+00 -2.029702970297029424e-02
-1.930693069306930187e-01 1.028722840147443085e+00 -1.930693069306930326e-02
-1.831683168316831090e-01 1.040332217608977983e+00 -1.831683168316831228e-02
-1.732673267326732547e-01 1.052862712372431453e+00 -1.732673267326732477e-02
-1.633663366336634004e-01 1.066155290027069658e+00 -1.633663366336634074e-02
-1.534653465346534906e-01 1.080054357820413369e+00 -1.534653465346534976e-02
-1.435643564356435808e-01 1.094424615549256075e+00 -1.435643564356435878e-02
-1.336633663366336711e-01 1.109170612391672472e+00 -1.336633663366336780e-02
-1.237623762376237613e-01 1.124258808499272844e+00 -1.237623762376237682e-02
-1.138613861386138515e-01 1.139744750583719268e+00 -1.138613861386138584e-02
-1.039603960396039417e-01 1.155815449043196219e+00 -1.039603960396039486e-02
-9.405940594059403193e-02 1.172860692660007587e+00 -9.405940594059403886e-03
-8.415841584158412214e-02 1.191561671770699604e+00 -8.415841584158412908e-03
-7.425742574257421236e-02 1.212711580910182052e+00 -7.425742574257421930e-03
-6.435643564356430257e-02 1.234808981486013479e+00 -6.435643564356430951e-03
-5.445544554455444830e-02 1.251629619856535980e+00 -5.445544554455445177e-03
-4.455445544554459403e-02 1.260699769750611710e+00 -4.455445544554459403e-03
-3.465346534653468424e-02 1.263852991606378318e+00 -3.465346534653468424e-03
-2.475247524752477446e-02 1.264438181718351428e+00 -2.475247524752477446e-03
-1.485148514851486468e-02 1.261875150479823571e+00 -1.485148514851486468e-03
-4.950495049504954892e-03 1.251234076278730178e+00 -4.950495049504954892e-04
4.950495049504954892e-03 2.066173581953953509e+00 5.049504950495049549e-01
1.485148514851486468e-02 2.054699687738984704e+00 5.148514851485148647e-01
2.475247524752477446e-02 2.025159517617470595e+00 5.247524752475247745e-01
3.465346534653468424e-02 1.970493172263526382e+00 5.346534653465346842e-01
4.455445544554459403e-02 1.898509989245999785e+00 5.445544554455445940e-01
5.445544554455450381e-02 1.849665320345379671e+00 5.544554455445545038e-01
6.435643564356441360e-02 1.827313341409492864e+00 5.643564356435644136e-01
7.425742574257432338e-02 1.821554520398363852e+00 5.742574257425743234e-01
8.415841584158423316e-02 1.825624650193327758e+00 5.841584158415842332e-01
9.405940594059414295e-02 1.835395303429772973e+00 5.940594059405941429e-01
1.039603960396040527e-01 1.848517315224865731e+00 6.039603960396040527e-01
1.138613861386139625e-01 1.863673538028952414e+00 6.138613861386139625e-01
1.237623762376238723e-01 1.880120868439558723e+00 6.237623762376238723e-01
1.336633663366337821e-01 1.897433809547451222e+00 6.336633663366337821e-01
1.435643564356435808e-01 1.915363688257752273e+00 6.435643564356435808e-01
1.534653465346533796e-01 1.933761768164978578e+00 6.534653465346533796e-01
1.633663366336632894e-01 1.952536876875266891e+00 6.633663366336632894e-01
1.732673267326731992e-01 1.971631715870580948e+00 6.732673267326731992e-01
1.831683168316831090e-01 1.991009406514613111e+00 6.831683168316831090e-01
1.930693069306930187e-01 2.010645732341981073e+00 6.930693069306930187e-01
2.029702970297029285e-01 2.030524590571526122e+00 7.029702970297029285e-01
2.128712871287128383e-01 2.050635261465823866e+00 7.128712871287128383e-01
2.227722772277227481e-01 2.070970710421535355e+00 7.227722772277227481e-01
2.326732673267326579e-01 2.091526484515537465e+00 7.326732673267326579e-01
2.425742574257425677e-01 2.112299964068118818e+00 7.425742574257425677e-01
2.524752475247524774e-01 2.133289839595378989e+00 7.524752475247524774e-01
2.623762376237623872e-01 2.154495741569526501e+00 7.623762376237623872e-01
2.722772277227722970e-01 2.175917978494164462e+00 7.722772277227722970e-01
2.821782178217822068e-01 2.197557352748466641e+00 7.821782178217822068e-01
2.920792079207921166e-01 2.219415031575699082e+00 7.920792079207921166e-01
3.019801980198020264e-01 2.241492456125194987e+00 8.019801980198020264e-01
3.118811881188119361e-01 2.263791275766808830e+00 8.118811881188119361e-01
3.217821782178218459e-01 2.286313298302991903e+00 8.217821782178218459e-01
3.316831683168317557e-01 2.309060449729702036e+00 8.316831683168317557e-01
3.415841584158416655e-01 2.332034740532436423e+00 8.415841584158416655e-01
3.514851485148515753e-01 2.355238239036629100e+00 8.514851485148515753e-01
3.613861386138614851e-01 2.378673054798929432e+00 8.613861386138614851e-01
3.712871287128713949e-01 2.402341334583699251e+00 8.712871287128713949e-01
3.811881188118813046e-01 2.426245268958236334e+00 8.811881188118813046e-01
3.910891089108911034e-01 2.450387101828071845e+00 8.910891089108911034e-01
4.009900990099009022e-01 2.474769134777755841e+00 9.009900990099009022e-01
4.108910891089108119e-01 2.499393723845909854e+00 9.108910891089108119e-01
4.207920792079207217e-01 2.524263271735628145e+00 9.207920792079207217e-01
4.306930693069306315e-01 2.549380219353404087e+00 9.306930693069306315e-01
4.405940594059405413e-01 2.574747038909744212e+00 9.405940594059405413e-01
4.504950495049504511e-01 2.600366229231771076e+00 9.504950495049504511e-01
4.603960396039603609e-01 2.626240313018966432e+00 9.603960396039603609e-01
4.702970297029702706e-01 2.652371835744701922e+00 9.702970297029702706e-01
4.801980198019801804e-01 2.678763365684363684e+00 9.801980198019801804e-01
4.900990099009900902e-01 2.705417493529918005e+00 9.900990099009900902e-01
5.000000000000000000e-01 2.732336837624242509e+00 1.000000000000000000e+00
5.099009900990099098e-01 4.105599846191269719e+00 1.409900990099009821e+00
5.198019801980198196e-01 4.146452582662165653e+00 1.419801980198019731e+00
5.297029702970297294e-01 4.187711826570671647e+00 1.429702970297029641e+00
5.396039603960396391e-01 4.229381623258550604e+00 1.439603960396039550e+00
5.495049504950495489e-01 4.271466058021275103e+00 1.449504950495049460e+00
5.594059405940594587e-01 4.313969256528402241e+00 1.459405940594059370e+00
5.693069306930693685e-01 4.356895385178696678e+00 1.469306930693069280e+00
5.792079207920792783e-01 4.400247232522066732e+00 1.479207920792079189e+00
5.891089108910891881e-01 4.444030429458203812e+00 1.489108910891089099e+00
5.990099009900990978e-01 4.488249281742691110e+00 1.499009900990099009e+00
6.089108910891090076e-01 4.532908113879172696e+00 1.508910891089108919e+00
6.188118811881189174e-01 4.578011305605491188e+00 1.518811881188118829e+00
6.287128712871288272e-01 4.623563277234596924e+00 1.528712871287128738e+00
6.386138613861387370e-01 4.669568494136683512e+00 1.538613861386138648e+00
6.485148514851485357e-01 4.716031467036267522e+00 1.548514851485148558e+00
6.584158415841583345e-01 4.762956752435578700e+00 1.558415841584158468e+00
6.683168316831682443e-01 4.810348952950851853e+00 1.568316831683168378e+00
6.782178217821781541e-01 4.858212717455963947e+00 1.578217821782178287e+00
6.881188118811880639e-01 4.906552741065786094e+00 1.588118811881188197e+00
6.980198019801979736e-01 4.955373765006643616e+00 1.598019801980198107e+00
7.079207920792078834e-01 5.004680576455128538e+00 1.607920792079208017e+00
7.178217821782177932e-01 5.054478008456230853e+00 1.617821782178217926e+00
7.277227722772277030e-01 5.104770940052031136e+00 1.627722772277227836e+00
7.376237623762376128e-01 5.155564296751194320e+00 1.637623762376237746e+00
7.475247524752475226e-01 5.206863051430417499e+00 1.647524752475247656e+00
7.574257425742574323e-01 5.258672225674315470e+00 1.657425742574257566e+00
7.673267326732673421e-01 5.310996891449292434e+00 1.667326732673267475e+00
7.772277227722772519e-01 5.363842172918127815e+00 1.677227722772277385e+00
7.871287128712871617e-01 5.417213248184741481e+00 1.687128712871287295e+00
7.970297029702970715e-01 5.471115350818500644e+00 1.697029702970297205e+00
8.069306930693069813e-01 5.525553771089695587e+00 1.706930693069307114e+00
8.168316831683168910e-01 5.580533856872348153e+00 1.716831683168317024e+00
8.267326732673268008e-01 5.636061014096622301e+00 1.726732673267326934e+00
8.366336633663367106e-01 5.692140706515081305e+00 1.736633663366336844e+00
8.465346534653466204e-01 5.748778454523900905e+00 1.746534653465346754e+00
8.564356435643565302e-01 5.805979832951678077e+00 1.756435643564356663e+00
8.663366336633664400e-01 5.863750467968657176e+00 1.766336633663366573e+00
8.762376237623763497e-01 5.922096033258596570e+00 1.776237623762376483e+00
8.861386138613862595e-01 5.981022245257539893e+00 1.786138613861386393e+00
8.960396039603960583e-01 6.040534857339091346e+00 1.796039603960396080e+00
9.059405940594058571e-01 6.100639654920771093e+00 1.805940594059405768e+00
9.158415841584157668e-01 6.161342457619274349e+00 1.815841584158415678e+00
9.257425742574256766e-01 6.222649133731165350e+00 1.825742574257425588e+00
9.356435643564355864e-01 6.284565619649513657e+00 1.835643564356435498e+00
9.455445544554454962e-01 6.347097929222608848e+00 1.845544554455445407e+00
9.554455445544554060e-01 6.410252149550899503e+00 1.855445544554455317e+00
9.653465346534653158e-01 6.474034433301638636e+00 1.865346534653465227e+00
9.752475247524752255e-01 6.538450985889780576e+00 1.875247524752475137e+00
9.851485148514851353e-01 6.603508091868181218e+00 1.885148514851485047e+00
9.950495049504950451e-01 6.669211917685918145e+00 1.895049504950494956e+00
