-9.950495049504950451e-01 9.052857347889716744e-01 -9.950495049504951006e-02
-9.851485148514851353e-01 9.061823553701864320e-01 -9.851485148514851908e-02
-9.752475247524752255e-01 9.070800427967504742e-01 -9.752475247524752811e-02
-9.653465346534653158e-01 9.079785867445411274e-01 -9.653465346534653713e-02
-9.554455445544554060e-01 9.088780205432731574e-01 -9.554455445544554615e-02
-9.455445544554454962e-01 9.097783453792206432e-01 -9.455445544554455517e-02
-9.356435643564355864e-01 9.106795622131151902e-01 -9.356435643564356419e-02
-9.257425742574256766e-01 9.115816718987403977e-01 -9.257425742574257321e-02
-9.158415841584158779e-01 9.124846747941888214e-01 -9.158415841584159611e-02
-9.059405940594059681e-01 9.133885713917732074e-01 -9.059405940594060513e-02
-8.960396039603960583e-01 9.142933635618866184e-01 -8.960396039603961416e-02
-8.861386138613861485e-01 9.151990544623438417e-01 -8.861386138613862318e-02
-8.762376237623762387e-01 9.161056458544718506e-01 -8.762376237623763220e-02
-8.663366336633663289e-01 9.170131349502299578e-01 -8.663366336633664122e-02
-8.564356435643564192e-01 9.179215148158305082e-01 -8.564356435643565024e-02
-8.465346534653465094e-01 9.188307794523113969e-01 -8.465346534653465926e-02
-8.366336633663365996e-01 9.197409296127466716e-01 -8.366336633663366829e-02
-8.267326732673268008e-01 9.206519740419856213e-01 -8.267326732673269118e-02
-8.168316831683168910e-01 9.215639248929942129e-01 -8.168316831683170021e-02
-8.069306930693069813e-01 9.224767912029891992e-01 -8.069306930693070923e-02
-7.970297029702970715e-01 9.233905753975422126e-01 -7.970297029702971825e-02
-7.871287128712871617e-01 9.243052745041466789e-01 -7.871287128712872727e-02
-7.772277227722772519e-01 9.252208839257959339e-01 -7.772277227722773629e-02
-7.673267326732673421e-01 9.261374005734729353e-01 -7.673267326732674531e-02
-7.574257425742574323e-01 9.270548238141729236e-01 -7.574257425742575434e-02
-7.475247524752475226e-01 9.279731547168581507e-01 -7.475247524752474948e-02
-7.376237623762376128e-01 9.288923948259069086e-01 -7.376237623762375850e-02
-7.277227722772277030e-01 9.298125454400385514e-01 -7.277227722772276752e-02
-7.178217821782177932e-01 9.307336076943178993e-01 -7.178217821782177654e-02
-7.079207920792078834e-01 9.316555826821906194e-01 -7.079207920792078557e-02
-6.980198019801979736e-01 9.325784708645110666e-01 -6.980198019801979459e-02
-6.881188118811880639e-01 9.335022722869079637e-01 -6.881188118811880361e-02
-6.782178217821781541e-01 9.344269891136574024e-01 -6.782178217821781263e-02
-6.683168316831682443e-01 9.353526256151175611e-01 -6.683168316831682165e-02
-6.584158415841583345e-01 9.362791797663883031e-01 -6.584158415841583067e-02
-6.485148514851484247e-01 9.372066389065599745e-01 -6.485148514851483970e-02
-6.386138613861386260e-01 9.381350036728308694e-01 -6.386138613861386260e-02
-6.287128712871287162e-01 9.390643209224791566e-01 -6.287128712871287162e-02
-6.188118811881188064e-01 9.399946414744584366e-01 -6.188118811881188064e-02
-6.089108910891088966e-01 9.409258755613210123e-01 -6.089108910891088966e-02
-5.990099009900989868e-01 9.418577413255004860e-01 -5.990099009900989868e-02
-5.891089108910891881e-01 9.427901076627610566e-01 -5.891089108910892158e-02
-5.792079207920792783e-01 9.437236460299420759e-01 -5.792079207920793060e-02
-5.693069306930693685e-01 9.446599778123792035e-01 -5.693069306930693962e-02
-5.594059405940594587e-01 9.456009771714036782e-01 -5.594059405940594865e-02
-5.495049504950495489e-01 9.465489025781048671e-01 -5.495049504950495767e-02
-5.396039603960396391e-01 9.475078910342489280e-01 -5.396039603960396669e-02
-5.297029702970297294e-01 9.484860313368960183e-01 -5.297029702970297571e-02
-5.198019801980198196e-01 9.494981331820893100e-01 -5.198019801980198473e-02
-5.099009900990099098e-01 9.505697771901704396e-01 -5.099009900990099375e-02
-5.000000000000000000e-01 9.517431187978963036e-01 -5.000000000000000278e-02
-4.900990099009900902e-01 9.530846055346298140e-01 -4.900990099009901180e-02
-4.801980198019801804e-01 9.546942290363658046e-01 -4.801980198019802082e-02
-4.702970297029702706e-01 9.567150261728383231e-01 -4.702970297029702984e-02
-4.603960396039603609e-01 9.593402780796047580e-01 -4.603960396039603886e-02
-4.504950495049504511e-01 9.628145469256310651e-01 -4.504950495049504788e-02
-4.405940594059405413e-01 9.674240737817834113e-01 -4.405940594059405691e-02
-4.306930693069306870e-01 9.734732048721874698e-01 -4.306930693069307287e-02
-4.207920792079208328e-01 9.812473078787283809e-01 -4.207920792079208883e-02
-4.108910891089109230e-01 9.909688521618800205e-01 -4.108910891089109785e-02
-4.009900990099010132e-01 1.002759405842504226e+00 -4.009900990099010687e-02
-3.910891089108911034e-01 1.016620235673458383e+00 -3.910891089108911589e-02
-3.811881188118811936e-01 1.032431686037639462e+00 -3.811881188118812491e-02
-3.712871287128712838e-01 1.049957258054236675e+00 -3.712871287128712700e-02
-3.613861386138613740e-01 1.068859497386459356e+00 -3.613861386138613602e-02
-3.514851485148514643e-01 1.088787940536708687e+00 -3.514851485148514504e-02
-3.415841584158415545e-01 1.109570691428273914e+00 -3.415841584158415406e-02
-3.316831683168316447e-01 1.131411197853270822e+00 -3.316831683168316308e-02
-3.217821782178217349e-01 1.154967242831159258e+00 -3.217821782178217210e-02
-3.118811881188118251e-01 1.181094490923287221e+00 -3.118811881188118459e-02
-3.019801980198019709e-01 1.208700733183158516e+00 -3.019801980198019709e-02
-2.920792079207921166e-01 1.231427042860037790e+00 -2.920792079207921305e-02
-2.821782178217822068e-01 1.245184638350804285e+00 -2.821782178217822207e-02
-2.722772277227722970e-01 1.251190551263601458e+00 -2.722772277227723109e-02
-2.623762376237623872e-01 1.252706425949836166e+00 -2.623762376237624011e-02
-2.524752475247524774e-01 1.252222995087248991e+00 -2.524752475247524913e-02
-2.425742574257425677e-01 1.246770007199528463e+00 -2.425742574257425815e-02
-2.326732673267326579e-01 1.230800061470058049e+00 -2.326732673267326718e-02
-2.227722772277227481e-01 1.194990424608847857e+00 -2.227722772277227620e-02
-2.128712871287128383e-01 1.128477047729329552e+00 -2.128712871287128522e-02
-2.029702970297029285e-01 1.061264540476976936e+00 -2.029702970297029424e-02
-1.930693069306930187e-01 1.025119468394057431e+00 -1.930693069306930326e-02
-1.831683168316831090e-01 1.006486725910254343e+00 -1.831683168316831228e-02
-1.732673267326732547e-01 9.968232788134718803e-01 -1.732673267326732477e-02
-1.633663366336634004e-01 9.918283619021305286e-01 -1.633663366336634074e-02
-1.534653465346534906e-01 9.893741863703984230e-01 -1.534653465346534976e-02
-1.435643564356435808e-01 9.883617164506673936e-01 -1.435643564356435878e-02
-1.336633663366336711e-01 9.881884191527428030e-01 -1.336633663366336780e-02
-1.237623762376237613e-01 9.885080072556473585e-01 -1.237623762376237682e-02
-1.138613861386138515e-01 9.891160193823833602e-01 -1.138613861386138584e-02
-1.039603960396039417e-01 9.898907415719069292e-01 -1.039603960396039486e-02
-9.405940594059403193e-02 9.907601494799409547e-01 -9.405940594059403886e-03
-8.415841584158412214e-02 9.916822913037287579e-01 -8.415841584158412908e-03
-7.425742574257421236e-02 9.926332891047158213e-01 -7.425742574257421930e-03
-6.435643564356430257e-02 9.935999737407367194e-01 -6.435643564356430951e-03
-5.445544554455444830e-02 9.945754284750073504e-01 -5.445544554455445177e-03
-4.455445544554459403e-02 9.955562295554004626e-01 -4.455445544554459403e-03
-3.465346534653468424e-02 9.965405889375671400e-01 -3.465346534653468424e-03
-2.475247524752477446e-02 9.975273264531498985e-01 -2.475247524752477446e-03
-1.485148514851486468e-02 9.985156028202104572e-01 -1.485148514851486468e-03
-4.950495049504954892e-03 9.995049064280028261e-01 -4.950495049504954892e-04
4.950495049504954892e-03 1.665467224992688511e+00 5.049504950495049549e-01
1.485148514851486468e-02 1.682039545745535492e+00 5.148514851485148647e-01
2.475247524752477446e-02 1.698776714922078934e+00 5.247524752475247745e-01
3.465346534653468424e-02 1.715680392698035073e+00 5.346534653465346842e-01
4.455445544554459403e-02 1.732752254282845517e+00 5.445544554455445940e-01
5.445544554455450381e-02 1.749993984988519546e+00 5.544554455445545038e-01
6.435643564356441360e-02 1.767407280781785106e+00 5.643564356435644136e-01
7.425742574257432338e-02 1.784993274775943384e+00 5.742574257425743234e-01
8.415841584158423316e-02 1.802754251217580928e+00 5.841584158415842332e-01
9.405940594059414295e-02 1.820691956913227605e+00 5.940594059405941429e-01
1.039603960396040527e-01 1.838808147847087238e+00 6.039603960396040527e-01
1.138613861386139625e-01 1.857104602653324221e+00 6.138613861386139625e-01
1.237623762376238723e-01 1.875583111631451638e+00 6.237623762376238723e-01
1.336633663366337821e-01 1.894245475367346776e+00 6.336633663366337821e-01
1.435643564356435808e-01 1.913093513132449353e+00 6.435643564356435808e-01
1.534653465346533796e-01 1.932129081845254781e+00 6.534653465346533796e-01
1.633663366336632894e-01 1.951354083030226727e+00 6.633663366336632894e-01
1.732673267326731992e-01 1.970770432230784630e+00 6.732673267326731992e-01
1.831683168316831090e-01 1.990380005404449815e+00 6.831683168316831090e-01
1.930693069306930187e-01 2.010184630656424609e+00 6.930693069306930187e-01
2.029702970297029285e-01 2.030186182430198105e+00 7.029702970297029285e-01
2.128712871287128383e-01 2.050386719661150714e+00 7.128712871287128383e-01
2.227722772277227481e-01 2.070788484923697936e+00 7.227722772277227481e-01
2.326732673267326579e-01 2.091393634249141709e+00 7.326732673267326579e-01
2.425742574257425677e-01 2.112203853438811230e+00 7.425742574257425677e-01
2.524752475247524774e-01 2.133220332032702338e+00 7.524752475247524774e-01
2.623762376237623872e-01 2.154444271913010134e+00 7.623762376237623872e-01
2.722772277227722970e-01 2.175876891434232352e+00 7.722772277227722970e-01
2.821782178217822068e-01 2.197518802571148733e+00 7.821782178217822068e-01
2.920792079207921166e-01 2.219369349065726915e+00 7.920792079207921166e-01
3.019801980198020264e-01 2.241425867547229611e+00 8.019801980198020264e-01
3.118811881188119361e-01 2.263682689618631727e+00 8.118811881188119361e-01
3.217821782178218459e-01 2.286129788082625680e+00 8.217821782178218459e-01
3.316831683168317557e-01 2.308751049970746205e+00 8.316831683168317557e-01
3.415841584158416655e-01 2.331522247180636054e+00 8.415841584158416655e-01
3.514851485148515753e-01 2.354408910687464829e+00 8.514851485148515753e-01
3.613861386138614851e-01 2.377364520578959084e+00 8.613861386138614851e-01
3.712871287128713949e-01 2.400329719854907395e+00 8.712871287128713949e-01
3.811881188118813046e-01 2.423233683065312505e+00 8.811881188118813046e-01
3.910891089108911034e-01 2.446000240024507555e+00 8.910891089108911034e-01
4.009900990099009022e-01 2.468585620190204111e+00 9.009900990099009022e-01
4.108910891089108119e-01 2.491217476443078116e+00 9.108910891089108119e-01
4.207920792079207217e-01 2.514428835442281240e+00 9.207920792079207217e-01
4.306930693069306315e-01 2.538334246584451837e+00 9.306930693069306315e-01
4.405940594059405413e-01 2.562832630464590977e+00 9.405940594059405413e-01
4.504950495049504511e-01 2.587828434751026307e+00 9.504950495049504511e-01
4.603960396039603609e-01 2.613252425495429243e+00 9.603960396039603609e-01
4.702970297029702706e-01 2.639043591128159782e+00 9.702970297029702706e-01
4.801980198019801804e-01 2.665177344654325431e+00 9.801980198019801804e-01
4.900990099009900902e-01 2.691610226942466877e+00 9.900990099009900902e-01
5.000000000000000000e-01 2.718352744964214196e+00 1.000000000000000000e+00
5.099009900990099098e-01 4.084556344284836271e+00 1.409900990099009821e+00
5.198019801980198196e-01 4.125175228477324652e+00 1.419801980198019731e+00
5.297029702970297294e-01 4.166205613285161036e+00 1.429702970297029641e+00
5.396039603960396391e-01 4.207649413752541534e+00 1.439603960396039550e+00
5.495049504950495489e-01 4.249509184717852328e+00 1.449504950495049460e+00
5.594059405940594587e-01 4.291788020893689826e+00 1.459405940594059370e+00
5.693069306930693685e-01 4.334489374901756342e+00 1.469306930693069280e+00
5.792079207920792783e-01 4.377615530760821549e+00 1.479207920792079189e+00
5.891089108910891881e-01 4.421171744162483819e+00 1.489108910891089099e+00
5.990099009900990978e-01 4.465162053275014920e+00 1.499009900990099009e+00
6.089108910891090076e-01 4.509590582952592186e+00 1.508910891089108919e+00
6.188118811881189174e-01 4.554461549435727008e+00 1.518811881188118829e+00
6.287128712871288272e-01 4.599779226100684681e+00 1.528712871287128738e+00
6.386138613861387370e-01 4.645547945536337764e+00 1.538613861386138648e+00
6.485148514851485357e-01 4.691772108897609428e+00 1.548514851485148558e+00
6.584158415841583345e-01 4.738456193347527545e+00 1.558415841584158468e+00
6.683168316831682443e-01 4.785604750102791627e+00 1.568316831683168378e+00
6.782178217821781541e-01 4.833222396300296708e+00 1.578217821782178287e+00
6.881188118811880639e-01 4.881313806385054299e+00 1.588118811881188197e+00
6.980198019801979736e-01 4.929883705715377928e+00 1.598019801980198107e+00
7.079207920792078834e-01 4.978936866716317411e+00 1.607920792079208017e+00
7.178217821782177932e-01 5.028478107113841133e+00 1.617821782178217926e+00
7.277227722772277030e-01 5.078512289649729894e+00 1.627722772277227836e+00
7.376237623762376128e-01 5.129044322714431559e+00 1.637623762376237746e+00
7.475247524752475226e-01 5.180079161432654011e+00 1.647524752475247656e+00
7.574257425742574323e-01 5.231621808868544221e+00 1.657425742574257566e+00
7.673267326732673421e-01 5.283677317152774222e+00 1.667326732673267475e+00
7.772277227722772519e-01 5.336250788445447313e+00 1.677227722772277385e+00
7.871287128712871617e-01 5.389347375724287126e+00 1.687128712871287295e+00
7.970297029702970715e-01 5.442972283428831659e+00 1.697029702970297205e+00
8.069306930693069813e-01 5.497130768006115886e+00 1.706930693069307114e+00
8.168316831683168910e-01 5.551828138401769586e+00 1.716831683168317024e+00
8.267326732673268008e-01 5.607069756530734139e+00 1.726732673267326934e+00
8.366336633663367106e-01 5.662861037750043458e+00 1.736633663366336844e+00
8.465346534653466204e-01 5.719207451345644344e+00 1.746534653465346754e+00
8.564356435643565302e-01 5.776114521037583494e+00 1.756435643564356663e+00
8.663366336633664400e-01 5.833587825503180113e+00 1.766336633663366573e+00
8.762376237623763497e-01 5.891632998915511621e+00 1.776237623762376483e+00
8.861386138613862595e-01 5.950255731493943934e+00 1.786138613861386393e+00
8.960396039603960583e-01 6.009461770063825981e+00 1.796039603960396080e+00
9.059405940594058571e-01 6.069256918623181285e+00 1.805940594059405768e+00
9.158415841584157668e-01 6.129647038915080337e+00 1.815841584158415678e+00
9.257425742574256766e-01 6.190638051005066700e+00 1.825742574257425588e+00
9.356435643564355864e-01 6.252235933863420136e+00 1.835643564356435498e+00
9.455445544554454962e-01 6.314446725952414852e+00 1.845544554455445407e+00
9.554455445544554060e-01 6.377276525818770025e+00 1.855445544554455317e+00
9.653465346534653158e-01 6.440731492691598170e+00 1.865346534653465227e+00
9.752475247524752255e-01 6.504817847085970328e+00 1.875247524752475137e+00
9.851485148514851353e-01 6.569541871412819312e+00 1.885148514851485047e+00
9.950495049504950451e-01 6.634909910593647098e+00 1.895049504950494956e+00
