-9.950495049504950451e-01 9.052857347897135254e-01 -9.950495049504951006e-02
-9.851485148514851353e-01 9.061823553716104040e-01 -9.851485148514851908e-02
-9.752475247524752255e-01 9.070800427902588892e-01 -9.752475247524752811e-02
-9.653465346534653158e-01 9.079785867339622563e-01 -9.653465346534653713e-02
-9.554455445544554060e-01 9.088780205705555559e-01 -9.554455445544554615e-02
-9.455445544554454962e-01 9.097783454432742944e-01 -9.455445544554455517e-02
-9.356435643564355864e-01 9.106795621543567476e-01 -9.356435643564356419e-02
-9.257425742574256766e-01 9.115816715994029540e-01 -9.257425742574257321e-02
-9.158415841584158779e-01 9.124846746659396324e-01 -9.158415841584159611e-02
-9.059405940594059681e-01 9.133885722481258629e-01 -9.059405940594060513e-02
-8.960396039603960583e-01 9.142933652246479914e-01 -8.960396039603961416e-02
-8.861386138613861485e-01 9.151990544493587842e-01 -8.861386138613862318e-02
-8.762376237623762387e-01 9.161056408019413455e-01 -8.762376237623763220e-02
-8.663366336633663289e-01 9.170131252562980784e-01 -8.663366336633664122e-02
-8.564356435643564192e-01 9.179215088180463500e-01 -8.564356435643565024e-02
-8.465346534653465094e-01 9.188307922926777227e-01 -8.465346534653465926e-02
-8.366336633663365996e-01 9.197409761674990580e-01 -8.366336633663366829e-02
-8.267326732673268008e-01 9.206520609843512615e-01 -8.267326732673269118e-02
-8.168316831683168910e-01 9.215640480720422856e-01 -8.168316831683170021e-02
-8.069306930693069813e-01 9.224769397913583635e-01 -8.069306930693070923e-02
-7.970297029702970715e-01 9.233907384904183058e-01 -7.970297029702971825e-02
-7.871287128712871617e-01 9.243054445378099393e-01 -7.871287128712872727e-02
-7.772277227722772519e-01 9.252210550949300227e-01 -7.772277227722773629e-02
-7.673267326732673421e-01 9.261375652060375163e-01 -7.673267326732674531e-02
-7.574257425742574323e-01 9.270549710339089922e-01 -7.574257425742575434e-02
-7.475247524752475226e-01 9.279732731235107446e-01 -7.475247524752474948e-02
-7.376237623762376128e-01 9.288924772805009500e-01 -7.376237623762375850e-02
-7.277227722772277030e-01 9.298125923531342929e-01 -7.277227722772276752e-02
-7.178217821782177932e-01 9.307336264296564021e-01 -7.178217821782177654e-02
-7.079207920792078834e-01 9.316555838889913899e-01 -7.079207920792078557e-02
-6.980198019801979736e-01 9.325784648372216212e-01 -6.980198019801979459e-02
-6.881188118811880639e-01 9.335022666944279290e-01 -6.881188118811880361e-02
-6.782178217821781541e-01 9.344269864713670160e-01 -6.782178217821781263e-02
-6.683168316831682443e-01 9.353526223295796083e-01 -6.683168316831682165e-02
-6.584158415841583345e-01 9.362791740076623626e-01 -6.584158415841583067e-02
-6.485148514851484247e-01 9.372066425246247112e-01 -6.485148514851483970e-02
-6.386138613861386260e-01 9.381350294954009517e-01 -6.386138613861386260e-02
-6.287128712871287162e-01 9.390643361225238239e-01 -6.287128712871287162e-02
-6.188118811881188064e-01 9.399945626664090170e-01 -6.188118811881188064e-02
-6.089108910891088966e-01 9.409257098224308447e-01 -6.089108910891088966e-02
-5.990099009900989868e-01 9.418577809400707768e-01 -5.990099009900989868e-02
-5.891089108910891881e-01 9.427907799622554652e-01 -5.891089108910892158e-02
-5.792079207920792783e-01 9.437247032266877778e-01 -5.792079207920793060e-02
-5.693069306930693685e-01 9.446595370510985079e-01 -5.693069306930693962e-02
-5.594059405940594587e-01 9.455952783744382417e-01 -5.594059405940594865e-02
-5.495049504950495489e-01 9.465319666437154167e-01 -5.495049504950495767e-02
-5.396039603960396391e-01 9.474696686080612551e-01 -5.396039603960396669e-02
-5.297029702970297294e-01 9.484083713833439955e-01 -5.297029702970297571e-02
-5.198019801980198196e-01 9.493478662798484624e-01 -5.198019801980198473e-02
-5.099009900990099098e-01 9.502878452812189014e-01 -5.099009900990099375e-02
-5.000000000000000000e-01 9.512283441175308774e-01 -5.000000000000000278e-02
-4.900990099009900902e-01 9.521702545819049623e-01 -4.900990099009901180e-02
-4.801980198019801804e-01 9.531151828105277612e-01 -4.801980198019802082e-02
-4.702970297029702706e-01 9.540647964723901753e-01 -4.702970297029702984e-02
-4.603960396039603609e-01 9.550211208508816441e-01 -4.603960396039603886e-02
-4.504950495049504511e-01 9.559877645143717295e-01 -4.504950495049504788e-02
-4.405940594059405413e-01 9.569714579986868808e-01 -4.405940594059405691e-02
-4.306930693069306870e-01 9.579840445861136367e-01 -4.306930693069307287e-02
-4.207920792079208328e-01 9.590453074230262942e-01 -4.207920792079208883e-02
-4.108910891089109230e-01 9.601869236011539854e-01 -4.108910891089109785e-02
-4.009900990099010132e-01 9.614576316945981915e-01 -4.009900990099010687e-02
-3.910891089108911034e-01 9.629293680456978421e-01 -3.910891089108911589e-02
-3.811881188118811936e-01 9.647035928029162877e-01 -3.811881188118812491e-02
-3.712871287128712838e-01 9.669162923781442487e-01 -3.712871287128712700e-02
-3.613861386138613740e-01 9.697393677227450492e-01 -3.613861386138613602e-02
-3.514851485148514643e-01 9.733756669090772862e-01 -3.514851485148514504e-02
-3.415841584158415545e-01 9.780453507708249949e-01 -3.415841584158415406e-02
-3.316831683168316447e-01 9.839631152348894405e-01 -3.316831683168316308e-02
-3.217821782178217349e-01 9.913090860090705281e-01 -3.217821782178217210e-02
-3.118811881188118251e-01 1.000200024627052153e+00 -3.118811881188118459e-02
-3.019801980198019709e-01 1.010669683907807759e+00 -3.019801980198019709e-02
-2.920792079207921166e-01 1.022664909913676201e+00 -2.920792079207921305e-02
-2.821782178217822068e-01 1.036056684341478906e+00 -2.821782178217822207e-02
-2.722772277227722970e-01 1.050658595667802508e+00 -2.722772277227723109e-02
-2.623762376237623872e-01 1.066248867917149123e+00 -2.623762376237624011e-02
-2.524752475247524774e-01 1.082603841903865716e+00 -2.524752475247524913e-02
-2.425742574257425677e-01 1.099551726908337468e+00 -2.425742574257425815e-02
-2.326732673267326579e-01 1.117038666851157824e+00 -2.326732673267326718e-02
-2.227722772277227481e-01 1.135190471618918950e+00 -2.227722772277227620e-02
-2.128712871287128383e-01 1.154369177245288647e+00 -2.128712871287128522e-02
-2.029702970297029285e-01 1.175218753222775359e+00 -2.029702970297029424e-02
-1.930693069306930187e-01 1.198440326427792968e+00 -1.930693069306930326e-02
-1.831683168316831090e-01 1.222648349621374475e+00 -1.831683168316831228e-02
-1.732673267326732547e-01 1.241892281617049898e+00 -1.732673267326732477e-02
-1.633663366336634004e-01 1.253067921301624699e+00 -1.633663366336634074e-02
-1.534653465346534906e-01 1.257565057352032944e+00 -1.534653465346534976e-02
-1.435643564356435808e-01 1.258602889982235018e+00 -1.435643564356435878e-02
-1.336633663366336711e-01 1.257345373199559635e+00 -1.336633663366336780e-02
-1.237623762376237613e-01 1.249905751592227166e+00 -1.237623762376237682e-02
-1.138613861386138515e-01 1.229144501282225965e+00 -1.138613861386138584e-02
-1.039603960396039417e-01 1.182943872733472013e+00 -1.039603960396039486e-02
-9.405940594059403193e-02 1.104365354171728431e+00 -9.405940594059403886e-03
-8.415841584158412214e-02 1.046015402416925033e+00 -8.415841584158412908e-03
-7.425742574257421236e-02 1.018908783058095624e+00 -7.425742574257421930e-03
-6.435643564356430257e-02 1.006732238641442789e+00 -6.435643564356430951e-03
-5.445544554455444830e-02 1.001390533955200945e+00 -5.445544554455445177e-03
-4.455445544554459403e-02 9.992129139636245494e-01 -4.455445544554459403e-03
-3.465346534653468424e-02 9.985198613565645642e-01 -3.465346534653468424e-03
-2.475247524752477446e-02 9.986342429843473312e-01 -2.475247524752477446e-03
-1.485148514851486468e-02 9.990925690342037369e-01 -1.485148514851486468e-03
-4.950495049504954892e-03 9.998637011069740899e-01 -4.950495049504954892e-04
4.950495049504954892e-03 1.665895500319965361e+00 5.049504950495049549e-01
1.485148514851486468e-02 1.682335106761483789e+00 5.148514851485148647e-01
2.475247524752477446e-02 1.698980029136752723e+00 5.247524752475247745e-01
3.465346534653468424e-02 1.715820013922325193e+00 5.346534653465346842e-01
4.455445544554459403e-02 1.732847769370195357e+00 5.445544554455445940e-01
5.445544554455450381e-02 1.750058761146369157e+00 5.544554455445545038e-01
6.435643564356441360e-02 1.767450504151169000e+00 5.643564356435644136e-01
7.425742574257432338e-02 1.785021363265534289e+00 5.742574257425743234e-01
8.415841584158423316e-02 1.802771770952701580e+00 5.841584158415842332e-01
9.405940594059414295e-02 1.820702184632905229e+00 5.940594059405941429e-01
1.039603960396040527e-01 1.838813453986572366e+00 6.039603960396040527e-01
1.138613861386139625e-01 1.857106720424506419e+00 6.138613861386139625e-01
1.237623762376238723e-01 1.875583322169251055e+00 6.237623762376238723e-01
1.336633663366337821e-01 1.894244721156012057e+00 6.336633663366337821e-01
1.435643564356435808e-01 1.913092452251195841e+00 6.435643564356435808e-01
1.534653465346533796e-01 1.932128107277793827e+00 6.534653465346533796e-01
1.633663366336632894e-01 1.951353346898188512e+00 6.633663366336632894e-01
1.732673267326731992e-01 1.970769915723873389e+00 6.732673267326731992e-01
1.831683168316831090e-01 1.990379641329183436e+00 6.831683168316831090e-01
1.930693069306930187e-01 2.010184418506247184e+00 6.930693069306930187e-01
2.029702970297029285e-01 2.030186189928222973e+00 7.029702970297029285e-01
2.128712871287128383e-01 2.050386930663709251e+00 7.128712871287128383e-01
2.227722772277227481e-01 2.070788638322060393e+00 7.227722772277227481e-01
2.326732673267326579e-01 2.091393327909392141e+00 7.326732673267326579e-01
2.425742574257425677e-01 2.112203029930040277e+00 7.425742574257425677e-01
2.524752475247524774e-01 2.133219790541539762e+00 7.524752475247524774e-01
2.623762376237623872e-01 2.154445672935541012e+00 7.623762376237623872e-01
2.722772277227722970e-01 2.175882759234137875e+00 7.722772277227722970e-01
2.821782178217822068e-01 2.197533152064350848e+00 7.821782178217822068e-01
2.920792079207921166e-01 2.219398974966718008e+00 7.920792079207921166e-01
3.019801980198020264e-01 2.241482371376864347e+00 8.019801980198020264e-01
3.118811881188119361e-01 2.263785503129131627e+00 8.118811881188119361e-01
3.217821782178218459e-01 2.286310550496177818e+00 8.217821782178218459e-01
3.316831683168317557e-01 2.309059715446519778e+00 8.316831683168317557e-01
3.415841584158416655e-01 2.332035227449497761e+00 8.415841584158416655e-01
3.514851485148515753e-01 2.355239347906446401e+00 8.514851485148515753e-01
3.613861386138614851e-01 2.378674367925973865e+00 8.613861386138614851e-01
3.712871287128713949e-01 2.402342597307632666e+00 8.712871287128713949e-01
3.811881188118813046e-01 2.426246349967731142e+00 8.811881188118813046e-01
3.910891089108911034e-01 2.450387938042058789e+00 8.910891089108911034e-01
4.009900990099009022e-01 2.474769686654632928e+00 9.009900990099009022e-01
4.108910891089108119e-01 2.499393969479891009e+00 9.108910891089108119e-01
4.207920792079207217e-01 2.524263245780739240e+00 9.207920792079207217e-01
4.306930693069306315e-01 2.549380064950624636e+00 9.306930693069306315e-01
4.405940594059405413e-01 2.574747010862861174e+00 9.405940594059405413e-01
4.504950495049504511e-01 2.600366595095837674e+00 9.504950495049504511e-01
4.603960396039603609e-01 2.626241148785529056e+00 9.603960396039603609e-01
4.702970297029702706e-01 2.652372815671562023e+00 9.702970297029702706e-01
4.801980198019801804e-01 2.678763717079212903e+00 9.801980198019801804e-01
4.900990099009900902e-01 2.705416069292974957e+00 9.900990099009900902e-01
5.000000000000000000e-01 2.732332079974306716e+00 1.000000000000000000e+00
5.099009900990099098e-01 4.105588335442201142e+00 1.409900990099009821e+00
5.198019801980198196e-01 4.146434680661428729e+00 1.419801980198019731e+00
5.297029702970297294e-01 4.187685259865288501e+00 1.429702970297029641e+00
5.396039603960396391e-01 4.229343532173912124e+00 1.439603960396039550e+00
5.495049504950495489e-01 4.271412778852605285e+00 1.449504950495049460e+00
5.594059405940594587e-01 4.313896089060426320e+00 1.459405940594059370e+00
5.693069306930693685e-01 4.356796319887623170e+00 1.469306930693069280e+00
5.792079207920792783e-01 4.400114643883684451e+00 1.479207920792079189e+00
5.891089108910891881e-01 4.443854662013876577e+00 1.489108910891089099e+00
5.990099009900990978e-01 4.488018204851448090e+00 1.499009900990099009e+00
6.089108910891090076e-01 4.532606587364664819e+00 1.508910891089108919e+00
6.188118811881189174e-01 4.577620559883931683e+00 1.518811881188118829e+00
6.287128712871288272e-01 4.623060202110831796e+00 1.528712871287128738e+00
6.386138613861387370e-01 4.668924831370028450e+00 1.538613861386138648e+00
6.485148514851485357e-01 4.715212904137854544e+00 1.548514851485148558e+00
6.584158415841583345e-01 4.761921917944576421e+00 1.558415841584158468e+00
6.683168316831682443e-01 4.809048317125366623e+00 1.568316831683168378e+00
6.782178217821781541e-01 4.856587407402376044e+00 1.578217821782178287e+00
6.881188118811880639e-01 4.904533287086840332e+00 1.588118811881188197e+00
6.980198019801979736e-01 4.952878807701432073e+00 1.598019801980198107e+00
7.079207920792078834e-01 5.001615584878487120e+00 1.607920792079208017e+00
7.178217821782177932e-01 5.050734090284842992e+00 1.617821782178217926e+00
7.277227722772277030e-01 5.100223862353116644e+00 1.627722772277227836e+00
7.376237623762376128e-01 5.150073870884176230e+00 1.637623762376237746e+00
7.475247524752475226e-01 5.200273061634819172e+00 1.647524752475247656e+00
7.574257425742574323e-01 5.250811147317514305e+00 1.657425742574257566e+00
7.673267326732673421e-01 5.301680006900599373e+00 1.667326732673267475e+00
7.772277227722772519e-01 5.352877107549682378e+00 1.677227722772277385e+00
7.871287128712871617e-01 5.404414727598558343e+00 1.687128712871287295e+00
7.970297029702970715e-01 5.456339662177378536e+00 1.697029702970297205e+00
8.069306930693069813e-01 5.508752030129118182e+00 1.706930693069307114e+00
8.168316831683168910e-01 5.561779650714961498e+00 1.716831683168317024e+00
8.267326732673268008e-01 5.615512797169765591e+00 1.726732673267326934e+00
8.366336633663367106e-01 5.669983602877619155e+00 1.736633663366336844e+00
8.465346534653466204e-01 5.725191492549826400e+00 1.746534653465346754e+00
8.564356435643565302e-01 5.781125024199765150e+00 1.756435643564356663e+00
8.663366336633664400e-01 5.837770502166957698e+00 1.766336633663366573e+00
8.762376237623763497e-01 5.895115021600328298e+00 1.776237623762376483e+00
8.861386138613862595e-01 5.953146942936265340e+00 1.786138613861386393e+00
8.960396039603960583e-01 6.011856736459740169e+00 1.796039603960396080e+00
9.059405940594058571e-01 6.071236116401214744e+00 1.805940594059405768e+00
9.158415841584157668e-01 6.131279373663128140e+00 1.815841584158415678e+00
9.257425742574256766e-01 6.191981145190247560e+00 1.825742574257425588e+00
9.356435643564355864e-01 6.253339500667687290e+00 1.835643564356435498e+00
9.455445544554454962e-01 6.315350901602701406e+00 1.845544554455445407e+00
9.554455445544554060e-01 6.378017449228526203e+00 1.855445544554455317e+00
9.653465346534653158e-01 6.441335578411331753e+00 1.865346534653465227e+00
9.752475247524752255e-01 6.505312744827198124e+00 1.875247524752475137e+00
9.851485148514851353e-01 6.569941987504860137e+00 1.885148514851485047e+00
9.950495049504950451e-01 6.635239947267203675e+00 1.895049504950494956e+00
