-9.950495049504950451e-01 9.052857347897154128e-01 -9.950495049504951006e-02
-9.851485148514851353e-01 9.061823553715864232e-01 -9.851485148514851908e-02
-9.752475247524752255e-01 9.070800427902545593e-01 -9.752475247524752811e-02
-9.653465346534653158e-01 9.079785867341223504e-01 -9.653465346534653713e-02
-9.554455445544554060e-01 9.088780205706326054e-01 -9.554455445544554615e-02
-9.455445544554454962e-01 9.097783454426033867e-01 -9.455445544554455517e-02
-9.356435643564355864e-01 9.106795621537677743e-01 -9.356435643564356419e-02
-9.257425742574256766e-01 9.115816716017124399e-01 -9.257425742574257321e-02
-9.158415841584158779e-01 9.124846746696686495e-01 -9.158415841584159611e-02
-9.059405940594059681e-01 9.133885722428141118e-01 -9.059405940594060513e-02
-8.960396039603960583e-01 9.142933652072422479e-01 -8.960396039603961416e-02
-8.861386138613861485e-01 9.151990544499175595e-01 -8.861386138613862318e-02
-8.762376237623762387e-01 9.161056408586834010e-01 -8.762376237623763220e-02
-8.663366336633663289e-01 9.170131253222633116e-01 -8.663366336633664122e-02
-8.564356435643564192e-01 9.179215087302605713e-01 -8.564356435643565024e-02
-8.465346534653465094e-01 9.188307919731595330e-01 -8.465346534653465926e-02
-8.366336633663365996e-01 9.197409759423278430e-01 -8.366336633663366829e-02
-8.267326732673268008e-01 9.206520615300148869e-01 -8.267326732673269118e-02
-8.168316831683168910e-01 9.215640496293546757e-01 -8.168316831683170021e-02
-8.069306930693069813e-01 9.224769411343654024e-01 -8.069306930693070923e-02
-7.970297029702970715e-01 9.233907369399508847e-01 -7.970297029702971825e-02
-7.871287128712871617e-01 9.243054379419015643e-01 -7.871287128712872727e-02
-7.772277227722772519e-01 9.252210450368953953e-01 -7.772277227722773629e-02
-7.673267326732673421e-01 9.261375591224987325e-01 -7.673267326732674531e-02
-7.574257425742574323e-01 9.270549810971664417e-01 -7.574257425742575434e-02
-7.475247524752475226e-01 9.279733118602437880e-01 -7.475247524752474948e-02
-7.376237623762376128e-01 9.288925523119668792e-01 -7.376237623762375850e-02
-7.277227722772277030e-01 9.298127033534635544e-01 -7.277227722772276752e-02
-7.178217821782177932e-01 9.307337658867547159e-01 -7.178217821782177654e-02
-7.079207920792078834e-01 9.316557408147534414e-01 -7.079207920792078557e-02
-6.980198019801979736e-01 9.325786290412694246e-01 -6.980198019801979459e-02
-6.881188118811880639e-01 9.335024314710052007e-01 -6.881188118811880361e-02
-6.782178217821781541e-01 9.344271490095621413e-01 -6.782178217821781263e-02
-6.683168316831682443e-01 9.353527825634369020e-01 -6.683168316831682165e-02
-6.584158415841583345e-01 9.362793330400236425e-01 -6.584158415841583067e-02
-6.485148514851484247e-01 9.372068013476151371e-01 -6.485148514851483970e-02
-6.386138613861386260e-01 9.381351883953992221e-01 -6.386138613861386260e-02
-6.287128712871287162e-01 9.390644950934726731e-01 -6.287128712871287162e-02
-6.188118811881188064e-01 9.399947223528521967e-01 -6.188118811881188064e-02
-6.089108910891088966e-01 9.409258710854520036e-01 -6.089108910891088966e-02
-5.990099009900989868e-01 9.418579422040406213e-01 -5.990099009900989868e-02
-5.891089108910891881e-01 9.427909366222412268e-01 -5.891089108910892158e-02
-5.792079207920792783e-01 9.437248552546366742e-01 -5.792079207920793060e-02
-5.693069306930693685e-01 9.446596990169046082e-01 -5.693069306930693962e-02
-5.594059405940594587e-01 9.455954688257652840e-01 -5.594059405940594865e-02
-5.495049504950495489e-01 9.465321655985958760e-01 -5.495049504950495767e-02
-5.396039603960396391e-01 9.474697902530067051e-01 -5.396039603960396669e-02
-5.297029702970297294e-01 9.484083437070881528e-01 -5.297029702970297571e-02
-5.198019801980198196e-01 9.493478268807129528e-01 -5.198019801980198473e-02
-5.099009900990099098e-01 9.502882406969759277e-01 -5.099009900990099375e-02
-5.000000000000000000e-01 9.512295860815948023e-01 -5.000000000000000278e-02
-4.900990099009900902e-01 9.521718639589102917e-01 -4.900990099009901180e-02
-4.801980198019801804e-01 9.531150752467667520e-01 -4.801980198019802082e-02
-4.702970297029702706e-01 9.540592208564658838e-01 -4.702970297029702984e-02
-4.603960396039603609e-01 9.550043017031595305e-01 -4.603960396039603886e-02
-4.504950495049504511e-01 9.559503187233120425e-01 -4.504950495049504788e-02
-4.405940594059405413e-01 9.568972728838778252e-01 -4.405940594059405691e-02
-4.306930693069306870e-01 9.578451651641972653e-01 -4.306930693069307287e-02
-4.207920792079208328e-01 9.587939965069340875e-01 -4.207920792079208883e-02
-4.108910891089109230e-01 9.597437677652912447e-01 -4.108910891089109785e-02
-4.009900990099010132e-01 9.606944796985756874e-01 -4.009900990099010687e-02
-3.910891089108911034e-01 9.616461330586589806e-01 -3.910891089108911589e-02
-3.811881188118811936e-01 9.625987287549266913e-01 -3.811881188118812491e-02
-3.712871287128712838e-01 9.635522680093360215e-01 -3.712871287128712700e-02
-3.613861386138613740e-01 9.645067523694605960e-01 -3.613861386138613602e-02
-3.514851485148514643e-01 9.654621834842680439e-01 -3.514851485148514504e-02
-3.415841584158415545e-01 9.664185626684549391e-01 -3.415841584158415406e-02
-3.316831683168316447e-01 9.673758904297553585e-01 -3.316831683168316308e-02
-3.217821782178217349e-01 9.683341662186484289e-01 -3.217821782178217210e-02
-3.118811881188118251e-01 9.692933886111770869e-01 -3.118811881188118459e-02
-3.019801980198019709e-01 9.702535559532963205e-01 -3.019801980198019709e-02
-2.920792079207921166e-01 9.712146672609351938e-01 -2.920792079207921305e-02
-2.821782178217822068e-01 9.721767230098827817e-01 -2.821782178217822207e-02
-2.722772277227722970e-01 9.731397254651831252e-01 -2.722772277227723109e-02
-2.623762376237623872e-01 9.741036784008579863e-01 -2.623762376237624011e-02
-2.524752475247524774e-01 9.750685863409926935e-01 -2.524752475247524913e-02
-2.425742574257425677e-01 9.760344536412924876e-01 -2.425742574257425815e-02
-2.326732673267326579e-01 9.770012837116922588e-01 -2.326732673267326718e-02
-2.227722772277227481e-01 9.779690785128676289e-01 -2.227722772277227620e-02
-2.128712871287128383e-01 9.789378383516283977e-01 -2.128712871287128522e-02
-2.029702970297029285e-01 9.799075620992976354e-01 -2.029702970297029424e-02
-1.930693069306930187e-01 9.808782480949356231e-01 -1.930693069306930326e-02
-1.831683168316831090e-01 9.818498957251722281e-01 -1.831683168316831228e-02
-1.732673267326732547e-01 9.828225067849201135e-01 -1.732673267326732477e-02
-1.633663366336634004e-01 9.837960848820641591e-01 -1.633663366336634074e-02
-1.534653465346534906e-01 9.847706318001774317e-01 -1.534653465346534976e-02
-1.435643564356435808e-01 9.857461427263490839e-01 -1.435643564356435878e-02
-1.336633663366336711e-01 9.867226059477245403e-01 -1.336633663366336780e-02
-1.237623762376237613e-01 9.877000126478104880e-01 -1.237623762376237682e-02
-1.138613861386138515e-01 9.886783749053951187e-01 -1.138613861386138584e-02
-1.039603960396039417e-01 9.896577370321971712e-01 -1.039603960396039486e-02
-9.405940594059403193e-02 9.906381579362558698e-01 -9.405940594059403886e-03
-8.415841584158412214e-02 9.916196546264622880e-01 -8.415841584158412908e-03
-7.425742574257421236e-02 9.926021329536385274e-01 -7.425742574257421930e-03
-6.435643564356430257e-02 9.935853722792955534e-01 -6.435643564356430951e-03
-5.445544554455444830e-02 9.945691344991413052e-01 -5.445544554455445177e-03
-4.455445544554459403e-02 9.955534011539746153e-01 -4.455445544554459403e-03
-3.465346534653468424e-02 9.965386312856755469e-01 -3.465346534653468424e-03
-2.475247524752477446e-02 9.975257936783153978e-01 -2.475247524752477446e-03
-1.485148514851486468e-02 9.985160088537580192e-01 -1.485148514851486468e-03
-4.950495049504954892e-03 9.995102720117479134e-01 -4.950495049504954892e-04
4.950495049504954892e-03 1.665483311874573102e+00 5.049504950495049549e-01
1.485148514851486468e-02 1.682066372690069089e+00 5.148514851485148647e-01
2.475247524752477446e-02 1.698818192917609604e+00 5.247524752475247745e-01
3.465346534653468424e-02 1.715741304344963858e+00 5.346534653465346842e-01
4.455445544554459403e-02 1.732838605609925198e+00 5.445544554455445940e-01
5.445544554455450381e-02 1.750113373350708601e+00 5.544554455445545038e-01
6.435643564356441360e-02 1.767569319257516813e+00 5.643564356435644136e-01
7.425742574257432338e-02 1.785210059704915420e+00 5.742574257425743234e-01
8.415841584158423316e-02 1.803040985564670740e+00 5.841584158415842332e-01
9.405940594059414295e-02 1.821067604051823885e+00 5.940594059405941429e-01
1.039603960396040527e-01 1.839296202804038938e+00 6.039603960396040527e-01
1.138613861386139625e-01 1.857733971001914952e+00 6.138613861386139625e-01
1.237623762376238723e-01 1.876389100759222828e+00 6.237623762376238723e-01
1.336633663366337821e-01 1.895270894215195012e+00 6.336633663366337821e-01
1.435643564356435808e-01 1.914389861335761278e+00 6.435643564356435808e-01
1.534653465346533796e-01 1.933757803977178114e+00 6.534653465346533796e-01
1.633663366336632894e-01 1.953387878936061250e+00 6.633663366336632894e-01
1.732673267326731992e-01 1.973294632074531263e+00 6.732673267326731992e-01
1.831683168316831090e-01 1.993493995387333850e+00 6.831683168316831090e-01
1.930693069306930187e-01 2.014003239161269221e+00 6.930693069306930187e-01
2.029702970297029285e-01 2.034840872372488008e+00 7.029702970297029285e-01
2.128712871287128383e-01 2.056026486276180343e+00 7.128712871287128383e-01
2.227722772277227481e-01 2.077580538811100386e+00 7.227722772277227481e-01
2.326732673267326579e-01 2.099524080916719271e+00 7.326732673267326579e-01
2.425742574257425677e-01 2.121878429970866620e+00 7.425742574257425677e-01
2.524752475247524774e-01 2.144664799996019333e+00 7.524752475247524774e-01
2.623762376237623872e-01 2.167903902628611768e+00 7.623762376237623872e-01
2.722772277227722970e-01 2.191615536592030011e+00 7.722772277227722970e-01
2.821782178217822068e-01 2.215818186038478466e+00 7.821782178217822068e-01
2.920792079207921166e-01 2.240528649175125508e+00 7.920792079207921166e-01
3.019801980198020264e-01 2.265761717770765848e+00 8.019801980198020264e-01
3.118811881188119361e-01 2.291529925387699063e+00 8.118811881188119361e-01
3.217821782178218459e-01 2.317843377701290564e+00 8.217821782178218459e-01
3.316831683168317557e-01 2.344709672523005217e+00 8.316831683168317557e-01
3.415841584158416655e-01 2.372133910744874896e+00 8.415841584158416655e-01
3.514851485148515753e-01 2.400118793215172630e+00 8.514851485148515753e-01
3.613861386138614851e-01 2.428664792817595064e+00 8.613861386138614851e-01
3.712871287128713949e-01 2.457770387703672732e+00 8.712871287128713949e-01
3.811881188118813046e-01 2.487432336227358487e+00 8.811881188118813046e-01
3.910891089108911034e-01 2.517645982925649673e+00 8.910891089108911034e-01
4.009900990099009022e-01 2.548405553942198143e+00 9.009900990099009022e-01
4.108910891089108119e-01 2.579704505590191488e+00 9.108910891089108119e-01
4.207920792079207217e-01 2.611535660047049401e+00 9.207920792079207217e-01
4.306930693069306315e-01 2.643891925046482072e+00 9.306930693069306315e-01
4.405940594059405413e-01 2.676765054961645518e+00 9.405940594059405413e-01
4.504950495049504511e-01 2.710150367844692543e+00 9.504950495049504511e-01
4.603960396039603609e-01 2.744032907585352898e+00 9.603960396039603609e-01
4.702970297029702706e-01 2.778430452127376604e+00 9.702970297029702706e-01
4.801980198019801804e-01 2.813263282262228326e+00 9.801980198019801804e-01
4.900990099009900902e-01 2.848752854461376938e+00 9.900990099009900902e-01
5.000000000000000000e-01 2.884241681982365524e+00 1.000000000000000000e+00
5.099009900990099098e-01 4.340612964431834087e+00 1.409900990099009821e+00
5.198019801980198196e-01 4.391271934152600309e+00 1.419801980198019731e+00
5.297029702970297294e-01 4.442656788501547993e+00 1.429702970297029641e+00
5.396039603960396391e-01 4.494652114408925314e+00 1.439603960396039550e+00
5.495049504950495489e-01 4.547235746044244742e+00 1.449504950495049460e+00
5.594059405940594587e-01 4.600405245439345592e+00 1.459405940594059370e+00
5.693069306930693685e-01 4.654162264800482340e+00 1.469306930693069280e+00
5.792079207920792783e-01 4.708507398271069455e+00 1.479207920792079189e+00
5.891089108910891881e-01 4.763445576648752677e+00 1.489108910891089099e+00
5.990099009900990978e-01 4.818979997378111335e+00 1.499009900990099009e+00
6.089108910891090076e-01 4.875114011234048306e+00 1.508910891089108919e+00
6.188118811881189174e-01 4.931851162950185774e+00 1.518811881188118829e+00
6.287128712871288272e-01 4.989195162890100121e+00 1.528712871287128738e+00
6.386138613861387370e-01 5.047149886881269865e+00 1.538613861386138648e+00
6.485148514851485357e-01 5.105719370646212951e+00 1.548514851485148558e+00
6.584158415841583345e-01 5.164907804915712219e+00 1.558415841584158468e+00
6.683168316831682443e-01 5.224719530956752678e+00 1.568316831683168378e+00
6.782178217821781541e-01 5.285159036383905828e+00 1.578217821782178287e+00
6.881188118811880639e-01 5.346230951278160504e+00 1.588118811881188197e+00
6.980198019801979736e-01 5.407940044613164687e+00 1.598019801980198107e+00
7.079207920792078834e-01 5.470291220991967407e+00 1.607920792079208017e+00
7.178217821782177932e-01 5.533289517698582571e+00 1.617821782178217926e+00
7.277227722772277030e-01 5.596940102069110523e+00 1.627722772277227836e+00
7.376237623762376128e-01 5.661248269186648585e+00 1.637623762376237746e+00
7.475247524752475226e-01 5.726219439903093900e+00 1.647524752475247656e+00
7.574257425742574323e-01 5.791859159188711637e+00 1.657425742574257566e+00
7.673267326732673421e-01 5.858173094807595405e+00 1.667326732673267475e+00
7.772277227722772519e-01 5.925167036313737867e+00 1.677227722772277385e+00
7.871287128712871617e-01 5.992846894358550891e+00 1.687128712871287295e+00
7.970297029702970715e-01 6.061218700297295925e+00 1.697029702970297205e+00
8.069306930693069813e-01 6.130288606077304969e+00 1.706930693069307114e+00
8.168316831683168910e-01 6.200062884390106888e+00 1.716831683168317024e+00
8.267326732673268008e-01 6.270547929060324321e+00 1.726732673267326934e+00
8.366336633663367106e-01 6.341750255660628888e+00 1.736633663366336844e+00
8.465346534653466204e-01 6.413676502289689552e+00 1.746534653465346754e+00
8.564356435643565302e-01 6.486333430592496008e+00 1.756435643564356663e+00
8.663366336633664400e-01 6.559727926703269318e+00 1.766336633663366573e+00
8.762376237623763497e-01 6.633867002908258037e+00 1.776237623762376483e+00
8.861386138613862595e-01 6.708757797706566883e+00 1.786138613861386393e+00
8.960396039603960583e-01 6.784407580669554960e+00 1.796039603960396080e+00
9.059405940594058571e-01 6.860823744122926726e+00 1.805940594059405768e+00
9.158415841584157668e-01 6.938013831827945843e+00 1.815841584158415678e+00
9.257425742574256766e-01 7.015985464277820327e+00 1.825742574257425588e+00
9.356435643564355864e-01 7.094746553181623838e+00 1.835643564356435498e+00
9.455445544554454962e-01 7.174304706777229867e+00 1.845544554455445407e+00
9.554455445544554060e-01 7.254668899665286830e+00 1.855445544554455317e+00
9.653465346534653158e-01 7.335844802947042886e+00 1.865346534653465227e+00
9.752475247524752255e-01 7.417847870565064561e+00 1.875247524752475137e+00
9.851485148514851353e-01 7.500666696375201781e+00 1.885148514851485047e+00
9.950495049504950451e-01 7.584365863652285711e+00 1.895049504950494956e+00
