-9.950495049504950451e-01 9.052857347897154128e-01 -9.950495049504951006e-02
-9.851485148514851353e-01 9.061823553715864232e-01 -9.851485148514851908e-02
-9.752475247524752255e-01 9.070800427902545593e-01 -9.752475247524752811e-02
-9.653465346534653158e-01 9.079785867341223504e-01 -9.653465346534653713e-02
-9.554455445544554060e-01 9.088780205706326054e-01 -9.554455445544554615e-02
-9.455445544554454962e-01 9.097783454426033867e-01 -9.455445544554455517e-02
-9.356435643564355864e-01 9.106795621537677743e-01 -9.356435643564356419e-02
-9.257425742574256766e-01 9.115816716017124399e-01 -9.257425742574257321e-02
-9.158415841584158779e-01 9.124846746696686495e-01 -9.158415841584159611e-02
-9.059405940594059681e-01 9.133885722428141118e-01 -9.059405940594060513e-02
-8.960396039603960583e-01 9.142933652072422479e-01 -8.960396039603961416e-02
-8.861386138613861485e-01 9.151990544499171154e-01 -8.861386138613862318e-02
-8.762376237623762387e-01 9.161056408586747413e-01 -8.762376237623763220e-02
-8.663366336633663289e-01 9.170131253222356671e-01 -8.663366336633664122e-02
-8.564356435643564192e-01 9.179215087302323717e-01 -8.564356435643565024e-02
-8.465346534653465094e-01 9.188307919731799611e-01 -8.465346534653465926e-02
-8.366336633663365996e-01 9.197409759423826880e-01 -8.366336633663366829e-02
-8.267326732673268008e-01 9.206520615299490506e-01 -8.267326732673269118e-02
-8.168316831683168910e-01 9.215640496290735673e-01 -8.168316831683170021e-02
-8.069306930693069813e-01 9.224769411342296221e-01 -8.069306930693070923e-02
-7.970297029702970715e-01 9.233907369405842669e-01 -7.970297029702971825e-02
-7.871287128712871617e-01 9.243054379429580525e-01 -7.871287128712872727e-02
-7.772277227722772519e-01 9.252210450362763350e-01 -7.772277227722773629e-02
-7.673267326732673421e-01 9.261375591186843392e-01 -7.673267326732674531e-02
-7.574257425742574323e-01 9.270549810938684132e-01 -7.574257425742575434e-02
-7.475247524752475226e-01 9.279733118662120139e-01 -7.475247524752474948e-02
-7.376237623762376128e-01 9.288925523293856124e-01 -7.376237623762375850e-02
-7.277227722772277030e-01 9.298127033632211935e-01 -7.277227722772276752e-02
-7.178217821782177932e-01 9.307337658556282811e-01 -7.178217821782177654e-02
-7.079207920792078834e-01 9.316557407394454593e-01 -7.079207920792078557e-02
-6.980198019801979736e-01 9.325786289965732889e-01 -6.980198019801979459e-02
-6.881188118811880639e-01 9.335024315855635635e-01 -6.881188118811880361e-02
-6.782178217821781541e-01 9.344271493246086857e-01 -6.782178217821781263e-02
-6.683168316831682443e-01 9.353527828575177727e-01 -6.683168316831682165e-02
-6.584158415841583345e-01 9.362793328291558748e-01 -6.584158415841583067e-02
-6.485148514851484247e-01 9.372068002327970104e-01 -6.485148514851483970e-02
-6.386138613861386260e-01 9.381351866601763678e-01 -6.386138613861386260e-02
-6.287128712871287162e-01 9.390644941084379527e-01 -6.287128712871287162e-02
-6.188118811881188064e-01 9.399947242333617226e-01 -6.188118811881188064e-02
-6.089108910891088966e-01 9.409258773866377989e-01 -6.089108910891088966e-02
-5.990099009900989868e-01 9.418579521002667931e-01 -5.990099009900989868e-02
-5.891089108910891881e-01 9.427909455655589799e-01 -5.891089108910892158e-02
-5.792079207920792783e-01 9.437248550880630305e-01 -5.792079207920793060e-02
-5.693069306930693685e-01 9.446596798411946994e-01 -5.693069306930693962e-02
-5.594059405940594587e-01 9.455954219633750935e-01 -5.594059405940594865e-02
-5.495049504950495489e-01 9.465320863641781823e-01 -5.495049504950495767e-02
-5.396039603960396391e-01 9.474696793138605022e-01 -5.396039603960396669e-02
-5.297029702970297294e-01 9.484082065235512893e-01 -5.297029702970297571e-02
-5.198019801980198196e-01 9.493476716223320233e-01 -5.198019801980198473e-02
-5.099009900990099098e-01 9.502880756644866977e-01 -5.099009900990099375e-02
-5.000000000000000000e-01 9.512294177510307591e-01 -5.000000000000000278e-02
-4.900990099009900902e-01 9.521716962681709973e-01 -4.900990099009901180e-02
-4.801980198019801804e-01 9.531149099105490352e-01 -4.801980198019802082e-02
-4.702970297029702706e-01 9.540590579126665416e-01 -4.702970297029702984e-02
-4.603960396039603609e-01 9.550041398178255037e-01 -4.603960396039603886e-02
-4.504950495049504511e-01 9.559501558688567879e-01 -4.504950495049504788e-02
-4.405940594059405413e-01 9.568971083471489170e-01 -4.405940594059405691e-02
-4.306930693069306870e-01 9.578450018605836336e-01 -4.306930693069307287e-02
-4.207920792079208328e-01 9.587938395859906260e-01 -4.207920792079208883e-02
-4.108910891089109230e-01 9.597436165893935556e-01 -4.108910891089109785e-02
-4.009900990099010132e-01 9.606943191249046610e-01 -4.009900990099010687e-02
-3.910891089108911034e-01 9.616459401345371916e-01 -3.910891089108911589e-02
-3.811881188118811936e-01 9.625985053927210711e-01 -3.811881188118812491e-02
-3.712871287128712838e-01 9.635520783529997191e-01 -3.712871287128712700e-02
-3.613861386138613740e-01 9.645067061631290573e-01 -3.613861386138613602e-02
-3.514851485148514643e-01 9.654623170770446627e-01 -3.514851485148514504e-02
-3.415841584158415545e-01 9.664186668881113995e-01 -3.415841584158415406e-02
-3.316831683168316447e-01 9.673754737368225332e-01 -3.316831683168316308e-02
-3.217821782178217349e-01 9.683327741378411346e-01 -3.217821782178217210e-02
-3.118811881188118251e-01 9.692912942400774279e-01 -3.118811881188118459e-02
-3.019801980198019709e-01 9.702523639597407934e-01 -3.019801980198019709e-02
-2.920792079207921166e-01 9.712173696011833224e-01 -2.920792079207921305e-02
-2.821782178217822068e-01 9.721877452778979745e-01 -2.821782178217822207e-02
-2.722772277227722970e-01 9.731656753050271780e-01 -2.722772277227723109e-02
-2.623762376237623872e-01 9.741549922350867252e-01 -2.623762376237624011e-02
-2.524752475247524774e-01 9.751622140602878019e-01 -2.524752475247524913e-02
-2.425742574257425677e-01 9.761979014700056245e-01 -2.425742574257425815e-02
-2.326732673267326579e-01 9.772785022470485972e-01 -2.326732673267326718e-02
-2.227722772277227481e-01 9.784287692467061870e-01 -2.227722772277227620e-02
-2.128712871287128383e-01 9.796847204279770516e-01 -2.128712871287128522e-02
-2.029702970297029285e-01 9.810969294457024814e-01 -2.029702970297029424e-02
-1.930693069306930187e-01 9.827336741627639149e-01 -1.930693069306930326e-02
-1.831683168316831090e-01 9.846831463035004006e-01 -1.831683168316831228e-02
-1.732673267326732547e-01 9.870536158997087472e-01 -1.732673267326732477e-02
-1.633663366336634004e-01 9.899702999379474955e-01 -1.633663366336634074e-02
-1.534653465346534906e-01 9.935679121365076361e-01 -1.534653465346534976e-02
-1.435643564356435808e-01 9.979786557880828690e-01 -1.435643564356435878e-02
-1.336633663366336711e-01 1.003316789273230203e+00 -1.336633663366336780e-02
-1.237623762376237613e-01 1.009662555440399068e+00 -1.237623762376237682e-02
-1.138613861386138515e-01 1.017049559287776850e+00 -1.138613861386138584e-02
-1.039603960396039417e-01 1.025459686283043181e+00 -1.039603960396039486e-02
-9.405940594059403193e-02 1.034827749305637923e+00 -9.405940594059403886e-03
-8.415841584158412214e-02 1.045054034292200562e+00 -8.415841584158412908e-03
-7.425742574257421236e-02 1.056021336377030773e+00 -7.425742574257421930e-03
-6.435643564356430257e-02 1.067606079864091617e+00 -6.435643564356430951e-03
-5.445544554455444830e-02 1.079697477707145525e+00 -5.445544554455445177e-03
-4.455445544554459403e-02 1.092182735173353958e+00 -4.455445544554459403e-03
-3.465346534653468424e-02 1.104998937363438793e+00 -3.465346534653468424e-03
-2.475247524752477446e-02 1.118020621715684060e+00 -2.475247524752477446e-03
-1.485148514851486468e-02 1.131478363621015060e+00 -1.485148514851486468e-03
-4.950495049504954892e-03 1.144443719776717217e+00 -4.950495049504954892e-04
4.950495049504954892e-03 1.917991078991077458e+00 5.049504950495049549e-01
1.485148514851486468e-02 1.949624094551988485e+00 5.148514851485148647e-01
2.475247524752477446e-02 1.982250439662341046e+00 5.247524752475247745e-01
3.465346534653468424e-02 2.015754140029820896e+00 5.346534653465346842e-01
4.455445544554459403e-02 2.050230209789234426e+00 5.445544554455445940e-01
5.445544554455450381e-02 2.085808653780070188e+00 5.544554455445545038e-01
6.435643564356441360e-02 2.122548015313829417e+00 5.643564356435644136e-01
7.425742574257432338e-02 2.160327749645418294e+00 5.742574257425743234e-01
8.415841584158423316e-02 2.198858455241258003e+00 5.841584158415842332e-01
9.405940594059414295e-02 2.237834588216425669e+00 5.940594059405941429e-01
1.039603960396040527e-01 2.276928681253574283e+00 6.039603960396040527e-01
1.138613861386139625e-01 2.315323522988884442e+00 6.138613861386139625e-01
1.237623762376238723e-01 2.351550226505795926e+00 6.237623762376238723e-01
1.336633663366337821e-01 2.384506141698781612e+00 6.336633663366337821e-01
1.435643564356435808e-01 2.414094118697601044e+00 6.435643564356435808e-01
1.534653465346533796e-01 2.440936408429592586e+00 6.534653465346533796e-01
1.633663366336632894e-01 2.466019080887804193e+00 6.633663366336632894e-01
1.732673267326731992e-01 2.490455883799834069e+00 6.732673267326731992e-01
1.831683168316831090e-01 2.514516566633888228e+00 6.831683168316831090e-01
1.930693069306930187e-01 2.537327514975409759e+00 6.930693069306930187e-01
2.029702970297029285e-01 2.557525877011695314e+00 7.029702970297029285e-01
2.128712871287128383e-01 2.572809043226067516e+00 7.128712871287128383e-01
2.227722772277227481e-01 2.579095483430518865e+00 7.227722772277227481e-01
2.326732673267326579e-01 2.569046474438447802e+00 7.326732673267326579e-01
2.425742574257425677e-01 2.529964621147176018e+00 7.425742574257425677e-01
2.524752475247524774e-01 2.443778932549788951e+00 7.524752475247524774e-01
2.623762376237623872e-01 2.334644942486223673e+00 7.623762376237623872e-01
2.722772277227722970e-01 2.275788310416899662e+00 7.722772277227722970e-01
2.821782178217822068e-01 2.254537295637338623e+00 7.821782178217822068e-01
2.920792079207921166e-01 2.253413307713225677e+00 7.920792079207921166e-01
3.019801980198020264e-01 2.262814837373140264e+00 8.019801980198020264e-01
3.118811881188119361e-01 2.277786731534971132e+00 8.118811881188119361e-01
3.217821782178218459e-01 2.295863878597663721e+00 8.217821782178218459e-01
3.316831683168317557e-01 2.315788386225117179e+00 8.316831683168317557e-01
3.415841584158416655e-01 2.336895681870364783e+00 8.415841584158416655e-01
3.514851485148515753e-01 2.358820496210487949e+00 8.514851485148515753e-01
3.613861386138614851e-01 2.381353779015537686e+00 8.613861386138614851e-01
3.712871287128713949e-01 2.404371220902737250e+00 8.712871287128713949e-01
3.811881188118813046e-01 2.427796316987297587e+00 8.811881188118813046e-01
3.910891089108911034e-01 2.451580494050173087e+00 8.910891089108911034e-01
4.009900990099009022e-01 2.475692277371535965e+00 9.009900990099009022e-01
4.108910891089108119e-01 2.500110612416899691e+00 9.108910891089108119e-01
4.207920792079207217e-01 2.524821840804423623e+00 9.207920792079207217e-01
4.306930693069306315e-01 2.549816076889721117e+00 9.306930693069306315e-01
4.405940594059405413e-01 2.575088055331390624e+00 9.405940594059405413e-01
4.504950495049504511e-01 2.600632506990986581e+00 9.504950495049504511e-01
4.603960396039603609e-01 2.626449143241051054e+00 9.603960396039603609e-01
4.702970297029702706e-01 2.652534030280923716e+00 9.702970297029702706e-01
4.801980198019801804e-01 2.678890974121098889e+00 9.801980198019801804e-01
4.900990099009900902e-01 2.705514681411531175e+00 9.900990099009900902e-01
5.000000000000000000e-01 2.732414462705745173e+00 1.000000000000000000e+00
5.099009900990099098e-01 4.105698888285822967e+00 1.409900990099009821e+00
5.198019801980198196e-01 4.146535879161588944e+00 1.419801980198019731e+00
5.297029702970297294e-01 4.187781410135134941e+00 1.429702970297029641e+00
5.396039603960396391e-01 4.229439443691183520e+00 1.439603960396039550e+00
5.495049504950495489e-01 4.271513806036736582e+00 1.449504950495049460e+00
5.594059405940594587e-01 4.314008385369172416e+00 1.459405940594059370e+00
5.693069306930693685e-01 4.356927145280670821e+00 1.469306930693069280e+00
5.792079207920792783e-01 4.400272700427226624e+00 1.479207920792079189e+00
5.891089108910891881e-01 4.444050535888758979e+00 1.489108910891089099e+00
5.990099009900990978e-01 4.488264832477346644e+00 1.499009900990099009e+00
6.089108910891090076e-01 4.532919810105705771e+00 1.508910891089108919e+00
6.188118811881189174e-01 4.578019761532842402e+00 1.518811881188118829e+00
6.287128712871288272e-01 4.623569034083086393e+00 1.528712871287128738e+00
6.386138613861387370e-01 4.669572030361885950e+00 1.538613861386138648e+00
6.485148514851485357e-01 4.716033205434581710e+00 1.548514851485148558e+00
6.584158415841583345e-01 4.762957065178748728e+00 1.558415841584158468e+00
6.683168316831682443e-01 4.810348165472572823e+00 1.568316831683168378e+00
6.782178217821781541e-01 4.858211111742418709e+00 1.578217821782178287e+00
6.881188118811880639e-01 4.906550558593705702e+00 1.588118811881188197e+00
6.980198019801979736e-01 4.955371209469499050e+00 1.598019801980198107e+00
7.079207920792078834e-01 5.004677816479113694e+00 1.607920792079208017e+00
7.178217821782177932e-01 5.054475180593854589e+00 1.617821782178217926e+00
7.277227722772277030e-01 5.104768152314449026e+00 1.627722772277227836e+00
7.376237623762376128e-01 5.155561632741834543e+00 1.637623762376237746e+00
7.475247524752475226e-01 5.206860574831527089e+00 1.647524752475247656e+00
7.574257425742574323e-01 5.258669984565278455e+00 1.657425742574257566e+00
7.673267326732673421e-01 5.310994921846212691e+00 1.667326732673267475e+00
7.772277227722772519e-01 5.363840501055553212e+00 1.677227722772277385e+00
7.871287128712871617e-01 5.417211891321877637e+00 1.687128712871287295e+00
7.970297029702970715e-01 5.471114316606693784e+00 1.697029702970297205e+00
8.069306930693069813e-01 5.525553055708934735e+00 1.706930693069307114e+00
8.168316831683168910e-01 5.580533442263596378e+00 1.716831683168317024e+00
8.267326732673268008e-01 5.636060864778971613e+00 1.726732673267326934e+00
8.366336633663367106e-01 5.692140766733791324e+00 1.736633663366336844e+00
8.465346534653466204e-01 5.748778646741410370e+00 1.746534653465346754e+00
8.564356435643565302e-01 5.805980058780585651e+00 1.756435643564356663e+00
8.663366336633664400e-01 5.863750612488854763e+00 1.766336633663366573e+00
8.762376237623763497e-01 5.922095973513101796e+00 1.776237623762376483e+00
8.861386138613862595e-01 5.981021863911261782e+00 1.786138613861386393e+00
8.960396039603960583e-01 6.040534062599235199e+00 1.796039603960396080e+00
9.059405940594058571e-01 6.100638405836620315e+00 1.805940594059405768e+00
9.158415841584157668e-01 6.161340787746885539e+00 1.815841584158415678e+00
9.257425742574256766e-01 6.222647160863321147e+00 1.825742574257425588e+00
9.356435643564355864e-01 6.284563536704825815e+00 1.835643564356435498e+00
9.455445544554454962e-01 6.347095986355361319e+00 1.845544554455445407e+00
9.554455445544554060e-01 6.410250641097196223e+00 1.855445544554455317e+00
9.653465346534653158e-01 6.474033692966820297e+00 1.865346534653465227e+00
9.752475247524752255e-01 6.538451395526922560e+00 1.875247524752475137e+00
9.851485148514851353e-01 6.603510064197978480e+00 1.885148514851485047e+00
9.950495049504950451e-01 6.669216077494871442e+00 1.895049504950494956e+00
