0.5 2.0 0.0 2.00000000000077 23.999999999999993 -2.1109980944259782e-64
1.5 2.0 0.0 2.000000000000769 23.999999999999982 -3.833786490499683e-54
2.5 2.0 0.0 2.0000000000007665 23.99999999999997 -2.7506291988257142e-45
3.5 2.0 0.0 2.0000000000007647 23.999999999999957 3.7190631002266737e-37
4.5 2.0 0.0 2.0000000000007634 23.99999999999995 2.1566080528120858e-29
5.5 2.0 0.0 2.000000000000761 23.99999999999994 4.6815685166807494e-23
6.5 2.0 0.0 2.000000000000761 23.99999999999994 -8.808736703694343e-18
7.5 1.99999999999819 0.0 2.000000000001731 23.99999999999994 -1.8100340773142959e-12
8.5 1.999999988424618 0.0 2.0000000043038764 23.99999999999993 -1.157538197381337e-08
9.5 2.000002367024438 0.0 1.9999984138373814 23.999999999999922 2.3670244376693356e-06
10.5 2.0022635626578045 0.0 1.9994687562716797 23.999999999999915 0.002263562657804649
11.5 2.0420735492403947 0.0 1.994943951595757 23.999999999999908 0.04207354924039483
12.5 2.0 0.0 1.9939730959419988 23.9999999999999 -0.0
13.5 1.9579264507596053 0.0 2.0167620322568003 23.999999999999908 -0.04207354924039483
14.5 1.9977364373421953 0.0 1.9924277963174992 23.999999999999904 -0.002263562657804649
15.5 1.9999976329755624 0.0 2.0040731341864797 23.999999999999893 -2.3670244376693356e-06
16.5 2.000000011575382 0.0 1.9991577150013784 23.999999999999893 1.157538197381337e-08
17.5 2.00000000000181 0.0 2.0001220407060116 23.999999999999876 1.8100340773142959e-12
18.5 2.0 0.0 2.0001405122793 23.999999999999865 8.808736703694343e-18
19.5 2.0 0.0 2.0001113597853823 23.999999999999858 -4.6815685166807494e-23
20.5 2.0 0.0 2.000111266883107 23.99999999999985 -2.1566080528120858e-29
21.5 2.0 0.0 2.0001112671270613 23.999999999999844 -3.7190631002266737e-37
22.5 2.0 0.0 2.000111267127116 23.99999999999984 2.7506291988257142e-45
23.5 2.0 0.0 2.000111267127116 23.99999999999984 3.833786490499683e-54
24.5 2.0 0.0 2.000111267127117 23.999999999999844 2.1109980944259782e-64
