0.25 2.0 0.0 2.00000000000077 23.999999999999993 -2.850203213424424e-67
0.75 2.0 0.0 2.000000000000769 23.999999999999982 -1.0864518245663961e-61
1.25 2.0 0.0 2.0000000000007665 23.999999999999964 -1.4244864646060943e-56
1.75 2.0 0.0 2.0000000000007647 23.99999999999995 -8.548289091174405e-52
2.25 2.0 0.0 2.000000000000761 23.999999999999936 -2.351308388844086e-47
2.75 2.0 0.0 2.0000000000007594 23.999999999999922 -2.2523830569655327e-43
3.25 2.0 0.0 2.0000000000007567 23.999999999999908 1.637631564719423e-39
3.75 2.0 0.0 2.000000000000754 23.999999999999893 4.767397604445987e-35
4.25 2.0 0.0 2.0000000000007523 23.999999999999886 3.4602839938301873e-31
4.75 2.0 0.0 2.0000000000007496 23.999999999999872 1.111987969600823e-27
5.25 2.0 0.0 2.0000000000007487 23.999999999999865 1.6638083285143045e-24
5.75 2.0 0.0 2.0000000000007487 23.999999999999865 9.976476910669732e-22
6.25 2.0 0.0 2.000000000000746 23.99999999999985 -4.8921798420998234e-20
6.75 1.9999999999999998 0.0 2.000000000000745 23.999999999999844 -3.023468242913689e-16
7.25 1.999999999999875 0.0 2.0000000000007794 23.99999999999983 -1.250209723893004e-13
7.75 1.9999999999784133 0.0 2.000000000006244 23.999999999999822 -2.1586786279083474e-11
8.25 1.9999999982596433 0.0 2.0000000003846576 23.999999999999808 -1.7403567350686184e-09
8.75 1.9999999393178214 0.0 2.0000000110406644 23.999999999999808 -6.068217856011783e-08
9.25 1.9999996196032899 0.0 2.000000012595156 23.999999999999808 -3.803967102260639e-07
9.75 2.0000269519530645 0.0 1.9999943609191564 23.9999999999998 2.695195306443837e-05
10.25 2.000669374442667 0.0 1.999885288941479 23.999999999999794 0.0006693744426668637
10.75 2.006254988727532 0.0 1.9990185702361052 23.999999999999794 0.006254988727532051
11.25 2.0270357568521313 0.0 1.9958571564125287 23.999999999999797 0.027035756852131283
11.75 2.052787138212377 0.0 1.991648457080792 23.999999999999794 0.05278713821237704
12.25 2.031588407111769 0.0 1.9946530931977136 23.999999999999787 0.03158840711176899
12.75 1.968411592888231 0.0 2.0055331764474174 23.999999999999773 -0.03158840711176899
13.25 1.947212861787623 0.0 2.008654745744142 23.99999999999976 -0.05278713821237704
13.75 1.9729642431478687 0.0 2.003557746627134 23.999999999999744 -0.027035756852131283
14.25 1.993745011272468 0.0 2.0011543737283084 23.99999999999973 -0.006254988727532051
14.75 1.999330625557333 0.0 2.000363147866967 23.999999999999723 -0.0006693744426668637
15.25 1.9999730480469355 0.0 1.9999110369981294 23.99999999999971 -2.695195306443837e-05
15.75 2.00000038039671 0.0 1.999964279129941 23.999999999999705 3.803967102260639e-07
16.25 2.0000000606821784 0.0 2.0000112265398933 23.99999999999971 6.068217856011783e-08
16.75 2.0000000017403567 0.0 2.0000052607133663 23.9999999999997 1.7403567350686184e-09
17.25 2.0000000000215867 0.0 2.000001986275331 23.999999999999694 2.1586786279083474e-11
17.75 2.0000000000001252 0.0 2.0000016892883066 23.99999999999968 1.250209723893004e-13
18.25 2.0000000000000004 0.0 2.0000016846466995 23.99999999999968 3.023468242913689e-16
18.75 2.0 0.0 2.000001685064433 23.999999999999673 4.8921798420998234e-20
19.25 2.0 0.0 2.0000016850831144 23.999999999999666 -9.976476910669732e-22
19.75 2.0 0.0 2.0000016850834053 23.99999999999966 -1.6638083285143045e-24
20.25 2.0 0.0 2.000001685083406 23.999999999999652 -1.111987969600823e-27
20.75 2.0 0.0 2.000001685083406 23.999999999999652 -3.4602839938301873e-31
21.25 2.0 0.0 2.0000016850834053 23.999999999999645 -4.767397604445987e-35
21.75 2.0 0.0 2.0000016850834053 23.999999999999645 -1.637631564719423e-39
22.25 2.0 0.0 2.0000016850834044 23.999999999999638 2.2523830569655327e-43
22.75 2.0 0.0 2.0000016850834035 23.99999999999963 2.351308388844086e-47
23.25 2.0 0.0 2.0000016850834017 23.99999999999962 8.548289091174405e-52
23.75 2.0 0.0 2.000001685083401 23.99999999999961 1.4244864646060943e-56
24.25 2.0 0.0 2.0000016850834 23.99999999999961 1.0864518245663961e-61
24.75 2.0 0.0 2.0000016850834 23.99999999999961 2.850203213424424e-67
