0.0625 2.0 0.0 2.00000000000077 23.999999999999993 -1.1497184111213586e-69
0.1875 2.0 0.0 2.00000000000077 23.999999999999993 -4.956512554488603e-68
0.3125 2.0 0.0 2.0000000000007674 23.99999999999998 -1.5606895560755955e-66
0.4375 2.0 0.0 2.0000000000007665 23.99999999999997 -4.221871484767452e-65
0.5625 2.0 0.0 2.0000000000007647 23.999999999999957 -1.0331249664820779e-63
0.6875 2.0 0.0 2.000000000000762 23.99999999999994 -2.340279915629186e-62
0.8125 2.0 0.0 2.0000000000007594 23.99999999999993 -4.9677240512015786e-61
0.9375 2.0 0.0 2.0000000000007567 23.999999999999915 -9.952641974695324e-60
1.0625 2.0 0.0 2.000000000000754 23.999999999999897 -1.8904090561110707e-58
1.1875 2.0 0.0 2.0000000000007514 23.99999999999988 -3.4139735638802406e-57
1.3125 2.0 0.0 2.0000000000007487 23.999999999999865 -5.872877688638674e-56
1.4375 2.0 0.0 2.000000000000747 23.999999999999854 -9.634018146557815e-55
1.5625 2.0 0.0 2.0000000000007443 23.999999999999837 -1.5078490196182649e-53
1.6875 2.0 0.0 2.0000000000007416 23.999999999999822 -2.2516961084400117e-52
1.8125 2.0 0.0 2.00000000000074 23.999999999999808 -3.206647879385634e-51
1.9375 2.0 0.0 2.000000000000738 23.9999999999998 -4.350333912421186e-50
2.0625 2.0 0.0 2.0000000000007367 23.99999999999979 -5.612421917410396e-49
2.1875 2.0 0.0 2.0000000000007345 23.99999999999978 -6.866290082952759e-48
2.3125 2.0 0.0 2.0000000000007336 23.999999999999773 -7.931474614496866e-47
2.4375 2.0 0.0 2.000000000000731 23.99999999999976 -8.590853396874958e-46
2.5625 2.0 0.0 2.00000000000073 23.99999999999975 -8.623273722320799e-45
2.6875 2.0 0.0 2.0000000000007283 23.999999999999744 -7.847597927876126e-44
2.8125 2.0 0.0 2.0000000000007274 23.999999999999737 -6.16927538059152e-43
2.9375 2.0 0.0 2.0000000000007256 23.999999999999726 -3.6173956053941074e-42
3.0625 2.0 0.0 2.000000000000724 23.999999999999716 -3.603800524878784e-42
3.1875 2.0 0.0 2.000000000000722 23.9999999999997 3.3073113098458767e-40
3.3125 2.0 0.0 2.0000000000007194 23.999999999999684 7.007674905386313e-39
3.4375 2.0 0.0 2.0000000000007168 23.999999999999673 1.0342698109135129e-37
3.5625 2.0 0.0 2.000000000000714 23.99999999999966 1.2964282047082334e-36
3.6875 2.0 0.0 2.0000000000007123 23.999999999999645 1.4633673851942304e-35
3.8125 2.0 0.0 2.0000000000007114 23.999999999999638 1.5256449707696942e-34
3.9375 2.0 0.0 2.0000000000007088 23.999999999999623 1.4886155797128192e-33
4.0625 2.0 0.0 2.000000000000706 23.99999999999961 1.3698442674456298e-32
4.1875 2.0 0.0 2.0000000000007043 23.999999999999595 1.1944977329459876e-31
4.3125 2.0 0.0 2.0000000000007017 23.99999999999958 9.90034257306422e-31
4.4375 2.0 0.0 2.0000000000007008 23.999999999999574 7.814765201370724e-30
4.5625 2.0 0.0 2.0000000000006994 23.999999999999567 5.881650691709571e-29
4.6875 2.0 0.0 2.000000000000697 23.999999999999552 4.223370350087268e-28
4.8125 2.0 0.0 2.000000000000697 23.999999999999552 2.893556671295461e-27
4.9375 2.0 0.0 2.0000000000006946 23.999999999999538 1.890757597486316e-26
5.0625 2.0 0.0 2.000000000000692 23.999999999999524 1.177190424551076e-25
5.1875 2.0 0.0 2.00000000000069 23.99999999999951 6.971695163562433e-25
5.3125 2.0 0.0 2.0000000000006875 23.999999999999496 3.91712255151615e-24
5.4375 2.0 0.0 2.0000000000006866 23.99999999999949 2.0794935839713404e-23
5.5625 2.0 0.0 2.000000000000685 23.99999999999948 1.0363087742791856e-22
5.6875 2.0 0.0 2.000000000000682 23.999999999999467 4.795469821729646e-22
5.8125 2.0 0.0 2.0000000000006803 23.999999999999453 2.0196850576742936e-21
5.9375 2.0 0.0 2.0000000000006786 23.999999999999446 7.416412590413098e-21
6.0625 2.0 0.0 2.000000000000676 23.999999999999428 2.0997746765631944e-20
6.1875 2.0 0.0 2.0000000000006732 23.999999999999417 1.970926387775956e-20
6.3125 2.0 0.0 2.0000000000006715 23.99999999999941 -3.06488886306849e-19
6.4375 2.0 0.0 2.0000000000006706 23.999999999999403 -3.2470451229757577e-18
6.5625 2.0 0.0 2.000000000000669 23.99999999999939 -2.2526004271834337e-17
6.6875 1.9999999999999998 0.0 2.000000000000667 23.999999999999375 -1.3095803341512223e-16
6.8125 1.9999999999999993 0.0 2.0000000000006652 23.999999999999364 -6.821465540280686e-16
6.9375 1.9999999999999967 0.0 2.0000000000006652 23.99999999999936 -3.273862560930351e-15
7.0625 1.9999999999999853 0.0 2.0000000000006652 23.999999999999353 -1.4685412509578057e-14
7.1875 1.9999999999999378 0.0 2.0000000000006715 23.999999999999343 -6.207521160722045e-14
7.3125 1.9999999999997515 0.0 2.000000000000699 23.999999999999332 -2.4851468597291215e-13
7.4375 1.9999999999990548 0.0 2.000000000000809 23.99999999999933 -9.453492026144965e-13
7.5625 1.9999999999965759 0.0 2.0000000000012017 23.999999999999325 -3.424064082240977e-12
7.6875 1.9999999999881761 0.0 2.0000000000025313 23.99999999999931 -1.182378394443425e-11
7.8125 1.9999999999610483 0.0 2.0000000000068265 23.999999999999297 -3.895171607363096e-11
7.9375 1.9999999998775617 0.0 2.00000000002004 23.999999999999282 -1.224382624174479e-10
8.0625 1.9999999996329072 0.0 2.0000000000587344 23.999999999999268 -3.6709291014105447e-10
8.1875 1.999999998951149 0.0 2.0000000001664895 23.999999999999268 -1.04885094347367e-09
8.3125 1.9999999971486566 0.0 2.000000000451199 23.999999999999254 -2.8513434431676317e-09
8.4375 1.9999999926429364 0.0 2.0000000011624817 23.99999999999924 -7.357063536790531e-09
8.5625 1.999999982052457 0.0 2.000000002833418 23.999999999999226 -1.794754306433284e-08
8.6875 1.999999958856138 0.0 2.0000000064913435 23.999999999999215 -4.114386207184302e-08
8.8125 1.99999991225813 0.0 2.0000000138354483 23.999999999999197 -8.774186992060323e-08
8.9375 1.999999829099547 0.0 2.0000000269323612 23.999999999999183 -1.7090045283630125e-07
9.0625 1.9999997074071472 0.0 2.000000046074074 23.999999999999176 -2.9259285286963165e-07
9.1875 1.9999996032244953 0.0 2.000000062383527 23.99999999999917 -3.9677550466495557e-07
9.3125 1.999999758734999 0.0 2.0000000375954547 23.99999999999917 -2.4126500111955035e-07
9.4375 2.000000907278269 0.0 1.9999998559344099 23.99999999999916 9.072782688430747e-07
9.5625 2.0000049270422755 0.0 1.999999220996465 23.999999999999154 4.927042275346514e-06
9.6875 2.0000161204740574 0.0 1.999997453937222 23.99999999999915 1.6120474057228993e-05
9.8125 2.000043513096891 0.0 1.9999931308694725 23.999999999999147 4.351309689093828e-05
9.9375 2.0001046424649886 0.0 1.9999834852387024 23.999999999999147 0.00010464246498845123
10.0625 2.0002312483642832 0.0 1.9999635104476563 23.99999999999914 0.00023124836428342147
10.1875 2.000476938242496 0.0 1.999924751518963 23.999999999999133 0.0004769382424958915
10.3125 2.00092613765816 0.0 1.9998538960102343 23.999999999999126 0.0009261376581602602
10.4375 2.0017023680759536 0.0 1.999731476089401 23.999999999999112 0.0017023680759536896
10.5625 2.002972245528986 0.0 1.9995312562875802 23.99999999999911 0.0029722455289856228
10.6875 2.004940010699782 0.0 1.9992211327362917 23.999999999999105 0.004940010699781705
10.8125 2.0078267031465638 0.0 1.998766475855356 23.999999999999098 0.0078267031465639
10.9375 2.011829333546431 0.0 1.9981366363251807 23.999999999999098 0.011829333546431228
11.0625 2.017059485212844 0.0 1.9973146585879027 23.999999999999098 0.017059485212843672
11.1875 2.0234678310894436 0.0 1.9963090963531327 23.999999999999098 0.023467831089443454
11.3125 2.0307698789411934 0.0 1.9951654277872026 23.999999999999094 0.03076987894119322
11.4375 2.0383960807120904 0.0 1.9939734132463616 23.99999999999909 0.03839608071209057
11.5625 2.0454924257235847 0.0 1.9928664487936536 23.999999999999087 0.04549242572358476
11.6875 2.0509922373872547 0.0 1.992010024664409 23.999999999999083 0.05099223738725463
11.8125 2.053764721194172 0.0 1.991578833997639 23.999999999999083 0.053764721194172214
11.9375 2.0528232062905567 0.0 1.991725349143843 23.999999999999083 0.05282320629055684
12.0625 2.047552344591757 0.0 1.9925458210763616 23.999999999999076 0.047552344591757154
12.1875 2.0378975547340055 0.0 1.9940516287100625 23.999999999999076 0.03789755473400547
12.3125 2.0244596315073706 0.0 1.9961539606134013 23.999999999999062 0.024459631507370596
12.4375 2.008456005565417 0.0 1.9986676624732218 23.999999999999055 0.008456005565417002
12.5625 1.991543994434583 0.0 2.001335942842359 23.999999999999044 -0.008456005565417002
12.6875 1.9755403684926294 0.0 2.0038722672350584 23.999999999999027 -0.024459631507370596
12.8125 1.9621024452659945 0.0 2.0060105785207147 23.999999999999012 -0.03789755473400547
12.9375 1.9524476554082428 0.0 2.0075517948758 23.999999999998998 -0.047552344591757154
13.0625 1.947176793709443 0.0 2.008394952419324 23.999999999998984 -0.05282320629055684
13.1875 1.9462352788058277 0.0 2.0085457384822645 23.99999999999898 -0.053764721194172214
13.3125 1.9490077626127453 0.0 2.0081020457920893 23.99999999999897 -0.05099223738725463
13.4375 1.9545075742764153 0.0 2.007222818455238 23.99999999999895 -0.04549242572358476
13.5625 1.9616039192879093 0.0 2.006090280985452 23.99999999999894 -0.03839608071209057
13.6875 1.9692301210588068 0.0 2.0048755974061896 23.999999999998927 -0.03076987894119322
13.8125 1.9765321689105566 0.0 2.0037148818992074 23.999999999998916 -0.023467831089443454
13.9375 1.9829405147871564 0.0 2.0026981027141133 23.9999999999989 -0.017059485212843672
14.0625 1.9881706664535688 0.0 2.001869556443273 23.999999999998884 -0.011829333546431228
14.1875 1.992173296853436 0.0 2.0012362570744697 23.999999999998874 -0.0078267031465639
14.3125 1.9950599893002183 0.0 2.000779949635958 23.999999999998863 -0.004940010699781705
14.4375 1.9970277544710144 0.0 2.000469111477977 23.999999999998852 -0.0029722455289856228
14.5625 1.9982976319240464 0.0 2.0002686139096832 23.999999999998856 -0.0017023680759536896
14.6875 1.9990738623418398 0.0 2.0001461020586886 23.99999999999885 -0.0009261376581602602
14.8125 1.9995230617575042 0.0 2.000075226426768 23.99999999999885 -0.0004769382424958915
14.9375 1.9997687516357165 0.0 2.0000364712700396 23.99999999999883 -0.00023124836428342147
15.0625 1.9998953575350116 0.0 2.0000165053399375 23.999999999998813 -0.00010464246498845123
15.1875 1.999956486903109 0.0 2.0000068670826865 23.999999999998806 -4.351309689093828e-05
15.3125 1.9999838795259428 0.0 2.0000025483725468 23.99999999999879 -1.6120474057228993e-05
15.4375 1.9999950729577247 0.0 2.0000007830778044 23.99999999999877 -4.927042275346514e-06
15.5625 1.9999990927217313 0.0 2.0000001482739957 23.999999999998757 -9.072782688430747e-07
15.6875 2.0000002412650013 0.0 1.9999999659921008 23.99999999999875 2.4126500111955035e-07
15.8125 2.0000003967755045 0.0 1.9999999404069029 23.999999999998746 3.9677550466495557e-07
15.9375 2.000000292592853 0.0 1.999999956031695 23.999999999998746 2.9259285286963165e-07
16.0625 2.000000170900453 0.0 1.9999999746900747 23.999999999998742 1.7090045283630125e-07
16.1875 2.0000000877418698 0.0 1.9999999874895686 23.999999999998742 8.774186992060323e-08
16.3125 2.000000041143862 0.0 1.9999999946705471 23.999999999998728 4.114386207184302e-08
16.4375 2.000000017947543 0.0 1.9999999982482342 23.999999999998728 1.794754306433284e-08
16.5625 2.0000000073570634 0.0 1.9999999998840035 23.999999999998725 7.357063536790531e-09
16.6875 2.0000000028513436 0.0 2.000000000581893 23.999999999998714 2.8513434431676317e-09
16.8125 2.000000001048851 0.0 2.0000000008624834 23.9999999999987 1.04885094347367e-09
16.9375 2.000000000367093 0.0 2.000000000969492 23.999999999998693 3.6709291014105447e-10
17.0625 2.000000000122438 0.0 2.000000001008388 23.999999999998685 1.224382624174479e-10
17.1875 2.0000000000389515 0.0 2.000000001021914 23.99999999999867 3.895171607363096e-11
17.3125 2.000000000011824 0.0 2.0000000010264296 23.999999999998657 1.182378394443425e-11
17.4375 2.000000000003424 0.0 2.000000001027881 23.99999999999865 3.424064082240977e-12
17.5625 2.0000000000009455 0.0 2.0000000010283303 23.99999999999864 9.453492026144965e-13
17.6875 2.0000000000002487 0.0 2.0000000010284635 23.99999999999863 2.4851468597291215e-13
17.8125 2.000000000000062 0.0 2.000000001028501 23.999999999998614 6.207521160722045e-14
17.9375 2.0000000000000147 0.0 2.0000000010285106 23.999999999998607 1.4685412509578057e-14
18.0625 2.000000000000003 0.0 2.000000001028512 23.999999999998593 3.273862560930351e-15
18.1875 2.000000000000001 0.0 2.0000000010285097 23.999999999998575 6.821465540280686e-16
18.3125 2.0 0.0 2.000000001028508 23.999999999998565 1.3095803341512223e-16
18.4375 2.0 0.0 2.000000001028506 23.999999999998554 2.2526004271834337e-17
18.5625 2.0 0.0 2.0000000010285035 23.999999999998536 3.2470451229757577e-18
18.6875 2.0 0.0 2.0000000010285017 23.999999999998522 3.06488886306849e-19
18.8125 2.0 0.0 2.0000000010285013 23.99999999999852 -1.970926387775956e-20
18.9375 2.0 0.0 2.000000001028499 23.999999999998508 -2.0997746765631944e-20
19.0625 2.0 0.0 2.0000000010284973 23.999999999998494 -7.416412590413098e-21
19.1875 2.0 0.0 2.0000000010284973 23.999999999998494 -2.0196850576742936e-21
19.3125 2.0 0.0 2.000000001028496 23.99999999999849 -4.795469821729646e-22
19.4375 2.0 0.0 2.0000000010284937 23.99999999999848 -1.0363087742791856e-22
19.5625 2.0 0.0 2.000000001028492 23.999999999998465 -2.0794935839713404e-23
19.6875 2.0 0.0 2.0000000010284906 23.999999999998458 -3.91712255151615e-24
19.8125 2.0 0.0 2.0000000010284893 23.999999999998447 -6.971695163562433e-25
19.9375 2.0 0.0 2.0000000010284866 23.99999999999843 -1.177190424551076e-25
20.0625 2.0 0.0 2.000000001028484 23.999999999998415 -1.890757597486316e-26
20.1875 2.0 0.0 2.0000000010284813 23.999999999998405 -2.893556671295461e-27
20.3125 2.0 0.0 2.0000000010284795 23.999999999998387 -4.223370350087268e-28
20.4375 2.0 0.0 2.0000000010284777 23.99999999999838 -5.881650691709571e-29
20.5625 2.0 0.0 2.000000001028477 23.999999999998373 -7.814765201370724e-30
20.6875 2.0 0.0 2.000000001028476 23.999999999998366 -9.90034257306422e-31
20.8125 2.0 0.0 2.000000001028474 23.99999999999835 -1.1944977329459876e-31
20.9375 2.0 0.0 2.0000000010284715 23.999999999998337 -1.3698442674456298e-32
21.0625 2.0 0.0 2.0000000010284693 23.99999999999832 -1.4886155797128192e-33
21.1875 2.0 0.0 2.000000001028467 23.99999999999831 -1.5256449707696942e-34
21.3125 2.0 0.0 2.0000000010284653 23.999999999998295 -1.4633673851942304e-35
21.4375 2.0 0.0 2.0000000010284626 23.999999999998277 -1.2964282047082334e-36
21.5625 2.0 0.0 2.00000000102846 23.999999999998266 -1.0342698109135129e-37
21.6875 2.0 0.0 2.0000000010284573 23.999999999998252 -7.007674905386313e-39
21.8125 2.0 0.0 2.0000000010284547 23.999999999998234 -3.3073113098458767e-40
21.9375 2.0 0.0 2.000000001028452 23.99999999999822 3.603800524878784e-42
22.0625 2.0 0.0 2.0000000010284493 23.99999999999821 3.6173956053941074e-42
22.1875 2.0 0.0 2.0000000010284467 23.99999999999819 6.16927538059152e-43
22.3125 2.0 0.0 2.000000001028445 23.99999999999818 7.847597927876126e-44
22.4375 2.0 0.0 2.0000000010284413 23.999999999998167 8.623273722320799e-45
22.5625 2.0 0.0 2.0000000010284387 23.99999999999815 8.590853396874958e-46
22.6875 2.0 0.0 2.00000000102844 23.99999999999815 7.931474614496866e-47
22.8125 2.0 0.0 2.0000000010284413 23.99999999999816 6.866290082952759e-48
22.9375 2.0 0.0 2.0000000010284387 23.999999999998145 5.612421917410396e-49
23.0625 2.0 0.0 2.000000001028437 23.99999999999813 4.350333912421186e-50
23.1875 2.0 0.0 2.000000001028435 23.999999999998124 3.206647879385634e-51
23.3125 2.0 0.0 2.000000001028435 23.999999999998117 2.2516961084400117e-52
23.4375 2.0 0.0 2.000000001028435 23.999999999998117 1.5078490196182649e-53
23.5625 2.0 0.0 2.000000001028436 23.999999999998117 9.634018146557815e-55
23.6875 2.0 0.0 2.000000001028436 23.999999999998117 5.872877688638674e-56
23.8125 2.0 0.0 2.0000000010284342 23.999999999998103 3.4139735638802406e-57
23.9375 2.0 0.0 2.0000000010284307 23.999999999998085 1.8904090561110707e-58
24.0625 2.0 0.0 2.00000000102843 23.99999999999808 9.952641974695324e-60
24.1875 2.0 0.0 2.00000000102843 23.999999999998074 4.9677240512015786e-61
24.3125 2.0 0.0 2.0000000010284293 23.999999999998074 2.340279915629186e-62
24.4375 2.0 0.0 2.00000000102843 23.999999999998074 1.0331249664820779e-63
24.5625 2.0 0.0 2.0000000010284307 23.999999999998074 4.221871484767452e-65
24.6875 2.0 0.0 2.0000000010284307 23.999999999998074 1.5606895560755955e-66
24.8125 2.0 0.0 2.00000000102843 23.999999999998074 4.956512554488603e-68
24.9375 2.0 0.0 2.0000000010284307 23.999999999998074 1.1497184111213586e-69
