0.125 2.0 24.0 2.0000000000007727 24.000000000000007 -8.023378137447364e-69
0.375 2.0 24.0 2.0000000000007736 24.000000000000007 -8.237583357394523e-66
0.625 2.0 24.0 2.0000000000007736 24.000000000000007 -4.960217038783217e-63
0.875 2.0 24.0 2.0000000000007736 24.000000000000007 -2.2389513277987053e-60
1.125 2.0 24.0 2.0000000000007736 24.000000000000007 -8.083295968589929e-58
1.375 2.0 24.0 2.0000000000007736 24.000000000000007 -2.3927033740792414e-55
1.625 2.0 24.0 2.000000000000774 24.000000000000007 -5.861267598663116e-53
1.875 2.0 24.0 2.0000000000007736 24.0 -1.1883943908134718e-50
2.125 2.0 24.0 2.000000000000774 24.0 -1.976589158084722e-48
2.375 2.0 24.0 2.0000000000007736 24.0 -2.632942317395744e-46
2.625 2.0 24.0 2.0000000000007736 23.999999999999993 -2.638888646042497e-44
2.875 2.0 24.0 2.0000000000007736 23.999999999999993 -1.5796414191572262e-42
3.125 2.0 24.0 2.0000000000007736 23.999999999999993 4.567817789604015e-41
3.375 2.0 24.0 2.0000000000007736 23.999999999999993 2.7652750956800404e-38
3.625 2.0 24.0 2.0000000000007736 23.999999999999993 4.404258009248603e-36
3.875 2.0 24.0 2.0000000000007736 23.999999999999993 4.802503147034089e-34
4.125 2.0 24.0 2.0000000000007736 23.999999999999993 4.0714940949284585e-32
4.375 2.0 24.0 2.0000000000007736 23.999999999999993 2.798298194819873e-30
4.625 2.0 24.0 2.0000000000007736 23.999999999999993 1.5853487713817023e-28
4.875 2.0 24.0 2.0000000000007736 23.999999999999993 7.44089836681967e-27
5.125 2.0 24.0 2.0000000000007736 23.999999999999993 2.8831502816409013e-25
5.375 2.0 24.0 2.0000000000007736 23.999999999999993 9.092577194644609e-24
5.625 2.0 24.0 2.0000000000007736 23.999999999999993 2.252142269674823e-22
5.875 2.0 24.0 2.000000000000774 23.999999999999993 3.954656992153136e-21
6.125 2.0 24.0 2.0000000000007736 23.99999999999999 2.789761923259548e-20
6.375 2.0 24.0 2.0000000000007736 23.99999999999999 -1.0909101867037715e-18
6.625 2.0 24.0 2.0000000000007736 23.99999999999999 -5.5213930824722155e-17
6.875 2.0 24.0 2.0000000000007736 23.999999999999986 -1.5081395283077498e-15
7.125 2.0 24.0 2.000000000000779 23.999999999999982 -3.0406459207729985e-14
7.375 2.0 24.0 2.000000000000866 23.99999999999998 -4.87731075149774e-13
7.625 2.0 24.0 2.0000000000019638 23.99999999999997 -6.400550420574792e-12
7.875 2.0 24.0 2.0000000000133173 23.999999999999964 -6.946621751012237e-11
8.125 2.0 24.0 2.0000000001102425 23.99999999999996 -6.243021272063907e-10
8.375 2.0 24.0 2.000000000786148 23.999999999999957 -4.611047172371882e-09
8.625 2.0 24.0 2.0000000045274087 23.99999999999995 -2.7399979986059073e-08
8.875 2.0 24.0 2.0000000197386836 23.99999999999995 -1.240590773561188e-07
9.125 2.0000001 24.0 2.0000000523749435 23.999999999999947 -3.552572240524588e-07
9.375 2.0 24.0 1.999999948115494 23.999999999999943 1.2942058380315937e-07
9.625 1.9999985 24.0 1.9999983908425487 23.999999999999943 9.209599773068e-06
9.875 1.9999892 24.0 1.9999886749262266 23.999999999999943 6.829060285179713e-05
10.125 1.9999472 24.0 1.9999457635118083 23.999999999999936 0.00033476072351890226
10.375 1.9998006 24.0 1.9997980492503955 23.99999999999993 0.0012639670514472895
10.625 1.9993921 24.0 1.9993895618208026 23.999999999999922 0.003855097550723615
10.875 1.9984749 24.0 1.9984763694470757 23.99999999999992 0.009678706501005496
11.125 1.996833 24.0 1.9968432784525914 23.999999999999915 0.02012788497491368
11.375 1.9945682 24.0 1.994586616041064 23.9999999999999 0.03458962805843038
11.625 1.9923961 24.0 1.99241009240998 23.999999999999872 0.0485132950314933
11.875 1.9915722 24.0 1.991563705297789 23.999999999999822 0.053807929155783495
12.125 1.993216 24.0 1.993180426046774 23.999999999999766 0.0432510018706274
12.375 1.9973739 24.0 1.997332987151486 23.999999999999705 0.01668234441309194
12.625 2.0026382 24.0 2.00262545277614 23.999999999999684 -0.01668234441309194
12.875 2.0068649 24.0 2.006892273722779 23.999999999999737 -0.0432510018706274
13.125 2.008553 24.0 2.0085967598024723 23.99999999999992 -0.053807929155783495
13.375 2.0077057 24.0 2.0077316286721945 24.000000000000266 -0.0485132950314933
13.625 2.0054836 24.0 2.0054801177807633 24.000000000000533 -0.03458962805843038
13.875 2.0031846 24.0 2.0031657216125778 24.000000000000355 -0.02012788497491368
14.125 2.0015291 24.0 2.0015130500194713 23.999999999999588 -0.009678706501005496
14.375 2.0006086 24.0 2.000602321467899 23.999999999999293 -0.003855097550723615
14.625 2.0001995 24.0 2.000200163476062 24.00000000000088 -0.0012639670514472895
14.875 2.0000528 24.0 2.000055464802901 23.999999999996522 -0.00033476072351890226
15.125 2.0000108 24.0 2.000012691418581 23.999999999979984 -6.829060285179713e-05
15.375 2.0000015 24.0 2.000002267546951 23.99999999997553 -9.209599773068e-06
15.625 2.0 24.0 2.000000182918715 24.000000000041748 -1.2942058380315937e-07
15.875 1.9999999 24.0 1.999999852949467 24.000000000155936 3.552572240524588e-07
16.125 2.0 24.0 1.9999998192057817 23.999999999754124 1.240590773561188e-07
16.375 2.0 24.0 1.9999998209310121 23.99999999899299 2.7399979986059073e-08
16.625 2.0 24.0 1.999999823366501 24.000000000665132 4.611047172371882e-09
16.875 2.0 24.0 1.99999982475022 24.00000000488297 6.243021272063907e-10
17.125 2.0 24.0 1.9999998245489845 24.000000002774552 6.946621751012237e-11
17.375 2.0 24.0 1.999999820500855 23.99999997154623 6.400550420574792e-12
17.625 2.0 24.0 1.99999981960608 23.99999996143529 4.87731075149774e-13
17.875 2.0 24.0 1.99999984268553 24.000000151442027 3.0406459207729985e-14
18.125 2.0 24.0 1.9999998581333884 24.00000023774559 1.5081395283077498e-15
18.375 2.0 24.0 1.9999997748565868 23.99999952609241 5.5213930824722155e-17
18.625 2.0 24.0 1.9999996668265025 23.99999892544747 1.0909101867037715e-18
18.875 2.0 24.0 1.999999783074413 23.999999932483142 -2.789761923259548e-20
19.125 2.0 24.0 2.000000111238343 24.000002458809767 -3.954656992153136e-21
19.375 2.0 24.0 2.000000229128645 24.000002717911848 -2.252142269674823e-22
19.625 2.0 24.0 1.999999883246844 23.99999992416282 -9.092577194644609e-24
19.875 2.0 24.0 1.999999283197303 23.99999535814179 -2.8831502816409013e-25
20.125 2.0 24.0 1.9999991304082247 23.999995123888286 -7.44089836681967e-27
20.375 2.0 24.0 1.9999995925707679 23.99999877938511 -1.5853487713817023e-28
20.625 2.0 24.0 2.000000419330141 24.000005379868277 -2.798298194819873e-30
20.875 2.0 24.0 2.0000007378039273 24.000006618943583 -4.0714940949284585e-32
21.125 2.0 24.0 2.000000325603394 24.00000325975538 -4.802503147034089e-34
21.375 2.0 24.0 1.9999993971771362 23.999995737756066 -4.404258009248603e-36
21.625 2.0 24.0 1.9999988288700008 23.99999262215163 -2.7652750956800404e-38
21.875 2.0 24.0 1.9999990707593653 23.999994775119042 -4.567817789604015e-41
22.125 2.0 24.0 1.9999999370989587 24.000001784369218 1.5796414191572262e-42
22.375 2.0 24.0 2.0000007739809798 24.00000743571647 2.638888646042497e-44
22.625 2.0 24.0 2.0000007779380864 24.000006785861654 2.632942317395744e-46
22.875 2.0 24.0 2.000000102567867 24.000001604922417 1.976589158084722e-48
23.125 2.0 24.0 1.999999080994343 23.999993421161573 1.1883943908134718e-50
23.375 2.0 24.0 1.9999987146078417 23.999991862866967 5.861267598663116e-53
23.625 2.0 24.0 1.9999991082044875 23.9999951125404 2.3927033740792414e-55
23.875 2.0 24.0 2.000000090946923 24.000002852266118 8.083295968589929e-58
24.125 2.0 24.0 2.0000010412502167 24.00000980734685 2.2389513277987053e-60
24.375 2.0 24.0 2.0000011935880755 24.000009915605 4.960217038783217e-63
24.625 2.0 24.0 2.000000584516528 24.000005215908956 8.237583357394523e-66
24.875 2.0 24.0 1.9999990524216038 23.999993733553723 8.023378137447364e-69
