0.0625 2.0 24.0 2.0000000000007727 24.000000000000007 -1.1497184111213586e-69
0.1875 2.0 24.0 2.0000000000007736 24.000000000000007 -4.956512554488603e-68
0.3125 2.0 24.0 2.0000000000007736 24.000000000000007 -1.5606895560755955e-66
0.4375 2.0 24.0 2.0000000000007736 24.000000000000007 -4.221871484767452e-65
0.5625 2.0 24.0 2.0000000000007736 24.000000000000007 -1.0331249664820779e-63
0.6875 2.0 24.0 2.000000000000774 24.000000000000007 -2.340279915629186e-62
0.8125 2.0 24.0 2.0000000000007736 24.0 -4.9677240512015786e-61
0.9375 2.0 24.0 2.000000000000774 24.0 -9.952641974695324e-60
1.0625 2.0 24.0 2.0000000000007727 23.999999999999993 -1.8904090561110707e-58
1.1875 2.0 24.0 2.0000000000007727 23.999999999999993 -3.4139735638802406e-57
1.3125 2.0 24.0 2.0000000000007727 23.999999999999993 -5.872877688638674e-56
1.4375 2.0 24.0 2.0000000000007727 23.999999999999993 -9.634018146557815e-55
1.5625 2.0 24.0 2.0000000000007727 23.999999999999993 -1.5078490196182649e-53
1.6875 2.0 24.0 2.0000000000007727 23.999999999999993 -2.2516961084400117e-52
1.8125 2.0 24.0 2.0000000000007727 23.999999999999993 -3.206647879385634e-51
1.9375 2.0 24.0 2.0000000000007727 23.999999999999993 -4.350333912421186e-50
2.0625 2.0 24.0 2.0000000000007727 23.999999999999993 -5.612421917410396e-49
2.1875 2.0 24.0 2.0000000000007727 23.999999999999993 -6.866290082952759e-48
2.3125 2.0 24.0 2.0000000000007736 24.0 -7.931474614496866e-47
2.4375 2.0 24.0 2.0000000000007736 24.0 -8.590853396874958e-46
2.5625 2.0 24.0 2.0000000000007736 24.0 -8.623273722320799e-45
2.6875 2.0 24.0 2.0000000000007727 23.999999999999993 -7.847597927876126e-44
2.8125 2.0 24.0 2.000000000000772 23.999999999999986 -6.16927538059152e-43
2.9375 2.0 24.0 2.000000000000771 23.99999999999998 -3.6173956053941074e-42
3.0625 2.0 24.0 2.00000000000077 23.99999999999998 -3.603800524878784e-42
3.1875 2.0 24.0 2.000000000000769 23.99999999999997 3.3073113098458767e-40
3.3125 2.0 24.0 2.0000000000007687 23.999999999999968 7.007674905386313e-39
3.4375 2.0 24.0 2.0000000000007683 23.999999999999964 1.0342698109135129e-37
3.5625 2.0 24.0 2.0000000000007683 23.999999999999964 1.2964282047082334e-36
3.6875 2.0 24.0 2.0000000000007674 23.99999999999996 1.4633673851942304e-35
3.8125 2.0 24.0 2.0000000000007674 23.99999999999996 1.5256449707696942e-34
3.9375 2.0 24.0 2.0000000000007683 23.999999999999964 1.4886155797128192e-33
4.0625 2.0 24.0 2.0000000000007683 23.999999999999964 1.3698442674456298e-32
4.1875 2.0 24.0 2.0000000000007674 23.999999999999957 1.1944977329459876e-31
4.3125 2.0 24.0 2.0000000000007665 23.99999999999995 9.90034257306422e-31
4.4375 2.0 24.0 2.0000000000007656 23.999999999999947 7.814765201370724e-30
4.5625 2.0 24.0 2.0000000000007656 23.999999999999947 5.881650691709571e-29
4.6875 2.0 24.0 2.0000000000007656 23.999999999999947 4.223370350087268e-28
4.8125 2.0 24.0 2.0000000000007647 23.999999999999943 2.893556671295461e-27
4.9375 2.0 24.0 2.000000000000764 23.999999999999943 1.890757597486316e-26
5.0625 2.0 24.0 2.000000000000764 23.999999999999943 1.177190424551076e-25
5.1875 2.0 24.0 2.000000000000764 23.999999999999943 6.971695163562433e-25
5.3125 2.0 24.0 2.000000000000764 23.99999999999994 3.91712255151615e-24
5.4375 2.0 24.0 2.000000000000763 23.999999999999936 2.0794935839713404e-23
5.5625 2.0 24.0 2.000000000000762 23.99999999999993 1.0363087742791856e-22
5.6875 2.0 24.0 2.000000000000761 23.99999999999993 4.795469821729646e-22
5.8125 2.0 24.0 2.000000000000761 23.99999999999993 2.0196850576742936e-21
5.9375 2.0 24.0 2.000000000000761 23.99999999999993 7.416412590413098e-21
6.0625 2.0 24.0 2.000000000000761 23.99999999999993 2.0997746765631944e-20
6.1875 2.0 24.0 2.0000000000007603 23.999999999999922 1.970926387775956e-20
6.3125 2.0 24.0 2.0000000000007594 23.99999999999992 -3.06488886306849e-19
6.4375 2.0 24.0 2.0000000000007585 23.999999999999915 -3.2470451229757577e-18
6.5625 2.0 24.0 2.0000000000007576 23.999999999999908 -2.2526004271834337e-17
6.6875 2.0 24.0 2.0000000000007576 23.999999999999908 -1.3095803341512223e-16
6.8125 2.0 24.0 2.0000000000007567 23.999999999999904 -6.821465540280686e-16
6.9375 2.0 24.0 2.0000000000007567 23.9999999999999 -3.273862560930351e-15
7.0625 2.0 24.0 2.000000000000758 23.999999999999893 -1.4685412509578057e-14
7.1875 2.0 24.0 2.0000000000007647 23.999999999999886 -6.207521160722045e-14
7.3125 2.0 24.0 2.000000000000795 23.999999999999886 -2.4851468597291215e-13
7.4375 2.0 24.0 2.000000000000907 23.99999999999988 -9.453492026144965e-13
7.5625 2.0 24.0 2.0000000000013056 23.999999999999872 -3.424064082240977e-12
7.6875 2.0 24.0 2.0000000000026574 23.999999999999872 -1.182378394443425e-11
7.8125 2.0 24.0 2.000000000007012 23.999999999999872 -3.895171607363096e-11
7.9375 2.0 24.0 2.00000000002038 23.999999999999865 -1.224382624174479e-10
8.0625 2.0 24.0 2.0000000000594627 23.999999999999858 -3.6709291014105447e-10
8.1875 2.0 24.0 2.000000000168125 23.99999999999985 -1.04885094347367e-09
8.3125 2.0 24.0 2.0000000004547935 23.999999999999844 -2.8513434431676317e-09
8.4375 2.0 24.0 2.0000000011698535 23.999999999999833 -7.357063536790531e-09
8.5625 2.0 24.0 2.0000000028469422 23.999999999999822 -1.794754306433284e-08
8.6875 2.0 24.0 2.0000000065118417 23.99999999999981 -4.114386207184302e-08
8.8125 2.0 24.0 2.000000013854483 23.9999999999998 -8.774186992060323e-08
8.9375 2.0 24.0 2.000000026910783 23.999999999999794 -1.7090045283630125e-07
9.0625 2.0 24.0 2.000000045891171 23.999999999999773 -2.9259285286963165e-07
9.1875 2.0000001 24.0 2.0000000617306126 23.999999999999766 -3.9677550466495557e-07
9.3125 2.0 24.0 2.000000035777297 23.99999999999976 -2.4126500111955035e-07
9.4375 1.9999999 24.0 1.999999851540443 23.999999999999755 9.072782688430747e-07
9.5625 1.9999992 24.0 1.9999992114280591 23.99999999999975 4.927042275346514e-06
9.6875 1.9999975 24.0 1.9999974348518477 23.999999999999748 1.6120474057228993e-05
9.8125 1.9999931 24.0 1.9999930957491237 23.999999999999744 4.351309689093828e-05
9.9375 1.9999835 24.0 1.9999834255065556 23.999999999999734 0.00010464246498845123
10.0625 1.9999635 24.0 1.9999634167845386 23.99999999999973 0.00023124836428342147
10.1875 1.9999248 24.0 1.9999246171245264 23.999999999999723 0.0004769382424958915
10.3125 1.9998539 24.0 1.999853722285138 23.999999999999723 0.0009261376581602602
10.4375 1.9997315 24.0 1.9997312803498204 23.999999999999716 0.0017023680759536896
10.5625 1.9995312 24.0 1.9995310795899506 23.99999999999971 0.0029722455289856228
10.6875 1.9992211 24.0 1.99922104400526 23.9999999999997 0.004940010699781705
10.8125 1.9987664 24.0 1.99876656714083 23.999999999999694 0.0078267031465639
10.9375 1.9981366 24.0 1.9981370044868199 23.999999999999694 0.011829333546431228
11.0625 1.9973146 24.0 1.997315372241808 23.999999999999694 0.017059485212843672
11.1875 1.9963091 24.0 1.9963101536631476 23.999999999999694 0.023467831089443454
11.3125 1.9951655 24.0 1.9951667187388842 23.99999999999969 0.03076987894119322
11.4375 1.9939735 24.0 1.9939747053568808 23.999999999999684 0.03839608071209057
11.5625 1.9928666 24.0 1.9928674131759982 23.99999999999968 0.04549242572358476
11.6875 1.9920102 24.0 1.9920103078179934 23.999999999999673 0.05099223738725463
11.8125 1.9915789 24.0 1.9915781624814914 23.999999999999666 0.053764721194172214
11.9375 1.9917254 24.0 1.991723636905133 23.99999999999966 0.05282320629055684
12.0625 1.9925457 24.0 1.9925432410391162 23.999999999999652 0.047552344591757154
12.1875 1.9940514 24.0 1.9940486159136661 23.999999999999645 0.03789755473400547
12.3125 1.9961536 24.0 1.9961511326846515 23.99999999999964 0.024459631507370596
12.4375 1.9986674 24.0 1.9986656693203186 23.99999999999964 0.008456005565417002
12.5625 2.0013357 24.0 2.00133528412068 23.99999999999963 -0.008456005565417002
12.6875 2.0038722 24.0 2.003873134980988 23.999999999999616 -0.024459631507370596
12.8125 2.0060107 24.0 2.006012783775054 23.9999999999996 -0.03789755473400547
12.9375 2.0075521 24.0 2.0075548139459967 23.999999999999588 -0.047552344591757154
13.0625 2.0083953 24.0 2.0083980838358695 23.999999999999588 -0.05282320629055684
13.1875 2.008546 24.0 2.0085483142204374 23.999999999999574 -0.053764721194172214
13.3125 2.0081022 24.0 2.008103616319022 23.999999999999567 -0.05099223738725463
13.4375 2.0072229 24.0 2.0072232461189836 23.999999999999563 -0.04549242572358476
13.5625 2.0060902 24.0 2.0060897212513513 23.99999999999958 -0.03839608071209057
13.6875 2.0048754 24.0 2.004874395357406 23.99999999999965 -0.03076987894119322
13.8125 2.0037147 24.0 2.0037134375773404 23.999999999999755 -0.023467831089443454
13.9375 2.0026979 24.0 2.00269675635407 23.99999999999994 -0.017059485212843672
14.0625 2.0018695 24.0 2.0018685231719315 24.00000000000018 -0.011829333546431228
14.1875 2.0012362 24.0 2.0012356153002866 24.00000000000042 -0.0078267031465639
14.3125 2.00078 24.0 2.0007796690736157 24.000000000000554 -0.004940010699781705
14.4375 2.0004692 24.0 2.000469099384112 24.000000000000462 -0.0029722455289856228
14.5625 2.0002687 24.0 2.000268760150386 24.000000000000053 -0.0017023680759536896
14.6875 2.0001461 24.0 2.0001463110335544 23.999999999999233 -0.0009261376581602602
14.8125 2.0000753 24.0 2.000075432305474 23.999999999997996 -0.0004769382424958915
14.9375 2.0000365 24.0 2.0000366393168854 23.99999999999644 -0.00023124836428342147
15.0625 2.0000165 24.0 2.0000166250183797 23.999999999994742 -0.00010464246498845123
15.1875 2.0000069 24.0 2.000006942531328 23.99999999999305 -4.351309689093828e-05
15.3125 2.0000025 24.0 2.0000025900344673 23.999999999991495 -1.6120474057228993e-05
15.4375 2.0000008 24.0 2.0000008021153137 23.99999999999021 -4.927042275346514e-06
15.5625 2.0000001 24.0 2.000000153788582 23.99999999998927 -9.072782688430747e-07
15.6875 2.0 24.0 1.9999999642658048 23.999999999988702 2.4126500111955035e-07
15.8125 1.9999999 24.0 1.9999999352378857 23.999999999988468 3.9677550466495557e-07
15.9375 2.0 24.0 1.9999999494503684 23.999999999988454 2.9259285286963165e-07
16.0625 2.0 24.0 1.999999967648634 23.99999999998855 1.7090045283630125e-07
16.1875 2.0 24.0 1.9999999803669903 23.99999999998867 8.774186992060323e-08
16.3125 2.0 24.0 1.9999999875820125 23.999999999988738 4.114386207184302e-08
16.4375 2.0 24.0 1.9999999912079005 23.99999999998876 1.794754306433284e-08
16.5625 2.0 24.0 1.9999999928780545 23.99999999998878 7.357063536790531e-09
16.6875 2.0 24.0 1.999999993595165 23.9999999999888 2.8513434431676317e-09
16.8125 2.0 24.0 1.999999993884935 23.999999999988823 1.04885094347367e-09
16.9375 2.0 24.0 1.9999999939957824 23.999999999988837 3.6709291014105447e-10
17.0625 2.0 24.0 1.9999999940360809 23.999999999988844 1.224382624174479e-10
17.1875 2.0 24.0 1.999999994050041 23.999999999988876 3.895171607363096e-11
17.3125 2.0 24.0 1.9999999940546558 23.999999999988873 1.182378394443425e-11
17.4375 2.0 24.0 1.9999999940561128 23.999999999988873 3.424064082240977e-12
17.5625 2.0 24.0 1.9999999940565538 23.999999999988887 9.453492026144965e-13
17.6875 2.0 24.0 1.9999999940566808 23.99999999998888 2.4851468597291215e-13
17.8125 2.0 24.0 1.999999994056715 23.999999999988866 6.207521160722045e-14
17.9375 2.0 24.0 1.9999999940567248 23.999999999988873 1.4685412509578057e-14
18.0625 2.0 24.0 1.9999999940567292 23.999999999988887 3.273862560930351e-15
18.1875 2.0 24.0 1.9999999940567288 23.999999999988873 6.821465540280686e-16
18.3125 2.0 24.0 1.9999999940567288 23.999999999988873 1.3095803341512223e-16
18.4375 2.0 24.0 1.999999994056728 23.999999999988862 2.2526004271834337e-17
18.5625 2.0 24.0 1.9999999940567257 23.999999999988837 3.2470451229757577e-18
18.6875 2.0 24.0 1.9999999940567224 23.999999999988802 3.06488886306849e-19
18.8125 2.0 24.0 1.999999994056721 23.999999999988788 -1.970926387775956e-20
18.9375 2.0 24.0 1.9999999940567235 23.9999999999888 -2.0997746765631944e-20
19.0625 2.0 24.0 1.999999994056731 23.99999999998885 -7.416412590413098e-21
19.1875 2.0 24.0 1.9999999940567377 23.9999999999889 -2.0196850576742936e-21
19.3125 2.0 24.0 1.9999999940567257 23.999999999988823 -4.795469821729646e-22
19.4375 2.0 24.0 1.9999999940566893 23.99999999998855 -1.0363087742791856e-22
19.5625 2.0 24.0 1.9999999940566586 23.999999999988322 -2.0794935839713404e-23
19.6875 2.0 24.0 1.9999999940566944 23.9999999999886 -3.91712255151615e-24
19.8125 2.0 24.0 1.9999999940568256 23.999999999989587 -6.971695163562433e-25
19.9375 2.0 24.0 1.9999999940569708 23.999999999990685 -1.177190424551076e-25
20.0625 2.0 24.0 1.999999994056929 23.999999999990372 -1.890757597486316e-26
20.1875 2.0 24.0 1.9999999940565232 23.99999999998726 -2.893556671295461e-27
20.3125 2.0 24.0 1.9999999940558766 23.99999999998245 -4.223370350087268e-28
20.4375 2.0 24.0 1.999999994055482 23.99999999997936 -5.881650691709571e-29
20.5625 2.0 24.0 1.9999999940563704 23.999999999985956 -7.814765201370724e-30
20.6875 2.0 24.0 1.99999999405984 24.000000000013223 -9.90034257306422e-31
20.8125 2.0 24.0 1.9999999940639221 24.00000000004129 -1.1944977329459876e-31
20.9375 2.0 24.0 1.9999999940599629 24.0000000000155 -1.3698442674456298e-32
21.0625 2.0 24.0 1.999999994035211 23.999999999829384 -1.4886155797128192e-33
21.1875 2.0 24.0 1.99999999401973 23.99999999968449 -1.5256449707696942e-34
21.3125 2.0 24.0 1.9999999941304085 24.000000000610484 -1.4633673851942304e-35
21.4375 2.0 24.0 1.999999994260593 24.000000001448456 -1.2964282047082334e-36
21.5625 2.0 24.0 1.9999999938244681 23.99999999816114 -1.0342698109135129e-37
21.6875 2.0 24.0 1.9999999926082799 23.99999998971885 -7.007674905386313e-39
21.8125 2.0 24.0 1.9999999935027306 23.99999999383704 -3.3073113098458767e-40
21.9375 2.0 24.0 2.000000003030645 24.00000007083056 3.603800524878784e-42
22.0625 2.0 24.0 2.000000006133675 24.000000092823488 3.6173956053941074e-42
22.1875 2.0 24.0 1.9999999593159024 23.99999969917149 6.16927538059152e-43
22.3125 2.0 24.0 1.9999999092239493 23.99999942087367 7.847597927876126e-44
22.4375 2.0 24.0 2.0000000106352718 24.000000289579948 8.623273722320799e-45
22.5625 2.0 24.0 2.000000232709206 24.00000187080432 8.590853396874958e-46
22.6875 2.0 24.0 2.0000002529922183 24.0000016530211 7.931474614496866e-47
22.8125 2.0 24.0 1.9999999152511863 23.99999887162945 6.866290082952759e-48
22.9375 2.0 24.0 1.9999994560308512 23.99999576912957 5.612421917410396e-49
23.0625 2.0 24.0 1.999999434192899 23.999996138119947 4.350333912421186e-50
23.1875 2.0 24.0 1.9999999137386468 23.999999885868498 3.206647879385634e-51
23.3125 2.0 24.0 2.0000006549776654 24.000005790082497 2.2516961084400117e-52
23.4375 2.0 24.0 2.0000009048278593 24.000006620971067 1.5078490196182649e-53
23.5625 2.0 24.0 2.00000052240446 24.000003540077174 9.634018146557815e-55
23.6875 2.0 24.0 1.9999996579765975 23.999996548404916 5.872877688638674e-56
23.8125 2.0 24.0 1.9999989259434614 23.999991744689606 3.4139735638802406e-57
23.9375 2.0 24.0 1.9999989433611676 23.999992432698757 1.8904090561110707e-58
24.0625 2.0 24.0 1.9999995479743278 23.999997041463246 9.952641974695324e-60
24.1875 2.0 24.0 2.000000560350478 24.00000527021932 4.9677240512015786e-61
24.3125 2.0 24.0 2.0000012129344245 24.0000092429977 2.340279915629186e-62
24.4375 2.0 24.0 2.0000010928797813 24.00000803239495 1.0331249664820779e-63
24.5625 2.0 24.0 2.000000429099839 24.00000293935655 4.221871484767452e-65
24.6875 2.0 24.0 1.9999994006086097 23.999994387440005 1.5606895560755955e-66
24.8125 2.0 24.0 1.9999985709279997 23.999989500546445 4.956512554488603e-68
24.9375 2.0 24.0 1.9999990162380854 23.99999285815202 1.1497184111213586e-69
