0.125 1.9999999999999996 24.0 2.000000000000772 24.0 -8.023378137447364e-69
0.375 1.9999999999999996 24.0 2.000000000000772 24.0 -8.237583357394523e-66
0.625 1.9999999999999996 24.0 2.000000000000771 23.999999999999993 -4.960217038783217e-63
0.875 1.9999999999999996 24.0 2.000000000000771 23.999999999999993 -2.2389513277987053e-60
1.125 1.9999999999999996 24.0 2.000000000000771 23.999999999999993 -8.083295968589929e-58
1.375 1.9999999999999996 24.0 2.00000000000077 23.999999999999986 -2.3927033740792414e-55
1.625 1.9999999999999996 24.0 2.000000000000769 23.99999999999998 -5.861267598663116e-53
1.875 1.9999999999999996 24.0 2.0000000000007683 23.99999999999998 -1.1883943908134718e-50
2.125 1.9999999999999996 24.0 2.0000000000007683 23.99999999999998 -1.976589158084722e-48
2.375 1.9999999999999996 24.0 2.0000000000007683 23.99999999999998 -2.632942317395744e-46
2.625 1.9999999999999996 24.0 2.0000000000007674 23.99999999999998 -2.638888646042497e-44
2.875 1.9999999999999996 24.0 2.0000000000007656 23.999999999999964 -1.5796414191572262e-42
3.125 1.9999999999999996 24.0 2.000000000000764 23.999999999999957 4.567817789604015e-41
3.375 1.9999999999999996 24.0 2.0000000000007483 23.999999999999822 2.7652750956800404e-38
3.625 1.9999999999999996 24.0 2.000000000000796 24.000000000000178 4.404258009248603e-36
3.875 1.9999999999999996 24.0 2.0000000000007145 23.999999999999584 4.802503147034089e-34
4.125 1.9999999999999996 24.0 2.000000000001085 24.000000000002263 4.0714940949284585e-32
4.375 1.9999999999999996 24.0 2.000000000000255 23.99999999999641 2.798298194819873e-30
4.625 1.9999999999999996 24.0 2.00000000000176 24.000000000006683 1.5853487713817023e-28
4.875 1.9999999999999996 24.0 1.9999999999996703 23.999999999993133 7.44089836681967e-27
5.125 1.9999999999999996 24.0 1.999999999997294 23.999999999971866 2.8831502816409013e-25
5.375 1.9999999999999996 24.0 2.0000000000151337 24.0000000001077 9.092577194644609e-24
5.625 1.9999999999999996 24.0 1.9999999999630662 23.999999999729248 2.252142269674823e-22
5.875 1.9999999999999996 24.0 2.0000000000306417 24.00000000016955 3.954656992153136e-21
6.125 1.9999999999999996 24.0 2.000000000114156 24.000000001011873 2.789761923259548e-20
6.375 1.9999999999999996 24.0 1.999999999471326 23.99999999567369 -1.0909101867037715e-18
6.625 1.9999999999999996 24.0 2.0000000008525616 24.000000006894865 -5.5213930824722155e-17
6.875 2.0000000000000018 24.0 2.000000000631046 24.00000000474246 -1.5081395283077498e-15
7.125 2.0000000000000053 24.0 1.9999999938720774 23.99999995115828 -3.0406459207729985e-14
7.375 2.0000000000000773 24.0 2.0000000107599702 24.000000092973355 -4.87731075149774e-13
7.625 3.0000000000010103 24.0 2.0000000078452436 24.000000028626886 -6.400550420574792e-12
7.875 3.0000000000109623 24.0 1.9999999403093973 23.999999590745638 -6.946621751012237e-11
8.125 3.000000000098502 24.0 2.00000004223808 24.00000043176616 -6.243021272063907e-10
8.375 3.0000000007275305 24.0 2.000000164920877 24.000000963377477 -4.611047172371882e-09
8.625 3.00000000432316 24.0 1.999999826096081 23.999998494647098 -2.7399979986059073e-08
8.875 3.0000000195739975 24.0 1.999999740123402 23.99999846619534 -1.240590773561188e-07
9.125 3.0000000560523588 24.0 2.000000929768344 24.000006864050057 -3.552572240524588e-07
9.375 2.9999999795800703 24.0 2.0000077955860944 24.00005926326329 1.2942058380315937e-07
9.625 1.9999985469145345 24.0 2.0000520548316825 24.000405080226574 9.209599773068e-06
9.875 1.9999892252343539 24.0 2.0003329657666464 24.002601746809447 6.829060285179713e-05
10.125 1.999947183997248 24.0 2.002084162750309 24.01616086807195 0.00033476072351890226
10.375 1.9998006062665017 24.0 2.01273814107807 24.097360940055097 0.0012639670514472895
10.625 1.9993920651653252 24.0 2.0735325868778385 24.54473770299049 0.003855097550723615
10.875 1.9984749189029762 24.0 2.3642174126315902 26.4999008957347 0.009678706501005496
11.125 1.9968329575959611 24.0 3.0719347875310694 30.18015312203428 0.02012788497491368
11.375 1.9945681741525068 24.0 3.3272555129147436 31.17324044547248 0.03458962805843038
11.625 1.9923960528264235 24.0 3.328909011194275 31.20132798405283 0.0485132950314933
11.875 1.9915722283871957 24.0 3.285293465561444 31.045699672021144 0.053807929155783495
12.125 1.9932160170480222 24.0 3.1999418316637156 30.68797863917101 0.0432510018706274
12.375 1.9973738648186663 24.0 3.087557195075326 30.165865815193616 0.01668234441309194
12.625 2.0026381671618303 24.0 2.9675519038352345 29.56766993873356 -0.01668234441309194
12.875 2.0068648622820344 24.0 2.846752438621977 28.94515791862044 -0.0432510018706274
13.125 2.0085529565497833 24.0 2.7247211324637597 28.30852176644421 -0.053807929155783495
13.375 2.007705706329197 24.0 2.60375299915929 27.663495670614907 -0.0485132950314933
13.625 2.005483554071176 24.0 2.4883996750361463 27.021816185510684 -0.03458962805843038
13.875 2.00318455784232 24.0 2.382579114033784 26.39906064331157 -0.02012788497491368
14.125 2.0015291310969436 24.0 2.2884549145086117 25.811377676121417 -0.009678706501005496
14.375 2.0006085773596554 24.0 2.2069212572991366 25.276010148826934 -0.003855097550723615
14.625 2.0001994628036814 24.0 2.138035537638662 24.80582268046748 -0.0012639670514472895
14.875 2.000052820847689 24.0 2.081137831745857 24.401290927514378 -0.00033476072351890226
15.125 2.000010774967268 24.0 2.0362945475256327 24.07227838838083 -6.829060285179713e-05
15.375 2.0000014530891326 24.0 2.0042285392556414 23.84174594846013 -9.209599773068e-06
15.625 2.000000020419934 24.0 1.9835377457089476 23.700103285051256 -1.2942058380315937e-07
15.875 1.999999943947647 24.0 1.971085652359897 23.614233446338137 3.552572240524588e-07
16.125 1.9999999804260038 24.0 1.9639600599115654 23.55726869425334 1.240590773561188e-07
16.375 1.9999999956768408 24.0 1.9600706506956083 23.51237828319864 2.7399979986059073e-08
16.625 1.9999999992724706 24.0 1.957920097838847 23.464387653652523 4.611047172371882e-09
16.875 1.9999999999014986 24.0 1.9557805734314007 23.38891285387662 6.243021272063907e-10
17.125 1.999999999989039 24.0 1.9496799064656405 23.23501108126314 6.946621751012237e-11
17.375 1.9999999999989901 24.0 1.9329596557116608 22.91783390620152 6.400550420574792e-12
17.625 1.9999999999999238 24.0 1.8972372867326937 22.319631054875586 4.87731075149774e-13
17.875 1.9999999999999964 24.0 1.8328443040767795 21.290377413102334 3.0406459207729985e-14
18.125 1.9999999999999996 24.0 1.7416622136826865 19.868869093111893 1.5081395283077498e-15
18.375 1.9999999999999996 24.0 1.6746670186741215 18.841092806326202 5.5213930824722155e-17
18.625 1.9999999999999996 24.0 1.642641651297113 18.352564538752205 1.0909101867037715e-18
18.875 1.9999999999999996 24.0 1.6317139257986661 18.18718730161212 -2.789761923259548e-20
19.125 1.9999999999999996 24.0 1.6309323303238799 18.175658179810434 -3.954656992153136e-21
19.375 1.9999999999999996 24.0 1.6334494612233779 18.213782187545384 -2.252142269674823e-22
19.625 1.9999999999999996 24.0 1.642463090017384 18.3497809038048 -9.092577194644609e-24
19.875 1.9999999999999996 24.0 1.6614194118402732 18.63675505978048 -2.8831502816409013e-25
20.125 1.9999999999999996 24.0 1.6929342276193715 19.11723274109686 -7.44089836681967e-27
20.375 1.9999999999999996 24.0 1.7380008752475327 19.811557802247016 -1.5853487713817023e-28
20.625 1.9999999999999996 24.0 1.794383961562407 20.692426805171657 -2.798298194819873e-30
20.875 1.9999999999999996 24.0 1.85265956867989 21.616972849734985 -4.0714940949284585e-32
21.125 1.9999999999999996 24.0 1.900228868924106 22.379322699704332 -4.802503147034089e-34
21.375 1.9999999999999996 24.0 1.9347885601864068 22.936875737373736 -4.404258009248603e-36
21.625 1.9999999999999996 24.0 1.9588051896887577 23.326608738040505 -2.7652750956800404e-38
21.875 1.9999999999999996 24.0 1.9748612449994782 23.588302769934195 -4.567817789604015e-41
22.125 1.9999999999999996 24.0 1.9851770362913768 23.756942096734086 1.5796414191572262e-42
22.375 1.9999999999999996 24.0 1.991548338388283 23.861303605910976 2.638888646042497e-44
22.625 1.9999999999999996 24.0 1.9953354541488073 23.923414053107393 2.632942317395744e-46
22.875 1.9999999999999996 24.0 1.997505310303429 23.95902810377603 1.976589158084722e-48
23.125 1.9999999999999996 24.0 1.9987055372936045 23.978736520394353 1.1883943908134718e-50
23.375 1.9999999999999996 24.0 1.9993477632206806 23.989285099491262 5.861267598663116e-53
23.625 1.9999999999999996 24.0 1.9996803305841342 23.994748058859233 2.3927033740792414e-55
23.875 1.9999999999999996 24.0 1.999847707797884 23.997498294579565 8.083295968589929e-58
24.125 1.9999999999999996 24.0 1.9999290531209375 23.99883383494565 2.2389513277987053e-60
24.375 1.9999999999999996 24.0 1.9999680952132661 23.99947660975345 4.960217038783217e-63
24.625 1.9999999999999996 24.0 1.9999852528864213 23.999757067174478 8.237583357394523e-66
24.875 1.9999999999999996 24.0 1.9999948625447481 23.999915495657092 8.023378137447364e-69
