0.125 1.9999999999999996 24.0 2.000000000000772 24.0 -8.023378137447364e-69
0.375 1.9999999999999996 24.0 2.000000000000772 24.0 -8.237583357394523e-66
0.625 1.9999999999999996 24.0 2.000000000000771 23.999999999999993 -4.960217038783217e-63
0.875 1.9999999999999996 24.0 2.000000000000771 23.999999999999993 -2.2389513277987053e-60
1.125 1.9999999999999996 24.0 2.000000000000771 23.999999999999993 -8.083295968589929e-58
1.375 1.9999999999999996 24.0 2.00000000000077 23.999999999999986 -2.3927033740792414e-55
1.625 1.9999999999999996 24.0 2.000000000000769 23.99999999999998 -5.861267598663116e-53
1.875 1.9999999999999996 24.0 2.0000000000007683 23.99999999999998 -1.1883943908134718e-50
2.125 1.9999999999999996 24.0 2.0000000000007683 23.99999999999998 -1.976589158084722e-48
2.375 1.9999999999999996 24.0 2.0000000000007683 23.99999999999998 -2.632942317395744e-46
2.625 1.9999999999999996 24.0 2.0000000000007674 23.99999999999998 -2.638888646042497e-44
2.875 1.9999999999999996 24.0 2.0000000000007656 23.999999999999964 -1.5796414191572262e-42
3.125 1.9999999999999996 24.0 2.000000000000764 23.999999999999957 4.567817789604015e-41
3.375 1.9999999999999996 24.0 2.000000000000748 23.999999999999822 2.7652750956800404e-38
3.625 1.9999999999999996 24.0 2.0000000000007963 24.000000000000185 4.404258009248603e-36
3.875 1.9999999999999996 24.0 2.0000000000007154 23.999999999999588 4.802503147034089e-34
4.125 1.9999999999999996 24.0 2.000000000001085 24.00000000000226 4.0714940949284585e-32
4.375 1.9999999999999996 24.0 2.000000000000254 23.999999999996398 2.798298194819873e-30
4.625 1.9999999999999996 24.0 2.0000000000017604 24.000000000006683 1.5853487713817023e-28
4.875 1.9999999999999996 24.0 1.9999999999996714 23.999999999993143 7.44089836681967e-27
5.125 1.9999999999999996 24.0 1.999999999997294 23.99999999997186 2.8831502816409013e-25
5.375 1.9999999999999996 24.0 2.0000000000151332 24.0000000001077 9.092577194644609e-24
5.625 1.9999999999999996 24.0 1.9999999999630664 23.999999999729248 2.252142269674823e-22
5.875 1.9999999999999996 24.0 2.0000000000306413 24.000000000169543 3.954656992153136e-21
6.125 1.9999999999999996 24.0 2.000000000114155 24.000000001011852 2.789761923259548e-20
6.375 1.9999999999999996 24.0 1.9999999994713251 23.999999995673683 -1.0909101867037715e-18
6.625 1.9999999999999996 24.0 2.0000000008525634 24.00000000689488 -5.5213930824722155e-17
6.875 2.0000000000000018 24.0 2.0000000006310485 24.00000000474247 -1.5081395283077498e-15
7.125 2.0000000000000053 24.0 1.9999999938720763 23.999999951158266 -3.0406459207729985e-14
7.375 2.0000000000000773 24.0 2.0000000107599663 24.000000092973337 -4.87731075149774e-13
7.625 3.0000000000010103 24.0 2.000000007845242 24.000000028626875 -6.400550420574792e-12
7.875 3.0000000000109623 24.0 1.9999999403093975 23.999999590745645 -6.946621751012237e-11
8.125 3.000000000098502 24.0 2.00000004223808 24.00000043176617 -6.243021272063907e-10
8.375 3.0000000007275305 24.0 2.0000001649208814 24.00000096337751 -4.611047172371882e-09
8.625 3.00000000432316 24.0 1.9999998260960872 23.999998494647144 -2.7399979986059073e-08
8.875 3.0000000195739975 24.0 1.999999740123396 23.999998466195233 -1.240590773561188e-07
9.125 3.0000000560523588 24.0 2.000000929768335 24.000006864050135 -3.552572240524588e-07
9.375 2.9999999795800703 24.0 2.000007795585925 24.000059263262084 1.2942058380315937e-07
9.625 1.9999985469145345 24.0 2.000052054834667 24.00040508024879 9.209599773068e-06
9.875 1.9999892252343539 24.0 2.000332966022673 24.00260174852249 6.829060285179713e-05
10.125 1.999947183997248 24.0 2.002084171142063 24.016160921544557 0.00033476072351890226
10.375 1.9998006062665017 24.0 2.012738308230925 24.09736191652093 0.0012639670514472895
10.625 1.9993920651653252 24.0 2.0735341953359434 24.544743688149826 0.003855097550723615
10.875 1.9984749189029762 24.0 2.3642030078710894 26.499618299308313 0.009678706501005496
11.125 1.9968329575959611 24.0 3.0719158624249423 30.180434954655567 0.02012788497491368
11.375 1.9945681741525068 24.0 3.327368985133674 31.173759460753583 0.03458962805843038
11.625 1.9923960528264235 24.0 3.328967586708889 31.200783648533232 0.0485132950314933
11.875 1.9915722283871957 24.0 3.2851227193931414 31.04522232570127 0.053807929155783495
12.125 1.9932160170480222 24.0 3.1999560311619777 30.68812237569998 0.0432510018706274
12.375 1.9973738648186663 24.0 3.0875754340424795 30.16590823746148 0.01668234441309194
12.625 2.0026381671618303 24.0 2.9675569803423656 29.567730505995428 -0.01668234441309194
12.875 2.0068648622820344 24.0 2.846764009184679 28.945189026303268 -0.0432510018706274
13.125 2.0085529565497833 24.0 2.72471812509289 28.308527418071506 -0.053807929155783495
13.375 2.007705706329197 24.0 2.6037631964306316 27.663521036443996 -0.0485132950314933
13.625 2.005483554071176 24.0 2.488407473760428 27.021788795159026 -0.03458962805843038
13.875 2.00318455784232 24.0 2.3825638050233415 26.39893976850285 -0.02012788497491368
14.125 2.0015291310969436 24.0 2.2884355227430824 25.8112348031238 -0.009678706501005496
14.375 2.0006085773596554 24.0 2.2069220244015764 25.27597093968724 -0.003855097550723615
14.625 2.0001994628036814 24.0 2.138058856997179 24.805941975562636 -0.0012639670514472895
14.875 2.000052820847689 24.0 2.0811668197297926 24.401484979004735 -0.00033476072351890226
15.125 2.000010774967268 24.0 2.036308406154287 24.07236209826474 -6.829060285179713e-05
15.375 2.0000014530891326 24.0 2.0042250466815004 23.84169118355937 -9.209599773068e-06
15.625 2.000000020419934 24.0 1.983528707792711 23.700013217998006 -1.2942058380315937e-07
15.875 1.999999943947647 24.0 1.9710800397614956 23.6141722327507 3.552572240524588e-07
16.125 1.9999999804260038 24.0 1.9639604165556506 23.55724927331305 1.240590773561188e-07
16.375 1.9999999956768408 24.0 1.9600760604887992 23.512394828918907 2.7399979986059073e-08
16.625 1.9999999992724706 24.0 1.9579288612711665 23.464428853779093 4.611047172371882e-09
16.875 1.9999999999014986 24.0 1.9557901089601248 23.388957768550487 6.243021272063907e-10
17.125 1.999999999989039 24.0 1.9496862294686468 23.235028691562675 6.946621751012237e-11
17.375 1.9999999999989901 24.0 1.932960332870482 22.9178051517571 6.400550420574792e-12
17.625 1.9999999999999238 24.0 1.8972334184584465 22.31956348867623 4.87731075149774e-13
17.875 1.9999999999999964 24.0 1.832838842245125 21.290291449987226 3.0406459207729985e-14
18.125 1.9999999999999996 24.0 1.7416572118776672 19.868785911469246 1.5081395283077498e-15
18.375 1.9999999999999996 24.0 1.6746625174038312 18.841022269185206 5.5213930824722155e-17
18.625 1.9999999999999996 24.0 1.6426372423694386 18.352501127716835 1.0909101867037715e-18
18.875 1.9999999999999996 24.0 1.6317095486861297 18.187127825259328 -2.789761923259548e-20
19.125 1.9999999999999996 24.0 1.630927974297978 18.17560020245243 -3.954656992153136e-21
19.375 1.9999999999999996 24.0 1.6334452663111316 18.213726629845635 -2.252142269674823e-22
19.625 1.9999999999999996 24.0 1.6424593751853753 18.349730408948627 -9.092577194644609e-24
19.875 1.9999999999999996 24.0 1.6614164415341415 18.63671212066074 -2.8831502816409013e-25
20.125 1.9999999999999996 24.0 1.692932044463496 19.117198671817988 -7.44089836681967e-27
20.375 1.9999999999999996 24.0 1.7379992779307034 19.811531714289174 -1.5853487713817023e-28
20.625 1.9999999999999996 24.0 1.7943827335039537 20.692406909364816 -2.798298194819873e-30
20.875 1.9999999999999996 24.0 1.8526583296228072 21.61695308522643 -4.0714940949284585e-32
21.125 1.9999999999999996 24.0 1.900227324312135 22.379297884622467 -4.802503147034089e-34
21.375 1.9999999999999996 24.0 1.9347866329733878 22.936844534429984 -4.404258009248603e-36
21.625 1.9999999999999996 24.0 1.9588028303585832 23.32657031699024 -2.7652750956800404e-38
21.875 1.9999999999999996 24.0 1.9748584324976255 23.588256803266464 -4.567817789604015e-41
22.125 1.9999999999999996 24.0 1.9851738451769574 23.75688984281794 1.5796414191572262e-42
22.375 1.9999999999999996 24.0 1.991544923803474 23.86124763459971 2.638888646042497e-44
22.625 1.9999999999999996 24.0 1.995332081614032 23.923358729301583 2.632942317395744e-46
22.875 1.9999999999999996 24.0 1.997502137861484 23.958976011107474 1.976589158084722e-48
23.125 1.9999999999999996 24.0 1.998702841109888 23.978692241235972 1.1883943908134718e-50
23.375 1.9999999999999996 24.0 1.9993454976198552 23.989247781310794 5.861267598663116e-53
23.625 1.9999999999999996 24.0 1.9996786898695644 23.99472122933247 2.3927033740792414e-55
23.875 1.9999999999999996 24.0 1.99984653471699 23.99747870179577 8.083295968589929e-58
24.125 1.9999999999999996 24.0 1.9999283295667107 23.99882234528133 2.2389513277987053e-60
24.375 1.9999999999999996 24.0 1.999967764589625 23.999470752022248 4.960217038783217e-63
24.625 1.9999999999999996 24.0 1.9999851204947758 23.99975511964815 8.237583357394523e-66
24.875 1.9999999999999996 24.0 1.9999949375636523 23.999916733294107 8.023378137447364e-69
