0.125 1.9999999999999996 24.0 2.000000000000772 24.0 -8.023378137447364e-69
0.375 1.9999999999999996 24.0 2.000000000000769 23.999999999999982 -8.237583357394523e-66
0.625 1.9999999999999996 24.0 2.000000000000763 23.999999999999936 -4.960217038783217e-63
0.875 1.9999999999999996 24.0 2.0000000000007674 23.999999999999964 -2.2389513277987053e-60
1.125 1.9999999999999996 24.0 2.000000000000801 24.00000000000022 -8.083295968589929e-58
1.375 1.9999999999999996 24.0 2.0000000000008367 24.00000000000048 -2.3927033740792414e-55
1.625 1.9999999999999996 24.0 2.000000000000779 24.000000000000036 -5.861267598663116e-53
1.875 1.9999999999999996 24.0 2.0000000000005436 23.999999999998252 -1.1883943908134718e-50
2.125 1.9999999999999996 24.0 2.000000000000159 23.99999999999533 -1.976589158084722e-48
2.375 1.9999999999999996 24.0 1.9999999999997538 23.99999999999227 -2.632942317395744e-46
2.625 1.9999999999999996 24.0 1.9999999999994613 23.999999999990088 -2.638888646042497e-44
2.875 1.9999999999999996 24.0 1.9999999999993252 23.999999999989093 -1.5796414191572262e-42
3.125 1.9999999999999996 24.0 1.9999999999992961 23.99999999998887 4.567817789604015e-41
3.375 1.9999999999999996 24.0 1.999999999999304 23.99999999998885 2.7652750956800404e-38
3.625 1.9999999999999996 24.0 1.9999999999993059 23.999999999988702 4.404258009248603e-36
3.875 1.9999999999999996 24.0 1.9999999999993034 23.999999999988585 4.802503147034089e-34
4.125 1.9999999999999996 24.0 1.9999999999993265 23.99999999998894 4.0714940949284585e-32
4.375 1.9999999999999996 24.0 1.9999999999993996 23.99999999999016 2.798298194819873e-30
4.625 1.9999999999999996 24.0 1.9999999999995266 23.999999999992255 1.5853487713817023e-28
4.875 1.9999999999999996 24.0 1.9999999999996836 23.999999999994838 7.44089836681967e-27
5.125 1.9999999999999996 24.0 1.9999999999998326 23.99999999999727 2.8831502816409013e-25
5.375 1.9999999999999996 24.0 1.99999999999994 23.99999999999905 9.092577194644609e-24
5.625 1.9999999999999996 24.0 1.9999999999999982 23.999999999999982 2.252142269674823e-22
5.875 1.9999999999999996 24.0 2.00000000000003 24.00000000000052 3.954656992153136e-21
6.125 1.9999999999999996 24.0 1.999999999999914 23.999999999998497 2.789761923259548e-20
6.375 1.9999999999999996 24.0 2.0000000000007185 24.000000000013646 -1.0909101867037715e-18
6.625 1.9999999999999996 24.0 1.9999999999957132 23.999999999901945 -5.5213930824722155e-17
6.875 2.0000000000000018 24.0 2.000000000012573 24.00000000062789 -1.5081395283077498e-15
7.125 2.0000000000000053 24.0 2.000000000236585 23.999999997572694 -3.0406459207729985e-14
7.375 2.0000000000000773 24.0 1.9999999937747823 23.999999981852405 -4.87731075149774e-13
7.625 3.0000000000010103 24.0 2.00000451428625 24.000034165671536 -6.400550420574792e-12
7.875 3.0000000000109623 24.0 2.000106779611777 24.000808254335396 -6.946621751012237e-11
8.125 3.000000000098502 24.0 2.0013101744490505 24.00990991703611 -6.243021272063907e-10
8.375 3.0000000007275305 24.0 2.01120459332709 24.08431305440372 -4.611047172371882e-09
8.625 3.00000000432316 24.0 2.0748140657055467 24.548260583796793 -2.7399979986059073e-08
8.875 3.0000000195739975 24.0 2.390233521115114 26.63733942852572 -1.240590773561188e-07
9.125 3.0000000560523588 24.0 3.165895969206673 30.49750708934677 -3.552572240524588e-07
9.375 2.9999999795800703 24.0 3.4999473839185677 31.69109454547162 1.2942058380315937e-07
9.625 1.9999985469145345 24.0 3.5590393167060324 31.88169473298243 9.209599773068e-06
9.875 1.9999892252343539 24.0 3.5404036215410897 31.822165552758364 6.829060285179713e-05
10.125 1.999947183997248 24.0 3.4574034926333628 31.54097733664628 0.00033476072351890226
10.375 1.9998006062665017 24.0 3.2911620189467135 30.91338138787534 0.0012639670514472895
10.625 1.9993920651653252 24.0 3.0606284615853445 29.907803001231304 0.003855097550723615
10.875 1.9984749189029762 24.0 2.7967554600891673 28.552041358960984 0.009678706501005496
11.125 1.9968329575959611 24.0 2.5311829820687985 26.933197260411085 0.02012788497491368
11.375 1.9945681741525068 24.0 2.288825645333631 25.158446717377444 0.03458962805843038
11.625 1.9923960528264235 24.0 2.0745032955949645 23.23285916091509 0.0485132950314933
11.875 1.9915722283871957 24.0 1.8781296906848453 21.034491684671455 0.053807929155783495
12.125 1.9932160170480222 24.0 1.7200079192430164 19.044386782764946 0.0432510018706274
12.375 1.9973738648186663 24.0 1.6341944142531033 17.999693329216097 0.01668234441309194
12.625 2.0026381671618303 24.0 1.6008250642237158 17.613566032777612 -0.01668234441309194
12.875 2.0068648622820344 24.0 1.5924340438813127 17.532971811768434 -0.0432510018706274
13.125 2.0085529565497833 24.0 1.5912000476261736 17.5399153285488 -0.053807929155783495
13.375 2.007705706329197 24.0 1.59861225867696 17.696018317681844 -0.0485132950314933
13.625 2.005483554071176 24.0 1.6260879910387551 18.110983827833536 -0.03458962805843038
13.875 2.00318455784232 24.0 1.6752409710055667 18.82685165060763 -0.02012788497491368
14.125 2.0015291310969436 24.0 1.741882278768997 19.840232962434296 -0.009678706501005496
14.375 2.0006085773596554 24.0 1.8213787289157057 21.10349951357994 -0.003855097550723615
14.625 2.0001994628036814 24.0 1.8934696741664894 22.26871855123695 -0.0012639670514472895
14.875 2.000052820847689 24.0 1.9412098533200397 23.04128253508744 -0.00033476072351890226
15.125 2.000010774967268 24.0 1.9694351519073918 23.50006866539917 -6.829060285179713e-05
15.375 2.0000014530891326 24.0 1.9849955969418738 23.75410629608251 -9.209599773068e-06
15.625 2.000000020419934 24.0 1.9930331568592363 23.88570003379126 -1.2942058380315937e-07
15.875 1.999999943947647 24.0 1.9969338069953242 23.949663172261122 3.552572240524588e-07
16.125 1.9999999804260038 24.0 1.9987178151933351 23.97894257660917 1.240590773561188e-07
16.375 1.9999999956768408 24.0 1.9994890787626536 23.991608544855637 2.7399979986059073e-08
16.625 1.9999999992724706 24.0 1.999805116893313 23.996801008515387 4.611047172371882e-09
16.875 1.9999999999014986 24.0 1.9999283534439622 23.998825150762514 6.243021272063907e-10
17.125 1.999999999989039 24.0 1.9999744526867158 23.999580989318005 6.946621751012237e-11
17.375 1.9999999999989901 24.0 1.999991191358392 23.999854713512768 6.400550420574792e-12
17.625 1.9999999999999238 24.0 1.9999970749388702 23.999950970943527 4.87731075149774e-13
17.875 1.9999999999999964 24.0 1.9999990125843568 23.999983167901963 3.0406459207729985e-14
18.125 1.9999999999999996 24.0 1.9999996430480056 23.99999391605411 1.5081395283077498e-15
18.375 1.9999999999999996 24.0 1.999999897813332 23.999998169444773 5.5213930824722155e-17
18.625 1.9999999999999996 24.0 2.0000000139164418 24.0000000641355 1.0909101867037715e-18
18.875 1.9999999999999996 24.0 2.000000059014997 24.00000082720577 -2.789761923259548e-20
19.125 1.9999999999999996 24.0 2.0000000687238515 24.00000106486199 -3.954656992153136e-21
19.375 1.9999999999999996 24.0 2.0000000624778895 24.000001017776874 -2.252142269674823e-22
19.625 1.9999999999999996 24.0 2.000000046480282 24.000000772644356 -9.092577194644609e-24
19.875 1.9999999999999996 24.0 2.000000026603993 24.000000441563436 -2.8831502816409013e-25
20.125 1.9999999999999996 24.0 2.0000000107417613 24.000000182184458 -7.44089836681967e-27
20.375 1.9999999999999996 24.0 2.0000000024766758 24.00000004461672 -1.5853487713817023e-28
20.625 1.9999999999999996 24.0 1.99999999959414 23.99999999411562 -2.798298194819873e-30
20.875 1.9999999999999996 24.0 1.9999999993700222 23.999999989536175 -4.0714940949284585e-32
21.125 1.9999999999999996 24.0 1.9999999999838125 23.999999999668788 -4.802503147034089e-34
21.375 1.9999999999999996 24.0 2.0000000004189626 24.00000000688108 -4.404258009248603e-36
21.625 1.9999999999999996 24.0 2.000000000431327 24.00000000709028 -2.7652750956800404e-38
21.875 1.9999999999999996 24.0 2.000000000218722 24.0000000035945 -4.567817789604015e-41
22.125 1.9999999999999996 24.0 2.0000000000217306 24.00000000035707 1.5796414191572262e-42
22.375 1.9999999999999996 24.0 1.9999999999380027 23.999999998981387 2.638888646042497e-44
22.625 1.9999999999999996 24.0 1.9999999999423377 23.999999999052655 2.632942317395744e-46
22.875 1.9999999999999996 24.0 1.9999999999749425 23.999999999588365 1.976589158084722e-48
23.125 1.9999999999999996 24.0 1.9999999999985003 23.999999999975394 1.1883943908134718e-50
23.375 1.9999999999999996 24.0 2.0000000000058913 24.00000000009683 5.861267598663116e-53
23.625 1.9999999999999996 24.0 2.0000000000043707 24.000000000071843 2.3927033740792414e-55
23.875 1.9999999999999996 24.0 2.000000000001355 24.000000000022297 8.083295968589929e-58
24.125 1.9999999999999996 24.0 1.999999999999795 23.999999999996678 2.2389513277987053e-60
24.375 1.9999999999999996 24.0 1.999999999999563 23.999999999992852 4.960217038783217e-63
24.625 1.9999999999999996 24.0 1.9999999999997908 23.999999999996575 8.237583357394523e-66
24.875 1.9999999999999996 24.0 1.9999999999999758 23.999999999999613 8.023378137447364e-69
