0.125 1.9999999999999996 24.0 2.000000000000772 24.0 -8.023378137447364e-69
0.375 1.9999999999999996 24.0 2.000000000000769 23.999999999999982 -8.237583357394523e-66
0.625 1.9999999999999996 24.0 2.000000000000763 23.999999999999936 -4.960217038783217e-63
0.875 1.9999999999999996 24.0 2.0000000000007674 23.999999999999964 -2.2389513277987053e-60
1.125 1.9999999999999996 24.0 2.000000000000801 24.00000000000022 -8.083295968589929e-58
1.375 1.9999999999999996 24.0 2.0000000000008367 24.00000000000048 -2.3927033740792414e-55
1.625 1.9999999999999996 24.0 2.000000000000779 24.000000000000036 -5.861267598663116e-53
1.875 1.9999999999999996 24.0 2.0000000000005436 23.999999999998252 -1.1883943908134718e-50
2.125 1.9999999999999996 24.0 2.000000000000159 23.99999999999533 -1.976589158084722e-48
2.375 1.9999999999999996 24.0 1.9999999999997538 23.99999999999227 -2.632942317395744e-46
2.625 1.9999999999999996 24.0 1.9999999999994613 23.999999999990088 -2.638888646042497e-44
2.875 1.9999999999999996 24.0 1.9999999999993252 23.999999999989093 -1.5796414191572262e-42
3.125 1.9999999999999996 24.0 1.9999999999992961 23.99999999998887 4.567817789604015e-41
3.375 1.9999999999999996 24.0 1.999999999999304 23.99999999998885 2.7652750956800404e-38
3.625 1.9999999999999996 24.0 1.9999999999993059 23.999999999988702 4.404258009248603e-36
3.875 1.9999999999999996 24.0 1.9999999999993034 23.999999999988585 4.802503147034089e-34
4.125 1.9999999999999996 24.0 1.9999999999993265 23.99999999998894 4.0714940949284585e-32
4.375 1.9999999999999996 24.0 1.9999999999993996 23.99999999999016 2.798298194819873e-30
4.625 1.9999999999999996 24.0 1.9999999999995266 23.999999999992255 1.5853487713817023e-28
4.875 1.9999999999999996 24.0 1.9999999999996836 23.999999999994838 7.44089836681967e-27
5.125 1.9999999999999996 24.0 1.9999999999998326 23.99999999999727 2.8831502816409013e-25
5.375 1.9999999999999996 24.0 1.99999999999994 23.99999999999905 9.092577194644609e-24
5.625 1.9999999999999996 24.0 1.9999999999999982 23.999999999999982 2.252142269674823e-22
5.875 1.9999999999999996 24.0 2.00000000000003 24.00000000000052 3.954656992153136e-21
6.125 1.9999999999999996 24.0 1.999999999999914 23.999999999998497 2.789761923259548e-20
6.375 1.9999999999999996 24.0 2.0000000000007185 24.000000000013646 -1.0909101867037715e-18
6.625 1.9999999999999996 24.0 1.9999999999957132 23.999999999901945 -5.5213930824722155e-17
6.875 2.0000000000000018 24.0 2.000000000012573 24.000000000627892 -1.5081395283077498e-15
7.125 2.0000000000000053 24.0 2.0000000002365845 23.999999997572694 -3.0406459207729985e-14
7.375 2.0000000000000773 24.0 1.9999999937747814 23.999999981852397 -4.87731075149774e-13
7.625 3.0000000000010103 24.0 2.000004514286243 24.000034165671504 -6.400550420574792e-12
7.875 3.0000000000109623 24.0 2.000106779615079 24.000808254360372 -6.946621751012237e-11
8.125 3.000000000098502 24.0 2.0013101745159654 24.00990991754218 -6.243021272063907e-10
8.375 3.0000000007275305 24.0 2.011204593455754 24.08431305540337 -4.611047172371882e-09
8.625 3.00000000432316 24.0 2.074814065251804 24.54826058165354 -2.7399979986059073e-08
8.875 3.0000000195739975 24.0 2.3902335206333714 26.637339435531526 -1.240590773561188e-07
9.125 3.0000000560523588 24.0 3.1658959702349714 30.497507162329537 -3.552572240524588e-07
9.375 2.9999999795800703 24.0 3.499947396329948 31.69109449607301 1.2942058380315937e-07
9.625 1.9999985469145345 24.0 3.5590393050934073 31.881694550260296 9.209599773068e-06
9.875 1.9999892252343539 24.0 3.540403566608563 31.82216527006876 6.829060285179713e-05
10.125 1.999947183997248 24.0 3.457403481633178 31.540976963887616 0.00033476072351890226
10.375 1.9998006062665017 24.0 3.2911621508871414 30.913379667256976 0.0012639670514472895
10.625 1.9993920651653252 24.0 3.0606274792005155 29.90779356711337 0.003855097550723615
10.875 1.9984749189029762 24.0 2.79674848943771 28.552000495352154 0.009678706501005496
11.125 1.9968329575959611 24.0 2.5311662048999244 26.933107294840067 0.02012788497491368
11.375 1.9945681741525068 24.0 2.2888166065403457 25.158404208523617 0.03458962805843038
11.625 1.9923960528264235 24.0 2.0745294266827345 23.233035918899503 0.0485132950314933
11.875 1.9915722283871957 24.0 1.878171944266057 21.034724218360072 0.053807929155783495
12.125 1.9932160170480222 24.0 1.7200011601585135 19.043945143688045 0.0432510018706274
12.375 1.9973738648186663 24.0 1.6341731149974406 17.999465329903003 0.01668234441309194
12.625 2.0026381671618303 24.0 1.600822085329571 17.61373842320389 -0.01668234441309194
12.875 2.0068648622820344 24.0 1.5924437706571133 17.53310096828701 -0.0432510018706274
13.125 2.0085529565497833 24.0 1.5912182308224976 17.53992341155712 -0.053807929155783495
13.375 2.007705706329197 24.0 1.5986057241971565 17.69592744081091 -0.0485132950314933
13.625 2.005483554071176 24.0 1.6260838153094015 18.11101239539926 -0.03458962805843038
13.875 2.00318455784232 24.0 1.675243212481204 18.826826666640464 -0.02012788497491368
14.125 2.0015291310969436 24.0 1.7418691717091501 19.840098323706407 -0.009678706501005496
14.375 2.0006085773596554 24.0 1.8213863560116934 21.103610334616278 -0.003855097550723615
14.625 2.0001994628036814 24.0 1.8934751737338922 22.26876547573822 -0.0012639670514472895
14.875 2.000052820847689 24.0 1.9412011385036414 23.041170172200346 -0.00033476072351890226
15.125 2.000010774967268 24.0 1.9694274816906319 23.49998941262107 -6.829060285179713e-05
15.375 2.0000014530891326 24.0 1.984991979817384 23.75406725526014 -9.209599773068e-06
15.625 2.000000020419934 24.0 1.9930307366496036 23.88566481064954 -1.2942058380315937e-07
15.875 1.999999943947647 24.0 1.9969317188792486 23.949632185679157 3.552572240524588e-07
16.125 1.9999999804260038 24.0 1.9987159523645526 23.978916412663395 1.240590773561188e-07
16.375 1.9999999956768408 24.0 1.9994877064256862 23.991588853760355 2.7399979986059073e-08
16.625 1.9999999992724706 24.0 1.999804575247055 23.99679258641934 4.611047172371882e-09
16.875 1.9999999999014986 24.0 1.9999286233936002 23.998829193630662 6.243021272063907e-10
17.125 1.999999999989039 24.0 1.9999751618632287 23.999592678416626 6.946621751012237e-11
17.375 1.9999999999989901 24.0 1.9999919533426649 23.999867901563665 6.400550420574792e-12
17.625 1.9999999999999238 24.0 1.9999977615628968 23.999963125571384 4.87731075149774e-13
17.875 1.9999999999999964 24.0 1.9999996566149674 23.999994253834316 3.0406459207729985e-14
18.125 1.9999999999999996 24.0 2.000000225028153 24.000003414300437 1.5081395283077498e-15
18.375 1.9999999999999996 24.0 2.0000003658729946 24.000005573689897 5.5213930824722155e-17
18.625 1.9999999999999996 24.0 2.0000003611392296 24.00000580446357 1.0909101867037715e-18
18.875 1.9999999999999996 24.0 2.0000003269786575 24.00000548907177 -2.789761923259548e-20
19.125 1.9999999999999996 24.0 2.000000270530315 24.00000466000189 -3.954656992153136e-21
19.375 1.9999999999999996 24.0 2.0000001893598425 24.00000323970374 -2.252142269674823e-22
19.625 1.9999999999999996 24.0 2.000000107431775 24.00000184152639 -9.092577194644609e-24
19.875 1.9999999999999996 24.0 2.000000056405809 24.000001006675575 -2.8831502816409013e-25
20.125 1.9999999999999996 24.0 2.0000000282380097 24.000000499459055 -7.44089836681967e-27
20.375 1.9999999999999996 24.0 2.0000000111696195 24.000000197658643 -1.5853487713817023e-28
20.625 1.9999999999999996 24.0 2.0000000022566606 24.00000004148687 -2.798298194819873e-30
20.875 1.9999999999999996 24.0 1.9999999987827284 23.999999980653218 -4.0714940949284585e-32
21.125 1.9999999999999996 24.0 1.9999999983181707 23.999999972284357 -4.802503147034089e-34
21.375 1.9999999999999996 24.0 1.9999999989855122 23.99999998329298 -4.404258009248603e-36
21.625 1.9999999999999996 24.0 1.9999999996730535 23.99999999462937 -2.7652750956800404e-38
21.875 1.9999999999999996 24.0 2.000000000020512 24.000000000338783 -4.567817789604015e-41
22.125 1.9999999999999996 24.0 2.00000000009539 24.00000000156729 1.5796414191572262e-42
22.375 1.9999999999999996 24.0 2.0000000000602567 24.000000000989935 2.638888646042497e-44
22.625 1.9999999999999996 24.0 2.0000000000176987 24.000000000290793 2.632942317395744e-46
22.875 1.9999999999999996 24.0 1.999999999997772 23.999999999963414 1.976589158084722e-48
23.125 1.9999999999999996 24.0 1.999999999994762 23.999999999913957 1.1883943908134718e-50
23.375 1.9999999999999996 24.0 1.9999999999973304 23.99999999995616 5.861267598663116e-53
23.625 1.9999999999999996 24.0 1.9999999999995244 23.99999999999221 2.3927033740792414e-55
23.875 1.9999999999999996 24.0 2.000000000000263 24.00000000000434 8.083295968589929e-58
24.125 1.9999999999999996 24.0 2.0000000000002327 24.00000000000385 2.2389513277987053e-60
24.375 1.9999999999999996 24.0 2.000000000000072 24.0000000000012 4.960217038783217e-63
24.625 1.9999999999999996 24.0 1.9999999999999925 23.999999999999897 8.237583357394523e-66
24.875 1.9999999999999996 24.0 1.9999999999999851 23.999999999999762 8.023378137447364e-69
