0.125 1.9999999999999996 24.0 2.000000000000772 24.0 -8.023378137447364e-69
0.375 1.9999999999999996 24.0 2.000000000000769 23.999999999999982 -8.237583357394523e-66
0.625 1.9999999999999996 24.0 2.000000000000763 23.999999999999936 -4.960217038783217e-63
0.875 1.9999999999999996 24.0 2.0000000000007674 23.999999999999964 -2.2389513277987053e-60
1.125 1.9999999999999996 24.0 2.000000000000801 24.00000000000022 -8.083295968589929e-58
1.375 1.9999999999999996 24.0 2.0000000000008367 24.00000000000048 -2.3927033740792414e-55
1.625 1.9999999999999996 24.0 2.000000000000779 24.000000000000036 -5.861267598663116e-53
1.875 1.9999999999999996 24.0 2.0000000000005436 23.999999999998252 -1.1883943908134718e-50
2.125 1.9999999999999996 24.0 2.000000000000159 23.99999999999533 -1.976589158084722e-48
2.375 1.9999999999999996 24.0 1.9999999999997538 23.99999999999227 -2.632942317395744e-46
2.625 1.9999999999999996 24.0 1.9999999999994613 23.999999999990088 -2.638888646042497e-44
2.875 1.9999999999999996 24.0 1.9999999999993252 23.999999999989093 -1.5796414191572262e-42
3.125 1.9999999999999996 24.0 1.9999999999992961 23.99999999998887 4.567817789604015e-41
3.375 1.9999999999999996 24.0 1.999999999999304 23.99999999998885 2.7652750956800404e-38
3.625 1.9999999999999996 24.0 1.9999999999993059 23.999999999988702 4.404258009248603e-36
3.875 1.9999999999999996 24.0 1.9999999999993034 23.999999999988585 4.802503147034089e-34
4.125 1.9999999999999996 24.0 1.9999999999993265 23.99999999998894 4.0714940949284585e-32
4.375 1.9999999999999996 24.0 1.9999999999993996 23.99999999999016 2.798298194819873e-30
4.625 1.9999999999999996 24.0 1.9999999999995266 23.999999999992255 1.5853487713817023e-28
4.875 1.9999999999999996 24.0 1.9999999999996836 23.999999999994838 7.44089836681967e-27
5.125 1.9999999999999996 24.0 1.9999999999998326 23.99999999999727 2.8831502816409013e-25
5.375 1.9999999999999996 24.0 1.99999999999994 23.99999999999905 9.092577194644609e-24
5.625 1.9999999999999996 24.0 1.9999999999999982 23.999999999999982 2.252142269674823e-22
5.875 1.9999999999999996 24.0 2.00000000000003 24.00000000000052 3.954656992153136e-21
6.125 1.9999999999999996 24.0 1.999999999999914 23.999999999998497 2.789761923259548e-20
6.375 1.9999999999999996 24.0 2.0000000000007185 24.000000000013646 -1.0909101867037715e-18
6.625 1.9999999999999996 24.0 1.9999999999957132 23.999999999901945 -5.5213930824722155e-17
6.875 2.0000000000000018 24.0 2.000000000012573 24.000000000627892 -1.5081395283077498e-15
7.125 2.0000000000000053 24.0 2.0000000002365845 23.999999997572694 -3.0406459207729985e-14
7.375 2.0000000000000773 24.0 1.9999999937747814 23.999999981852394 -4.87731075149774e-13
7.625 3.0000000000010103 24.0 2.0000045142861946 24.000034165671142 -6.400550420574792e-12
7.875 3.0000000000109623 24.0 2.000106779614014 24.000808254352318 -6.946621751012237e-11
8.125 3.000000000098502 24.0 2.001310174499582 24.00990991741847 -6.243021272063907e-10
8.375 3.0000000007275305 24.0 2.0112045933941074 24.084313054942818 -4.611047172371882e-09
8.625 3.00000000432316 24.0 2.074814065136398 24.548260580804374 -2.7399979986059073e-08
8.875 3.0000000195739975 24.0 2.3902335208374885 26.63733943677606 -1.240590773561188e-07
9.125 3.0000000560523588 24.0 3.165895972884316 30.497507164494994 -3.552572240524588e-07
9.375 2.9999999795800703 24.0 3.4999473938461376 31.691094510233622 1.2942058380315937e-07
9.625 1.9999985469145345 24.0 3.5590393139984093 31.881694589036854 9.209599773068e-06
9.875 1.9999892252343539 24.0 3.540403620705846 31.822165374381292 6.829060285179713e-05
10.125 1.999947183997248 24.0 3.457403594983023 31.540977182868154 0.00033476072351890226
10.375 1.9998006062665017 24.0 3.2911623317513325 30.913380713083804 0.0012639670514472895
10.625 1.9993920651653252 24.0 3.060628312571342 29.907798642000813 0.003855097550723615
10.875 1.9984749189029762 24.0 2.7967525756799576 28.55202322327325 0.009678706501005496
11.125 1.9968329575959611 24.0 2.531177905495736 26.93317084085166 0.02012788497491368
11.375 1.9945681741525068 24.0 2.288830014323246 25.158476182614184 0.03458962805843038
11.625 1.9923960528264235 24.0 2.0745247008338055 23.23299166765463 0.0485132950314933
11.875 1.9915722283871957 24.0 1.8781410684760336 21.034486518096372 0.053807929155783495
12.125 1.9932160170480222 24.0 1.7199819177867686 19.04404123619552 0.0432510018706274
12.375 1.9973738648186663 24.0 1.6341722043597624 17.999711650683455 0.01668234441309194
12.625 2.0026381671618303 24.0 1.6008249422767036 17.61380610851695 -0.01668234441309194
12.875 2.0068648622820344 24.0 1.5924434188721672 17.53306632959437 -0.0432510018706274
13.125 2.0085529565497833 24.0 1.5912134058279694 17.53990141230847 -0.053807929155783495
13.375 2.007705706329197 24.0 1.598604042184814 17.695970282490734 -0.0485132950314933
13.625 2.005483554071176 24.0 1.62608122853573 18.11098969235908 -0.03458962805843038
13.875 2.00318455784232 24.0 1.6752243235590747 18.826691493723764 -0.02012788497491368
14.125 2.0015291310969436 24.0 1.7418636327245958 19.84011849438344 -0.009678706501005496
14.375 2.0006085773596554 24.0 1.8213996296681032 21.10377898386583 -0.003855097550723615
14.625 2.0001994628036814 24.0 1.8934769530673121 22.268788195540758 -0.0012639670514472895
14.875 2.000052820847689 24.0 1.941200918475056 23.041188255784764 -0.00033476072351890226
15.125 2.000010774967268 24.0 1.9694321216514041 23.50006537614558 -6.829060285179713e-05
15.375 2.0000014530891326 24.0 1.9849994463226956 23.754169033282167 -9.209599773068e-06
15.625 2.000000020419934 24.0 1.9930383003909544 23.885766599280256 -1.2942058380315937e-07
15.875 1.999999943947647 24.0 1.9969384346291124 23.949726422124737 3.552572240524588e-07
16.125 1.9999999804260038 24.0 1.9987217800459323 23.97900120002071 1.240590773561188e-07
16.375 1.9999999956768408 24.0 1.9994926204381127 23.991661676465263 2.7399979986059073e-08
16.625 1.9999999992724706 24.0 1.9998084108444538 23.996849994559845 4.611047172371882e-09
16.875 1.9999999999014986 24.0 1.9999311964448598 23.998868388680368 6.243021272063907e-10
17.125 1.999999999989039 24.0 1.9999765094167556 23.999613986233236 6.946621751012237e-11
17.375 1.9999999999989901 24.0 1.9999923640072792 23.99987507787129 6.400550420574792e-12
17.625 1.9999999999999238 24.0 1.999997614207572 23.99996136324536 4.87731075149774e-13
17.875 1.9999999999999964 24.0 1.9999992461130098 23.9999878339885 3.0406459207729985e-14
18.125 1.9999999999999996 24.0 1.999999712427241 23.999994918293208 1.5081395283077498e-15
18.375 1.9999999999999996 24.0 1.9999998147257165 23.999996445748025 5.5213930824722155e-17
18.625 1.9999999999999996 24.0 1.99999981855246 23.999996843461425 1.0909101867037715e-18
18.875 1.9999999999999996 24.0 1.9999998262285812 23.999997095038154 -2.789761923259548e-20
19.125 1.9999999999999996 24.0 1.9999998450641145 23.999997417980484 -3.954656992153136e-21
19.375 1.9999999999999996 24.0 1.9999998773344505 23.999997940133987 -2.252142269674823e-22
19.625 1.9999999999999996 24.0 1.9999999198548961 23.99999865991567 -9.092577194644609e-24
19.875 1.9999999999999996 24.0 1.9999999590034598 23.999999300421944 -2.8831502816409013e-25
20.125 1.9999999999999996 24.0 1.9999999828134332 23.999999692597775 -7.44089836681967e-27
20.375 1.9999999999999996 24.0 1.9999999951354033 23.999999910642984 -1.5853487713817023e-28
20.625 1.9999999999999996 24.0 2.0000000009175927 24.00000001316003 -2.798298194819873e-30
20.875 1.9999999999999996 24.0 2.000000002415462 24.000000039669654 -4.0714940949284585e-32
21.125 1.9999999999999996 24.0 2.0000000017550743 24.000000028931886 -4.802503147034089e-34
21.375 1.9999999999999996 24.0 2.000000000666625 24.00000001096254 -4.404258009248603e-36
21.625 1.9999999999999996 24.0 1.9999999999898248 23.999999999829463 -2.7652750956800404e-38
21.875 1.9999999999999996 24.0 1.9999999997989615 23.99999999669648 -4.567817789604015e-41
22.125 1.9999999999999996 24.0 1.9999999998567333 23.99999999764632 1.5796414191572262e-42
22.375 1.9999999999999996 24.0 1.9999999999534654 23.999999999235506 2.638888646042497e-44
22.625 1.9999999999999996 24.0 2.000000000005647 24.0000000000928 2.632942317395744e-46
22.875 1.9999999999999996 24.0 2.000000000015456 24.000000000253955 1.976589158084722e-48
23.125 1.9999999999999996 24.0 2.000000000008515 24.000000000139906 1.1883943908134718e-50
23.375 1.9999999999999996 24.0 2.0000000000016396 24.00000000002695 5.861267598663116e-53
23.625 1.9999999999999996 24.0 1.9999999999990434 23.999999999984304 2.3927033740792414e-55
23.875 1.9999999999999996 24.0 1.9999999999990767 23.99999999998486 8.083295968589929e-58
24.125 1.9999999999999996 24.0 1.9999999999996785 23.999999999994746 2.2389513277987053e-60
24.375 1.9999999999999996 24.0 2.0000000000000124 24.000000000000217 4.960217038783217e-63
24.625 1.9999999999999996 24.0 2.0000000000000697 24.000000000001158 8.237583357394523e-66
24.875 1.9999999999999996 24.0 2.0000000000000275 24.000000000000465 8.023378137447364e-69
