0.125 1.9999999999999996 24.0 2.000000000000772 24.0 -8.023378137447364e-69
0.375 1.9999999999999996 24.0 2.000000000000772 24.0 -8.237583357394523e-66
0.625 1.9999999999999996 24.0 2.000000000000771 23.999999999999993 -4.960217038783217e-63
0.875 1.9999999999999996 24.0 2.000000000000771 23.999999999999993 -2.2389513277987053e-60
1.125 1.9999999999999996 24.0 2.000000000000771 23.999999999999993 -8.083295968589929e-58
1.375 1.9999999999999996 24.0 2.00000000000077 23.999999999999986 -2.3927033740792414e-55
1.625 1.9999999999999996 24.0 2.000000000000769 23.99999999999998 -5.861267598663116e-53
1.875 1.9999999999999996 24.0 2.0000000000007683 23.99999999999998 -1.1883943908134718e-50
2.125 1.9999999999999996 24.0 2.0000000000007683 23.99999999999998 -1.976589158084722e-48
2.375 1.9999999999999996 24.0 2.0000000000007683 23.99999999999998 -2.632942317395744e-46
2.625 1.9999999999999996 24.0 2.0000000000007674 23.99999999999998 -2.638888646042497e-44
2.875 1.9999999999999996 24.0 2.0000000000007656 23.999999999999964 -1.5796414191572262e-42
3.125 1.9999999999999996 24.0 2.000000000000764 23.999999999999957 4.567817789604015e-41
3.375 1.9999999999999996 24.0 2.0000000000007483 23.999999999999822 2.7652750956800404e-38
3.625 1.9999999999999996 24.0 2.000000000000796 24.000000000000178 4.404258009248603e-36
3.875 1.9999999999999996 24.0 2.0000000000007145 23.999999999999584 4.802503147034089e-34
4.125 1.9999999999999996 24.0 2.000000000001085 24.000000000002256 4.0714940949284585e-32
4.375 1.9999999999999996 24.0 2.000000000000255 23.999999999996405 2.798298194819873e-30
4.625 1.9999999999999996 24.0 2.0000000000017604 24.000000000006693 1.5853487713817023e-28
4.875 1.9999999999999996 24.0 1.9999999999996703 23.999999999993133 7.44089836681967e-27
5.125 1.9999999999999996 24.0 1.999999999997294 23.999999999971863 2.8831502816409013e-25
5.375 1.9999999999999996 24.0 2.0000000000151346 24.000000000107715 9.092577194644609e-24
5.625 1.9999999999999996 24.0 1.9999999999630669 23.99999999972925 2.252142269674823e-22
5.875 1.9999999999999996 24.0 2.000000000030642 24.000000000169543 3.954656992153136e-21
6.125 1.9999999999999996 24.0 2.0000000001141576 24.000000001011873 2.789761923259548e-20
6.375 1.9999999999999996 24.0 1.9999999994713276 23.999999995673686 -1.0909101867037715e-18
6.625 1.9999999999999996 24.0 2.000000000852565 24.000000006894876 -5.5213930824722155e-17
6.875 2.0000000000000018 24.0 2.0000000006310503 24.000000004742475 -1.5081395283077498e-15
7.125 2.0000000000000053 24.0 1.9999999938720778 23.999999951158262 -3.0406459207729985e-14
7.375 2.0000000000000773 24.0 2.0000000107599663 24.000000092973316 -4.87731075149774e-13
7.625 3.0000000000010103 24.0 2.0000000078452382 24.000000028626832 -6.400550420574792e-12
7.875 3.0000000000109623 24.0 1.9999999403093942 23.999999590745624 -6.946621751012237e-11
8.125 3.000000000098502 24.0 2.0000000422380806 24.000000431766182 -6.243021272063907e-10
8.375 3.0000000007275305 24.0 2.0000001649208774 24.00000096337749 -4.611047172371882e-09
8.625 3.00000000432316 24.0 1.9999998260960805 23.999998494647112 -2.7399979986059073e-08
8.875 3.0000000195739975 24.0 1.9999997401234064 23.99999846619538 -1.240590773561188e-07
9.125 3.0000000560523588 24.0 2.0000009297683645 24.000006864050185 -3.552572240524588e-07
9.375 2.9999999795800703 24.0 2.000007795586498 24.000059263265815 1.2942058380315937e-07
9.625 1.9999985469145345 24.0 2.0000520548385072 24.000405080267107 9.209599773068e-06
9.875 1.9999892252343539 24.0 2.0003329657763818 24.002601746790333 6.829060285179713e-05
10.125 1.999947183997248 24.0 2.0020841591954426 24.016160845212546 0.00033476072351890226
10.375 1.9998006062665017 24.0 2.0127380203829013 24.097360256914467 0.0012639670514472895
10.625 1.9993920651653252 24.0 2.073530960229984 24.54473251852988 0.003855097550723615
10.875 1.9984749189029762 24.0 2.364227418099245 26.50019881606583 0.009678706501005496
11.125 1.9968329575959611 24.0 3.0720298744080266 30.180490005345334 0.02012788497491368
11.375 1.9945681741525068 24.0 3.327227102288812 31.172718452290127 0.03458962805843038
11.625 1.9923960528264235 24.0 3.3288381733544457 31.201186640808668 0.0485132950314933
11.875 1.9915722283871957 24.0 3.2853081240183464 31.045885849671734 0.053807929155783495
12.125 1.9932160170480222 24.0 3.199967489688566 30.68806022874859 0.0432510018706274
12.375 1.9973738648186663 24.0 3.087561244645123 30.165867923113446 0.01668234441309194
12.625 2.0026381671618303 24.0 2.9675531155636206 29.567647337455945 -0.01668234441309194
12.875 2.0068648622820344 24.0 2.846744555159191 28.945111101363672 -0.0432510018706274
13.125 2.0085529565497833 24.0 2.7247232981615586 28.308473357547115 -0.053807929155783495
13.375 2.007705706329197 24.0 2.6037613536969717 27.663430977883404 -0.0485132950314933
13.625 2.005483554071176 24.0 2.4883986043093644 27.021725165469093 -0.03458962805843038
13.875 2.00318455784232 24.0 2.382574628686335 26.39897457369152 -0.02012788497491368
14.125 2.0015291310969436 24.0 2.2884611944341273 25.811357054889854 -0.009678706501005496
14.375 2.0006085773596554 24.0 2.2069409932267234 25.276077362253336 -0.003855097550723615
14.625 2.0001994628036814 24.0 2.138059534824735 24.805935487888277 -0.0012639670514472895
14.875 2.000052820847689 24.0 2.0811536149794425 24.401363796509756 -0.00033476072351890226
15.125 2.000010774967268 24.0 2.0362966841651984 24.072249368346508 -6.829060285179713e-05
15.375 2.0000014530891326 24.0 2.004223441269247 23.841663885054338 -9.209599773068e-06
15.625 2.000000020419934 24.0 1.9835336079912422 23.70003331966502 -1.2942058380315937e-07
15.875 1.999999943947647 24.0 1.9710858270637945 23.61419550230946 3.552572240524588e-07
16.125 1.9999999804260038 24.0 1.9639643137549092 23.557258567567978 1.240590773561188e-07
16.375 1.9999999956768408 24.0 1.9600775511544501 23.51238644415939 2.7399979986059073e-08
16.625 1.9999999992724706 24.0 1.9579281875057415 23.464403282210775 4.611047172371882e-09
16.875 1.9999999999014986 24.0 1.9557878100618606 23.3889182739304 6.243021272063907e-10
17.125 1.999999999989039 24.0 1.949683237516716 23.234980908466166 6.946621751012237e-11
17.375 1.9999999999989901 24.0 1.9329568147513867 22.91774842894602 6.400550420574792e-12
17.625 1.9999999999999238 24.0 1.897228203698267 22.31948679405821 4.87731075149774e-13
17.875 1.9999999999999964 24.0 1.8328307872133887 21.290185001725757 3.0406459207729985e-14
18.125 1.9999999999999996 24.0 1.741648492218936 19.86867748070877 1.5081395283077498e-15
18.375 1.9999999999999996 24.0 1.674656031227069 18.840943734455323 5.5213930824722155e-17
18.625 1.9999999999999996 24.0 1.6426325515701465 18.3524435707442 1.0909101867037715e-18
18.875 1.9999999999999996 24.0 1.6317061365676235 18.18708373274713 -2.789761923259548e-20
19.125 1.9999999999999996 24.0 1.630925288253135 18.175562859089816 -3.954656992153136e-21
19.375 1.9999999999999996 24.0 1.6334432772423324 18.213695872546275 -2.252142269674823e-22
19.625 1.9999999999999996 24.0 1.6424579432655588 18.34970598472117 -9.092577194644609e-24
19.875 1.9999999999999996 24.0 1.661415322514941 18.63669309267044 -2.8831502816409013e-25
20.125 1.9999999999999996 24.0 1.6929311819864576 19.117185412454653 -7.44089836681967e-27
20.375 1.9999999999999996 24.0 1.7379987581546092 19.811524560107664 -1.5853487713817023e-28
20.625 1.9999999999999996 24.0 1.794382516189993 20.69240409569077 -2.798298194819873e-30
20.875 1.9999999999999996 24.0 1.8526579005236332 21.616946450779608 -4.0714940949284585e-32
21.125 1.9999999999999996 24.0 1.9002262691626088 22.3792809056128 -4.802503147034089e-34
21.375 1.9999999999999996 24.0 1.9347849401840436 22.93681707149019 -4.404258009248603e-36
21.625 1.9999999999999996 24.0 1.958800676657411 23.32653524231129 -2.7652750956800404e-38
21.875 1.9999999999999996 24.0 1.9748561204821349 23.5882190593065 -4.567817789604015e-41
22.125 1.9999999999999996 24.0 1.9851717096718766 23.75685492841873 1.5796414191572262e-42
22.375 1.9999999999999996 24.0 1.991543232106076 23.861219957252672 2.638888646042497e-44
22.625 1.9999999999999996 24.0 1.9953309717605823 23.92334057669299 2.632942317395744e-46
22.875 1.9999999999999996 24.0 1.997501611380517 23.958967425739523 1.976589158084722e-48
23.125 1.9999999999999996 24.0 1.9987028258114523 23.9786920425329 1.1883943908134718e-50
23.375 1.9999999999999996 24.0 1.999345804300687 23.989252871486606 5.861267598663116e-53
23.625 1.9999999999999996 24.0 1.9996792775697734 23.994730943299384 2.3927033740792414e-55
23.875 1.9999999999999996 24.0 1.9998471174628971 23.99748825381412 8.083295968589929e-58
24.125 1.9999999999999996 24.0 1.9999290107987935 23.998833778466913 2.2389513277987053e-60
24.375 1.9999999999999996 24.0 1.9999683390748473 23.999479861434594 4.960217038783217e-63
24.625 1.9999999999999996 24.0 1.9999856304382897 23.9997638699281 8.237583357394523e-66
24.875 1.9999999999999996 24.0 1.999995312637631 23.99992293978923 8.023378137447364e-69
