0.125 1.9999999999999996 24.0 2.0000000000007727 24.0 -8.023378137447364e-69
0.375 1.9999999999999996 24.0 2.000000000000771 23.99999999999999 -8.237583357394523e-66
0.625 1.9999999999999996 24.0 2.000000000000764 23.99999999999994 -4.960217038783217e-63
0.875 1.9999999999999996 24.0 2.0000000000007647 23.999999999999936 -2.2389513277987053e-60
1.125 1.9999999999999996 24.0 2.0000000000007985 24.0000000000002 -8.083295968589929e-58
1.375 1.9999999999999996 24.0 2.000000000000837 24.000000000000483 -2.3927033740792414e-55
1.625 1.9999999999999996 24.0 2.0000000000007825 24.000000000000064 -5.861267598663116e-53
1.875 1.9999999999999996 24.0 2.0000000000005476 23.9999999999983 -1.1883943908134718e-50
2.125 1.9999999999999996 24.0 2.0000000000001616 23.999999999995367 -1.976589158084722e-48
2.375 1.9999999999999996 24.0 1.9999999999997553 23.99999999999229 -2.632942317395744e-46
2.625 1.9999999999999996 24.0 1.9999999999994622 23.999999999990088 -2.638888646042497e-44
2.875 1.9999999999999996 24.0 1.9999999999993254 23.999999999989072 -1.5796414191572262e-42
3.125 1.9999999999999996 24.0 1.9999999999992975 23.999999999988862 4.567817789604015e-41
3.375 1.9999999999999996 24.0 1.999999999999305 23.999999999988837 2.7652750956800404e-38
3.625 1.9999999999999996 24.0 1.999999999999305 23.99999999998868 4.404258009248603e-36
3.875 1.9999999999999996 24.0 1.9999999999993014 23.999999999988553 4.802503147034089e-34
4.125 1.9999999999999996 24.0 1.999999999999323 23.999999999988905 4.0714940949284585e-32
4.375 1.9999999999999996 24.0 1.9999999999993974 23.99999999999013 2.798298194819873e-30
4.625 1.9999999999999996 24.0 1.9999999999995275 23.999999999992266 1.5853487713817023e-28
4.875 1.9999999999999996 24.0 1.9999999999996858 23.99999999999485 7.44089836681967e-27
5.125 1.9999999999999996 24.0 1.9999999999998321 23.99999999999727 2.8831502816409013e-25
5.375 1.9999999999999996 24.0 1.99999999999994 23.999999999999055 9.092577194644609e-24
5.625 1.9999999999999996 24.0 1.9999999999999973 23.99999999999998 2.252142269674823e-22
5.875 1.9999999999999996 24.0 2.00000000000003 24.00000000000052 3.954656992153136e-21
6.125 1.9999999999999996 24.0 1.9999999999999147 23.99999999999851 2.789761923259548e-20
6.375 1.9999999999999996 24.0 2.000000000000723 24.00000000001366 -1.0909101867037715e-18
6.625 1.9999999999999996 24.0 1.9999999999957074 23.999999999901938 -5.5213930824722155e-17
6.875 2.0000000000000018 24.0 2.0000000000125824 24.000000000627836 -1.5081395283077498e-15
7.125 2.0000000000000053 24.0 2.0000000002365343 23.99999999757315 -3.0406459207729985e-14
7.375 2.0000000000000773 24.0 1.9999999937751058 23.999999981854405 -4.87731075149774e-13
7.625 3.0000000000010103 24.0 2.00000451433288 24.00003416601494 -6.400550420574792e-12
7.875 3.0000000000109623 24.0 2.000106780235206 24.00080825899289 -6.946621751012237e-11
8.125 3.000000000098502 24.0 2.0013101803806044 24.009909961229646 -6.243021272063907e-10
8.375 3.0000000007275305 24.0 2.011204628950439 24.084313311530966 -4.611047172371882e-09
8.625 3.00000000432316 24.0 2.074814182852088 24.548261279052454 -2.7399979986059073e-08
8.875 3.0000000195739975 24.0 2.390233354872467 26.637338352872025 -1.240590773561188e-07
9.125 3.0000000560523588 24.0 3.1658965148607665 30.497518032347497 -3.552572240524588e-07
9.375 2.9999999795800703 24.0 3.4999450356310264 31.69104404428335 1.2942058380315937e-07
9.625 1.9999985469145345 24.0 3.559035867102726 31.88172634410211 9.209599773068e-06
9.875 1.9999892252343539 24.0 3.540389565782851 31.82222528891427 6.829060285179713e-05
10.125 1.999947183997248 24.0 3.457357619532723 31.541078317114042 0.00033476072351890226
10.375 1.9998006062665017 24.0 3.291090376636605 30.913695958312964 0.0012639670514472895
10.625 1.9993920651653252 24.0 3.0606399060854756 29.90886515191542 0.003855097550723615
10.875 1.9984749189029762 24.0 2.7971545795891934 28.555091743486493 0.009678706501005496
11.125 1.9968329575959611 24.0 2.5317932573081574 26.936751112577948 0.02012788497491368
11.375 1.9945681741525068 24.0 2.2882747830778145 25.153177636493755 0.03458962805843038
11.625 1.9923960528264235 24.0 2.0717387775026648 23.20991217179504 0.0485132950314933
11.875 1.9915722283871957 24.0 1.8768090098625936 21.025883083777863 0.053807929155783495
12.125 1.9932160170480222 24.0 1.723840743152889 19.090448653293482 0.0432510018706274
12.375 1.9973738648186663 24.0 1.6375923745980019 18.01905907980855 0.01668234441309194
12.625 2.0026381671618303 24.0 1.6002363397892174 17.58894848619151 -0.01668234441309194
12.875 2.0068648622820344 24.0 1.5898348556283135 17.50772086739039 -0.0432510018706274
13.125 2.0085529565497833 24.0 1.588494512306695 17.529105334239297 -0.053807929155783495
13.375 2.007705706329197 24.0 1.5987440108292208 17.70944856692852 -0.0485132950314933
13.625 2.005483554071176 24.0 1.6293376312328771 18.14170688946634 -0.03458962805843038
13.875 2.00318455784232 24.0 1.6787755695627538 18.85198430760333 -0.02012788497491368
14.125 2.0015291310969436 24.0 1.7426282019404797 19.844430688187394 -0.009678706501005496
14.375 2.0006085773596554 24.0 1.8199035583970997 21.094188439093784 -0.003855097550723615
14.625 2.0001994628036814 24.0 1.89127102814143 22.245484778130425 -0.0012639670514472895
14.875 2.000052820847689 24.0 1.9394390551156113 23.018818580298703 -0.00033476072351890226
15.125 2.000010774967268 24.0 1.9685067666876281 23.48848255510241 -6.829060285179713e-05
15.375 2.0000014530891326 24.0 1.9845116105325258 23.749363425501286 -9.209599773068e-06
15.625 2.000000020419934 24.0 1.9928038319845096 23.883406618536263 -1.2942058380315937e-07
15.875 1.999999943947647 24.0 1.9969019583671077 23.94855575234978 3.552572240524588e-07
16.125 1.9999999804260038 24.0 1.9988593973332476 23.97963588087628 1.240590773561188e-07
16.375 1.9999999956768408 24.0 1.9997759632289993 23.99463837434382 2.7399979986059073e-08
16.625 1.9999999992724706 24.0 2.00017865757615 24.001619620222588 4.611047172371882e-09
16.875 1.9999999999014986 24.0 2.0003107517766683 24.00421675738408 6.243021272063907e-10
17.125 1.999999999989039 24.0 2.000311758728057 24.004646386980834 6.946621751012237e-11
17.375 1.9999999999989901 24.0 2.0002809991374395 24.00443168281743 6.400550420574792e-12
17.625 1.9999999999999238 24.0 2.0002260725243497 24.003751469801493 4.87731075149774e-13
17.875 1.9999999999999964 24.0 2.000141971936639 24.00241124074486 3.0406459207729985e-14
18.125 1.9999999999999996 24.0 2.0000333084228945 24.00056879104869 1.5081395283077498e-15
18.375 1.9999999999999996 24.0 1.999966638682412 23.999459844806946 5.5213930824722155e-17
18.625 1.9999999999999996 24.0 1.999941925935277 23.999051250980248 1.0909101867037715e-18
18.875 1.9999999999999996 24.0 1.9999375968569613 23.998977802007843 -2.789761923259548e-20
19.125 1.9999999999999996 24.0 1.9999393591958168 23.99900488367438 -3.954656992153136e-21
19.375 1.9999999999999996 24.0 1.9999463743504757 23.99911851273461 -2.252142269674823e-22
19.625 1.9999999999999996 24.0 1.9999614063750388 23.99936537425278 -9.092577194644609e-24
19.875 1.9999999999999996 24.0 1.999979377169236 23.99966110795445 -2.8831502816409013e-25
20.125 1.9999999999999996 24.0 1.9999899369378882 23.999834656956878 -7.44089836681967e-27
20.375 1.9999999999999996 24.0 1.999995265193382 23.999922170670906 -1.5853487713817023e-28
20.625 1.9999999999999996 24.0 1.9999978480467702 23.99996453472267 -2.798298194819873e-30
20.875 1.9999999999999996 24.0 1.999999043697 23.99998402815588 -4.0714940949284585e-32
21.125 1.9999999999999996 24.0 1.9999995778324622 23.99999257755815 -4.802503147034089e-34
21.375 1.9999999999999996 24.0 1.9999998085420647 23.99999636379792 -4.404258009248603e-36
21.625 1.9999999999999996 24.0 1.9999999079642432 23.999998210162946 -2.7652750956800404e-38
21.875 1.9999999999999996 24.0 1.9999999578067602 23.999999175370853 -4.567817789604015e-41
22.125 1.9999999999999996 24.0 1.9999999837651914 23.999999679006088 1.5796414191572262e-42
22.375 1.9999999999999996 24.0 1.9999999963401782 23.99999992362129 2.638888646042497e-44
22.625 1.9999999999999996 24.0 2.000000001085607 24.000000015526567 2.632942317395744e-46
22.875 1.9999999999999996 24.0 2.0000000016514132 24.000000027418118 1.976589158084722e-48
23.125 1.9999999999999996 24.0 2.000000000812849 24.000000013476345 1.1883943908134718e-50
23.375 1.9999999999999996 24.0 2.0000000001193188 24.000000001955865 5.861267598663116e-53
23.625 1.9999999999999996 24.0 1.9999999998951132 23.99999999827143 2.3927033740792414e-55
23.875 1.9999999999999996 24.0 1.9999999999180216 23.99999999865307 8.083295968589929e-58
24.125 1.9999999999999996 24.0 1.9999999999770715 23.999999999623558 2.2389513277987053e-60
24.375 1.9999999999999996 24.0 2.0000000000038614 24.00000000006348 4.960217038783217e-63
24.625 1.9999999999999996 24.0 2.0000000000062377 24.00000000010249 8.237583357394523e-66
24.875 1.9999999999999996 24.0 2.0000000000020783 24.00000000003416 8.023378137447364e-69
