-0.99 0.38571615702072387 0.3859269925662558
-0.97 0.40952728650105763 0.4097873076644464
-0.95 0.4266620500300653 0.427002811901215
-0.9299999999999999 0.43394991533120736 0.4343561295266509
-0.91 0.43119659595383947 0.4315966437804893
-0.89 0.42130301277093246 0.421634752501441
-0.87 0.40906475413493815 0.40932771668723494
-0.85 0.39951116556156197 0.3997460376893557
-0.8300000000000001 0.3966838580740715 0.39692473760567715
-0.81 0.40310729547471064 0.40336239530206275
-0.79 0.4196390752934664 0.4198976339120676
-0.77 0.4453108593093785 0.4455578011616949
-0.75 0.477085072592699 0.4773206443168848
-0.73 0.5098850774721159 0.5101432497593131
-0.71 0.5374682066939906 0.5378027842550119
-0.69 0.5543409523085503 0.5547538974037588
-0.6699999999999999 0.5580091871239088 0.5583537338903878
-0.6499999999999999 0.5502393926633318 0.5501306028643582
-0.63 0.5365370658172005 0.5351765399262722
-0.61 0.5242975123861472 0.5201123389382294
-0.5900000000000001 0.5206821541207866 0.5110127196443474
-0.5700000000000001 0.5307996265168126 0.5122397859452691
-0.55 0.5562507008052652 0.5260873767895546
-0.53 0.5943412786604098 0.5526530322095535
-0.51 0.6386400185629084 0.5895817098562244
-0.49 0.6809959162714929 0.6318385412902687
-0.47 0.7140077839767802 0.6720838224699326
-0.44999999999999996 0.7327497381449762 0.702342258452503
-0.43 0.7355355962771942 0.7167830309296919
-0.41000000000000003 0.7241392787677827 0.7142641826615029
-0.39 0.7034855448082262 0.6989722803511309
-0.37 0.680529387534916 0.6786688082297071
-0.35 0.6625669208436425 0.6618285546552276
-0.32999999999999996 0.6557177304676056 0.6554115342494474
-0.30999999999999994 0.6640453892380499 0.6638938222674837
-0.29 0.6891492809532624 0.6890324713809322
-0.27 0.7297869287879964 0.7296417407312865
-0.25 0.7813892608866804 0.7811952172983222
-0.22999999999999998 0.835962047710325 0.8357630009905783
-0.20999999999999996 0.8832857236725723 0.8831809989674579
-0.18999999999999995 0.9138665535604966 0.9139239392957573
-0.16999999999999998 0.9226539217334004 0.9228151561192763
-0.15000000000000002 0.9113357777530108 0.9114554963668959
-0.13 0.8876475778571391 0.8876423114180471
-0.10999999999999999 0.8622878777154124 0.8622021108157975
-0.08999999999999997 0.845516733417792 0.8454481065493509
-0.06999999999999995 0.845016948282211 0.8450327183963614
-0.04999999999999999 0.865110130259414 0.8652367392910714
-0.030000000000000027 0.9065003379295729 0.9067559363552155
-0.010000000000000009 0.9658561238989869 0.9662931108531223
0.010000000000000009 1.0353508925979373 1.0361049433883311
0.030000000000000027 1.1031435490514856 1.1044605983299163
0.050000000000000044 1.155922194206809 1.1580950551377167
0.07000000000000006 1.183408216879964 1.186628378003125
0.09000000000000008 1.182708704010798 1.1870046484300447
0.1100000000000001 1.1597055065292723 1.1651012879111287
0.13000000000000012 1.1265732312526127 1.1333095257994676
0.15000000000000002 1.0972903998862593 1.105880808921596
0.16999999999999993 1.0838300000287486 1.0949978031585854
0.18999999999999995 1.0942516676531464 1.108909192726566
0.20999999999999996 1.1321364944604906 1.151422868504239
0.22999999999999998 1.19622658778042 1.2215223739694991
0.25 1.2797721808060223 1.312628041973761
0.27 1.3702653502211313 1.4122060056574457
0.29000000000000004 1.451079972616479 1.5032517169164001
0.31000000000000005 1.5060041392970127 1.5687111046392963
0.33000000000000007 1.5254057206816352 1.5976775373523884
0.3500000000000001 1.5105478436260023 1.5899222262931865
0.3700000000000001 1.4731293513669281 1.5564886711847263
0.3900000000000001 1.4305343998327065 1.5155929894133773
0.41000000000000003 1.4000810908220118 1.4859487292142504
0.42999999999999994 1.3951475959263058 1.4821528532843198
0.44999999999999996 1.4236431721716114 1.512980600716639
0.47 1.487554508918413 1.580912367869963
0.49 1.5823135758110416 1.6813969109957498
0.51 1.6959785899895492 1.8016771639309184
0.53 1.8097000236850018 1.9216719466759757
0.55 1.9014148069022592 2.0178083351269778
0.5700000000000001 1.9529950359074972 2.070479721781835
0.5900000000000001 1.9577623763405587 2.0721039899236837
0.6100000000000001 1.9236265197716407 2.030741967045691
0.6300000000000001 1.8697365988738155 1.9665583218810516
0.6500000000000001 1.8192272360002144 1.903662060094587
0.67 1.7925813082594473 1.8627939863742442
0.69 1.8040630170280825 1.8588716658421796
0.71 1.8606007435986014 1.9019377223159981
0.73 1.9612311417672088 1.992795635529065
0.75 2.09606304622054 2.1207057730710086
0.77 2.245622426153661 2.2652462053564557
0.79 2.3830002132337817 2.398926843525591
0.81 2.480729105584861 2.4938338544594263
0.8300000000000001 2.520899148503 2.5315604774355576
0.8500000000000001 2.503058953552006 2.5112976191040444
0.8700000000000001 2.44460073837182 2.45051384358032
0.8900000000000001 2.373588532925396 2.377614656418171
0.91 2.3191277699860424 2.3218824543227807
0.9299999999999999 2.3044134004191736 2.3063896051949233
0.95 2.343775360216672 2.345185517874214
0.97 2.441839733180801 2.442839339374167
0.99 2.592580014599367 2.592933876339135
