-0.99 0.38571615702072387 0.3906126493811505
-0.97 0.40952728650105763 0.41169822326082456
-0.95 0.4266620500300653 0.4299361410872032
-0.9299999999999999 0.43394991533120736 0.43735674086100196
-0.91 0.43119659595383936 0.4343004025526138
-0.89 0.4213030127709294 0.42453533472650407
-0.87 0.40906475413487386 0.4121275653126697
-0.85 0.3995111655604171 0.40249861719141655
-0.8300000000000001 0.3966838580566921 0.39963513747497015
-0.81 0.40310729524989314 0.4061220711018623
-0.79 0.41963907281526375 0.42278557014693896
-0.77 0.44531083603079996 0.4486554984740147
-0.75 0.4770848862600404 0.480669627985223
-0.73 0.50988380650479 0.5137066079210277
-0.71 0.537460819275979 0.541461053244773
-0.69 0.5543043621876063 0.5583816623672628
-0.6699999999999999 0.5578547513534969 0.5619122201663925
-0.6499999999999999 0.5496839428364196 0.5536311260913374
-0.63 0.5348346930804705 0.5385560661251427
-0.61 0.5198514315131779 0.5232342035370148
-0.5900000000000001 0.5107872191666059 0.5137626007772149
-0.5700000000000001 0.5120340715742426 0.51453100704098
-0.55 0.5259241678196336 0.5278245997970845
-0.53 0.5525777680898462 0.5538722273746075
-0.51 0.5896300848975706 0.5904882856248164
-0.49 0.6319859826061551 0.6325513618371361
-0.47 0.6722442734062166 0.6726065319156209
-0.44999999999999996 0.7024232051593446 0.7026314187123741
-0.43 0.7167700413346243 0.7168740263955236
-0.41000000000000003 0.714244343813602 0.7143153475754039
-0.39 0.699039463935257 0.699112747689476
-0.37 0.678827014798186 0.6788710047166504
-0.35 0.6620114710167304 0.6620049413640756
-0.32999999999999996 0.6555632946971938 0.6555390367122392
-0.30999999999999994 0.6640087991171059 0.6640015582052294
-0.29 0.6891418935352508 0.6891527103162194
-0.27 0.7297856578206706 0.7298034192479212
-0.25 0.7813890745540217 0.7814111035115007
-0.22999999999999998 0.8359620244317464 0.8359842249223531
-0.20999999999999996 0.8832857211943697 0.8832889472384501
-0.18999999999999995 0.9138665533356791 0.9138360111474298
-0.16999999999999998 0.922653921716021 0.9226203925256515
-0.15000000000000002 0.9113357777518659 0.9113490741021432
-0.13 0.8876475778570748 0.887688013447798
-0.10999999999999999 0.8622878777154093 0.8622903725384566
-0.08999999999999997 0.8455167334177919 0.8454773475617706
-0.06999999999999995 0.845016948282211 0.8449827405448127
-0.04999999999999999 0.865110130259414 0.8651021901863111
-0.030000000000000027 0.9065003379295729 0.9065052851941382
-0.010000000000000009 0.9658561238989869 0.9658636984496729
0.010000000000000009 1.0353508925979373 1.0353614731813179
0.030000000000000027 1.1031435490514856 1.1031463860534694
0.050000000000000044 1.155922194206809 1.1558914240129585
0.07000000000000006 1.183408216879964 1.1833477267245616
0.09000000000000008 1.182708704010798 1.182681776698
0.1100000000000001 1.1597055065292723 1.1597472624893386
0.13000000000000012 1.1265732312526127 1.126615519827007
0.15000000000000002 1.0972903998862593 1.0972711948181568
0.16999999999999993 1.0838300000287486 1.0837839317439097
0.18999999999999995 1.0942516676531464 1.0942332989618502
0.20999999999999996 1.1321364944604906 1.1321489998447891
0.22999999999999998 1.19622658778042 1.196250096606132
0.25 1.2797721808060223 1.2798019989787162
0.27 1.3702653502211313 1.3702990223083997
0.29000000000000004 1.451079972616479 1.4510906537557413
0.31000000000000005 1.5060041392970127 1.5059626599486389
0.33000000000000007 1.5254057206816352 1.5253503442540413
0.3500000000000001 1.5105478436260023 1.5105634539044988
0.3700000000000001 1.4731293513669281 1.4732006560904867
0.3900000000000001 1.4305343998327065 1.4305507748008268
0.41000000000000003 1.4000810908220118 1.4000169639236502
0.42999999999999994 1.3951475959263058 1.3950779934597088
0.44999999999999996 1.4236431721716114 1.4236149229011268
0.47 1.487554508918413 1.4875526315346228
0.49 1.5823135758110416 1.5823208556782533
0.51 1.6959785899895492 1.6959968488714159
0.53 1.8097000236850018 1.80971613495116
0.55 1.9014148069022592 1.9013851213241937
0.5700000000000001 1.9529950359074972 1.952910635336913
0.5900000000000001 1.9577623763405587 1.9577150391797975
0.6100000000000001 1.9236265197716407 1.9236893113656717
0.6300000000000001 1.8697365988738155 1.869811981817575
0.6500000000000001 1.8192272360002144 1.8191946181311889
0.67 1.7925813082594473 1.7924793825801313
0.69 1.8040630170280825 1.8039897741590152
0.71 1.8606007435986014 1.860576085938224
0.73 1.9612311417672088 1.9612258959837523
0.75 2.09606304622054 2.096069762716681
0.77 2.245622426153661 2.2456440825165487
0.79 2.3830002132337817 2.3830026322821656
0.81 2.480729105584861 2.480661686526375
0.8300000000000001 2.520899148503 2.520807438774427
0.8500000000000001 2.503058953552006 2.50308406497583
0.8700000000000001 2.44460073837182 2.4447455203590485
0.8900000000000001 2.373588532925396 2.373670147151268
0.91 2.3191277699860424 2.3190704747386546
0.9299999999999999 2.3044134004191736 2.3043281160753595
0.95 2.343775360216672 2.3437521821942786
0.97 2.441839733180801 2.441861226118534
0.99 2.592580014599367 2.592612550795253
