-0.99 0.38571615702072387 0.38592699256625584
-0.97 0.40952728650105763 0.40978730766444604
-0.95 0.4266620500300653 0.42700281190121514
-0.9299999999999999 0.43394991533120736 0.43435612952665037
-0.91 0.43119659595383936 0.43159664378048934
-0.89 0.4213030127709294 0.4216347525014427
-0.87 0.40906475413487386 0.40932771668722967
-0.85 0.3995111655604171 0.39974603768935846
-0.8300000000000001 0.3966838580566921 0.39692473760569896
-0.81 0.40310729524989314 0.40336239530203605
-0.79 0.41963907281526375 0.4198976339119854
-0.77 0.44531083603079996 0.4455578011617576
-0.75 0.4770848862600404 0.477320644317239
-0.73 0.50988380650479 0.5101432497595082
-0.71 0.537460819275979 0.5378027842542701
-0.69 0.5543043621876063 0.5547538974028288
-0.6699999999999999 0.5578547513534969 0.5583537338890614
-0.6499999999999999 0.5496839428364196 0.5501306028630593
-0.63 0.5348346930804705 0.535176539944537
-0.61 0.5198514315131779 0.5201123389567683
-0.5900000000000001 0.5107872191666059 0.5110127193918929
-0.5700000000000001 0.5120340715742426 0.5122397850573714
-0.55 0.5259241678196336 0.5260873771872097
-0.53 0.5525777680898462 0.5526530437220707
-0.51 0.5896300848975706 0.5895817339809213
-0.49 0.6319859826061551 0.6318385368686598
-0.47 0.6722442734062166 0.6720837847469401
-0.44999999999999996 0.7024232051593446 0.7023422162233852
-0.43 0.7167700413346243 0.7167830134717343
-0.41000000000000003 0.714244343813602 0.7142642099754178
-0.39 0.699039463935257 0.6989723874065161
-0.37 0.678827014798186 0.6786690974650877
-0.35 0.6620114710167304 0.6618291788150065
-0.32999999999999996 0.6555632946971938 0.6554119912265147
-0.30999999999999994 0.6640087991171059 0.6638929991443723
-0.29 0.6891418935352508 0.6890304443348902
-0.27 0.7297856578206706 0.7296398976651032
-0.25 0.7813890745540217 0.7811957812453768
-0.22999999999999998 0.8359620244317464 0.8357680515911167
-0.20999999999999996 0.8832857211943697 0.8831907108238579
-0.18999999999999995 0.9138665533356791 0.9139349748761167
-0.16999999999999998 0.922653921716021 0.92282155171528
-0.15000000000000002 0.9113357777518659 0.9114501881866555
-0.13 0.8876475778570748 0.8876168561128939
-0.10999999999999999 0.8622878777154093 0.8621447492749197
-0.08999999999999997 0.8455167334177919 0.8453401887720028
-0.06999999999999995 0.845016948282211 0.8448435863319435
-0.04999999999999999 0.865110130259414 0.8649197646055581
-0.030000000000000027 0.9065003379295729 0.9062486194411205
-0.010000000000000009 0.9658561238989869 0.9655079794539378
0.010000000000000009 1.0353508925979373 1.0349227799047762
0.030000000000000027 1.1031435490514856 1.1027366425855685
0.050000000000000044 1.155922194206809 1.1556716813584598
0.07000000000000006 1.183408216879964 1.1833459104393262
0.09000000000000008 1.182708704010798 1.182698325690636
0.1100000000000001 1.1597055065292723 1.1595754420774282
0.13000000000000012 1.1265732312526127 1.1262888324198363
0.15000000000000002 1.0972903998862593 1.0969462370463121
0.16999999999999993 1.0838300000287486 1.0835197870620101
0.18999999999999995 1.0942516676531464 1.0939945985011474
0.20999999999999996 1.1321364944604906 1.1318895521544066
0.22999999999999998 1.19622658778042 1.1959254915468747
0.25 1.2797721808060223 1.279383892763912
0.27 1.3702653502211313 1.369848912350876
0.29000000000000004 1.451079972616479 1.4507921152003358
0.31000000000000005 1.5060041392970127 1.5059726068735677
0.33000000000000007 1.5254057206816352 1.5255606298837918
0.3500000000000001 1.5105478436260023 1.5106495967500098
0.3700000000000001 1.4731293513669281 1.4730062166023448
0.3900000000000001 1.4305343998327065 1.4302219496845074
0.41000000000000003 1.4000810908220118 1.399715372133513
0.42999999999999994 1.3951475959263058 1.3948088553869376
0.44999999999999996 1.4236431721716114 1.4233129639068787
0.47 1.487554508918413 1.487152634186039
0.49 1.5823135758110416 1.5817572435122251
0.51 1.6959785899895492 1.6952619553325474
0.53 1.8097000236850018 1.808963092308536
0.55 1.9014148069022592 1.9008837053517504
0.5700000000000001 1.9529950359074972 1.9527585383146127
0.5900000000000001 1.9577623763405587 1.9576273266419995
0.6100000000000001 1.9236265197716407 1.9232971488526363
0.6300000000000001 1.8697365988738155 1.8691163562552273
0.6500000000000001 1.8192272360002144 1.8184518120244886
0.67 1.7925813082594473 1.7918141417138136
0.69 1.8040630170280825 1.8033518285328078
0.71 1.8606007435986014 1.859882076802677
0.73 1.9612311417672088 1.9603959567730997
0.75 2.09606304622054 2.0950431297990337
0.77 2.245622426153661 2.2444953716035956
0.79 2.3830002132337817 2.3820219555285074
0.81 2.480729105584861 2.480153133547697
0.8300000000000001 2.520899148503 2.520681479928882
0.8500000000000001 2.503058953552006 2.502840224191754
0.8700000000000001 2.44460073837182 2.444072599479826
0.8900000000000001 2.373588532925396 2.372773287209745
0.91 2.3191277699860424 2.3182448690372697
0.9299999999999999 2.3044134004191736 2.3036141769552327
0.95 2.343775360216672 2.343045433034278
0.97 2.441839733180801 2.4410577186902813
0.99 2.592580014599367 2.5916056467136306
