-0.99 0.38571615702072387 0.39061264938115065
-0.97 0.40952728650105763 0.41169822326082445
-0.95 0.4266620500300653 0.4299361410872024
-0.9299999999999999 0.43394991533120736 0.4373567408610032
-0.91 0.43119659595383947 0.43430040255261365
-0.89 0.42130301277093246 0.4245353347264971
-0.87 0.40906475413493815 0.4121275653126806
-0.85 0.39951116556156197 0.4024986171914265
-0.8300000000000001 0.3966838580740715 0.3996351374749155
-0.81 0.40310729547471064 0.40612207110188153
-0.79 0.4196390752934664 0.4227855701471359
-0.77 0.4453108593093785 0.44865549847393105
-0.75 0.477085072592699 0.48066962798470075
-0.73 0.5098850774721159 0.5137066079214017
-0.71 0.5374682066939906 0.5414610532499419
-0.69 0.5543409523085503 0.558381662388211
-0.6699999999999999 0.5580091871239088 0.5619122202303659
-0.6499999999999999 0.5502393926633318 0.5536311262547595
-0.63 0.5365370658172005 0.5385560664809331
-0.61 0.5242975123861472 0.5232342043772736
-0.5900000000000001 0.5206821541207866 0.5137626038190816
-0.5700000000000001 0.5307996265168126 0.5145310156443124
-0.55 0.5562507008052652 0.5278245920008858
-0.53 0.5943412786604098 0.5538721658979687
-0.51 0.6386400185629084 0.5904882537069808
-0.49 0.6809959162714929 0.6325514096980336
-0.47 0.7140077839767802 0.6726066406545085
-0.44999999999999996 0.7327497381449762 0.7026315242869394
-0.43 0.7355355962771942 0.7168740540618503
-0.41000000000000003 0.7241392787677827 0.7143152669711251
-0.39 0.7034855448082262 0.6991125940959749
-0.37 0.680529387534916 0.6788708642706578
-0.35 0.6625669208436425 0.6620049213203094
-0.32999999999999996 0.6557177304676056 0.6555392521806667
-0.30999999999999994 0.6640453892380499 0.6640020633679811
-0.29 0.6891492809532624 0.6891531794717635
-0.27 0.7297869287879964 0.7298029984760787
-0.25 0.7813892608866804 0.7814088971644956
-0.22999999999999998 0.835962047710325 0.8359800129820474
-0.20999999999999996 0.8832857236725723 0.8832846416784372
-0.18999999999999995 0.9138665535604966 0.9138355620905663
-0.16999999999999998 0.9226539217334004 0.9226273369568123
-0.15000000000000002 0.9113357777530108 0.9113664442421545
-0.13 0.8876475778571391 0.887719936428406
-0.10999999999999999 0.8622878777154124 0.8623442657634874
-0.08999999999999997 0.845516733417792 0.8455674290145385
-0.06999999999999995 0.845016948282211 0.84513515214005
-0.04999999999999999 0.865110130259414 0.8653615451285683
-0.030000000000000027 0.9065003379295729 0.9069414436516161
-0.010000000000000009 0.9658561238989869 0.966576901821586
0.010000000000000009 1.0353508925979373 1.0364825902638322
0.030000000000000027 1.1031435490514856 1.1048293318520304
0.050000000000000044 1.155922194206809 1.1582993343321446
0.07000000000000006 1.183408216879964 1.1866416882181654
0.09000000000000008 1.182708704010798 1.1870247482105436
0.1100000000000001 1.1597055065292723 1.1653316319248193
0.13000000000000012 1.1265732312526127 1.133712914706614
0.15000000000000002 1.0972903998862593 1.106296068028532
0.16999999999999993 1.0838300000287486 1.0953602604888284
0.18999999999999995 1.0942516676531464 1.1092509284039018
0.20999999999999996 1.1321364944604906 1.1517919234846161
0.22999999999999998 1.19622658778042 1.2219697709320165
0.25 1.2797721808060223 1.3131930233243478
0.27 1.3702653502211313 1.4128406357120817
0.29000000000000004 1.451079972616479 1.503780354213566
0.31000000000000005 1.5060041392970127 1.5689531010264197
0.33000000000000007 1.5254057206816352 1.5976467589146677
0.3500000000000001 1.5105478436260023 1.5899010045616535
0.3700000000000001 1.4731293513669281 1.5567191688241402
0.3900000000000001 1.4305343998327065 1.5159559627598163
0.41000000000000003 1.4000810908220118 1.486265871605629
0.42999999999999994 1.3951475959263058 1.482418178920904
0.44999999999999996 1.4236431721716114 1.5132638533086258
0.47 1.487554508918413 1.5812768867795213
0.49 1.5823135758110416 1.6819073966330795
0.51 1.6959785899895492 1.8023402562327577
0.53 1.8097000236850018 1.9223209233372645
0.55 1.9014148069022592 2.018170747743302
0.5700000000000001 1.9529950359074972 2.070468967200599
0.5900000000000001 1.9577623763405587 2.0720436722767532
0.6100000000000001 1.9236265197716407 2.0310426058396382
0.6300000000000001 1.8697365988738155 1.967229178688244
0.6500000000000001 1.8192272360002144 1.9044525180088225
0.67 1.7925813082594473 1.8635940456533482
0.69 1.8040630170280825 1.8596330749574004
0.71 1.8606007435986014 1.902765100020142
0.73 1.9612311417672088 1.9938364889787326
0.75 2.09606304622054 2.121909552882263
0.77 2.245622426153661 2.2665229753877147
0.79 2.3830002132337817 2.400022152049088
0.81 2.480729105584861 2.494434838860716
0.8300000000000001 2.520899148503 2.5317630575826326
0.8500000000000001 2.503058953552006 2.511595741043439
0.8700000000000001 2.44460073837182 2.4512221853064906
0.8900000000000001 2.373588532925396 2.37851931834256
0.91 2.3191277699860424 2.322702181278772
0.9299999999999999 2.3044134004191736 2.3070589663770775
0.95 2.343775360216672 2.345868942624408
0.97 2.441839733180801 2.4435196893385323
0.99 2.592580014599367 2.5939862324563974
