-0.99 0.38571615702072387 0.38739116904201515
-0.97 0.40952728650105763 0.41081671678523257
-0.95 0.4266620500300653 0.42802518068704565
-0.9299999999999999 0.43394991533120736 0.4353414568427799
-0.91 0.43119659595383947 0.43254327803800185
-0.89 0.42130301277093246 0.4226277515915569
-0.87 0.40906475413493815 0.41038241338936043
-0.85 0.39951116556156197 0.4008156580755443
-0.8300000000000001 0.3966838580740715 0.397972586315602
-0.81 0.40310729547471064 0.40440147842761864
-0.79 0.4196390752934664 0.4209760109633329
-0.77 0.4453108593093785 0.44672957942013874
-0.75 0.477085072592699 0.47861740327540025
-0.73 0.5098850774721159 0.5115427479020626
-0.71 0.5374682066939906 0.539218784911768
-0.69 0.5543409523085503 0.5560879463546724
-0.6699999999999999 0.5580091871239088 0.559586924271168
-0.6499999999999999 0.5502393926633318 0.5513390780258265
-0.63 0.5365370658172005 0.5364203318446632
-0.61 0.5242975123861472 0.5213453379241293
-0.5900000000000001 0.5206821541207866 0.5121303710116858
-0.5700000000000001 0.5307996265168126 0.5131619405365071
-0.55 0.5562507008052652 0.5267781273923079
-0.53 0.5943412786604098 0.5531530543948009
-0.51 0.6386400185629084 0.5900179191790755
-0.49 0.6809959162714929 0.6322714913685625
-0.47 0.7140077839767802 0.6724761923658562
-0.44999999999999996 0.7327497381449762 0.7026029915887442
-0.43 0.7355355962771942 0.7168668980767414
-0.41000000000000003 0.7241392787677827 0.7142599126432219
-0.39 0.7034855448082262 0.699035275755749
-0.37 0.680529387534916 0.6788547922770306
-0.35 0.6625669208436425 0.6620595234577988
-0.32999999999999996 0.6557177304676056 0.6555958668383466
-0.30999999999999994 0.6640453892380499 0.6640131858221072
-0.29 0.6891492809532624 0.6891274554152722
-0.27 0.7297869287879964 0.729767869824965
-0.25 0.7813892608866804 0.7813869433746691
-0.22999999999999998 0.835962047710325 0.8359954994247919
-0.20999999999999996 0.8832857236725723 0.8833517062501393
-0.18999999999999995 0.9138665535604966 0.9139181881036815
-0.16999999999999998 0.9226539217334004 0.922644917021144
-0.15000000000000002 0.9113357777530108 0.9112978431845331
-0.13 0.8876475778571391 0.8876654842170459
-0.10999999999999999 0.8622878777154124 0.8623943150143282
-0.08999999999999997 0.845516733417792 0.8456808764378589
-0.06999999999999995 0.845016948282211 0.8452215281664267
-0.04999999999999999 0.865110130259414 0.8653916259311163
-0.030000000000000027 0.9065003379295729 0.9069394000415598
-0.010000000000000009 0.9658561238989869 0.9665697090389931
0.010000000000000009 1.0353508925979373 1.036494219297054
0.030000000000000027 1.1031435490514856 1.1048883092083248
0.050000000000000044 1.155922194206809 1.158403822154558
0.07000000000000006 1.183408216879964 1.1867158271498763
0.09000000000000008 1.182708704010798 1.1869809354942804
0.1100000000000001 1.1597055065292723 1.1652172737246416
0.13000000000000012 1.1265732312526127 1.1336836656185352
0.15000000000000002 1.0972903998862593 1.1063998448055068
0.16999999999999993 1.0838300000287486 1.0954948223900316
0.18999999999999995 1.0942516676531464 1.1093248185057645
0.20999999999999996 1.1321364944604906 1.1518039387432684
0.22999999999999998 1.19622658778042 1.2219549946102504
0.25 1.2797721808060223 1.3131776925793188
0.27 1.3702653502211313 1.4128534671721278
0.29000000000000004 1.451079972616479 1.5038502569772245
0.31000000000000005 1.5060041392970127 1.5690676149082763
0.33000000000000007 1.5254057206816352 1.5977295899128598
0.3500000000000001 1.5105478436260023 1.58985046611942
0.3700000000000001 1.4731293513669281 1.556633308379233
0.3900000000000001 1.4305343998327065 1.516047375228998
0.41000000000000003 1.4000810908220118 1.4865113344345862
0.42999999999999994 1.3951475959263058 1.4826422952828264
0.44999999999999996 1.4236431721716114 1.5133877690522415
0.47 1.487554508918413 1.5813409291729101
0.49 1.5823135758110416 1.6819643429647382
0.51 1.6959785899895492 1.8024346268844877
0.53 1.8097000236850018 1.9225077328812115
0.55 1.9014148069022592 2.018452276261997
0.5700000000000001 1.9529950359074972 2.0707210840661947
0.5900000000000001 1.9577623763405587 2.072091812683514
0.6100000000000001 1.9236265197716407 2.030924204205427
0.6300000000000001 1.8697365988738155 1.9672059722204396
0.6500000000000001 1.8192272360002144 1.904624875076314
0.67 1.7925813082594473 1.863784909708111
0.69 1.8040630170280825 1.8596930595430634
0.71 1.8606007435986014 1.9025903646574682
0.73 1.9612311417672088 1.9935399464238117
0.75 2.09606304622054 2.1217016941528377
0.77 2.245622426153661 2.2664553105603673
0.79 2.3830002132337817 2.4001066589905564
0.81 2.480729105584861 2.4946268286905795
0.8300000000000001 2.520899148503 2.531857518702407
0.8500000000000001 2.503058953552006 2.511460904213034
0.8700000000000001 2.44460073837182 2.4510575872311096
0.8900000000000001 2.373588532925396 2.3786254383237284
0.91 2.3191277699860424 2.323053619949259
0.9299999999999999 2.3044134004191736 2.3074058474761228
0.95 2.343775360216672 2.346073381184543
0.97 2.441839733180801 2.443630022261734
0.99 2.592580014599367 2.594078332105008
