-0.99 0.38571615702072387 0.38739116904201554
-0.97 0.40952728650105763 0.4108167167852327
-0.95 0.4266620500300653 0.4280251806870453
-0.9299999999999999 0.43394991533120736 0.43534145684278075
-0.91 0.43119659595383936 0.43254327803800124
-0.89 0.4213030127709294 0.4226277515915537
-0.87 0.40906475413487386 0.41038241338937587
-0.85 0.3995111655604171 0.4008156580755371
-0.8300000000000001 0.3966838580566921 0.3979725863155299
-0.81 0.40310729524989314 0.4044014784277188
-0.79 0.41963907281526375 0.4209760109636629
-0.77 0.44531083603079996 0.446729579419758
-0.75 0.4770848862600404 0.47861740327363944
-0.73 0.50988380650479 0.5115427479014787
-0.71 0.537460819275979 0.5392187849180528
-0.69 0.5543043621876063 0.5560879463768872
-0.6699999999999999 0.5578547513534969 0.5595869243290735
-0.6499999999999999 0.5496839428364196 0.5513390781737654
-0.63 0.5348346930804705 0.5364203321777641
-0.61 0.5198514315131779 0.5213453379275415
-0.5900000000000001 0.5107872191666059 0.5121303661862053
-0.5700000000000001 0.5120340715742426 0.5131619194277237
-0.55 0.5259241678196336 0.5267781101992426
-0.53 0.5525777680898462 0.5531531514010377
-0.51 0.5896300848975706 0.5900180366419204
-0.49 0.6319859826061551 0.6322714877393601
-0.47 0.6722442734062166 0.672476035786207
-0.44999999999999996 0.7024232051593446 0.7026027501567023
-0.43 0.7167700413346243 0.7168667169913262
-0.41000000000000003 0.714244343813602 0.7142599488851064
-0.39 0.699039463935257 0.6990355774562508
-0.37 0.678827014798186 0.6788552178878832
-0.35 0.6620114710167304 0.6620597782944104
-0.32999999999999996 0.6555632946971938 0.6555956444253285
-0.30999999999999994 0.6640087991171059 0.6640123634625544
-0.29 0.6891418935352508 0.6891263180763642
-0.27 0.7297856578206706 0.7297673801742797
-0.25 0.7813890745540217 0.7813887540464253
-0.22999999999999998 0.8359620244317464 0.8360007538360947
-0.20999999999999996 0.8832857211943697 0.8833591528744943
-0.18999999999999995 0.9138665533356791 0.9139240601984561
-0.16999999999999998 0.922653921716021 0.9226440188601736
-0.15000000000000002 0.9113357777518659 0.9112840901111459
-0.13 0.8876475778570748 0.8876317968561273
-0.10999999999999999 0.8622878777154093 0.8623319595738612
-0.08999999999999997 0.8455167334177919 0.8455768733274655
-0.06999999999999995 0.845016948282211 0.8450530942805086
-0.04999999999999999 0.865110130259414 0.8651189390215769
-0.030000000000000027 0.9065003379295729 0.9064978152226097
-0.010000000000000009 0.9658561238989869 0.9658631525628982
0.010000000000000009 1.0353508925979373 1.0353932722494577
0.030000000000000027 1.1031435490514856 1.1032372142180251
0.050000000000000044 1.155922194206809 1.1560349209453322
0.07000000000000006 1.183408216879964 1.1834618710112665
0.09000000000000008 1.182708704010798 1.1826726841003554
0.1100000000000001 1.1597055065292723 1.1596571383455918
0.13000000000000012 1.1265732312526127 1.1265963971466726
0.15000000000000002 1.0972903998862593 1.0973698769875364
0.16999999999999993 1.0838300000287486 1.0839001854119878
0.18999999999999995 1.0942516676531464 1.0942807294496029
0.20999999999999996 1.1321364944604906 1.1321335344379333
0.22999999999999998 1.19622658778042 1.1962147348476186
0.25 1.2797721808060223 1.279781839265715
0.27 1.3702653502211313 1.3703317280162608
0.29000000000000004 1.451079972616479 1.4512056918679703
0.31000000000000005 1.5060041392970127 1.5061166950680376
0.33000000000000007 1.5254057206816352 1.5254142716190147
0.3500000000000001 1.5105478436260023 1.5104771495458968
0.3700000000000001 1.4731293513669281 1.4731081641463704
0.3900000000000001 1.4305343998327065 1.430620050554405
0.41000000000000003 1.4000810908220118 1.4002067520182635
0.42999999999999994 1.3951475959263058 1.3952366105746763
0.44999999999999996 1.4236431721716114 1.4236794615304005
0.47 1.487554508918413 1.4875598011887214
0.49 1.5823135758110416 1.582320268386777
0.51 1.6959785899895492 1.6960303848351637
0.53 1.8097000236850018 1.8098335564670773
0.55 1.9014148069022592 1.9015959906161846
0.5700000000000001 1.9529950359074972 1.9531036359748093
0.5900000000000001 1.9577623763405587 1.9577304082696338
0.6100000000000001 1.9236265197716407 1.9235646242637783
0.6300000000000001 1.8697365988738155 1.869797443694522
0.6500000000000001 1.8192272360002144 1.8194058272149254
0.67 1.7925813082594473 1.7927655407185812
0.69 1.8040630170280825 1.8041842869489826
0.71 1.8606007435986014 1.8606631201916664
0.73 1.9612311417672088 1.96126682075321
0.75 2.09606304622054 2.0961159615608365
0.77 2.245622426153661 2.2457486579047883
0.79 2.3830002132337817 2.383216556701492
0.81 2.480729105584861 2.480934651665752
0.8300000000000001 2.520899148503 2.5209387700656087
0.8500000000000001 2.503058953552006 2.502944766625724
0.8700000000000001 2.44460073837182 2.444541806037177
0.8900000000000001 2.373588532925396 2.3737125249147852
0.91 2.3191277699860424 2.319345980610496
0.9299999999999999 2.3044134004191736 2.304591579795412
0.95 2.343775360216672 2.343873384924745
0.97 2.441839733180801 2.441887914547096
0.99 2.592580014599367 2.5926280953323593
