-0.99 0.38571615702072387 0.3850032979351472
-0.97 0.40952728650105763 0.41021318278655494
-0.95 0.4266620500300653 0.42665141120414096
-0.9299999999999999 0.43394991533120736 0.4357242430683209
-0.91 0.43119659595383936 0.42979442907202225
-0.89 0.4213030127709294 0.4197788547886958
-0.87 0.40906475413487386 0.4089131649720039
-0.85 0.3995111655604171 0.3954733000334548
-0.8300000000000001 0.3966838580566921 0.3970263126012398
-0.81 0.40310729524989314 0.4050729075600583
-0.79 0.41963907281526375 0.42181452800307406
-0.77 0.44531083603079996 0.44710373612439785
-0.75 0.4770848862600404 0.47783310572380644
-0.73 0.50988380650479 0.5131951607397155
-0.71 0.537460819275979 0.5367737464711608
-0.69 0.5543043621876063 0.5604581449807889
-0.6699999999999999 0.5578547513534969 0.5576112394458608
-0.6499999999999999 0.5496839428364196 0.548741251318703
-0.63 0.5348346930804705 0.5341854457740556
-0.61 0.5198514315131779 0.5215728702205865
-0.5900000000000001 0.5107872191666059 0.5071581554013908
-0.5700000000000001 0.5120340715742426 0.514020496535692
-0.55 0.5259241678196336 0.5296695643152161
-0.53 0.5525777680898462 0.5563710460248468
-0.51 0.5896300848975706 0.5929847695784778
-0.49 0.6319859826061551 0.6336386503009042
-0.47 0.6722442734062166 0.6789579872904278
-0.44999999999999996 0.7024232051593446 0.7041637184054961
-0.43 0.7167700413346243 0.7250962271634701
-0.41000000000000003 0.714244343813602 0.7163257906499484
-0.39 0.699039463935257 0.701032212394169
-0.37 0.678827014798186 0.6833630964252537
-0.35 0.6620114710167304 0.6613415097882716
-0.32999999999999996 0.6555632946971938 0.66208193849879
-0.30999999999999994 0.6640087991171059 0.6732363602871025
-0.29 0.6891418935352508 0.6984228374907789
-0.27 0.7297856578206706 0.7377492713181724
-0.25 0.7813890745540217 0.7868603959956064
-0.22999999999999998 0.8359620244317464 0.8437691472301574
-0.20999999999999996 0.8832857211943697 0.8838907547016333
-0.18999999999999995 0.9138665533356791 0.9251841393349438
-0.16999999999999998 0.922653921716021 0.9227845848098247
-0.15000000000000002 0.9113357777518659 0.9099001492339923
-0.13 0.8876475778570748 0.8873935083764009
-0.10999999999999999 0.8622878777154093 0.8660468031790445
-0.08999999999999997 0.8455167334177919 0.8406262440698118
-0.06999999999999995 0.845016948282211 0.8498188515648244
-0.04999999999999999 0.865110130259414 0.8731969157636825
-0.030000000000000027 0.9065003379295729 0.9149823854448257
-0.010000000000000009 0.9658561238989869 0.9738471675654095
0.010000000000000009 1.0353508925979373 1.0411441646942503
0.030000000000000027 1.1031435490514856 1.117086361026526
0.050000000000000044 1.155922194206809 1.1616890379468
0.07000000000000006 1.183408216879964 1.2029824229307398
0.09000000000000008 1.182708704010798 1.191221465366418
0.1100000000000001 1.1597055065292723 1.1680643264703046
0.13000000000000012 1.1265732312526127 1.1386821319986582
0.15000000000000002 1.0972903998862593 1.1009019469276253
0.16999999999999993 1.0838300000287486 1.098387372095281
0.18999999999999995 1.0942516676531464 1.1132565809340798
0.20999999999999996 1.1321364944604906 1.1516221598903624
0.22999999999999998 1.19622658778042 1.2141962862159679
0.25 1.2797721808060223 1.2947122977752277
0.27 1.3702653502211313 1.3888895373874626
0.29000000000000004 1.451079972616479 1.4591643997041814
0.31000000000000005 1.5060041392970127 1.5326755473361688
0.33000000000000007 1.5254057206816352 1.532685112505306
0.3500000000000001 1.5105478436260023 1.5138262533870335
0.3700000000000001 1.4731293513669281 1.4779863996351001
0.3900000000000001 1.4305343998327065 1.4406625322677957
0.41000000000000003 1.4000810908220118 1.39528259880535
0.42999999999999994 1.3951475959263058 1.4062775259504838
0.44999999999999996 1.4236431721716114 1.44057746001962
0.47 1.487554508918413 1.5056533490000334
0.49 1.5823135758110416 1.5999899704688234
0.51 1.6959785899895492 1.7106132811678885
0.53 1.8097000236850018 1.8365934532188675
0.55 1.9014148069022592 1.9144116269877716
0.5700000000000001 1.9529950359074972 1.9892824006453615
0.5900000000000001 1.9577623763405587 1.9730971741168903
0.6100000000000001 1.9236265197716407 1.9371818662661304
0.6300000000000001 1.8697365988738155 1.8838213933926322
0.6500000000000001 1.8192272360002144 1.8384982051278964
0.67 1.7925813082594473 1.8008186255694816
0.69 1.8040630170280825 1.8296709918335798
0.71 1.8606007435986014 1.8924118907625198
0.73 1.9612311417672088 1.9946814743059225
0.75 2.09606304622054 2.1287664613711677
0.77 2.245622426153661 2.2866316436000123
0.79 2.3830002132337817 2.4118347950471994
0.81 2.480729105584861 2.5442562481616564
0.8300000000000001 2.520899148503 2.555208697235495
0.8500000000000001 2.503058953552006 2.5303178211450597
0.8700000000000001 2.44460073837182 2.475413470184808
0.8900000000000001 2.373588532925396 2.411957327271866
0.91 2.3191277699860424 2.332790774625235
0.9299999999999999 2.3044134004191736 2.3421066294866115
0.95 2.343775360216672 2.3896583736735346
0.97 2.441839733180801 2.4883606904848516
0.99 2.592580014599367 2.6482102758475277
