-0.99 0.38571615702072387 0.3850032979356319
-0.97 0.40952728650105763 0.41021318278631674
-0.95 0.4266620500300653 0.42665141120276445
-0.9299999999999999 0.43394991533120736 0.4357242430684074
-0.91 0.43119659595383947 0.4297944290720079
-0.89 0.42130301277093246 0.41977885478911703
-0.87 0.40906475413493815 0.4089131649726477
-0.85 0.39951116556156197 0.3954733000340691
-0.8300000000000001 0.3966838580740715 0.39702631260143756
-0.81 0.40310729547471064 0.40507290755986836
-0.79 0.4196390752934664 0.42181452800246966
-0.77 0.4453108593093785 0.44710373609445686
-0.75 0.477085072592699 0.47783310609308394
-0.73 0.5098850774721159 0.5131951603120259
-0.71 0.5374682066939906 0.5367737414030942
-0.69 0.5543409523085503 0.5604581444530179
-0.6699999999999999 0.5580091871239088 0.5576112449198511
-0.6499999999999999 0.5502393926633318 0.5487412601358781
-0.63 0.5365370658172005 0.5341854478934751
-0.61 0.5242975123861472 0.5215728635327437
-0.5900000000000001 0.5206821541207866 0.507158157452993
-0.5700000000000001 0.5307996265168126 0.5140204914445994
-0.55 0.5562507008052652 0.529669537254674
-0.53 0.5943412786604098 0.5563709791391547
-0.51 0.6386400185629084 0.5929837248658829
-0.49 0.6809959162714929 0.6336461382315899
-0.47 0.7140077839767802 0.6789445167826091
-0.44999999999999996 0.7327497381449762 0.7041017772615461
-0.43 0.7355355962771942 0.7251069305453557
-0.41000000000000003 0.7241392787677827 0.7163697478656832
-0.39 0.7034855448082262 0.7011043618181856
-0.37 0.680529387534916 0.6834279496343517
-0.35 0.6625669208436425 0.6613401743945422
-0.32999999999999996 0.6557177304676056 0.6620289459993021
-0.30999999999999994 0.6640453892380499 0.6731631283812594
-0.29 0.6891492809532624 0.6983715302409966
-0.27 0.7297869287879964 0.7377645787005047
-0.25 0.7813892608866804 0.7869667846447169
-0.22999999999999998 0.835962047710325 0.8439936227189324
-0.20999999999999996 0.8832857236725723 0.8841641258279345
-0.18999999999999995 0.9138665535604966 0.9254617338730039
-0.16999999999999998 0.9226539217334004 0.9228481036767705
-0.15000000000000002 0.9113357777530108 0.909727959777215
-0.13 0.8876475778571391 0.8869122638859521
-0.10999999999999999 0.8622878777154124 0.8654318891538473
-0.08999999999999997 0.845516733417792 0.840063088380396
-0.06999999999999995 0.845016948282211 0.8496452392922379
-0.04999999999999999 0.865110130259414 0.8735514950594068
-0.030000000000000027 0.9065003379295729 0.9160071569469296
-0.010000000000000009 0.9658561238989869 0.9756504851533152
0.010000000000000009 1.0353508925979373 1.0438178400877298
0.030000000000000027 1.1031435490514856 1.1205433010756027
0.050000000000000044 1.155922194206809 1.1661156589928208
0.07000000000000006 1.183408216879964 1.2084787017367051
0.09000000000000008 1.182708704010798 1.197357762662321
0.1100000000000001 1.1597055065292723 1.1749038310125326
0.13000000000000012 1.1265732312526127 1.1464058512979913
0.15000000000000002 1.0972903998862593 1.1091562840684077
0.16999999999999993 1.0838300000287486 1.1091016276459573
0.18999999999999995 1.0942516676531464 1.127204485208503
0.20999999999999996 1.1321364944604906 1.1702308029739632
0.22999999999999998 1.19622658778042 1.2391181467135608
0.25 1.2797721808060223 1.3274816914767593
0.27 1.3702653502211313 1.429995169700566
0.29000000000000004 1.451079972616479 1.5099962540351726
0.31000000000000005 1.5060041392970127 1.5919111816017548
0.33000000000000007 1.5254057206816352 1.5996412221333698
0.3500000000000001 1.5105478436260023 1.5850170595028856
0.3700000000000001 1.4731293513669281 1.553308978619003
0.3900000000000001 1.4305343998327065 1.5192041984916318
0.41000000000000003 1.4000810908220118 1.4774381325425623
0.42999999999999994 1.3951475959263058 1.493189349165257
0.44999999999999996 1.4236431721716114 1.533386727489188
0.47 1.487554508918413 1.6055796921945422
0.49 1.5823135758110416 1.7077924449060482
0.51 1.6959785899895492 1.8256182381859585
0.53 1.8097000236850018 1.9589203522769254
0.55 1.9014148069022592 2.038683194370911
0.5700000000000001 1.9529950359074972 2.1139549893656113
0.5900000000000001 1.9577623763405587 2.091269859492166
0.6100000000000001 1.9236265197716407 2.046312234208661
0.6300000000000001 1.8697365988738155 1.9794548879933367
0.6500000000000001 1.8192272360002144 1.9261912217726262
0.67 1.7925813082594473 1.8653903574166977
0.69 1.8040630170280825 1.8887119415899247
0.71 1.8606007435986014 1.9441644575077468
0.73 1.9612311417672088 2.039370817908149
0.75 2.09606304622054 2.1673431719789704
0.77 2.245622426153661 2.320095692786545
0.79 2.3830002132337817 2.4402286222799257
0.81 2.480729105584861 2.5683661071202226
0.8300000000000001 2.520899148503 2.5732470845791617
0.8500000000000001 2.503058953552006 2.5442787701092855
0.8700000000000001 2.44460073837182 2.4847906825505337
0.8900000000000001 2.373588532925396 2.4175177239374817
0.91 2.3191277699860424 2.334548675685488
0.9299999999999999 2.3044134004191736 2.341730870470304
0.95 2.343775360216672 2.3876085589648532
0.97 2.441839733180801 2.484965187422189
0.99 2.592580014599367 2.640898531597049
