-0.99 0.41062318223362765 0.41091083425181113
-0.97 0.3649624622267511 0.38321000698896585
-0.95 0.3611990196921392 0.35206543806989116
-0.9299999999999999 0.4337999543279584 0.422116811089173
-0.91 0.39828049876123356 0.4105250589116186
-0.89 0.37681273443444735 0.3578227044548066
-0.87 0.4548360674197358 0.43032871305361675
-0.85 0.43500731236287543 0.43611986631049204
-0.8300000000000001 0.39580387874171113 0.36738462232820285
-0.81 0.4737804735336823 0.43719570756356085
-0.79 0.47445489038684757 0.46060836952335743
-0.77 0.4189716527605596 0.3834364130862199
-0.75 0.49104385549016416 0.44419052094018174
-0.73 0.5156521832196892 0.48479240083996156
-0.71 0.4470407767720602 0.40731914137435743
-0.69 0.5073665701365877 0.4520374348901265
-0.6699999999999999 0.557413467967762 0.5091372007824424
-0.6499999999999999 0.4806178246939387 0.43820253591014147
-0.63 0.523752743260682 0.4584682732005087
-0.61 0.5984644088527874 0.5295916531745058
-0.5900000000000001 0.5201314032801474 0.4720000675406172
-0.5700000000000001 0.5413894028901635 0.46379044860790436
-0.55 0.637612540976988 0.548755902629129
-0.53 0.5657559287800762 0.511861072251236
-0.51 0.5615677138062657 0.4747122482738264
-0.49 0.6739328954157987 0.5713850051836771
-0.47 0.6173264440364746 0.5570988926155157
-0.44999999999999996 0.5856163758780444 0.49023078262970776
-0.43 0.7069307791441899 0.5923303830107851
-0.41000000000000003 0.6742611817487046 0.6018545826105355
-0.39 0.6148484043035526 0.5113787037577293
-0.37 0.736647208959597 0.6120501835893389
-0.35 0.7355169210269271 0.6462615879268432
-0.32999999999999996 0.6505148283287675 0.5413881803355571
-0.30999999999999994 0.7636877821350081 0.6313763594229815
-0.29 0.7996056490157945 0.6905692284980152
-0.27 0.6937541771375486 0.5827100472448704
-0.25 0.789176860871677 0.6512928871048856
-0.22999999999999998 0.864695411423923 0.7347405243693061
-0.20999999999999996 0.7455257805244014 0.6344575458412576
-0.18999999999999995 0.8146573195546852 0.6701191785336822
-0.16999999999999998 0.9288014840252041 0.7763620616032233
-0.15000000000000002 0.8065182250099553 0.6937980107643862
-0.13 0.8419651091330425 0.6869837157508372
-0.10999999999999999 0.9900488641493581 0.8128440946625974
-0.08999999999999997 0.8770319567834458 0.7558205187683278
-0.06999999999999995 0.8731056946330229 0.7016523443800602
-0.04999999999999999 1.0469617805676694 0.8419287884354387
-0.030000000000000027 0.9568467838603952 0.8163879094271411
-0.010000000000000009 0.9101488708772018 0.7179074154052059
0.010000000000000009 1.0987213542727352 0.8655436209956926
0.030000000000000027 1.0450994003089014 0.8749843066744161
0.050000000000000044 0.9551447040003636 0.7420634894851925
0.07000000000000006 1.145336705678358 0.8872545410181815
0.09000000000000008 1.1402093073866364 0.9329478630015094
0.1100000000000001 1.0100511562721624 0.7800719450015201
0.13000000000000012 1.18769767197323 0.910501042860604
0.15000000000000002 1.2398975856840142 0.9926595584607596
0.16999999999999993 1.0766563331340069 0.83576946788261
0.18999999999999995 1.22750999223407 0.9365780360740816
0.20999999999999996 1.3413352376581824 1.0544910293344294
0.22999999999999998 1.156476589083856 0.9090653258891042
0.25 1.267143082344635 0.964334756203103
0.27 1.441432762431833 1.116082721076919
0.29000000000000004 1.2506164772983572 0.9957967759267679
0.31000000000000005 1.3094356403140897 0.9911694858111684
0.33000000000000007 1.5372439742366706 1.172548071789755
0.3500000000000001 1.3595880277013908 1.0889840226852785
0.3700000000000001 1.3575019192869138 1.0167494814153524
0.3900000000000001 1.6264171672246828 1.2208976426970344
0.41000000000000003 1.4831048072595368 1.1825580241975273
0.42999999999999994 1.414565654095015 1.0447365104872208
0.44999999999999996 1.7076025213616153 1.260818428065524
0.47 1.619888487947092 1.27246873906234
0.49 1.4838272575833036 1.0819665217752008
0.51 1.7807291541425552 1.2954990918669678
0.53 1.767546655951573 1.3594738545927456
0.55 1.5683505824206976 1.1371616011846737
0.5700000000000001 1.8470993238167963 1.3297244546898823
0.5900000000000001 1.9225910869707499 1.4461422398947263
0.6100000000000001 1.6709431424951853 1.2154571186584187
0.6300000000000001 1.9092978755097079 1.3648950546139569
0.6500000000000001 2.0806552495983826 1.5323701582340012
0.67 1.79400042780781 1.3165816800075338
0.69 1.9709615470542152 1.3996413935936556
0.71 2.2369324051838917 1.6151624786997574
0.73 1.9392917019299392 1.4351032149057896
0.75 2.0364779821993526 1.4314181353859718
0.77 2.3867963224029753 1.6887476556116066
0.79 2.107681931963328 1.5611995389432778
0.81 2.1106821742599897 1.459514242864782
0.8300000000000001 2.52650379066287 1.748179542549188
0.8500000000000001 2.2988119316160285 1.6851917581171656
0.8700000000000001 2.198594332399704 1.4892334345218794
0.8900000000000001 2.653838123334356 1.794161559042002
0.91 2.510793280389792 1.8028153831629705
0.9299999999999999 2.305210016790336 1.531867750232157
0.95 2.7685567941251064 1.8330850540266646
0.97 2.740007818608754 1.9159720051120592
0.99 2.4353228051090436 1.6000488899060548
