-0.9933333333333334 0.4064820503519311 0.40584852173332675
-0.98 0.39745966855070874 0.39841083366378965
-0.9666666666666667 0.35600578422951235 0.3489380523121215
-0.9533333333333334 0.35282273498008415 0.35554015601470235
-0.94 0.40032650535307923 0.4001984912882648
-0.9266666666666667 0.4375028809200964 0.4397070017278988
-0.9133333333333333 0.4103218115712467 0.40993224159849184
-0.8999999999999999 0.371799827981095 0.3675842449062254
-0.8866666666666667 0.38625913512260796 0.39037872112427885
-0.8733333333333333 0.44294174673871833 0.4438828743170971
-0.86 0.4641005000380445 0.4689697495236831
-0.8466666666666667 0.4222167123489807 0.41930292548767717
-0.8333333333333333 0.3933700818724979 0.3944009768704072
-0.8200000000000001 0.4268498878590554 0.43119240827540495
-0.8066666666666666 0.48590982883696204 0.4891191865618245
-0.7933333333333333 0.4857549968109915 0.4921667990046534
-0.78 0.43544018256149747 0.4309350032918978
-0.7666666666666666 0.4222614930974185 0.4285280392145167
-0.7533333333333333 0.47385739781059893 0.4785549358372383
-0.74 0.5265097790148362 0.5332142186085941
-0.7266666666666667 0.5031824425412151 0.5091592776318561
-0.7133333333333334 0.4524432927247961 0.4497693509586936
-0.7 0.4596044419873287 0.4691449478300005
-0.6866666666666666 0.5255464032358944 0.5315528434179189
-0.6733333333333333 0.5623959018634729 0.5730496395901925
-0.6599999999999999 0.5182254578514495 0.5217143919111968
-0.6466666666666666 0.4755888260792587 0.47870475593543926
-0.6333333333333333 0.5059053210295138 0.5169263203190848
-0.62 0.579214774176186 0.5883342199753411
-0.6066666666666667 0.5922552061360904 0.6067610879369019
-0.5933333333333333 0.5335123829989846 0.5350930390768646
-0.58 0.5069782048338117 0.5183971278839135
-0.5666666666666667 0.560772942296653 0.5735527487335348
-0.5533333333333333 0.6315458407934703 0.6456477499134756
-0.54 0.6162385739129619 0.6318023737636339
-0.5266666666666666 0.5520450550679699 0.5532954409745352
-0.5133333333333333 0.5482905144728343 0.5648391741002491
-0.49999999999999994 0.6226551064890122 0.6360126009762407
-0.48666666666666664 0.6792908323433683 0.6976138537987597
-0.47333333333333333 0.6360095047933627 0.6488101383949938
-0.45999999999999996 0.5768466409222172 0.5826347209612712
-0.4466666666666666 0.6005645620636632 0.6194754767921261
-0.4333333333333333 0.6887360215648651 0.7041720967208364
-0.42 0.7201124884561353 0.7421125588063037
-0.4066666666666666 0.6544351872130316 0.6623109113430609
-0.39333333333333326 0.6107104892104064 0.6244514856208829
-0.37999999999999995 0.6638912932649151 0.6833524730386011
-0.36666666666666664 0.7551709421868383 0.7746813908232361
-0.35333333333333333 0.7532910653911019 0.7775108584859124
-0.33999999999999997 0.675090671750239 0.6803536796538955
-0.3266666666666666 0.656003968452573 0.6779254953443019
-0.3133333333333333 0.7370619007019764 0.7572448770927829
-0.3 0.8177514514854016 0.8422191418474845
-0.2866666666666666 0.7800227699677444 0.8018043795778047
-0.27333333333333326 0.7017710174591715 0.708645112461688
-0.25999999999999995 0.7144402964197131 0.7400762850875486
-0.24666666666666665 0.8173169090524328 0.8383364145327563
-0.23333333333333328 0.8728992516321238 0.9016302106911714
-0.21999999999999992 0.8032294466338534 0.8188952705834959
-0.2066666666666666 0.7381203193505238 0.7528087121284119
-0.1933333333333333 0.7867490306387674 0.8135908232476149
-0.17999999999999994 0.9004134112217832 0.925327163344738
-0.16666666666666657 0.918675848019551 0.951474517064458
-0.15333333333333327 0.827020208066172 0.8376086728725103
-0.13999999999999996 0.7873670597336668 0.8130101390918608
-0.12666666666666665 0.8722497677145612 0.8998034904029144
-0.11333333333333329 0.9811956787713725 1.0117629516169446
-0.09999999999999992 0.955426072376418 0.9877021322934629
-0.08666666666666661 0.85605402785599 0.8655702641303962
-0.0733333333333333 0.8520730466738504 0.8857289975806545
-0.05999999999999994 0.9684499743494225 0.9981829607797719
-0.04666666666666658 1.0546709526359224 1.0932712114779963
-0.03333333333333327 0.9858248894624293 1.0146630654243989
-0.019999999999999962 0.8950016271335975 0.9130137193595205
-0.006666666666666654 0.9337900545895983 0.9724796067931819
0.00666666666666671 1.0709045305044522 1.1058668781678596
0.02000000000000013 1.1173164044435069 1.1631158285612875
0.03333333333333344 1.0143789335094784 1.036450457849519
0.046666666666666745 0.9481630242121639 0.9795481171126745
0.06000000000000005 1.0325778579030611 1.0729183228800423
0.07333333333333336 1.173608300255004 1.2154737109972216
0.08666666666666678 1.1681505693098895 1.2168220749656964
0.10000000000000009 1.0466534553664761 1.0644775558116981
0.1133333333333334 1.0191647004114146 1.0632937868610257
0.1266666666666667 1.1464606091213603 1.1887566875424258
0.14 1.2700556717958942 1.3206567493676804
0.15333333333333343 1.2091602965038868 1.2545152978237475
0.16666666666666674 1.0885232284660187 1.1103912703713275
0.18000000000000005 1.1106009612218983 1.1621119081884963
0.19333333333333347 1.271053361436104 1.317370682812676
0.20666666666666678 1.3547926723923618 1.4144719079358348
0.22000000000000008 1.2449742775128136 1.282322264506818
0.2333333333333334 1.1456075808636867 1.1814267352507546
0.2466666666666667 1.2235156142301815 1.278209928228336
0.2600000000000001 1.3996970845728023 1.4531898724971208
0.27333333333333343 1.4249662284723499 1.4906077168182548
0.28666666666666674 1.2820138571613124 1.311165509459852
0.30000000000000004 1.222865454024635 1.276296339295293
0.31333333333333335 1.3567381505509952 1.4144830986768946
0.32666666666666677 1.52438102220459 1.5897508057515028
0.3400000000000001 1.4812825029968215 1.5487221516121044
0.3533333333333334 1.327508111994942 1.3581697261805417
0.3666666666666668 1.3242034937204838 1.3928335118193746
0.3800000000000001 1.5062706954359295 1.5705353437506768
0.3933333333333334 1.637437079708439 1.7171244336637095
0.40666666666666673 1.5280351966687262 1.5898532176021223
0.42000000000000004 1.3886719311644231 1.4330501415756396
0.43333333333333346 1.4519350936922373 1.528592779876552
0.44666666666666677 1.665099912928256 1.738551988633159
0.4600000000000001 1.7335630114813156 1.8249381699923055
0.4733333333333335 1.5723035465089397 1.6242576633063226
0.4866666666666668 1.4721235034930071 1.5393681673779944
0.5000000000000001 1.6060255341656768 1.6883718757367236
0.5133333333333334 1.8238506295544294 1.91208600670892
0.5266666666666667 1.811446349930398 1.910005157752563
0.5400000000000001 1.6227481406271718 1.6710129586523947
0.5533333333333335 1.5834163340282732 1.6736061247379301
0.5666666666666668 1.7832529435255708 1.8730821164408662
0.5800000000000001 1.9724713813442964 2.0786839670987076
0.5933333333333334 1.874370739773256 1.970187151491175
0.6066666666666668 1.6884613079622577 1.746166369358944
0.6200000000000001 1.7264752982558076 1.8308026139499636
0.6333333333333334 1.976654441912191 2.0761356406348406
0.6466666666666668 2.1026566335546026 2.2248119356118923
0.6600000000000001 1.9296620512353324 2.0131618700597613
0.6733333333333335 1.7781068401930846 1.8591328839947776
0.6866666666666668 1.902781550483078 2.0140277382288554
0.7000000000000001 2.175784019136112 2.2893426250908435
0.7133333333333335 2.2102217362480867 2.342889905305787
0.7266666666666668 1.9873507409155875 2.0590910740155164
0.7400000000000001 1.8992999557788306 2.009369239949612
0.7533333333333334 2.110339533835245 2.2287961666141087
0.7666666666666667 2.368200786353242 2.5024063469009166
0.7800000000000001 2.2965266873568067 2.4317356301821675
0.7933333333333334 2.0586509795371217 2.1338140188521466
0.8066666666666668 2.0579950037099004 2.193032629680455
0.8200000000000002 2.342743967945468 2.474621121065515
0.8333333333333335 2.5421353734881333 2.7016146220564674
0.8466666666666668 2.368451960218606 2.4964096894820647
0.8600000000000001 2.1547057155034843 2.254849696295393
0.8733333333333334 2.2576332155701717 2.409037540501083
0.8866666666666668 2.5889355333501096 2.740350915510568
0.9000000000000001 2.6896193186265975 2.8702411895159123
0.9133333333333334 2.437111486154478 2.5507872335559725
0.9266666666666667 2.285699234475751 2.423323871140523
0.9400000000000001 2.4979610058994766 2.6602266536953794
0.9533333333333335 2.8342844744867346 3.0104430901556456
0.9666666666666668 2.8089431247985335 2.999505918104142
0.9800000000000001 2.5159785485817583 2.623792284155114
0.9933333333333334 2.460133231305546 2.6342246747260125
