-0.998 0.3940643080628779 0.39407601400893405
-0.994 0.40514200077436513 0.40517550153986726
-0.99 0.41062318223362765 0.4106786170403093
-0.986 0.40966470035267344 0.4097287698653943
-0.982 0.4027142545333905 0.4027676339889904
-0.978 0.39137797270061925 0.3914083023478162
-0.974 0.3779712115684225 0.37797980921394503
-0.97 0.3649624622267511 0.36495996217224946
-0.966 0.3545197826646724 0.3545170455218519
-0.962 0.3482573545661525 0.348259778249139
-0.958 0.34715540466553735 0.34716258399883126
-0.954 0.3515628181513324 0.3515708816904607
-0.95 0.3611990196921392 0.36120326978444683
-0.946 0.3751241378060872 0.3751216885920181
-0.942 0.39171378078113367 0.39170645562940154
-0.938 0.40872877356779397 0.4087249162317129
-0.9339999999999999 0.42357754070645065 0.42358962229326913
-0.9299999999999999 0.4337999543279584 0.43383658497097405
-0.9259999999999999 0.43766733121388196 0.43772447634636563
-0.922 0.43467284742175627 0.4347332739720183
-0.918 0.4256862673789777 0.4257302918687502
-0.914 0.4126978286915893 0.41271641387640523
-0.91 0.39828049876123356 0.39827886832043624
-0.906 0.38501053203995966 0.38500102318618834
-0.902 0.3750425560976657 0.375035332366787
-0.898 0.3699011491063994 0.36989992333702737
-0.894 0.37043219216454204 0.37043507054210634
-0.89 0.37681273443444735 0.3768149685403492
-0.886 0.38854339822498396 0.38854016421687165
-0.882 0.40441093526338273 0.40440024541607755
-0.878 0.42247931701512553 0.4224650384872168
-0.874 0.4402147126848705 0.44020756307327724
-0.87 0.4548360674197358 0.4548492547111314
-0.866 0.4638850745563739 0.4639246739974712
-0.862 0.4658591178953172 0.46591630902272346
-0.858 0.4606494970128795 0.460703705380909
-0.854 0.44957664434677397 0.44960913572158345
-0.85 0.43500731236287543 0.43501316826708747
-0.846 0.41974168462904254 0.41972978829409796
-0.842 0.4064283803934867 0.40641202729378595
-0.838 0.3971792797054836 0.39716739888176983
-0.834 0.39340729756266635 0.39340176833486795
-0.83 0.3958038787417112 0.3958013857621153
-0.8260000000000001 0.4043498851802133 0.40434495639692913
-0.8220000000000001 0.4182961145025462 0.4182840735857445
-0.8180000000000001 0.4361228440903305 0.4361030342192585
-0.8140000000000001 0.4555594519736556 0.4555381809659913
-0.81 0.4737804735336823 0.47377073926165214
-0.806 0.48785458600727655 0.4878694738800167
-0.802 0.4953953051628412 0.4954372290235518
-0.798 0.49520406402708755 0.4952591068009403
-0.794 0.48762736442612725 0.4876725772063433
-0.79 0.47445489038684757 0.47447384861374287
-0.786 0.45841276529062547 0.45840518939531016
-0.782 0.44249266364917433 0.4424705872393845
-0.778 0.429379031297246 0.4293559211564682
-0.774 0.4211123237924314 0.42109542872485356
-0.77 0.4189716527605596 0.4189609509202918
-0.766 0.4234718963122351 0.4234627551046196
-0.762 0.43436970492899024 0.4343561212503373
-0.758 0.4506314840424217 0.4506092738058228
-0.754 0.47039729572833494 0.4703676214931811
-0.75 0.49104385549016416 0.49101579281429863
-0.746 0.509467986738205 0.5094564805636732
-0.742 0.52264093235292 0.5226578499386376
-0.738 0.5283281930420018 0.5283712221255136
-0.734 0.5257147676904375 0.5257649731151459
-0.73 0.5156521832196892 0.5156855399168514
-0.726 0.5004068208620734 0.5004105041227227
-0.722 0.48303794045714193 0.483016499158636
-0.718 0.46668877313738527 0.46665666410641526
-0.714 0.4540427045068751 0.4540127937196131
-0.71 0.4470407767720602 0.4470182931911549
-0.706 0.4468055249420276 0.4467885486624269
-0.702 0.4536503420300234 0.4536330620176667
-0.698 0.46707551643210554 0.4670516424606421
-0.694 0.4857252898939969 0.4856915548895014
-0.69 0.5073665701365877 0.5073264773827677
-0.6859999999999999 0.5290125226814357 0.5289781124977128
-0.6819999999999999 0.5473091836479796 0.5472967312670096
-0.6779999999999999 0.5591973555226588 0.5592162277787773
-0.6739999999999999 0.5626832129278555 0.5627254929988605
-0.6699999999999999 0.557413467967762 0.5574557295420095
-0.6659999999999999 0.5447848692923686 0.5448035530473082
-0.6619999999999999 0.527536152189981 0.5275231286192643
-0.6579999999999999 0.5090252079263828 0.5089896936821451
-0.6539999999999999 0.4925038604602736 0.49246185887269694
-0.6499999999999999 0.4806178246939387 0.48058089746751653
-0.646 0.47518125931607413 0.4751523812630037
-0.642 0.47713601668819255 0.477111418155109
-0.638 0.4865655367674108 0.48653839204591753
-0.634 0.5026771810886181 0.5026412309192927
-0.63 0.523752743260682 0.5237061751549403
-0.626 0.5471557076792471 0.5471049133941963
-0.622 0.5695345149951478 0.569494500988796
-0.618 0.5873262339573824 0.5873136392707483
-0.614 0.5975222785940003 0.5975425148871434
-0.61 0.5984644088527874 0.5985033347996103
-0.606 0.5903347017882536 0.5903653994337517
-0.602 0.5751036435229249 0.5751047807976304
-0.598 0.555966046126202 0.5559351475082535
-0.594 0.5365367734829681 0.5364873693897803
-0.59 0.5201314032801472 0.5200800704884125
-0.586 0.509322059631893 0.5092781780608147
-0.5820000000000001 0.5057686773458671 0.5057323646353445
-0.5780000000000001 0.5102061669296469 0.5101715245041555
-0.5740000000000001 0.5224552738430608 0.522414770315822
-0.5700000000000001 0.5413894028901635 0.5413379749502228
-0.5660000000000001 0.5648862082223375 0.5648253259029707
-0.562 0.5898804461828537 0.5898209633254039
-0.558 0.6126670355505145 0.6126268970406181
-0.554 0.6295323057596157 0.6295260651144002
-0.55 0.637612540976988 0.6376374138441266
-0.546 0.6356833009445293 0.6357145835484646
-0.542 0.6245280028658919 0.624531965470241
-0.538 0.6067060962532638 0.6066611297380646
-0.534 0.5858406204220714 0.585748041032029
-0.53 0.5657559287800762 0.5656335019584916
-0.526 0.5497856866796696 0.5496538626548158
-0.522 0.5403933677424376 0.5402662793727635
-0.518 0.5390568720089233 0.5389406608682588
-0.514 0.5462748504473736 0.5461695261420734
-0.51 0.5615677138062657 0.5614697476091958
-0.506 0.5834296795750391 0.5833355135900914
-0.502 0.6092927424965165 0.6092036081172336
-0.498 0.6356452832378094 0.6355707454812378
-0.494 0.6584549400098691 0.6584098942496608
-0.49 0.6739328954157987 0.6739258970996465
-0.486 0.6794660985785862 0.6794868055124851
-0.482 0.6743619977751741 0.6743816306748827
-0.478 0.660060597970199 0.6600493666544645
-0.474 0.6397111868773787 0.6396581165342057
-0.47 0.6173264440364746 0.61724363674138
-0.46599999999999997 0.596888349902864 0.5967986318394982
-0.46199999999999997 0.5817030343838141 0.5816246962280617
-0.45799999999999996 0.5740910266100423 0.5740304453060372
-0.45399999999999996 0.5753191167862621 0.575271339863731
-0.44999999999999996 0.5856163758780444 0.5855691315084298
-0.44599999999999995 0.6041598868170565 0.6040985979867985
-0.44199999999999995 0.6290159111731892 0.6289298556892973
-0.43799999999999994 0.6571315275372769 0.6570205023882468
-0.43399999999999994 0.68454177713786 0.6844191854640427
-0.42999999999999994 0.7069307791441902 0.706817542283027
-0.42599999999999993 0.7205277547946871 0.7204373508613322
-0.422 0.7230851397139193 0.723011195164454
-0.41800000000000004 0.7145364503076177 0.7144568307269286
-0.41400000000000003 0.6970200641284355 0.6969162641441472
-0.41000000000000003 0.6742611817487046 0.6741343846154779
-0.406 0.6506140386473195 0.6504828888366384
-0.402 0.6301634576322112 0.6300487140279333
-0.398 0.6161430832802907 0.6160546969120639
-0.394 0.6106966046588974 0.6106310374829831
-0.39 0.6148484043035526 0.6147931516861597
-0.386 0.628519724004595 0.6284595278788703
-0.382 0.6504957737059603 0.6504184023427295
-0.378 0.6783636962632529 0.6782657025801282
-0.374 0.708551283086924 0.708442724661767
-0.37 0.736647208959597 0.7365506724226977
-0.366 0.758115458064924 0.7580547768415474
-0.362 0.7693134207575921 0.7692960324310333
-0.358 0.7684795586575431 0.7684872871894148
-0.354 0.7562597838219804 0.7562598860431127
-0.35 0.7355169210269271 0.7354853801600769
-0.346 0.7105235427483397 0.7104586910260553
-0.34199999999999997 0.6859194095855622 0.6858352924570231
-0.33799999999999997 0.6658358471181492 0.6657460640459048
-0.33399999999999996 0.6533900811536307 0.6532977873546684
-0.32999999999999996 0.6505148283287675 0.650413293614744
-0.32599999999999996 0.6579574587726627 0.6578359662952517
-0.32199999999999995 0.6752873697683518 0.6751371502912639
-0.31799999999999995 0.7008439506450268 0.7006630491980306
-0.31399999999999995 0.7316833696373715 0.7314811888142181
-0.30999999999999994 0.7636877821350081 0.7634875125658163
-0.30599999999999994 0.7920237318046375 0.7918572743075596
-0.30199999999999994 0.8120195798706582 0.8119119130932466
-0.298 0.820286327737547 0.8202374138082612
-0.29400000000000004 0.8156707164850435 0.8156519864019698
-0.29000000000000004 0.7996056490157949 0.7995786255859898
-0.28600000000000003 0.7756871449530324 0.7756290238368808
-0.28200000000000003 0.7486927864503038 0.748606021041564
-0.278 0.723485628318928 0.7233868839419504
-0.274 0.7041867872176887 0.7040903938797933
-0.27 0.6937541771375486 0.6936641455426235
-0.266 0.6938742871021085 0.6937858854810733
-0.262 0.7049784049038396 0.7048832902265462
-0.258 0.7262336367580078 0.7261246723929385
-0.254 0.7554748008166519 0.7553506909227485
-0.25 0.789176860871677 0.78904694852785
-0.246 0.8226616004245423 0.8225473935612975
-0.242 0.8507181300305985 0.8506453950710314
-0.238 0.8686455188343712 0.8686263336245656
-0.23399999999999999 0.8734464606506073 0.8734636801886932
-0.22999999999999998 0.864695411423923 0.8647070232618586
-0.22599999999999998 0.8446715423333453 0.8446360093712153
-0.22199999999999998 0.8176946030955003 0.8175955301475228
-0.21799999999999997 0.7889923392864417 0.7888414743931933
-0.21399999999999997 0.7635844851638927 0.7634057762473972
-0.20999999999999996 0.7455257805244014 0.7453387657792607
-0.20599999999999996 0.7375726630427667 0.7373863905823576
-0.20199999999999996 0.7411279090531863 0.7409431554604832
-0.19799999999999995 0.7562620213596163 0.7560756393847632
-0.19399999999999995 0.7816825426765087 0.781491655396387
-0.18999999999999995 0.8146573195546852 0.8144643689537424
-0.18599999999999994 0.8510344803101517 0.8508525423694075
-0.18199999999999994 0.8855762483744896 0.8854293072252795
-0.17799999999999994 0.9127623006623742 0.9126741511806808
-0.17399999999999993 0.9279902414288135 0.9279648538259748
-0.16999999999999993 0.928801484025204 0.9288114096524426
-0.16599999999999998 0.9156099789564301 0.9156086315915968
-0.16200000000000003 0.8915820577204517 0.8915331600728357
-0.15800000000000003 0.8617334188899065 0.8616313337508357
-0.15400000000000003 0.8316764170092199 0.8315412205186206
-0.15000000000000002 0.8065182250099553 0.806375769758897
-0.14600000000000002 0.7901921642503378 0.7900587233995142
-0.14200000000000002 0.7852111116858169 0.7850901274780846
-0.138 0.7926531307743233 0.7925391809286993
-0.134 0.8121765072392879 0.8120604733598887
-0.13 0.8419651091330425 0.8418392765921787
-0.126 0.8786555668094167 0.8785196972849781
-0.122 0.9174317655641562 0.9172982483753046
-0.118 0.9525168407860671 0.9524082999774519
-0.11399999999999999 0.9781745509353329 0.9781088699766121
-0.10999999999999999 0.9900488641493581 0.9900190784612953
-0.10599999999999998 0.9863712658894189 0.9863400561423878
-0.10199999999999998 0.9684944455661934 0.9684147324259016
-0.09799999999999998 0.9404920463814842 0.9403383047994229
-0.09399999999999997 0.9080302894198329 0.9078122371902055
-0.08999999999999997 0.8770319567834458 0.8767817004789084
-0.08599999999999997 0.8526213705705427 0.8523708747339195
-0.08199999999999996 0.8385567197779759 0.8383243503172959
-0.07799999999999996 0.8370643459737366 0.8368538862820003
-0.07399999999999995 0.8488516783006255 0.8486572734777915
-0.06999999999999995 0.8731056946330229 0.872917701517779
-0.06599999999999995 0.9074161295421637 0.9072275935375866
-0.061999999999999944 0.947724851661778 0.9475389791639326
-0.05799999999999994 0.9885265458446777 0.9883612250115488
-0.05399999999999994 1.0235494594133423 1.0234310096679529
-0.04999999999999993 1.0469617805676696 1.0469054273117122
-0.04599999999999993 1.054818907318483 1.0548089401823573
-0.04199999999999998 1.0461927030806908 1.0461839232984471
-0.038000000000000034 1.0234566689722389 1.0234021055216571
-0.03400000000000003 0.991589676529724 0.9914710264099227
-0.030000000000000027 0.9568467838603952 0.9566803297239521
-0.026000000000000023 0.9253806272564723 0.9251983691910023
-0.02200000000000002 0.9022626271468348 0.9020902113033766
-0.018000000000000016 0.8910232450885583 0.8908704909134162
-0.014000000000000012 0.8935571602597236 0.8934201855595181
-0.010000000000000009 0.9101488708772018 0.9100161385408325
-0.006000000000000005 0.9394466499301872 0.9393051356606186
-0.0020000000000000018 0.9783704151279303 0.9782125922200089
0.0020000000000000018 1.0221077666879792 1.0219391288776318
0.006000000000000005 1.0644564010892077 1.0642978415867037
0.010000000000000009 1.0987213542727352 1.0985983809033932
0.014000000000000012 1.1191225860798177 1.119042697973417
0.018000000000000016 1.122305176113122 1.1222416049627162
0.02200000000000002 1.1083247492609039 1.108227225457992
0.026000000000000023 1.0806364111649451 1.080464913427137
0.030000000000000027 1.0450994003089014 1.0448506137892868
0.03400000000000003 1.0084816569487791 1.0081855037018865
0.038000000000000034 0.9770809359268778 0.9767762913579698
0.04200000000000004 0.9558468502555325 0.9555606000866492
0.04600000000000004 0.9480300296684656 0.9477710544708429
0.050000000000000044 0.9551447040003636 0.954908187602536
0.05400000000000005 0.9769923581154163 0.9767667410473331
0.05800000000000005 1.0116066222030684 1.0113807672798591
0.062000000000000055 1.0551585708094096 1.054930017160285
0.06600000000000006 1.102030223448365 1.1018125775078873
0.07000000000000006 1.145336705678358 1.1451584891930207
0.07400000000000007 1.1780621109237475 1.1779500222970436
0.07800000000000007 1.1946512891272707 1.1946047027683564
0.08200000000000007 1.192525176191742 1.1925050613169565
0.08600000000000008 1.172853548499302 1.1728029246822944
0.09000000000000008 1.1402093073866364 1.1400909196753322
0.09400000000000008 1.1012848488115172 1.1011016552094732
0.09800000000000009 1.063273213045735 1.0630565568544355
0.10200000000000009 1.032530444111517 1.032313534223244
0.1060000000000001 1.0138170429146591 1.0136176835093198
0.1100000000000001 1.0100511562721624 1.0098700113035561
0.1140000000000001 1.022312427821597 1.0221392588097415
0.1180000000000001 1.0498502044066205 1.0496710972891625
0.12200000000000011 1.0899993193336524 1.089804017026513
0.1260000000000001 1.138102389348322 1.1378926949845818
0.13000000000000012 1.18769767197323 1.1874932725707188
0.13400000000000012 1.231259450484666 1.231092087153206
0.13800000000000012 1.2615858831253528 1.2614772419353286
0.14200000000000013 1.2735428537849394 1.2734792732572358
0.14600000000000013 1.2655149535033778 1.265445065216458
0.15000000000000013 1.239897585684013 1.239762894350429
0.15400000000000003 1.2023907129603195 1.202164128933475
0.15799999999999992 1.160451687353858 1.1601491902024479
0.16199999999999992 1.1216017542532721 1.121262180694569
0.16599999999999993 1.0921680879229319 1.0918256452596462
0.16999999999999993 1.0766563331340069 1.0763272002888473
0.17399999999999993 1.0775975385908305 1.0772814787005611
0.17799999999999994 1.0955754847393666 1.0952632628033618
0.18199999999999994 1.1292082435990576 1.1288893150375645
0.18599999999999994 1.1750405220192244 1.1747113127744062
0.18999999999999995 1.22750999223407 1.2271828218431544
0.19399999999999995 1.2792917142245042 1.278998258403899
0.19799999999999995 1.3222930303999516 1.3220724009797342
0.20199999999999996 1.3492947543663967 1.3491657610256602
0.20599999999999996 1.3557986217583242 1.3557363252533006
0.20999999999999996 1.3413352376581824 1.3412786116704647
0.21399999999999997 1.3096127795018833 1.3095036780901532
0.21799999999999997 1.2674394290119368 1.2672585122088322
0.22199999999999998 1.222950471012474 1.2227189035917823
0.22599999999999998 1.1838921401774363 1.1836452349981872
0.22999999999999998 1.156476589083856 1.1562382399903348
0.23399999999999999 1.1448898645202894 1.1446644312476077
0.238 1.1512175891287533 1.1509951562754661
0.242 1.1754774756757942 1.1752426295199998
0.246 1.2155666430570486 1.2153068690820072
0.25 1.267143082344635 1.2668578477102495
0.254 1.3236708873929637 1.3233800662284971
0.258 1.3769673413422674 1.3767106269655351
0.262 1.4184831663551483 1.4183011479361194
0.266 1.4411832497445505 1.4410856850380505
0.27 1.441432762431833 1.4413805700116686
0.274 1.420077766512914 1.4200025527421378
0.278 1.3821974630284963 1.3820465235735486
0.28200000000000003 1.3356613261110635 1.3354271262245125
0.28600000000000003 1.2891795442356464 1.2888903957329838
0.29000000000000004 1.2506164772983572 1.2503058110248162
0.29400000000000004 1.225984922333958 1.2256692264246793
0.29800000000000004 1.2190865142884022 1.2187624666574257
0.30200000000000005 1.2314973983254007 1.2311500085776852
0.30600000000000005 1.2625884299217733 1.2622008170052077
0.31000000000000005 1.3094356403140897 1.3089984109188564
0.31400000000000006 1.366711396619018 1.3662328654553404
0.31800000000000006 1.4268511543541809 1.426364891721085
0.32200000000000006 1.4808510343426637 1.480410134663513
0.32600000000000007 1.5198551010659191 1.5195058883493422
0.33000000000000007 1.5372439742366706 1.5369920685862926
0.3340000000000001 1.5304793091355042 1.5302795758138523
0.3380000000000001 1.5018716765223277 1.5016592081236166
0.3420000000000001 1.4578972194476996 1.45763432887209
0.3460000000000001 1.4074129002565485 1.4071086604915504
0.3500000000000001 1.3595880277013908 1.359278333156721
0.3540000000000001 1.3222969426540263 1.3220119472487846
0.3580000000000001 1.30127078688586 1.3010176832428002
0.3620000000000001 1.2998603339263681 1.299625282883043
0.3660000000000001 1.3190602953176582 1.3188186395648445
0.3700000000000001 1.3575019192869138 1.3572287998092007
0.3740000000000001 1.4113304482963203 1.411011494264144
0.3780000000000001 1.4741354903106891 1.4737781890204604
0.3820000000000001 1.5372890038975484 1.5369285352410373
0.3860000000000001 1.5910399655058236 1.5907274837142666
0.3900000000000001 1.6264171672246828 1.6261874471020192
0.39400000000000013 1.6374743078169667 1.6373139605992635
0.39800000000000013 1.6229996361820525 1.6228493749961883
0.40200000000000014 1.5868898583193305 1.5866869394631895
0.406 1.5370095641942847 1.5367327944853357
0.4099999999999999 1.4831048072595374 1.48278112086297
0.4139999999999999 1.4346789302979623 1.4343532492022235
0.4179999999999999 1.3995087298478432 1.3992110013886878
0.42199999999999993 1.3829630081951882 1.382695757364734
0.42599999999999993 1.3878715890478748 1.387615448834045
0.42999999999999994 1.414565654095015 1.4142907996848872
0.43399999999999994 1.4608312208220562 1.4605088728104074
0.43799999999999994 1.521765366741247 1.5213802199823678
0.44199999999999995 1.5897849040652745 1.5893475268460544
0.44599999999999995 1.6551909880485107 1.6547408902943195
0.44999999999999996 1.7076025213616153 1.7071895976361373
0.45399999999999996 1.7381657776053212 1.737813278805134
0.45799999999999996 1.7418840456450142 1.7415624456605894
0.46199999999999997 1.7190902245495059 1.7187336081722036
0.46599999999999997 1.6753551986108244 1.6749122263261433
0.47 1.619888487947092 1.6193606232920446
0.474 1.5632054285017252 1.562639313478983
0.478 1.5150124141255723 1.5144624250824614
0.482 1.4828830854928905 1.482381171376954
0.486 1.4717437736657606 1.4712928975690824
0.49 1.4838272575833036 1.4834102134790177
0.494 1.5187068077657853 1.5182983506534158
0.498 1.5732044685461422 1.572783178645651
0.502 1.6412471875220427 1.6408084835171326
0.506 1.7140026210671766 1.7135696929276432
0.51 1.7807291541425552 1.7803497599785034
0.514 1.8305803373174634 1.8302991053898428
0.518 1.8550918315413785 1.854909978485379
0.522 1.8505038360807942 1.850362926048926
0.526 1.8188905681399559 1.8187054676057017
0.53 1.767546655951573 1.7672633430439069
0.534 1.7069488955537868 1.7065738466327716
0.538 1.6482445226371345 1.6478245816950423
0.542 1.6012092258651451 1.6007908398820998
0.546 1.5731103814024237 1.5727146039597866
0.55 1.5683505824206976 1.5679722110452303
0.554 1.5884808306912306 1.5880994495302287
0.558 1.6322079399970424 1.6318002226797896
0.562 1.6952587706052147 1.6948107732017985
0.5660000000000001 1.770268038844388 1.769788644335602
0.5700000000000001 1.8470993238167963 1.8466285788689651
0.5740000000000001 1.9140394404371308 1.913637495817452
0.5780000000000001 1.9599919891558102 1.959702358517002
0.5820000000000001 1.9771884752684192 1.9769975326000813
0.5860000000000001 1.9633942435612124 1.963227910649623
0.5900000000000001 1.9225910869707499 1.9223625044669048
0.5940000000000001 1.8638051470515722 1.8634728562888219
0.5980000000000001 1.798670992532164 1.7982545815308804
0.6020000000000001 1.738817013702569 1.7383649360408113
0.6060000000000001 1.6939542889326675 1.69350280343635
0.6100000000000001 1.6709431424951853 1.6704982300156164
0.6140000000000001 1.6735777657580404 1.6731201480828384
0.6180000000000001 1.7026312502032097 1.7021299276422153
0.6220000000000001 1.755819838256019 1.7552457554448653
0.6260000000000001 1.8276333152796418 1.8269736982983802
0.6300000000000001 1.9092978755097079 1.9085710065496149
0.6340000000000001 1.9893483086587709 1.9886087736975018
0.6380000000000001 2.0552215979859314 2.0545405562111316
0.6420000000000001 2.095838429764774 2.0952591487608925
0.6460000000000001 2.1044600989510713 2.1039610718102666
0.6500000000000001 2.0806552495983826 2.080161999242364
0.6540000000000001 2.030440937184613 2.029884751480494
0.6580000000000001 1.964539249585892 1.9639088979173784
0.6620000000000001 1.8956046819704382 1.8949450863384771
0.666 1.8355869561849578 1.8349570202218335
0.6699999999999999 1.7940004278078099 1.7934347001271316
0.6739999999999999 1.7771989229901108 1.7766970834908786
0.6779999999999999 1.7882774124805028 1.787814066749556
0.6819999999999999 1.8271208119233455 1.8266603859162074
0.6859999999999999 1.890314420027797 1.8898255492915188
0.69 1.9709615470542152 1.9704326303056605
0.694 2.058776886454145 2.058230219170637
0.698 2.1409814148230155 2.140472423863508
0.702 2.2043408928672608 2.2039283336711204
0.706 2.238110193757673 2.237807236157378
0.71 2.2369324051838917 2.2366805602090727
0.714 2.202436004529741 2.202137265959544
0.718 2.142755638361193 2.1423414215160963
0.722 2.0702307546558574 2.069703847781663
0.726 1.99837403950101 1.9977903732708377
0.73 1.9392917019299392 1.9387112643488316
0.734 1.9021721691273494 1.901625161816142
0.738 1.8927628946738804 1.8922457953988658
0.742 1.9133595133814303 1.9128477497441856
0.746 1.9628318678124508 1.9622950092902076
0.75 2.0364779821993526 2.0358947202593933
0.754 2.125862561458097 2.125237216927167
0.758 2.2191081524740106 2.2184826383565865
0.762 2.3021863372434725 2.3016308507311005
0.766 2.3614317944317094 2.3610038508478843
0.77 2.3867963224029753 2.3864898397109826
0.774 2.3746633463353723 2.37439683700782
0.778 2.3289446552124025 2.3286124194682456
0.782 2.2599244736695554 2.2594690267426993
0.786 2.1814401249625277 2.1808790734484624
0.79 2.107681931963328 2.1070740373654884
0.794 2.050746272569972 2.050140217816776
0.798 2.0193695339812483 2.0187777778053118
0.802 2.0185899817344666 2.0179921334922764
0.806 2.0497911235892015 2.049149748106979
0.81 2.1106821742599897 2.109959364721324
0.8140000000000001 2.195103176254213 2.1942777246506937
0.8180000000000001 2.292931942342553 2.2920177013353475
0.8220000000000001 2.390650941592509 2.38970595304809
0.8260000000000001 2.4731056855730613 2.472213133551465
0.8300000000000001 2.52650379066287 2.5257210261382648
0.8340000000000001 2.541894891618549 2.541204972374587
0.8380000000000001 2.517754704478842 2.5170720474884303
0.8420000000000001 2.4604580985014937 2.4596950138445575
0.8460000000000001 2.3824176550007756 2.3815517374543047
0.8500000000000001 2.2988119316160285 2.2978928463912816
0.8540000000000001 2.224314836134291 2.2234164743203513
0.8580000000000001 2.1708479147043116 2.1700189396972593
0.8620000000000001 2.146571702874149 2.1458185929669726
0.8660000000000001 2.1557063480784073 2.15500330296092
0.8700000000000001 2.198594332399704 2.1979011765779264
0.8740000000000001 2.271618760538461 2.2708983635875883
0.8780000000000001 2.3669797780046107 2.366216598172796
0.8820000000000001 2.472732344264446 2.4719502889264153
0.8860000000000001 2.5737150716455015 2.572979818864958
0.8900000000000001 2.653838123334356 2.6532254228296495
0.8940000000000001 2.6995493943350652 2.6990863237130007
0.8980000000000001 2.7034249620899584 2.703051469787725
0.9020000000000001 2.6663640798661445 2.665962578225868
0.9060000000000001 2.597331544936053 2.5968085182015237
0.9100000000000001 2.5107932803897883 2.510137895144248
0.9140000000000001 2.423080351962071 2.4223511122361954
0.918 2.3491478974813282 2.3484149439212914
0.9219999999999999 2.3005807837583103 2.299881105183445
0.9259999999999999 2.284840399731169 2.284169384341913
0.9299999999999999 2.305210016790336 2.304535716820072
0.9339999999999999 2.3608428301750397 2.360124705353502
0.938 2.446610233165135 2.4458175101159947
0.942 2.5528843994353636 2.552016315163119
0.946 2.665784201060742 2.6648864945915487
0.95 2.7685567941251064 2.7677151360583516
0.954 2.8444418703275494 2.8437367461024134
0.958 2.88055431821215 2.8799977065699176
0.962 2.8714397180377342 2.870951275332312
0.966 2.820717062624018 2.820176661623351
0.97 2.740007818608754 2.739343649817378
0.974 2.64570414199118 2.6449341963436357
0.978 2.555074811951515 2.5542728160149286
0.982 2.483150245472839 2.482382796817183
0.986 2.4410206667528755 2.440310912673961
0.99 2.4353228051090436 2.434650766050616
0.994 2.468270379493258 2.467591723321775
0.998 2.5376568736096687 2.536921590468979
