-0.9933333333333334 0.4064820503519311 0.40584852209361644
-0.98 0.39745966855070874 0.3984108327572576
-0.9666666666666667 0.35600578422951235 0.34893805152491486
-0.9533333333333334 0.35282273498008415 0.3555401581857154
-0.94 0.40032650535307923 0.4001984911898834
-0.9266666666666667 0.4375028809200964 0.4397070005115474
-0.9133333333333333 0.4103218115712467 0.4099322401919787
-0.8999999999999999 0.371799827981095 0.3675842451357403
-0.8866666666666667 0.38625913512260796 0.39037872251707767
-0.8733333333333333 0.44294174673871833 0.4438828581163007
-0.86 0.4641005000380445 0.46896977682550656
-0.8466666666666667 0.4222167123489807 0.41930298191682924
-0.8333333333333333 0.3933700818724979 0.39440094683814475
-0.8200000000000001 0.4268498878590554 0.43119221117738593
-0.8066666666666666 0.48590982883696204 0.489118933834207
-0.7933333333333333 0.4857549968109915 0.49216722363989174
-0.78 0.43544018256149747 0.43093609580958925
-0.7666666666666666 0.4222614930974185 0.4285285439935393
-0.7533333333333333 0.47385739781059893 0.4785528060582867
-0.74 0.5265097790148362 0.5332082475005422
-0.7266666666666667 0.5031824425412151 0.5091540527403002
-0.7133333333333334 0.4524432927247961 0.4497726221256009
-0.7 0.4596044419873287 0.4691657950946384
-0.6866666666666666 0.5255464032358944 0.5316068661553089
-0.6733333333333333 0.5623959018634729 0.5731448689809557
-0.6599999999999999 0.5182254578514495 0.5218454697457688
-0.6466666666666666 0.4755888260792587 0.478869532625762
-0.6333333333333333 0.5059053210295138 0.5171346668751434
-0.62 0.579214774176186 0.5885460858222749
-0.6066666666666667 0.5922552061360904 0.6067937060164658
-0.5933333333333333 0.5335123829989846 0.5348887679814849
-0.58 0.5069782048338117 0.5180797008087614
-0.5666666666666667 0.560772942296653 0.5731653792065481
-0.5533333333333333 0.6315458407934703 0.6453551795092206
-0.54 0.6162385739129619 0.6317629810747163
-0.5266666666666666 0.5520450550679699 0.5534335712245328
-0.5133333333333333 0.5482905144728343 0.5650430478294293
-0.49999999999999994 0.6226551064890122 0.6362214937367289
-0.48666666666666664 0.6792908323433683 0.6977185439493323
-0.47333333333333333 0.6360095047933627 0.648775796730956
-0.45999999999999996 0.5768466409222172 0.582575924115675
-0.4466666666666666 0.6005645620636632 0.6194367925654892
-0.4333333333333333 0.6887360215648651 0.7041952559316927
-0.42 0.7201124884561353 0.742187882670695
-0.4066666666666666 0.6544351872130316 0.6623367086855974
-0.39333333333333326 0.6107104892104064 0.624369717446245
-0.37999999999999995 0.6638912932649151 0.683103467372036
-0.36666666666666664 0.7551709421868383 0.7742190726101814
-0.35333333333333333 0.7532910653911019 0.7769098001523853
-0.33999999999999997 0.675090671750239 0.6798076904220611
-0.3266666666666666 0.656003968452573 0.6774332229616826
-0.3133333333333333 0.7370619007019764 0.7568100222067384
-0.3 0.8177514514854016 0.8418950813279644
-0.2866666666666666 0.7800227699677444 0.8016622175447078
-0.27333333333333326 0.7017710174591715 0.7086653038857195
-0.25999999999999995 0.7144402964197131 0.7402392583201363
-0.24666666666666665 0.8173169090524328 0.8386655059666347
-0.23333333333333328 0.8728992516321238 0.902071090776968
-0.21999999999999992 0.8032294466338534 0.8192978610652195
-0.2066666666666666 0.7381203193505238 0.7531042022966652
-0.1933333333333333 0.7867490306387674 0.813766043964577
-0.17999999999999994 0.9004134112217832 0.9253342508224496
-0.16666666666666657 0.918675848019551 0.9513170054481873
-0.15333333333333327 0.827020208066172 0.8374377228892195
-0.13999999999999996 0.7873670597336668 0.8129275417764736
-0.12666666666666665 0.8722497677145612 0.8998746615717221
-0.11333333333333329 0.9811956787713725 1.0120435823303184
-0.09999999999999992 0.955426072376418 0.9880945892589774
-0.08666666666666661 0.85605402785599 0.8658969913623795
-0.0733333333333333 0.8520730466738504 0.885976523841463
-0.05999999999999994 0.9684499743494225 0.9982919408112777
-0.04666666666666658 1.0546709526359224 1.0932016605020143
-0.03333333333333327 0.9858248894624293 1.0144259009453351
-0.019999999999999962 0.8950016271335975 0.9126956256550732
-0.006666666666666654 0.9337900545895983 0.9720700123792546
0.00666666666666671 1.0709045305044522 1.1053912261697656
0.02000000000000013 1.1173164044435069 1.1626814171911874
0.03333333333333344 1.0143789335094784 1.0361364824127166
0.046666666666666745 0.9481630242121639 0.9792735278664891
0.06000000000000005 1.0325778579030611 1.0726049039314685
0.07333333333333336 1.173608300255004 1.2150622269861129
0.08666666666666678 1.1681505693098895 1.216352264501473
0.10000000000000009 1.0466534553664761 1.0640769800505434
0.1133333333333334 1.0191647004114146 1.0629590328128704
0.1266666666666667 1.1464606091213603 1.1885026181647458
0.14 1.2700556717958942 1.320531591513911
0.15333333333333343 1.2091602965038868 1.2545248707547278
0.16666666666666674 1.0885232284660187 1.1104582184971623
0.18000000000000005 1.1106009612218983 1.1621929099755919
0.19333333333333347 1.271053361436104 1.3174363579122832
0.20666666666666678 1.3547926723923618 1.4145189125192699
0.22000000000000008 1.2449742775128136 1.2823946685228935
0.2333333333333334 1.1456075808636867 1.1815799881272337
0.2466666666666667 1.2235156142301815 1.2784887925083892
0.2600000000000001 1.3996970845728023 1.4536402193727898
0.27333333333333343 1.4249662284723499 1.4911603899861592
0.28666666666666674 1.2820138571613124 1.3116679882737463
0.30000000000000004 1.222865454024635 1.276735387463329
0.31333333333333335 1.3567381505509952 1.414839986382598
0.32666666666666677 1.52438102220459 1.5899689789011222
0.3400000000000001 1.4812825029968215 1.5487417155956535
0.3533333333333334 1.327508111994942 1.3580562924356618
0.3666666666666668 1.3242034937204838 1.39263427423472
0.3800000000000001 1.5062706954359295 1.5702663224820723
0.3933333333333334 1.637437079708439 1.7168765501417043
0.40666666666666673 1.5280351966687262 1.5897182168303794
0.42000000000000004 1.3886719311644231 1.4330085807273019
0.43333333333333346 1.4519350936922373 1.5285979607447855
0.44666666666666677 1.665099912928256 1.7385555417238217
0.4600000000000001 1.7335630114813156 1.8248626123919702
0.4733333333333335 1.5723035465089397 1.6240371097588648
0.4866666666666668 1.4721235034930071 1.5389774135105432
0.5000000000000001 1.6060255341656768 1.6876798545286071
0.5133333333333334 1.8238506295544294 1.911019140890351
0.5266666666666667 1.811446349930398 1.9086929466170621
0.5400000000000001 1.6227481406271718 1.6697189182760412
0.5533333333333335 1.5834163340282732 1.6722380303251625
0.5666666666666668 1.7832529435255708 1.8715337594908859
0.5800000000000001 1.9724713813442964 2.0770592093793603
0.5933333333333334 1.874370739773256 1.9688286289030223
0.6066666666666668 1.6884613079622577 1.7451799186305479
0.6200000000000001 1.7264752982558076 1.8300117358659913
0.6333333333333334 1.976654441912191 2.0755472033457063
0.6466666666666668 2.1026566335546026 2.224487726438677
0.6600000000000001 1.9296620512353324 2.0131540297260546
0.6733333333333335 1.7781068401930846 1.859365593250312
0.6866666666666668 1.902781550483078 2.014535378363836
0.7000000000000001 2.175784019136112 2.2901574766908466
0.7133333333333335 2.2102217362480867 2.3439078392822594
0.7266666666666668 1.9873507409155875 2.0601024562603385
0.7400000000000001 1.8992999557788306 2.0104085113139947
0.7533333333333334 2.110339533835245 2.2299388636938158
0.7666666666666667 2.368200786353242 2.503597598093858
0.7800000000000001 2.2965266873568067 2.432726000142229
0.7933333333333334 2.0586509795371217 2.134492319646821
0.8066666666666668 2.0579950037099004 2.193500005066387
0.8200000000000002 2.342743967945468 2.4748383377269856
0.8333333333333335 2.5421353734881333 2.701564613791085
0.8466666666666668 2.368451960218606 2.496133073625498
0.8600000000000001 2.1547057155034843 2.2544798208268246
0.8733333333333334 2.2576332155701717 2.4085663617080284
0.8866666666666668 2.5889355333501096 2.739830591195449
0.9000000000000001 2.6896193186265975 2.86983019568929
0.9133333333333334 2.437111486154478 2.550639132838695
0.9266666666666667 2.285699234475751 2.423413106215073
0.9400000000000001 2.4979610058994766 2.6606140434103684
0.9533333333333335 2.8342844744867346 3.0111680379440617
0.9666666666666668 2.8089431247985335 3.0004545044191477
0.9800000000000001 2.5159785485817583 2.6247577828307054
0.9933333333333334 2.460133231305546 2.635247052049029
