-0.9933333333333334 0.4064820503519311 0.4088503051489616
-0.98 0.39745966855070874 0.40077828698358675
-0.9666666666666667 0.35600578422951235 0.3531134625310197
-0.9533333333333334 0.35282273498008415 0.3668486456059717
-0.94 0.40032650535307923 0.39908693273547
-0.9266666666666667 0.4375028809200964 0.4437609226619695
-0.9133333333333333 0.4103218115712467 0.41118239392016087
-0.8999999999999999 0.371799827981095 0.37658835035594596
-0.8866666666666667 0.38625913512260796 0.39688998304055634
-0.8733333333333333 0.44294174673871833 0.44393004088775845
-0.86 0.4641005000380445 0.4728337514693922
-0.8466666666666667 0.4222167123489807 0.4200129618108188
-0.8333333333333333 0.3933700818724979 0.40820623776578996
-0.8200000000000001 0.4268498878590554 0.43204871352219903
-0.8066666666666666 0.48590982883696204 0.49110359651159374
-0.7933333333333333 0.4857549968109915 0.4948496796712708
-0.78 0.43544018256149747 0.4331902697848059
-0.7666666666666666 0.4222614930974185 0.443357600147333
-0.7533333333333333 0.47385739781059893 0.4763455248521413
-0.74 0.5265097790148362 0.5368139157186494
-0.7266666666666667 0.5031824425412151 0.5103617539883689
-0.7133333333333334 0.4524432927247961 0.4569463957840094
-0.7 0.4596044419873287 0.4797288108979745
-0.6866666666666666 0.5255464032358944 0.529633766903824
-0.6733333333333333 0.5623959018634729 0.5770700443714784
-0.6599999999999999 0.5182254578514495 0.5216657659059065
-0.6466666666666666 0.4755888260792587 0.4923898771697423
-0.6333333333333333 0.5059053210295138 0.5197400171730978
-0.62 0.579214774176186 0.5874096699671549
-0.6066666666666667 0.5922552061360904 0.6074123037632806
-0.5933333333333333 0.5335123829989846 0.5319836816374175
-0.58 0.5069782048338117 0.5313789188270531
-0.5666666666666667 0.560772942296653 0.564219122516985
-0.5533333333333333 0.6315458407934703 0.6406614385973688
-0.54 0.6162385739129619 0.6260200995260408
-0.5266666666666666 0.5520450550679699 0.5517443199370438
-0.5133333333333333 0.5482905144728343 0.5743220335064314
-0.49999999999999994 0.6226551064890122 0.6252821551476224
-0.48666666666666664 0.6792908323433683 0.6941448737316189
-0.47333333333333333 0.6360095047933627 0.6414581000294106
-0.45999999999999996 0.5768466409222172 0.5886666983400766
-0.4466666666666666 0.6005645620636632 0.620066936177762
-0.4333333333333333 0.6887360215648651 0.6938033571494653
-0.42 0.7201124884561353 0.7367510092909062
-0.4066666666666666 0.6544351872130316 0.6530195405052105
-0.39333333333333326 0.6107104892104064 0.6359369861442734
-0.37999999999999995 0.6638912932649151 0.6726050102493002
-0.36666666666666664 0.7551709421868383 0.7645797266295676
-0.35333333333333333 0.7532910653911019 0.7683273638912544
-0.33999999999999997 0.675090671750239 0.6726429838971831
-0.3266666666666666 0.656003968452573 0.6896934367853513
-0.3133333333333333 0.7370619007019764 0.7417609645847207
-0.3 0.8177514514854016 0.8350346649706477
-0.2866666666666666 0.7800227699677444 0.7918023193721152
-0.27333333333333326 0.7017710174591715 0.7102277246364644
-0.25999999999999995 0.7144402964197131 0.7459525058167167
-0.24666666666666665 0.8173169090524328 0.8244599772855117
-0.23333333333333328 0.8728992516321238 0.8963016598169409
-0.21999999999999992 0.8032294466338534 0.8085334632317627
-0.2066666666666666 0.7381203193505238 0.7651667368949043
-0.1933333333333333 0.7867490306387674 0.8076644722542041
-0.17999999999999994 0.9004134112217832 0.9134519273834798
-0.16666666666666657 0.918675848019551 0.9429273363807096
-0.15333333333333327 0.827020208066172 0.826828910758326
-0.13999999999999996 0.7873670597336668 0.8294488343685757
-0.12666666666666665 0.8722497677145612 0.8835465390908188
-0.11333333333333329 0.9811956787713725 1.0027001435439882
-0.09999999999999992 0.955426072376418 0.9770813572967925
-0.08666666666666661 0.85605402785599 0.8622679371357572
-0.0733333333333333 0.8520730466738504 0.8982986475912835
-0.05999999999999994 0.9684499743494225 0.9791388035764566
-0.04666666666666658 1.0546709526359224 1.084857692030455
-0.03333333333333327 0.9858248894624293 0.9998615309519732
-0.019999999999999962 0.8950016271335975 0.9197698133000618
-0.006666666666666654 0.9337900545895983 0.9689324844271786
0.00666666666666671 1.0709045305044522 1.0856110502396583
0.02000000000000013 1.1173164044435069 1.1505412851141061
0.03333333333333344 1.0143789335094784 1.018939309636886
0.046666666666666745 0.9481630242121639 0.9955131186900521
0.06000000000000005 1.0325778579030611 1.0541058142570747
0.07333333333333336 1.173608300255004 1.1984949638174804
0.08666666666666678 1.1681505693098895 1.2011048839177796
0.10000000000000009 1.0466534553664761 1.0518820563170297
0.1133333333333334 1.0191647004114146 1.080388135463565
0.1266666666666667 1.1464606091213603 1.1632282977747068
0.14 1.2700556717958942 1.3080425363220085
0.15333333333333343 1.2091602965038868 1.2371282361211806
0.16666666666666674 1.0885232284660187 1.11183751565105
0.18000000000000005 1.1106009612218983 1.1682879076025363
0.19333333333333347 1.271053361436104 1.2928027356001022
0.20666666666666678 1.3547926723923618 1.4021627209967504
0.22000000000000008 1.2449742775128136 1.2623665265911055
0.2333333333333334 1.1456075808636867 1.1980449966997526
0.2466666666666667 1.2235156142301815 1.2651257387424615
0.2600000000000001 1.3996970845728023 1.4326547812655894
0.27333333333333343 1.4249662284723499 1.4758955118234174
0.28666666666666674 1.2820138571613124 1.293839737036665
0.30000000000000004 1.222865454024635 1.3013914767153545
0.31333333333333335 1.3567381505509952 1.3874195715059134
0.32666666666666677 1.52438102220459 1.5736275006775478
0.3400000000000001 1.4812825029968215 1.5291782979458584
0.3533333333333334 1.327508111994942 1.3509800389817137
0.3666666666666668 1.3242034937204838 1.4086568823877754
0.3800000000000001 1.5062706954359295 1.537129080063981
0.3933333333333334 1.637437079708439 1.7003430492425387
0.40666666666666673 1.5280351966687262 1.5637483442465032
0.42000000000000004 1.3886719311644231 1.442203135579199
0.43333333333333346 1.4519350936922373 1.5195258929494178
0.44666666666666677 1.665099912928256 1.7034395808517253
0.4600000000000001 1.7335630114813156 1.8008226092786583
0.4733333333333335 1.5723035465089397 1.5929763939000334
0.4866666666666668 1.4721235034930071 1.5607263999571177
0.5000000000000001 1.6060255341656768 1.653781241274241
0.5133333333333334 1.8238506295544294 1.8805683273179707
0.5266666666666667 1.811446349930398 1.8794997119244543
0.5400000000000001 1.6227481406271718 1.6466085566216881
0.5533333333333335 1.5834163340282732 1.6940243049527823
0.5666666666666668 1.7832529435255708 1.8259296518622652
0.5800000000000001 1.9724713813442964 2.0508941268773677
0.5933333333333334 1.874370739773256 1.934835105113113
0.6066666666666668 1.6884613079622577 1.7425787045983545
0.6200000000000001 1.7264752982558076 1.8321891985843832
0.6333333333333334 1.976654441912191 2.030741617787279
0.6466666666666668 2.1026566335546026 2.198828423646482
0.6600000000000001 1.9296620512353324 1.9764999918174038
0.6733333333333335 1.7781068401930846 1.8815345386364657
0.6866666666666668 1.902781550483078 1.9874497632889636
0.7000000000000001 2.175784019136112 2.2518754821573195
0.7133333333333335 2.2102217362480867 2.313541264212274
0.7266666666666668 1.9873507409155875 2.0270410615931618
0.7400000000000001 1.8992999557788306 2.0432997052984136
0.7533333333333334 2.110339533835245 2.179798414082657
0.7666666666666667 2.368200786353242 2.4707259691072947
0.7800000000000001 2.2965266873568067 2.3944746943434874
0.7933333333333334 2.0586509795371217 2.1182114934895706
0.8066666666666668 2.0579950037099004 2.2109696155994234
0.8200000000000002 2.342743967945468 2.41617394234235
0.8333333333333335 2.5421353734881333 2.6680446678165453
0.8466666666666668 2.368451960218606 2.4485608046095466
0.8600000000000001 2.1547057155034843 2.2648761287610926
0.8733333333333334 2.2576332155701717 2.38821381071869
0.8866666666666668 2.5889355333501096 2.682903863054314
0.9000000000000001 2.6896193186265975 2.830229608186401
0.9133333333333334 2.437111486154478 2.5008844072049787
0.9266666666666667 2.285699234475751 2.4572261120233962
0.9400000000000001 2.4979610058994766 2.6047246294090467
0.9533333333333335 2.8342844744867346 2.9619246532315895
0.9666666666666668 2.8089431247985335 2.9522120996198673
0.9800000000000001 2.5159785485817583 2.58748945648046
0.9933333333333334 2.460133231305546 2.6662095167064668
