-0.99 0.41062318223362765 0.3586101820475192
-0.97 0.3649624622267511 0.3061469508138136
-0.95 0.3611990196921392 0.3535196348233095
-0.9299999999999999 0.4337999543279584 0.4180275999549127
-0.91 0.39828049876123356 0.340715711999775
-0.89 0.37681273443444735 0.38697004439119964
-0.87 0.4548360674197358 0.5150354596865501
-0.85 0.43500731236287543 0.40795171592534074
-0.8300000000000001 0.39580387874171113 0.4399348299455363
-0.81 0.4737804735336823 0.635710836820516
-0.79 0.47445489038684757 0.5124090301727723
-0.77 0.4189716527605596 0.5204167568643276
-0.75 0.49104385549016416 0.7711152691094596
-0.73 0.5156521832196892 0.6542375970053476
-0.71 0.4470407767720602 0.6295959278785109
-0.69 0.5073665701365877 0.8815731169787656
-0.6699999999999999 0.557413467967762 0.816812486258942
-0.6499999999999999 0.4806178246939387 0.7499220536951569
-0.63 0.523752743260682 0.9789916201834983
-0.61 0.5984644088527874 0.9516773985831427
-0.5900000000000001 0.5201314032801474 0.8611974034862142
-0.5700000000000001 0.5413894028901635 1.04515437108024
-0.55 0.637612540976988 1.07379817435285
-0.53 0.5657559287800762 0.9196606377782595
-0.51 0.5615677138062657 1.0630525034763156
-0.49 0.6739328954157987 1.2500527602439646
-0.47 0.6173264440364746 1.0218781222346487
-0.44999999999999996 0.5856163758780444 1.1634850546630655
-0.43 0.7069307791441899 1.5358362971100097
-0.41000000000000003 0.6742611817487046 1.2174335104007636
-0.39 0.6148484043035526 1.3160954147806552
-0.37 0.736647208959597 1.8839540878086847
-0.35 0.7355169210269271 1.5156192775409993
-0.32999999999999996 0.6505148283287675 1.5398953410394285
-0.30999999999999994 0.7636877821350081 2.2635621801329426
-0.29 0.7996056490157945 1.9096707668890147
-0.27 0.6937541771375486 1.8354201069841336
-0.25 0.789176860871677 2.5625046376117178
-0.22999999999999998 0.864695411423923 2.353354442362847
-0.20999999999999996 0.7455257805244014 2.1528993263303002
-0.18999999999999995 0.8146573195546852 2.801454229060343
-0.16999999999999998 0.9288014840252041 2.7023640292629434
-0.15000000000000002 0.8065182250099553 2.423403201914649
-0.13 0.8419651091330425 2.947856903949985
-0.10999999999999999 0.9900488641493581 2.9983771695649493
-0.08999999999999997 0.8770319567834458 2.5278888698498845
-0.06999999999999995 0.8731056946330229 2.9359703583997465
-0.04999999999999999 1.0469617805676694 3.3679081331637883
-0.030000000000000027 0.9568467838603952 2.777868556129524
-0.010000000000000009 0.9101488708772018 3.147204623530039
0.010000000000000009 1.0987213542727352 4.052594054584265
0.030000000000000027 1.0450994003089014 3.2265470889433185
0.050000000000000044 0.9551447040003636 3.477832017977126
0.07000000000000006 1.145336705678358 4.889138366852895
0.09000000000000008 1.1402093073866364 3.9274107656154724
0.1100000000000001 1.0100511562721624 3.9840254818349523
0.13000000000000012 1.18769767197323 5.798128191403339
0.15000000000000002 1.2398975856840142 4.865305112774092
0.16999999999999993 1.0766563331340069 4.673456687111105
0.18999999999999995 1.22750999223407 6.519545566621371
0.20999999999999996 1.3413352376581824 5.939725368300794
0.22999999999999998 1.156476589083856 5.430903083967602
0.25 1.267143082344635 7.070802232206365
0.27 1.441432762431833 6.78941456846049
0.29000000000000004 1.2506164772983572 6.0748628250211585
0.31000000000000005 1.3094356403140897 7.413466396362403
0.33000000000000007 1.5372439742366706 7.501983667498148
0.3500000000000001 1.3595880277013908 6.312621532788366
0.3700000000000001 1.3575019192869138 7.359489835904768
0.3900000000000001 1.6264171672246828 8.349194353270454
0.41000000000000003 1.4831048072595368 6.921472979568509
0.42999999999999994 1.414565654095015 7.851902455065536
0.44999999999999996 1.7076025213616153 10.047305128002757
0.47 1.619888487947092 8.004534573959504
0.49 1.4838272575833036 8.667083355697454
0.51 1.7807291541425552 12.172576663009613
0.53 1.767546655951573 9.759729682248878
0.55 1.5683505824206976 9.952738982273486
0.5700000000000001 1.8470993238167963 14.543312920065151
0.5900000000000001 1.9225910869707499 12.165487735827599
0.6100000000000001 1.6709431424951853 11.747576256122802
0.6300000000000001 1.9092978755097079 16.541937743621705
0.6500000000000001 2.0806552495983826 15.00120608514288
0.67 1.79400042780781 13.793148711963312
0.69 1.9709615470542152 18.107303160946532
0.71 2.2369324051838917 17.377994303246528
0.73 1.9392917019299392 15.645557011559646
0.75 2.0364779821993526 19.18398533594197
0.77 2.3867963224029753 19.398503434884546
0.79 2.107681931963328 16.449223979799182
0.81 2.1106821742599897 19.176434096277998
0.8300000000000001 2.52650379066287 21.80756365737333
0.8500000000000001 2.2988119316160285 18.09468926324827
0.8700000000000001 2.198594332399704 20.629583043156458
0.8900000000000001 2.653838123334356 26.467895733901642
0.91 2.510793280389792 21.05802826630444
0.9299999999999999 2.305210016790336 22.97395097220633
0.95 2.7685567941251064 32.409755923071835
0.97 2.740007818608754 25.931874191029866
0.99 2.4353228051090436 26.632093326398344
