-0.99 0.41062318223362765 0.40271243938000245
-0.97 0.3649624622267511 0.3267050233585058
-0.95 0.3611990196921392 0.3662826263386574
-0.9299999999999999 0.4337999543279584 0.44265072150628354
-0.91 0.39828049876123356 0.38655234002553374
-0.89 0.37681273443444735 0.36608360853646427
-0.87 0.4548360674197358 0.4826539778239167
-0.85 0.43500731236287543 0.4380129313700941
-0.8300000000000001 0.39580387874171113 0.3679416109057023
-0.81 0.4737804735336823 0.5229003950031186
-0.79 0.47445489038684757 0.49342808134223076
-0.77 0.4189716527605596 0.38106709881059764
-0.75 0.49104385549016416 0.5684107649723884
-0.73 0.5156521832196892 0.5586321340969734
-0.71 0.4470407767720602 0.41715414503701215
-0.69 0.5073665701365877 0.6200259540006654
-0.6699999999999999 0.557413467967762 0.6364507304805588
-0.6499999999999999 0.4806178246939387 0.48165240316574065
-0.63 0.523752743260682 0.6728820671242954
-0.61 0.5984644088527874 0.7250438981008975
-0.5900000000000001 0.5201314032801474 0.5721011231356713
-0.5700000000000001 0.5413894028901635 0.7177215228220893
-0.55 0.637612540976988 0.8177927126064364
-0.53 0.5657559287800762 0.6786182388453711
-0.51 0.5615677138062657 0.7452833697425993
-0.49 0.6739328954157987 0.9073945967238424
-0.47 0.6173264440364746 0.7895427447686976
-0.44999999999999996 0.5856163758780444 0.7550496208125991
-0.43 0.7069307791441899 0.9922550188510918
-0.41000000000000003 0.6742611817487046 0.8999844688603865
-0.39 0.6148484043035526 0.7608005842607543
-0.37 0.736647208959597 1.0780759624547573
-0.35 0.7355169210269271 1.0158472513476327
-0.32999999999999996 0.6505148283287675 0.7871942809072873
-0.30999999999999994 0.7636877821350081 1.1726155401442764
-0.29 0.7996056490157945 1.1493616458187743
-0.27 0.6937541771375486 0.8583167658695661
-0.25 0.789176860871677 1.2782089335535745
-0.22999999999999998 0.864695411423923 1.3073138995159668
-0.20999999999999996 0.7455257805244014 0.9860907769983065
-0.18999999999999995 0.8146573195546852 1.385031866293418
-0.16999999999999998 0.9288014840252041 1.4846537406495224
-0.15000000000000002 0.8065182250099553 1.1649115727517803
-0.13 0.8419651091330425 1.4728045692347047
-0.10999999999999999 0.9900488641493581 1.666504707413803
-0.08999999999999997 0.8770319567834458 1.3737812654586605
-0.06999999999999995 0.8731056946330229 1.521966938629581
-0.04999999999999999 1.0469617805676694 1.8378208648844523
-0.030000000000000027 0.9568467838603952 1.5882804071218466
-0.010000000000000009 0.9101488708772018 1.5316376142923112
0.010000000000000009 1.0987213542727352 1.996069862753206
0.030000000000000027 1.0450994003089014 1.7985814110097231
0.050000000000000044 0.9551447040003636 1.5306712633824835
0.07000000000000006 1.145336705678358 2.1544479959585763
0.09000000000000008 1.1402093073866364 2.0183080675160143
0.1100000000000001 1.0100511562721624 1.569358664518291
0.13000000000000012 1.18769767197323 2.3307954582966417
0.15000000000000002 1.2398975856840142 2.2724573042664904
0.16999999999999993 1.0766563331340069 1.696654103320923
0.18999999999999995 1.22750999223407 2.5307015171060856
0.20999999999999996 1.3413352376581824 2.5755923624118675
0.22999999999999998 1.156476589083856 1.9373823682781914
0.25 1.267143082344635 2.735836235943688
0.27 1.441432762431833 2.9184687898475663
0.29000000000000004 1.2506164772983572 2.28064083918291
0.31000000000000005 1.3094356403140897 2.905858100364428
0.33000000000000007 1.5372439742366706 3.270824568742295
0.3500000000000001 1.3595880277013908 2.684392172335678
0.3700000000000001 1.3575019192869138 3.000029433625012
0.3900000000000001 1.6264171672246828 3.600950959912204
0.41000000000000003 1.4831048072595368 3.0983413525391255
0.42999999999999994 1.414565654095015 3.0129719901163265
0.44999999999999996 1.7076025213616153 3.9012001739604907
0.47 1.619888487947092 3.4996045258652195
0.49 1.4838272575833036 2.9980037195447897
0.51 1.7807291541425552 4.195899178108608
0.53 1.767546655951573 3.912263007176687
0.55 1.5683505824206976 3.0525456438152982
0.5700000000000001 1.8470993238167963 4.520740459785678
0.5900000000000001 1.9225910869707499 4.385571011971201
0.6100000000000001 1.6709431424951853 3.273745930293218
0.6300000000000001 1.9092978755097079 4.889594776781031
0.6500000000000001 2.0806552495983826 4.950806381500497
0.67 1.79400042780781 3.7131438887359565
0.69 1.9709615470542152 5.270870955012724
0.71 2.2369324051838917 5.593640013396481
0.73 1.9392917019299392 4.353080912047087
0.75 2.0364779821993526 5.589616107896464
0.77 2.3867963224029753 6.258139041405401
0.79 2.107681931963328 5.114729865166895
0.81 2.1106821742599897 5.767134726601448
0.8300000000000001 2.52650379066287 6.883240628586052
0.8500000000000001 2.2988119316160285 5.901154341058782
0.8700000000000001 2.198594332399704 5.788858307830308
0.8900000000000001 2.653838123334356 7.452490742927699
0.91 2.510793280389792 6.664954596825238
0.9299999999999999 2.305210016790336 5.752299922178669
0.95 2.7685567941251064 8.010649137377222
0.97 2.740007818608754 7.452404985445917
0.99 2.4353228051090436 5.840122643342007
