-0.99 0.41062318223362765 0.4027124223268814
-0.97 0.3649624622267511 0.32670387525958894
-0.95 0.3611990196921392 0.36628259710088085
-0.9299999999999999 0.4337999543279584 0.44264983263919966
-0.91 0.39828049876123356 0.3865546983936512
-0.89 0.37681273443444735 0.3660881590835479
-0.87 0.4548360674197358 0.4826462731596667
-0.85 0.43500731236287543 0.4379989385600326
-0.8300000000000001 0.39580387874171113 0.36793107439398964
-0.81 0.4737804735336823 0.5229246295863568
-0.79 0.47445489038684757 0.49348526064425224
-0.77 0.4189716527605596 0.3810793340031009
-0.75 0.49104385549016416 0.5684107684695294
-0.73 0.5156521832196892 0.558528979574067
-0.71 0.4470407767720602 0.4171130145052321
-0.69 0.5073665701365877 0.6199473004723477
-0.6699999999999999 0.557413467967762 0.6364922178424781
-0.6499999999999999 0.4806178246939387 0.48180616531177034
-0.63 0.523752743260682 0.6730959133440773
-0.61 0.5984644088527874 0.7255062704470842
-0.5900000000000001 0.5201314032801474 0.57248784194578
-0.5700000000000001 0.5413894028901635 0.7182329289604188
-0.55 0.637612540976988 0.8185068763717797
-0.53 0.5657559287800762 0.679164699413587
-0.51 0.5615677138062657 0.7458483593469476
-0.49 0.6739328954157987 0.9080916217054165
-0.47 0.6173264440364746 0.7899542938634403
-0.44999999999999996 0.5856163758780444 0.7552572087680649
-0.43 0.7069307791441899 0.9924897914056441
-0.41000000000000003 0.6742611817487046 0.8995105259258034
-0.39 0.6148484043035526 0.7603070058120271
-0.37 0.736647208959597 1.0770911104085492
-0.35 0.7355169210269271 1.0141630739145726
-0.32999999999999996 0.6505148283287675 0.7858696203038575
-0.30999999999999994 0.7636877821350081 1.1703814743374534
-0.29 0.7996056490157945 1.146710865945821
-0.27 0.6937541771375486 0.8563189477680936
-0.25 0.789176860871677 1.2751061887495196
-0.22999999999999998 0.864695411423923 1.3038893235275628
-0.20999999999999996 0.7455257805244014 0.9835369380148579
-0.18999999999999995 0.8146573195546852 1.3813158370653404
-0.16999999999999998 0.9288014840252041 1.4805335720540485
-0.15000000000000002 0.8065182250099553 1.1617039194099819
-0.13 0.8419651091330425 1.468619294865285
-0.10999999999999999 0.9900488641493581 1.661626174704157
-0.08999999999999997 0.8770319567834458 1.3697236141636873
-0.06999999999999995 0.8731056946330229 1.5173682061740161
-0.04999999999999999 1.0469617805676694 1.8320312927980396
-0.030000000000000027 0.9568467838603952 1.583115672665137
-0.010000000000000009 0.9101488708772018 1.526595958282597
0.010000000000000009 1.0987213542727352 1.9891109194790122
0.030000000000000027 1.0450994003089014 1.7919754792167057
0.050000000000000044 0.9551447040003636 1.5250216957076308
0.07000000000000006 1.145336705678358 2.1459563250825275
0.09000000000000008 1.1402093073866364 2.009836040654865
0.1100000000000001 1.0100511562721624 1.5627289243126885
0.13000000000000012 1.18769767197323 2.3203396617130796
0.15000000000000002 1.2398975856840142 2.2615758377663213
0.16999999999999993 1.0766563331340069 1.688434387662159
0.18999999999999995 1.22750999223407 2.5178635232983977
0.20999999999999996 1.3413352376581824 2.561694270840956
0.22999999999999998 1.156476589083856 1.9267682090613203
0.25 1.267143082344635 2.720363072480461
0.27 1.441432762431833 2.9010257946878504
0.29000000000000004 1.2506164772983572 2.26679333604798
0.31000000000000005 1.3094356403140897 2.887845325216185
0.33000000000000007 1.5372439742366706 3.2495585286900566
0.3500000000000001 1.3595880277013908 2.666673280428982
0.3700000000000001 1.3575019192869138 2.979998757379359
0.3900000000000001 1.6264171672246828 3.575895652761931
0.41000000000000003 1.4831048072595368 3.076445610168185
0.42999999999999994 1.414565654095015 2.9916817125487247
0.44999999999999996 1.7076025213616153 3.872545188459431
0.47 1.619888487947092 3.473516634952402
0.49 1.4838272575833036 2.9759610496695
0.51 1.7807291541425552 4.163764045321868
0.53 1.767546655951573 3.8820209518847784
0.55 1.5683505824206976 3.0294945788342935
0.5700000000000001 1.8470993238167963 4.4850821493208315
0.5900000000000001 1.9225910869707499 4.350895680898777
0.6100000000000001 1.6709431424951853 3.248593099004159
0.6300000000000001 1.9092978755097079 4.850366229175946
0.6500000000000001 2.0806552495983826 4.911178132404404
0.67 1.79400042780781 3.6843343822838244
0.69 1.9709615470542152 5.22839759637106
0.71 2.2369324051838917 5.548810630883866
0.73 1.9392917019299392 4.319247492030777
0.75 2.0364779821993526 5.5449512986080896
0.77 2.3867963224029753 6.208522059985734
0.79 2.107681931963328 5.07536819509595
0.81 2.1106821742599897 5.722012214158642
0.8300000000000001 2.52650379066287 6.829905133430806
0.8500000000000001 2.2988119316160285 5.8566063640064705
0.8700000000000001 2.198594332399704 5.745188759062637
0.8900000000000001 2.653838123334356 7.39635723676214
0.91 2.510793280389792 6.61646232813672
0.9299999999999999 2.305210016790336 5.710685417241523
0.95 2.7685567941251064 7.952891240088575
0.97 2.740007818608754 7.398849108296914
0.99 2.4353228051090436 5.800696384152026
