-0.99 0.41062318223362765 0.4244206391721455
-0.97 0.3649624622267511 0.37401497131836
-0.95 0.3611990196921392 0.34854766984508956
-0.9299999999999999 0.4337999543279584 0.44135660592819265
-0.91 0.39828049876123356 0.41106023964893074
-0.89 0.37681273443444735 0.34632321317066017
-0.87 0.4548360674197358 0.4536594182070054
-0.85 0.43500731236287543 0.4446980546540231
-0.8300000000000001 0.39580387874171113 0.34804791058876106
-0.81 0.4737804735336823 0.4641554398125401
-0.79 0.47445489038684757 0.47699762307151355
-0.77 0.4189716527605596 0.36075793521027805
-0.75 0.49104385549016416 0.47565271017581184
-0.73 0.5156521832196892 0.5108809254583981
-0.71 0.4470407767720602 0.3887602501251812
-0.69 0.5073665701365877 0.4889557137937403
-0.6699999999999999 0.557413467967762 0.5475241921081048
-0.6499999999999999 0.4806178246939387 0.43119339820333763
-0.63 0.523752743260682 0.5002785282052633
-0.61 0.5984644088527874 0.5828303242040954
-0.5900000000000001 0.5201314032801474 0.483134728040701
-0.5700000000000001 0.5413894028901635 0.5063306803040336
-0.55 0.637612540976988 0.6147135917149233
-0.53 0.5657559287800762 0.5403859572381198
-0.51 0.5615677138062657 0.5080253751765794
-0.49 0.6739328954157987 0.6427926678987493
-0.47 0.6173264440364746 0.5986165399937105
-0.44999999999999996 0.5856163758780444 0.5091916686790044
-0.43 0.7069307791441899 0.6674183163119367
-0.41000000000000003 0.6742611817487046 0.6552135395639688
-0.39 0.6148484043035526 0.5173319939630252
-0.37 0.736647208959597 0.6910521142552964
-0.35 0.7355169210269271 0.7116288643149826
-0.32999999999999996 0.6505148283287675 0.5418607879950352
-0.30999999999999994 0.7636877821350081 0.716891063390473
-0.29 0.7996056490157945 0.7714200263285247
-0.27 0.6937541771375486 0.5890825457278412
-0.25 0.789176860871677 0.7447528138836191
-0.22999999999999998 0.864695411423923 0.8348420563427414
-0.20999999999999996 0.7455257805244014 0.6586467383163355
-0.18999999999999995 0.8146573195546852 0.7698295880170605
-0.16999999999999998 0.9288014840252041 0.8975925452117726
-0.15000000000000002 0.8065182250099553 0.7440053244870215
-0.13 0.8419651091330425 0.7855237039923978
-0.10999999999999999 0.9900488641493581 0.9523586701189868
-0.08999999999999997 0.8770319567834458 0.8341372099944598
-0.06999999999999995 0.8731056946330229 0.788070917087374
-0.04999999999999999 1.0469617805676694 0.99314718576291
-0.030000000000000027 0.9568467838603952 0.9184838252680055
-0.010000000000000009 0.9101488708772018 0.782150655099196
0.010000000000000009 1.0987213542727352 1.0203881842457099
0.030000000000000027 1.0450994003089014 0.9931079492742101
0.050000000000000044 0.9551447040003636 0.7821162004511052
0.07000000000000006 1.145336705678358 1.041677142862194
0.09000000000000008 1.1402093073866364 1.063512028785024
0.1100000000000001 1.0100511562721624 0.8055808394455671
0.13000000000000012 1.18769767197323 1.065743413909477
0.15000000000000002 1.2398975856840142 1.1383133425430672
0.16999999999999993 1.0766563331340069 0.8641223179220718
0.18999999999999995 1.22750999223407 1.0958822579311316
0.20999999999999996 1.3413352376581824 1.2219495170188368
0.22999999999999998 1.156476589083856 0.9594413201832673
0.25 1.267143082344635 1.1277456952027354
0.27 1.441432762431833 1.310643071425901
0.29000000000000004 1.2506164772983572 1.0828123956673168
0.31000000000000005 1.3094356403140897 1.1519074372844762
0.33000000000000007 1.5372439742366706 1.3942317492443494
0.3500000000000001 1.3595880277013908 1.2191912206604556
0.3700000000000001 1.3575019192869138 1.1621553763841497
0.3900000000000001 1.6264171672246828 1.4638105720175312
0.41000000000000003 1.4831048072595368 1.3536447208037283
0.42999999999999994 1.414565654095015 1.1635581399042114
0.44999999999999996 1.7076025213616153 1.5184192015521016
0.47 1.619888487947092 1.4792452639142706
0.49 1.4838272575833036 1.174453747309009
0.51 1.7807291541425552 1.5659731957221519
0.53 1.767546655951573 1.6004807463469102
0.55 1.5683505824206976 1.2187833892932125
0.5700000000000001 1.8470993238167963 1.6164893704852836
0.5900000000000001 1.9225910869707499 1.7272321601839717
0.6100000000000001 1.6709431424951853 1.3137238060927352
0.6300000000000001 1.9092978755097079 1.6731085389534444
0.6500000000000001 2.0806552495983826 1.8641898079670782
0.67 1.79400042780781 1.4619303245953459
0.69 1.9709615470542152 1.7282137008754324
0.71 2.2369324051838917 2.004724129765271
0.73 1.9392917019299392 1.6509042783844803
0.75 2.0364779821993526 1.7674971474354404
0.77 2.3867963224029753 2.133377086246119
0.79 2.107681931963328 1.8573924120494916
0.81 2.1106821742599897 1.7809855014070974
0.8300000000000001 2.52650379066287 2.2358253686992855
0.8500000000000001 2.2988119316160285 2.0572376817503666
0.8700000000000001 2.198594332399704 1.7757567288563951
0.8900000000000001 2.653838123334356 2.310067445632674
0.91 2.510793280389792 2.2386485778638114
0.9299999999999999 2.305210016790336 1.7795917134728114
0.95 2.7685567941251064 2.3685317411448716
0.97 2.740007818608754 2.4073996062082177
0.99 2.4353228051090436 1.829972668552561
