-0.998 0.3940643080628779 0.3940631809693843
-0.994 0.40514200077436513 0.4051389121060923
-0.99 0.41062318223362765 0.4106192528636168
-0.986 0.40966470035267344 0.4096629458854276
-0.982 0.4027142545333905 0.4027163213949686
-0.978 0.39137797270061925 0.3913813007700372
-0.974 0.3779712115684225 0.37797159919255197
-0.97 0.3649624622267511 0.3649590188580145
-0.966 0.3545197826646724 0.354515339767146
-0.962 0.3482573545661525 0.3482546071006458
-0.958 0.34715540466553735 0.34715456822202806
-0.954 0.3515628181513324 0.3515627502451858
-0.95 0.3611990196921392 0.36119898546730256
-0.946 0.3751241378060872 0.3751241559952815
-0.942 0.39171378078113367 0.39171395256868335
-0.938 0.40872877356779397 0.4087285539780211
-0.9339999999999999 0.42357754070645065 0.42357575394126357
-0.9299999999999999 0.4337999543279584 0.4337961573301067
-0.9259999999999999 0.43766733121388196 0.4376634592099948
-0.922 0.43467284742175627 0.43467216371648987
-0.918 0.4256862673789777 0.42568932144569904
-0.914 0.4126978286915893 0.41270083917742084
-0.91 0.39828049876123356 0.3982795849313563
-0.906 0.38501053203995966 0.38500615733506105
-0.902 0.3750425560976657 0.3750381594751908
-0.898 0.3699011491063994 0.3698988980641409
-0.894 0.37043219216454204 0.370431667820049
-0.89 0.37681273443444735 0.3768127065017234
-0.886 0.38854339822498396 0.38854335025979114
-0.882 0.40441093526338273 0.40441100599706065
-0.878 0.42247931701512553 0.4224794750283167
-0.874 0.4402147126848705 0.4402141213683418
-0.87 0.4548360674197358 0.45483349229634984
-0.866 0.4638850745563739 0.46388066660737587
-0.862 0.4658591178953172 0.4658556606033632
-0.858 0.4606494970128795 0.460650095745177
-0.854 0.44957664434677397 0.44958042520395786
-0.85 0.43500731236287543 0.4350095596719959
-0.846 0.41974168462904254 0.4197393546747028
-0.842 0.4064283803934867 0.40642331678592875
-0.838 0.3971792797054836 0.39717515951566473
-0.834 0.39340729756266635 0.39340556445760444
-0.83 0.3958038787417112 0.3958035871404445
-0.8260000000000001 0.4043498851802133 0.4043498572930671
-0.8220000000000001 0.4182961145025462 0.418296070169638
-0.8180000000000001 0.4361228440903305 0.43612297629715424
-0.8140000000000001 0.4555594519736556 0.4555595154764988
-0.81 0.4737804735336823 0.4737793368738318
-0.806 0.48785458600727655 0.4878511288929087
-0.802 0.4953953051628412 0.4953904927732635
-0.798 0.49520406402708755 0.4952014113246346
-0.794 0.48762736442612725 0.487629336271979
-0.79 0.47445489038684757 0.4744590034308047
-0.786 0.45841276529062547 0.4584138345572063
-0.782 0.44249266364917433 0.4424889333258987
-0.778 0.429379031297246 0.429373575564371
-0.774 0.4211123237924314 0.4211086639919558
-0.77 0.4189716527605596 0.41897040960775234
-0.766 0.4234718963122351 0.4234717549707071
-0.762 0.43436970492899024 0.434369655891282
-0.758 0.4506314840424217 0.45063146845872104
-0.754 0.47039729572833494 0.470397478716208
-0.75 0.49104385549016416 0.49104370273293446
-0.746 0.509467986738205 0.5094661173612327
-0.742 0.52264093235292 0.5226365704871478
-0.738 0.5283281930420018 0.5283232902338808
-0.734 0.5257147676904375 0.5257132977313959
-0.73 0.5156521832196892 0.5156554603389202
-0.726 0.5004068208620734 0.5004107691789714
-0.722 0.48303794045714193 0.4830374995721478
-0.718 0.46668877313738527 0.46668378883364886
-0.714 0.4540427045068751 0.45403717343512573
-0.71 0.4470407767720602 0.4470376999744284
-0.706 0.4468055249420276 0.4468047046897994
-0.702 0.4536503420300234 0.45365027617145315
-0.698 0.46707551643210554 0.4670754442869796
-0.694 0.4857252898939969 0.4857253289301642
-0.69 0.5073665701365877 0.5073667634864183
-0.6859999999999999 0.5290125226814357 0.529011989559732
-0.6819999999999999 0.5473091836479796 0.5473064021996241
-0.6779999999999999 0.5591973555226588 0.5591921656133629
-0.6739999999999999 0.5626832129278555 0.5626786276095385
-0.6699999999999999 0.557413467967762 0.5574134900912954
-0.6659999999999999 0.5447848692923686 0.5447892053244378
-0.6619999999999999 0.527536152189981 0.5275393878504341
-0.6579999999999999 0.5090252079263828 0.5090230527319688
-0.6539999999999999 0.4925038604602736 0.49249788307877
-0.6499999999999999 0.4806178246939387 0.48061251779934183
-0.646 0.47518125931607413 0.4751788173026532
-0.642 0.47713601668819255 0.4771355264348593
-0.638 0.4865655367674108 0.48656549285111117
-0.634 0.5026771810886181 0.5026771090618809
-0.63 0.523752743260682 0.5237528575332095
-0.626 0.5471557076792471 0.5471558218595376
-0.622 0.5695345149951478 0.5695333794229512
-0.618 0.5873262339573824 0.5873223799784224
-0.614 0.5975222785940003 0.597516460435684
-0.61 0.5984644088527874 0.5984606404716153
-0.606 0.5903347017882536 0.5903364474488945
-0.602 0.5751036435229249 0.5751086572381044
-0.598 0.555966046126202 0.5559680262866915
-0.594 0.5365367734829681 0.53653278475256
-0.59 0.5201314032801472 0.5201246694687369
-0.586 0.509322059631893 0.5093171645084777
-0.5820000000000001 0.5057686773458671 0.5057669232992029
-0.5780000000000001 0.5102061669296469 0.510206122048775
-0.5740000000000001 0.5224552738430608 0.5224554854820349
-0.5700000000000001 0.5413894028901635 0.5413894768701043
-0.5660000000000001 0.5648862082223375 0.5648861677574317
-0.562 0.5898804461828537 0.5898797280482377
-0.558 0.6126670355505145 0.6126642254940977
-0.554 0.6295323057596157 0.6295266304343025
-0.55 0.637612540976988 0.6376064020221028
-0.546 0.6356833009445293 0.6356818845329794
-0.542 0.6245280028658919 0.6245337999073791
-0.538 0.6067060962532638 0.6067146553095413
-0.534 0.5858406204220714 0.5858448856482827
-0.53 0.5657559287800762 0.5657539547713111
-0.526 0.5497856866796696 0.54978115594511
-0.522 0.5403933677424376 0.5403898625195881
-0.518 0.5390568720089233 0.5390547296518987
-0.514 0.5462748504473736 0.5462730419032076
-0.51 0.5615677138062657 0.5615662284994868
-0.506 0.5834296795750391 0.5834295572601872
-0.502 0.6092927424965165 0.609294688139672
-0.498 0.6356452832378094 0.6356484475631785
-0.494 0.6584549400098691 0.6584570903968603
-0.49 0.6739328954157987 0.6739327874229902
-0.486 0.6794660985785862 0.6794661479550317
-0.482 0.6743619977751741 0.6743665582541232
-0.478 0.660060597970199 0.6600697386969795
-0.474 0.6397111868773787 0.6397185984939748
-0.47 0.6173264440364746 0.6173262678141844
-0.46599999999999997 0.596888349902864 0.5968817484556169
-0.46199999999999997 0.5817030343838141 0.5816956572571619
-0.45799999999999996 0.5740910266100423 0.5740864853691567
-0.45399999999999996 0.5753191167862621 0.5753172341478079
-0.44999999999999996 0.5856163758780444 0.5856159493978509
-0.44599999999999995 0.6041598868170565 0.6041607605441277
-0.44199999999999995 0.6290159111731892 0.6290185703592612
-0.43799999999999994 0.6571315275372769 0.6571356693237145
-0.43399999999999994 0.68454177713786 0.6845453969498948
-0.42999999999999994 0.7069307791441902 0.7069310832735355
-0.42599999999999993 0.7205277547946871 0.7205242543922962
-0.422 0.7230851397139193 0.7230816938358533
-0.41800000000000004 0.7145364503076177 0.7145375978091588
-0.41400000000000003 0.6970200641284355 0.6970244895020814
-0.41000000000000003 0.6742611817487046 0.6742622963844946
-0.406 0.6506140386473195 0.6506084463928303
-0.402 0.6301634576322112 0.6301552195173221
-0.398 0.6161430832802907 0.6161383864197784
-0.394 0.6106966046588974 0.6106974856891514
-0.39 0.6148484043035526 0.6148528432056132
-0.386 0.628519724004595 0.6285252260546266
-0.382 0.6504957737059603 0.6505012395857641
-0.378 0.6783636962632529 0.6783688437658222
-0.374 0.708551283086924 0.7085552786050042
-0.37 0.736647208959597 0.7366480201748496
-0.366 0.758115458064924 0.7581113370902204
-0.362 0.7693134207575921 0.7693061316017686
-0.358 0.7684795586575431 0.7684748677129886
-0.354 0.7562597838219804 0.7562616489256926
-0.35 0.7355169210269271 0.7355216744487547
-0.346 0.7105235427483397 0.7105237973082991
-0.34199999999999997 0.6859194095855622 0.6859134046938158
-0.33799999999999997 0.6658358471181492 0.6658289564711324
-0.33399999999999996 0.6533900811536307 0.6533876569498099
-0.32999999999999996 0.6505148283287675 0.6505171863299724
-0.32599999999999996 0.6579574587726627 0.6579616746977452
-0.32199999999999995 0.6752873697683518 0.6752909589874931
-0.31799999999999995 0.7008439506450268 0.7008460759544355
-0.31399999999999995 0.7316833696373715 0.7316839281433543
-0.30999999999999994 0.7636877821350081 0.7636860909806205
-0.30599999999999994 0.7920237318046375 0.7920183104304461
-0.30199999999999994 0.8120195798706582 0.8120103097391876
-0.298 0.820286327737547 0.8202774234323833
-0.29400000000000004 0.8156707164850435 0.815669078589843
-0.29000000000000004 0.7996056490157949 0.799613298469449
-0.28600000000000003 0.7756871449530324 0.7756973448689377
-0.28200000000000003 0.7486927864503038 0.748697357118923
-0.278 0.723485628318928 0.7234839868229275
-0.274 0.7041867872176887 0.7041844690430121
-0.27 0.6937541771375486 0.693755003709697
-0.266 0.6938742871021085 0.69387736592019
-0.262 0.7049784049038396 0.7049812083472126
-0.258 0.7262336367580078 0.7262350169709658
-0.254 0.7554748008166519 0.7554750530902974
-0.25 0.789176860871677 0.7891762288869391
-0.246 0.8226616004245423 0.822659025253105
-0.242 0.8507181300305985 0.850711797710501
-0.238 0.8686455188343712 0.8686359970430951
-0.23399999999999999 0.8734464606506073 0.8734392380508584
-0.22999999999999998 0.864695411423923 0.8646970264191916
-0.22599999999999998 0.8446715423333453 0.8446812724163504
-0.22199999999999998 0.8176946030955003 0.8177036444293353
-0.21799999999999997 0.7889923392864417 0.7889937554947117
-0.21399999999999997 0.7635844851638927 0.7635802031962968
-0.20999999999999996 0.7455257805244014 0.7455218060156412
-0.20599999999999996 0.7375726630427667 0.7375714054243354
-0.20199999999999996 0.7411279090531863 0.7411275320010511
-0.19799999999999995 0.7562620213596163 0.7562605296054498
-0.19399999999999995 0.7816825426765087 0.7816800816069741
-0.18999999999999995 0.8146573195546852 0.8146553058372985
-0.18599999999999994 0.8510344803101517 0.851033605089114
-0.18199999999999994 0.8855762483744896 0.8855752619803982
-0.17799999999999994 0.9127623006623742 0.9127593066610862
-0.17399999999999993 0.9279902414288135 0.9279865011829074
-0.16999999999999993 0.928801484025204 0.9288028504431103
-0.16599999999999998 0.9156099789564301 0.9156208259492588
-0.16200000000000003 0.8915820577204517 0.8915976737345337
-0.15800000000000003 0.8617334188899065 0.8617433198977937
-0.15400000000000003 0.8316764170092199 0.8316759752711147
-0.15000000000000002 0.8065182250099553 0.8065124054798277
-0.14600000000000002 0.7901921642503378 0.7901877366305022
-0.14200000000000002 0.7852111116858169 0.7852097488870273
-0.138 0.7926531307743233 0.7926526628301118
-0.134 0.8121765072392879 0.8121752176911973
-0.13 0.8419651091330425 0.8419632500029405
-0.126 0.8786555668094167 0.878654103702789
-0.122 0.9174317655641562 0.9174305323876144
-0.118 0.9525168407860671 0.9525139489399157
-0.11399999999999999 0.9781745509353329 0.9781687135447386
-0.10999999999999999 0.9900488641493581 0.9900433538300196
-0.10599999999999998 0.9863712658894189 0.9863731889349308
-0.10199999999999998 0.9684944455661934 0.9685063398729521
-0.09799999999999998 0.9404920463814842 0.9405060387478237
-0.09399999999999997 0.9080302894198329 0.9080355887094089
-0.08999999999999997 0.8770319567834458 0.8770266060686642
-0.08599999999999997 0.8526213705705427 0.8526121708542205
-0.08199999999999996 0.8385567197779759 0.8385498301976495
-0.07799999999999996 0.8370643459737366 0.8370604324900948
-0.07399999999999995 0.8488516783006255 0.8488489450257755
-0.06999999999999995 0.8731056946330229 0.8731036757694696
-0.06599999999999995 0.9074161295421637 0.9074159406606016
-0.061999999999999944 0.947724851661778 0.9477272777276411
-0.05799999999999994 0.9885265458446777 0.9885302764224841
-0.05399999999999994 1.0235494594133423 1.02355139082466
-0.04999999999999993 1.0469617805676696 1.0469606447865543
-0.04599999999999993 1.054818907318483 1.0548191020161306
-0.04199999999999998 1.0461927030806908 1.0462010954722807
-0.038000000000000034 1.0234566689722389 1.0234728537578301
-0.03400000000000003 0.991589676529724 0.9916033870710604
-0.030000000000000027 0.9568467838603952 0.956848984734125
-0.026000000000000023 0.9253806272564723 0.9253732952724261
-0.02200000000000002 0.9022626271468348 0.9022542080928736
-0.018000000000000016 0.8910232450885583 0.8910185597178694
-0.014000000000000012 0.8935571602597236 0.8935551056511646
-0.010000000000000009 0.9101488708772018 0.9101469825806012
-0.006000000000000005 0.9394466499301872 0.9394444626219792
-0.0020000000000000018 0.9783704151279303 0.9783690053986134
0.0020000000000000018 1.0221077666879792 1.0221076212875038
0.006000000000000005 1.0644564010892077 1.064455886775176
0.010000000000000009 1.0987213542727352 1.0987178750186921
0.014000000000000012 1.1191225860798177 1.1191169592632515
0.018000000000000016 1.122305176113122 1.1223040992591384
0.02200000000000002 1.1083247492609039 1.1083344607726675
0.026000000000000023 1.0806364111649451 1.080652765313403
0.030000000000000027 1.0450994003089014 1.04510982820375
0.03400000000000003 1.0084816569487791 1.008479035189413
0.038000000000000034 0.9770809359268778 0.9770701865104647
0.04200000000000004 0.9558468502555325 0.9558367609011882
0.04600000000000004 0.9480300296684656 0.9480240316571823
0.050000000000000044 0.9551447040003636 0.9551412167525174
0.05400000000000005 0.9769923581154163 0.976989810417626
0.05800000000000005 1.0116066222030684 1.0116055504104247
0.062000000000000055 1.0551585708094096 1.0551601851855732
0.06600000000000006 1.102030223448365 1.1020341137794438
0.07000000000000006 1.145336705678358 1.1453399409334744
0.07400000000000007 1.1780621109237475 1.178061791792644
0.07800000000000007 1.1946512891272707 1.1946496593876745
0.08200000000000007 1.192525176191742 1.1925301102142314
0.08600000000000008 1.172853548499302 1.1728693295295418
0.09000000000000008 1.1402093073866364 1.1402281769447375
0.09400000000000008 1.1012848488115172 1.1012939687033023
0.09800000000000009 1.063273213045735 1.0632692355408895
0.10200000000000009 1.032530444111517 1.0325213030962082
0.1060000000000001 1.0138170429146591 1.0138108359189053
0.1100000000000001 1.0100511562721624 1.0100489245089412
0.1140000000000001 1.022312427821597 1.022311162866348
0.1180000000000001 1.0498502044066205 1.0498480900460114
0.12200000000000011 1.0899993193336524 1.0899969024514138
0.1260000000000001 1.138102389348322 1.1381006535157736
0.13000000000000012 1.18769767197323 1.1876958103432325
0.13400000000000012 1.231259450484666 1.2312546825243498
0.13800000000000012 1.2615858831253528 1.261577169809533
0.14200000000000013 1.2735428537849394 1.2735356924487244
0.14600000000000013 1.2655149535033778 1.2655186615562062
0.15000000000000013 1.239897585684013 1.2399136622149463
0.15400000000000003 1.2023907129603195 1.2024076546363685
0.15799999999999992 1.160451687353858 1.160456974229597
0.16199999999999992 1.1216017542532721 1.1215953365785232
0.16599999999999993 1.0921680879229319 1.0921591778536794
0.16999999999999993 1.0766563331340069 1.0766511543650807
0.17399999999999993 1.0775975385908305 1.0775951687756151
0.17799999999999994 1.0955754847393666 1.0955728661799335
0.18199999999999994 1.1292082435990576 1.1292046664597124
0.18599999999999994 1.1750405220192244 1.1750374195156603
0.18999999999999995 1.22750999223407 1.227508372799115
0.19399999999999995 1.2792917142245042 1.279290081793362
0.19799999999999995 1.3222930303999516 1.3222882959752968
0.20199999999999996 1.3492947543663967 1.3492872597065855
0.20599999999999996 1.3557986217583242 1.3557959922118383
0.20999999999999996 1.3413352376581824 1.3413461368872195
0.21399999999999997 1.3096127795018833 1.3096344148266146
0.21799999999999997 1.2674394290119368 1.267457403638426
0.22199999999999998 1.222950471012474 1.2229547155045692
0.22599999999999998 1.1838921401774363 1.1838869697186813
0.22999999999999998 1.156476589083856 1.156472343110552
0.23399999999999999 1.1448898645202894 1.14489081760193
0.238 1.1512175891287533 1.1512210380762413
0.242 1.1754774756757942 1.1754799343948825
0.246 1.2155666430570486 1.2155672953735266
0.25 1.267143082344635 1.2671426677559867
0.254 1.3236708873929637 1.3236690728333511
0.258 1.3769673413422674 1.3769613427158336
0.262 1.4184831663551483 1.418470184659096
0.266 1.4411832497445505 1.4411664361833554
0.27 1.441432762431833 1.441422843002074
0.274 1.420077766512914 1.420082834221017
0.278 1.3821974630284963 1.3822111998081446
0.28200000000000003 1.3356613261110635 1.3356687444627204
0.28600000000000003 1.2891795442356464 1.2891748296585301
0.29000000000000004 1.2506164772983572 1.2506078030670698
0.29400000000000004 1.225984922333958 1.225982026940946
0.29800000000000004 1.2190865142884022 1.2190906404976487
0.30200000000000005 1.2314973983254007 1.2315038807437637
0.30600000000000005 1.2625884299217733 1.262593439579453
0.31000000000000005 1.3094356403140897 1.3094383988369325
0.31400000000000006 1.366711396619018 1.366712235257785
0.31800000000000006 1.4268511543541809 1.4268488298502464
0.32200000000000006 1.4808510343426637 1.4808421419497328
0.32600000000000007 1.5198551010659191 1.5198380456961247
0.33000000000000007 1.5372439742366706 1.5372250976834858
0.3340000000000001 1.5304793091355042 1.530471139422833
0.3380000000000001 1.5018716765223277 1.5018793771725591
0.3420000000000001 1.4578972194476996 1.4579099344976136
0.3460000000000001 1.4074129002565485 1.4074158748636552
0.3500000000000001 1.3595880277013908 1.3595801104403247
0.3540000000000001 1.3222969426540263 1.3222892114471883
0.3580000000000001 1.30127078688586 1.3012717130743416
0.3620000000000001 1.2998603339263681 1.2998689652744682
0.3660000000000001 1.3190602953176582 1.319071613130254
0.3700000000000001 1.3575019192869138 1.3575130058096088
0.3740000000000001 1.4113304482963203 1.4113410903218995
0.3780000000000001 1.4741354903106891 1.4741454526653384
0.3820000000000001 1.5372890038975484 1.5372954904538862
0.3860000000000001 1.5910399655058236 1.5910382794315958
0.3900000000000001 1.6264171672246828 1.6264064162788057
0.39400000000000013 1.6374743078169667 1.6374629177249131
0.39800000000000013 1.6229996361820525 1.6229995258014764
0.40200000000000014 1.5868898583193305 1.586901056039236
0.406 1.5370095641942847 1.5370169988679867
0.4099999999999999 1.4831048072595374 1.4830960304872942
0.4139999999999999 1.4346789302979623 1.4346585223193138
0.4179999999999999 1.3995087298478432 1.3994904032527002
0.42199999999999993 1.3829630081951882 1.3829541614988285
0.42599999999999993 1.3878715890478748 1.3878703549352533
0.42999999999999994 1.414565654095015 1.4145680360354715
0.43399999999999994 1.4608312208220562 1.460835959577873
0.43799999999999994 1.521765366741247 1.5217730365258137
0.44199999999999995 1.5897849040652745 1.589794710974381
0.44599999999999995 1.6551909880485107 1.6551987405500874
0.44999999999999996 1.7076025213616153 1.7076029476700476
0.45399999999999996 1.7381657776053212 1.7381596855891301
0.45799999999999996 1.7418840456450142 1.7418818880193223
0.46199999999999997 1.7190902245495059 1.7191016804823351
0.46599999999999997 1.6753551986108244 1.675373989530001
0.47 1.619888487947092 1.6198963297704405
0.474 1.5632054285017252 1.5631934609800142
0.478 1.5150124141255723 1.514990071025148
0.482 1.4828830854928905 1.482864502106525
0.486 1.4717437736657606 1.4717338568203673
0.49 1.4838272575833036 1.4838229037838477
0.494 1.5187068077657853 1.5187048998902353
0.498 1.5732044685461422 1.573205109773503
0.502 1.6412471875220427 1.6412515563625079
0.506 1.7140026210671766 1.7140095603890835
0.51 1.7807291541425552 1.7807339670809557
0.514 1.8305803373174634 1.8305789615849966
0.518 1.8550918315413785 1.8550886486731142
0.522 1.8505038360807942 1.850511684555582
0.526 1.8188905681399559 1.818915833705063
0.53 1.767546655951573 1.7675767940283003
0.534 1.7069488955537868 1.706964310438517
0.538 1.6482445226371345 1.6482409131513078
0.542 1.6012092258651451 1.6011991956260905
0.546 1.5731103814024237 1.5731059112516972
0.55 1.5683505824206976 1.5683525430756469
0.554 1.5884808306912306 1.588484103066322
0.558 1.6322079399970424 1.6322093377627929
0.562 1.6952587706052147 1.6952585484614129
0.5660000000000001 1.770268038844388 1.7702668633712235
0.5700000000000001 1.8470993238167963 1.8470950226465206
0.5740000000000001 1.9140394404371308 1.914027134102974
0.5780000000000001 1.9599919891558102 1.9599702930721001
0.5820000000000001 1.9771884752684192 1.9771668510936526
0.5860000000000001 1.9633942435612124 1.9633880413946323
0.5900000000000001 1.9225910869707499 1.9226031809865105
0.5940000000000001 1.8638051470515722 1.86381879191446
0.5980000000000001 1.798670992532164 1.7986690676453847
0.6020000000000001 1.738817013702569 1.7388019090614548
0.6060000000000001 1.6939542889326675 1.6939414743364936
0.6100000000000001 1.6709431424951853 1.6709419991664616
0.6140000000000001 1.6735777657580404 1.6735858208348047
0.6180000000000001 1.7026312502032097 1.7026422827249328
0.6220000000000001 1.755819838256019 1.7558307658729966
0.6260000000000001 1.8276333152796418 1.8276439493365062
0.6300000000000001 1.9092978755097079 1.9093072668229378
0.6340000000000001 1.9893483086587709 1.98935199144357
0.6380000000000001 2.0552215979859314 2.055213573998979
0.6420000000000001 2.095838429764774 2.0958193312337405
0.6460000000000001 2.1044600989510713 2.1044427669768586
0.6500000000000001 2.0806552495983826 2.0806541231312545
0.6540000000000001 2.030440937184613 2.0304526048333393
0.6580000000000001 1.964539249585892 1.9645432457180818
0.6620000000000001 1.8956046819704382 1.895588377259464
0.666 1.8355869561849578 1.835559746374416
0.6699999999999999 1.7940004278078099 1.7939796782022905
0.6739999999999999 1.7771989229901108 1.7771916439077171
0.6779999999999999 1.7882774124805028 1.7882796860677383
0.6819999999999999 1.8271208119233455 1.8271275376929081
0.6859999999999999 1.890314420027797 1.890324348668699
0.69 1.9709615470542152 1.9709753267400265
0.694 2.058776886454145 2.058792952824427
0.698 2.1409814148230155 2.1409940151539297
0.702 2.2043408928672608 2.2043442349927798
0.706 2.238110193757673 2.2381078856551175
0.71 2.2369324051838917 2.236939503752538
0.714 2.202436004529741 2.2024627158079104
0.718 2.142755638361193 2.142789929743806
0.722 2.0702307546558574 2.0702488237459464
0.726 1.99837403950101 1.9983679763671898
0.73 1.9392917019299392 1.9392754835988626
0.734 1.9021721691273494 1.9021616967717867
0.738 1.8927628946738804 1.892760983718281
0.742 1.9133595133814303 1.9133603613264334
0.746 1.9628318678124508 1.9628311453366851
0.75 2.0364779821993526 2.036475688372364
0.754 2.125862561458097 2.1258597354769018
0.758 2.2191081524740106 2.219102736438216
0.762 2.3021863372434725 2.3021725705722673
0.766 2.3614317944317094 2.361406820134413
0.77 2.3867963224029753 2.38676969828537
0.774 2.3746633463353723 2.374653621071986
0.778 2.3289446552124025 2.3289580775390912
0.782 2.2599244736695554 2.2599428496254292
0.786 2.1814401249625277 2.1814409399301997
0.79 2.107681931963328 2.107664806044782
0.794 2.050746272569972 2.050729251252344
0.798 2.0193695339812483 2.0193658285071185
0.802 2.0185899817344666 2.0185982183112428
0.806 2.0497911235892015 2.049804001437336
0.81 2.1106821742599897 2.1106956642995462
0.8140000000000001 2.195103176254213 2.195117098527704
0.8180000000000001 2.292931942342553 2.2929456895968365
0.8220000000000001 2.390650941592509 2.3906597252884767
0.8260000000000001 2.4731056855730613 2.4731019558498737
0.8300000000000001 2.52650379066287 2.526486422863012
0.8340000000000001 2.541894891618549 2.54187735701089
0.8380000000000001 2.517754704478842 2.5177550524044827
0.8420000000000001 2.4604580985014937 2.460475084057812
0.8460000000000001 2.3824176550007756 2.3824272855401047
0.8500000000000001 2.2988119316160285 2.298795764246314
0.8540000000000001 2.224314836134291 2.2242810301950495
0.8580000000000001 2.1708479147043116 2.1708176382855906
0.8620000000000001 2.146571702874149 2.1465555631604167
0.8660000000000001 2.1557063480784073 2.1557008990688438
0.8700000000000001 2.198594332399704 2.1985934570215897
0.8740000000000001 2.271618760538461 2.2716209087958488
0.8780000000000001 2.3669797780046107 2.366986331263967
0.8820000000000001 2.472732344264446 2.472742625540426
0.8860000000000001 2.5737150716455015 2.57372332093367
0.8900000000000001 2.653838123334356 2.6538373534964736
0.8940000000000001 2.6995493943350652 2.6995424819767537
0.8980000000000001 2.7034249620899584 2.703429289785324
0.9020000000000001 2.6663640798661445 2.666394287756468
0.9060000000000001 2.597331544936053 2.5973764717514882
0.9100000000000001 2.5107932803897883 2.510823841259433
0.9140000000000001 2.423080351962071 2.4230830446841924
0.918 2.3491478974813282 2.349136959055792
0.9219999999999999 2.3005807837583103 2.300576264011629
0.9259999999999999 2.284840399731169 2.2848474875006066
0.9299999999999999 2.305210016790336 2.305221998957099
0.9339999999999999 2.3608428301750397 2.3608535978123406
0.938 2.446610233165135 2.4466189526817255
0.942 2.5528843994353636 2.5528920787136453
0.946 2.665784201060742 2.6657884788991475
0.95 2.7685567941251064 2.768550460272736
0.954 2.8444418703275494 2.844419680272504
0.958 2.88055431821215 2.8805251512691483
0.962 2.8714397180377342 2.871425190176824
0.966 2.820717062624018 2.8207279580866866
0.97 2.740007818608754 2.7400248803559766
0.974 2.64570414199118 2.6456994558836913
0.978 2.555074811951515 2.555043327506843
0.982 2.483150245472839 2.483114771437598
0.986 2.4410206667528755 2.4409969951683212
0.99 2.4353228051090436 2.4353165619653527
0.994 2.468270379493258 2.4682672361584124
0.998 2.5376568736096687 2.5376617326481608
