-0.99 0.41062318223362765 0.42442070709876334
-0.97 0.3649624622267511 0.37401543645357227
-0.95 0.3611990196921392 0.34854756680959875
-0.9299999999999999 0.4337999543279584 0.441358496765806
-0.91 0.39828049876123356 0.4110597381790658
-0.89 0.37681273443444735 0.3463203319539408
-0.87 0.4548360674197358 0.4536624547264705
-0.85 0.43500731236287543 0.44470899931780117
-0.8300000000000001 0.39580387874171113 0.34805064330370605
-0.81 0.4737804735336823 0.4641191309798314
-0.79 0.47445489038684757 0.47695187793586513
-0.77 0.4189716527605596 0.36076731761743785
-0.75 0.49104385549016416 0.4757332538001724
-0.73 0.5156521832196892 0.5110000778143934
-0.71 0.4470407767720602 0.38875739762782985
-0.69 0.5073665701365877 0.48886142996483933
-0.6699999999999999 0.557413467967762 0.5472625343240222
-0.6499999999999999 0.4806178246939387 0.43098771678546766
-0.63 0.523752743260682 0.5001200925051754
-0.61 0.5984644088527874 0.582787761804535
-0.5900000000000001 0.5201314032801474 0.4834463438913309
-0.5700000000000001 0.5413894028901635 0.5068169782595399
-0.55 0.637612540976988 0.6155425507578365
-0.53 0.5657559287800762 0.541133716538962
-0.51 0.5615677138062657 0.5085548936887595
-0.49 0.6739328954157987 0.643357698591567
-0.47 0.6173264440364746 0.5987778845477495
-0.44999999999999996 0.5856163758780444 0.5091567678376163
-0.43 0.7069307791441899 0.6673670232560229
-0.41000000000000003 0.6742611817487046 0.654991098543914
-0.39 0.6148484043035526 0.5169916636485918
-0.37 0.736647208959597 0.6907303157935732
-0.35 0.7355169210269271 0.7112260711500121
-0.32999999999999996 0.6505148283287675 0.5412245763912206
-0.30999999999999994 0.7636877821350081 0.7161576683045153
-0.29 0.7996056490157945 0.7704822427118453
-0.27 0.6937541771375486 0.5880573699840597
-0.25 0.789176860871677 0.7435664477264515
-0.22999999999999998 0.864695411423923 0.8335209610155111
-0.20999999999999996 0.7455257805244014 0.6574604907975645
-0.18999999999999995 0.8146573195546852 0.7684703151839657
-0.16999999999999998 0.9288014840252041 0.8961242305722854
-0.15000000000000002 0.8065182250099553 0.7426557145809015
-0.13 0.8419651091330425 0.7840421914547487
-0.10999999999999999 0.9900488641493581 0.9505806019801208
-0.08999999999999997 0.8770319567834458 0.8323942765723016
-0.06999999999999995 0.8731056946330229 0.7864166136994213
-0.04999999999999999 1.0469617805676694 0.991046962494335
-0.030000000000000027 0.9568467838603952 0.91666806078301
-0.010000000000000009 0.9101488708772018 0.7807983640131788
0.010000000000000009 1.0987213542727352 1.0187086032444186
0.030000000000000027 1.0450994003089014 0.9916794609448069
0.050000000000000044 0.9551447040003636 0.78123237543563
0.07000000000000006 1.145336705678358 1.040547963978904
0.09000000000000008 1.1402093073866364 1.0627476883876281
0.1100000000000001 1.0100511562721624 0.805333957207852
0.13000000000000012 1.18769767197323 1.0655489697590546
0.15000000000000002 1.2398975856840142 1.138432493419173
0.16999999999999993 1.0766563331340069 0.8643147912067539
0.18999999999999995 1.22750999223407 1.0961115932326764
0.20999999999999996 1.3413352376581824 1.2221511251053603
0.22999999999999998 1.156476589083856 0.9593966783396031
0.25 1.267143082344635 1.1277378140338432
0.27 1.441432762431833 1.3105125632267898
0.29000000000000004 1.2506164772983572 1.0825317369687308
0.31000000000000005 1.3094356403140897 1.1517146288967481
0.33000000000000007 1.5372439742366706 1.3939988445408993
0.3500000000000001 1.3595880277013908 1.2188859274260482
0.3700000000000001 1.3575019192869138 1.1619048624765478
0.3900000000000001 1.6264171672246828 1.4635608446686748
0.41000000000000003 1.4831048072595368 1.3533395349545518
0.42999999999999994 1.414565654095015 1.1631854175461092
0.44999999999999996 1.7076025213616153 1.5180481318254282
0.47 1.619888487947092 1.4788037585904625
0.49 1.4838272575833036 1.173817425605052
0.51 1.7807291541425552 1.5652898192295759
0.53 1.767546655951573 1.5996437127573193
0.55 1.5683505824206976 1.2177200295488073
0.5700000000000001 1.8470993238167963 1.6152707720109472
0.5900000000000001 1.9225910869707499 1.7257473274784147
0.6100000000000001 1.6709431424951853 1.312126083666405
0.6300000000000001 1.9092978755097079 1.67124955148872
0.6500000000000001 2.0806552495983826 1.861968384412675
0.67 1.79400042780781 1.4597820189013637
0.69 1.9709615470542152 1.725781845197926
0.71 2.2369324051838917 2.001812636641273
0.73 1.9392917019299392 1.6482248757756708
0.75 2.0364779821993526 1.7646466474683153
0.77 2.3867963224029753 2.129876843621787
0.79 2.107681931963328 1.8542396554361034
0.81 2.1106821742599897 1.7778943753524448
0.8300000000000001 2.52650379066287 2.2319261032535254
0.8500000000000001 2.2988119316160285 2.0536756108114194
0.8700000000000001 2.198594332399704 1.7724813645829114
0.8900000000000001 2.653838123334356 2.3058344462439777
0.91 2.510793280389792 2.2344141806455813
0.9299999999999999 2.305210016790336 1.776158538549676
0.95 2.7685567941251064 2.36386744514447
0.97 2.740007818608754 2.402636441817209
0.99 2.4353228051090436 1.825967151397946
