-0.99 0.41062318223362765 0.35911075842366275
-0.97 0.3649624622267511 0.3177821561242236
-0.95 0.3611990196921392 0.3363485583996141
-0.9299999999999999 0.4337999543279584 0.429758419757621
-0.91 0.39828049876123356 0.3609728854733364
-0.89 0.37681273443444735 0.3610252973842208
-0.87 0.4548360674197358 0.5104302389592844
-0.85 0.43500731236287543 0.4219805763414963
-0.8300000000000001 0.39580387874171113 0.4049171137803555
-0.81 0.4737804735336823 0.608015584191161
-0.79 0.47445489038684757 0.5090068452081342
-0.77 0.4189716527605596 0.4748569548883592
-0.75 0.49104385549016416 0.7203948873892974
-0.73 0.5156521832196892 0.6260081567130074
-0.71 0.4470407767720602 0.5759311999273313
-0.69 0.5073665701365877 0.8119672722933879
-0.6699999999999999 0.557413467967762 0.7584549329768494
-0.6499999999999999 0.4806178246939387 0.6905801093873029
-0.63 0.523752743260682 0.8204695452035802
-0.61 0.5984644088527874 0.8439093270571435
-0.5900000000000001 0.5201314032801474 0.6583088695052772
-0.5700000000000001 0.5413894028901635 0.8575900837627267
-0.55 0.637612540976988 0.9340304204359591
-0.53 0.5657559287800762 0.7619142431105977
-0.51 0.5615677138062657 0.8984771342301776
-0.49 0.6739328954157987 1.0712197035885633
-0.47 0.6173264440364746 0.935617771059057
-0.44999999999999996 0.5856163758780444 0.9670263135188548
-0.43 0.7069307791441899 1.3705945446316825
-0.41000000000000003 0.6742611817487046 1.137261613810058
-0.39 0.6148484043035526 1.099833300180359
-0.37 0.736647208959597 1.6537070405295724
-0.35 0.7355169210269271 1.3829434813596315
-0.32999999999999996 0.6505148283287675 1.2911702366911475
-0.30999999999999994 0.7636877821350081 1.9503179593548234
-0.29 0.7996056490157945 1.684969835771294
-0.27 0.6937541771375486 1.5419949727662683
-0.25 0.789176860871677 2.169067762542151
-0.22999999999999998 0.864695411423923 1.9928469870886696
-0.20999999999999996 0.7455257805244014 1.8064206165664576
-0.18999999999999995 0.8146573195546852 2.1502541960859327
-0.16999999999999998 0.9288014840252041 2.210250804227418
-0.15000000000000002 0.8065182250099553 1.7260417721674002
-0.13 0.8419651091330425 2.245019908454606
-0.10999999999999999 0.9900488641493581 2.4304132523541986
-0.08999999999999997 0.8770319567834458 1.9205114527962612
-0.06999999999999995 0.8731056946330229 2.370138799301551
-0.04999999999999999 1.0469617805676694 2.6659359995670253
-0.030000000000000027 0.9568467838603952 2.3567103949393546
-0.010000000000000009 0.9101488708772018 2.422967666806956
0.010000000000000009 1.0987213542727352 3.314791542038572
0.030000000000000027 1.0450994003089014 2.738562091127873
0.050000000000000044 0.9551447040003636 2.6222518041729987
0.07000000000000006 1.145336705678358 3.8598334479108294
0.09000000000000008 1.1402093073866364 3.2096667498339677
0.1100000000000001 1.0100511562721624 2.977367564276596
0.13000000000000012 1.18769767197323 4.454315959218162
0.15000000000000002 1.2398975856840142 3.8253246669516034
0.16999999999999993 1.0766563331340069 3.487292271449193
0.18999999999999995 1.22750999223407 4.915191832644071
0.20999999999999996 1.3413352376581824 4.483347163779694
0.22999999999999998 1.156476589083856 4.055522009439885
0.25 1.267143082344635 4.829269125759835
0.27 1.441432762431833 4.95215058180338
0.29000000000000004 1.2506164772983572 3.8613792093244084
0.31000000000000005 1.3094356403140897 5.028798126087232
0.33000000000000007 1.5372439742366706 5.432144874246957
0.3500000000000001 1.3595880277013908 4.275224695173928
0.3700000000000001 1.3575019192869138 5.3100964059971965
0.3900000000000001 1.6264171672246828 5.958478354805084
0.41000000000000003 1.4831048072595368 5.265182680700502
0.42999999999999994 1.414565654095015 5.4256673911424915
0.44999999999999996 1.7076025213616153 7.409299062208749
0.47 1.619888487947092 6.127969853379033
0.49 1.4838272575833036 5.896554696034499
0.51 1.7807291541425552 8.705185772353222
0.53 1.767546655951573 7.242288038241653
0.55 1.5683505824206976 6.755464514641363
0.5700000000000001 1.8470993238167963 10.196672601542675
0.5900000000000001 1.9225910869707499 8.757115140857197
0.6100000000000001 1.6709431424951853 8.027882406726711
0.6300000000000001 1.9092978755097079 11.490164711112788
0.6500000000000001 2.0806552495983826 10.46491809520794
0.67 1.79400042780781 9.531944353812051
0.69 1.9709615470542152 11.44558976135656
0.71 2.2369324051838917 11.773447091994436
0.73 1.9392917019299392 9.275366477302025
0.75 2.0364779821993526 12.121072954255704
0.77 2.3867963224029753 13.114165410996973
0.79 2.107681931963328 10.352693105351257
0.81 2.1106821742599897 12.979979425418033
0.8300000000000001 2.52650379066287 14.616201722506643
0.8500000000000001 2.2988119316160285 12.945645562331169
0.8700000000000001 2.198594332399704 13.428896067528903
0.8900000000000001 2.653838123334356 18.40136646965538
0.91 2.510793280389792 15.250008354525196
0.9299999999999999 2.305210016790336 14.77019431922842
0.95 2.7685567941251064 21.823074617042266
0.97 2.740007818608754 18.025099394648045
0.99 2.4353228051090436 17.46890230477242
