-0.995 0.4028381279422296 0.4140735295475446
-0.985 0.40844327502317646 0.40899589343920817
-0.975 0.38137971318894104 0.37731973617254955
-0.965 0.3525130455313547 0.396839809561795
-0.955 0.349948862652158 0.3402725962809844
-0.945 0.37909991854253533 0.3875939020609113
-0.9349999999999999 0.4202108140049916 0.41985414925713366
-0.925 0.43755097298661977 0.4367732505948206
-0.915 0.41618360261159276 0.41182196267221916
-0.905 0.38213787936164995 0.41008579091082625
-0.895 0.36974659671838667 0.37646567895980854
-0.885 0.3921860239744355 0.39483513407840215
-0.875 0.435964707138408 0.4259845668747909
-0.865 0.4650718293217021 0.46766371813777075
-0.855 0.452777528864324 0.4424300111555293
-0.845 0.4161367108403308 0.4256747188573067
-0.835 0.393786825944296 0.417635715070854
-0.825 0.4073761226900145 0.4008185058750343
-0.8150000000000001 0.45069770672334103 0.4371471068299115
-0.805 0.4904235769673909 0.4900938746897029
-0.795 0.49013701168994983 0.4777591280867027
-0.785 0.4543076887291737 0.4436802778078221
-0.775 0.42264143787036157 0.4608452775756695
-0.765 0.4256230565191473 0.4046836156798063
-0.755 0.4652594510313096 0.4570783604617852
-0.745 0.5133600387793347 0.5042798914119474
-0.735 0.5271275580040106 0.5109327034342703
-0.725 0.49613727210515735 0.4764802481670318
-0.715 0.45673699404766144 0.48804184293165753
-0.705 0.44785836921312 0.4310289422605057
-0.695 0.48068055482491007 0.4739003417391179
-0.6849999999999999 0.5340312008765017 0.5111198769098115
-0.6749999999999999 0.5626498097059476 0.547194364892737
-0.6649999999999999 0.5407791737762955 0.5150688447061169
-0.6549999999999999 0.4962896410201495 0.5057883596415655
-0.645 0.4749591317186256 0.47761972969341265
-0.635 0.49810058502761206 0.4829251527627081
-0.625 0.552987188798095 0.5205541890712323
-0.615 0.5958054224329853 0.5786256336667732
-0.605 0.5870829010194756 0.5538027353331847
-0.595 0.5412297238722242 0.5200919957337395
-0.585 0.5077091309408261 0.5263386004474035
-0.5750000000000001 0.5187055114626128 0.47747698859684534
-0.5650000000000001 0.5711318732944074 0.5310724423288005
-0.555 0.6260506237297035 0.5946053886348411
-0.545 0.6336855559150686 0.5880963570594449
-0.535 0.59112907830002 0.5456388742877358
-0.525 0.5467462256484319 0.5676052902275237
-0.515 0.5436775693350566 0.4940740901756549
-0.505 0.5896433737159936 0.5565297427386462
-0.495 0.6533047903782282 0.605998256046542
-0.485 0.6791663721770339 0.6300997396441876
-0.475 0.6451519135162547 0.5899445026692711
-0.46499999999999997 0.5924909629813455 0.5933097285014581
-0.45499999999999996 0.5741531610022985 0.5379787174465465
-0.44499999999999995 0.6098827632037057 0.5722918383869726
-0.43499999999999994 0.6779929099470764 0.6152950936691624
-0.425 0.7222446481095927 0.6735811600532788
-0.41500000000000004 0.702054681087753 0.6392378826466639
-0.405 0.6450579523067911 0.6143686943974962
-0.395 0.6111795224295195 0.6033434098119829
-0.385 0.6333085978547959 0.5808794693609006
-0.375 0.7010191178704357 0.6358090631049113
-0.365 0.7619850741518762 0.7137309015063069
-0.355 0.7602574725688344 0.6929656733789233
-0.345 0.7041606535374405 0.6467982371796113
-0.33499999999999996 0.6556592899626565 0.6687429724722517
-0.32499999999999996 0.6614062410526662 0.5921416095385249
-0.31499999999999995 0.7236861713402583 0.6652639489556458
-0.30499999999999994 0.797967606228999 0.7357318688997732
-0.295 0.8179967960750691 0.7446861928103323
-0.28500000000000003 0.7690306633291111 0.6924318044483511
-0.275 0.7082741780180071 0.7126501899889532
-0.265 0.6956311164084364 0.6268536653166101
-0.255 0.7475860708454524 0.6947304700377108
-0.245 0.8303863147529236 0.7517758980938989
-0.235 0.8735483514900793 0.8038555574640648
-0.22499999999999998 0.8383810663427196 0.7564910849806634
-0.21499999999999997 0.7693849109479306 0.7466352208254671
-0.20499999999999996 0.7373570947106176 0.7011567267856869
-0.19499999999999995 0.7744873232064414 0.7144599175501917
-0.18499999999999994 0.860061020524855 0.768768478843875
-0.17499999999999993 0.9254849584477352 0.8548451788796972
-0.16499999999999998 0.9104452933873532 0.8201186273075948
-0.15500000000000003 0.8389142789848222 0.7722258082526272
-0.14500000000000002 0.7878169559174673 0.7839732113521116
-0.135 0.8062362682418889 0.7182589727663082
-0.125 0.8883692411900901 0.8001764992223322
-0.11499999999999999 0.9729186744786946 0.8964683664917732
-0.10499999999999998 0.9831137739236671 0.8856987482042408
-0.09499999999999997 0.9162327176973983 0.8241971940508883
-0.08499999999999996 0.8480219905599738 0.856649415061264
-0.07499999999999996 0.8446778240198022 0.7479529307145213
-0.06499999999999995 0.9171245443166499 0.841030744271697
-0.05499999999999994 1.0156756261268987 0.9181942574112122
-0.044999999999999984 1.054169245563105 0.9523128808760135
-0.03500000000000003 1.0000783258362704 0.8899608344875126
-0.025000000000000022 0.9186526305635512 0.8986056524233688
-0.015000000000000013 0.891589460289308 0.8108876127241195
-0.0050000000000000044 0.9484344948177548 0.8683530803463251
0.0050000000000000044 1.054369073946592 0.9331888746495361
0.015000000000000013 1.121592441969328 1.0183202091691483
0.025000000000000022 1.0885507391260023 0.9656821148276628
0.03500000000000003 0.9999216802981857 0.929928707422205
0.04500000000000004 0.9486142801157422 0.9086117949011119
0.05500000000000005 0.9845663066793539 0.8794366031667593
0.06500000000000006 1.090364450713836 0.9600753201318096
0.07500000000000007 1.183883335827409 1.076386728704306
0.08500000000000008 1.1792147033117266 1.0437731718054333
0.09500000000000008 1.0914257706416746 0.9750989004761261
0.1050000000000001 1.0171762684281582 1.0076795400188063
0.1150000000000001 1.0278351379531456 0.8961673952583615
0.1250000000000001 1.125658063825315 1.0078752597730054
0.13500000000000012 1.2403312023913795 1.116509212476807
0.14500000000000013 1.2693303850453823 1.125267405717814
0.15500000000000003 1.1920169021441727 1.0471995618448278
0.16499999999999992 1.0983636328981994 1.0783924379990504
0.17499999999999993 1.0805145895371924 0.9467704243533175
0.18499999999999994 1.1627081987621608 1.0499937595558677
0.19499999999999995 1.2911767178575855 1.1353467881113901
0.20499999999999996 1.3561949931362076 1.2084027387331089
0.21499999999999997 1.299739552687532 1.1373456729111944
0.22499999999999998 1.192775028141216 1.1249710812375069
0.235 1.1447563243571146 1.0543841264580582
0.245 1.2042587675563319 1.082880708609553
0.255 1.337638619816833 1.1659732321548126
0.265 1.4375435146763258 1.2921469041922502
0.275 1.4118826169808159 1.237722063860855
0.28500000000000003 1.3003382669697843 1.1694666317399858
0.29500000000000004 1.222498675787268 1.1802918655099859
0.30500000000000005 1.2531837034409927 1.0884417435047506
0.31500000000000006 1.3818144378080532 1.2064466595172718
0.32500000000000007 1.5119300936871158 1.3503259173002193
0.3350000000000001 1.5251823855907773 1.3295458034706786
0.3450000000000001 1.4201304701936588 1.235770524038788
0.3550000000000001 1.315343861890761 1.2841110192554892
0.3650000000000001 1.312361664187511 1.121912876010014
0.3750000000000001 1.4264946197727297 1.265237914117066
0.3850000000000001 1.5790090382276474 1.3868675569259055
0.39500000000000013 1.6361804728418705 1.4339169590391325
0.405 1.5502483093556185 1.3391067008638946
0.4149999999999999 1.424390474044864 1.3583540551794315
0.42499999999999993 1.3845723919414366 1.2192084594936512
0.43499999999999994 1.4749416776025863 1.313184320072101
0.44499999999999995 1.6396593908426167 1.4088952688561154
0.45499999999999996 1.741695540357735 1.5332503412193028
0.46499999999999997 1.6877894558393203 1.4533951475135043
0.475 1.5500225281046227 1.4011937162558326
0.485 1.4723932764729648 1.3637991747759473
0.495 1.5306791175081604 1.326111796564207
0.505 1.6959403676461187 1.4456967463332715
0.515 1.8393254686284874 1.6191736008618847
0.525 1.8290021093680469 1.5661297389164512
0.535 1.691677903708981 1.4645911176699065
0.545 1.5780697392667535 1.5092879914434592
0.555 1.597314916871241 1.3451013755287353
0.5650000000000001 1.7509091100655827 1.5092532448017313
0.5750000000000001 1.9278761800318327 1.674759830166203
0.5850000000000001 1.9696317025989245 1.6838222747955864
0.5950000000000001 1.8476442735729781 1.5653498214751194
0.6050000000000001 1.7033369533731764 1.616251869515477
0.6150000000000001 1.6784003004143146 1.41575256386012
0.6250000000000001 1.8083601578066908 1.5764235335972006
0.6350000000000001 2.0076266321682126 1.7063426124428438
0.6450000000000001 2.105444307137605 1.809429952438912
0.6550000000000001 2.0149523934137434 1.7020502721460664
0.665 1.8491836381511055 1.6876790876387386
0.6749999999999999 1.7773044311925044 1.5734635742743963
0.6849999999999999 1.8725497655543477 1.6245595217534543
0.695 2.080383718380816 1.748158655749631
0.705 2.232848750280103 1.934569726114774
0.715 2.189443844121039 1.8497765755649476
0.725 2.015571206244807 1.751882117063168
0.735 1.8970740285075203 1.7610699496716493
0.745 1.947950608656248 1.6338438707288452
0.755 2.1493383912639854 1.8067001551880864
0.765 2.3494967781544833 2.0232752761728037
0.775 2.366071829205573 1.9874969960097766
0.785 2.201151388824788 1.8473607789460817
0.795 2.0402458417740927 1.919532047061228
0.805 2.0390536812761995 1.6776900910024015
0.8150000000000001 2.2187820907059685 1.892506762787245
0.8250000000000001 2.454733952978712 2.0769176573576544
0.8350000000000001 2.53944503501866 2.1418915004486854
0.8450000000000001 2.403056433018458 1.999843495849127
0.8550000000000001 2.208590171222149 2.0344791970641705
0.8650000000000001 2.150205488598353 1.8204200182325059
0.8750000000000001 2.293763654777968 1.9707312123484493
0.8850000000000001 2.549810393205613 2.1151432525671057
0.8950000000000001 2.7045549813718472 2.2943000483523
0.9050000000000001 2.616856516999753 2.1736147419499243
0.915 2.402785678544042 2.100893411529363
0.9249999999999999 2.2854480088896514 2.0351888079856106
0.9349999999999999 2.3797578897817733 1.9913622906855388
0.945 2.637826997812449 2.1672224533229203
0.955 2.85756036588117 2.4256356301049333
0.965 2.8367744475744625 2.341567354617726
0.975 2.622058713187467 2.1928010707384695
0.985 2.4483203939231384 2.2544895482415397
0.995 2.482386672553022 2.017229303720178
