-0.995 0.4028381279422296 0.4060578364011319
-0.985 0.40844327502317646 0.40445510168278037
-0.975 0.38137971318894104 0.3579846087779872
-0.965 0.3525130455313547 0.35131351145034767
-0.955 0.349948862652158 0.35329839866427937
-0.945 0.37909991854253533 0.3866724254973858
-0.9349999999999999 0.4202108140049916 0.43104014507978183
-0.925 0.43755097298661977 0.44611526761239123
-0.915 0.41618360261159276 0.401686623322392
-0.905 0.38213787936164995 0.3790108387593255
-0.895 0.36974659671838667 0.38101529725724115
-0.885 0.3921860239744355 0.4066077748484147
-0.875 0.435964707138408 0.4543241398573746
-0.865 0.4650718293217021 0.4860492080880327
-0.855 0.452777528864324 0.4529234753661663
-0.845 0.4161367108403308 0.4107125538261994
-0.835 0.393786825944296 0.4138216550400846
-0.825 0.4073761226900145 0.4284554602923137
-0.8150000000000001 0.45069770672334103 0.4775349806821691
-0.805 0.4904235769673909 0.523127001360815
-0.795 0.49013701168994983 0.5084563857998438
-0.785 0.4543076887291737 0.45089944486954386
-0.775 0.42264143787036157 0.44902796757094093
-0.765 0.4256230565191473 0.4542903634697511
-0.755 0.4652594510313096 0.5016867264094379
-0.745 0.5133600387793347 0.55715268200395
-0.735 0.5271275580040106 0.564866372485246
-0.725 0.49613727210515735 0.5027334859108987
-0.715 0.45673699404766144 0.48497470716617896
-0.705 0.44785836921312 0.48696637763416195
-0.695 0.48068055482491007 0.5273268763779277
-0.6849999999999999 0.5340312008765017 0.5888566276836914
-0.6749999999999999 0.5626498097059476 0.6196205549083253
-0.6649999999999999 0.5407791737762955 0.5660614940726123
-0.6549999999999999 0.4962896410201495 0.5236672012044791
-0.645 0.4749591317186256 0.527414970773192
-0.635 0.49810058502761206 0.5549081043150368
-0.625 0.552987188798095 0.6197009949667416
-0.615 0.5958054224329853 0.6711932331086213
-0.605 0.5870829010194756 0.6375406362426478
-0.595 0.5412297238722242 0.5703615097619619
-0.585 0.5077091309408261 0.572941745946559
-0.5750000000000001 0.5187055114626128 0.5858934016780983
-0.5650000000000001 0.5711318732944074 0.6510794079694981
-0.555 0.6260506237297035 0.7190653130303613
-0.545 0.6336855559150686 0.7137574394145365
-0.535 0.59112907830002 0.6326862818560774
-0.525 0.5467462256484319 0.6226500933560191
-0.515 0.5436775693350566 0.6273660355106154
-0.505 0.5896433737159936 0.6882400230770882
-0.495 0.6533047903782282 0.7674752122181235
-0.485 0.6791663721770339 0.7925321842382067
-0.475 0.6451519135162547 0.7121913291832529
-0.46499999999999997 0.5924909629813455 0.6735970483137563
-0.45499999999999996 0.5741531610022985 0.6765450989223123
-0.44499999999999995 0.6098827632037057 0.7225321764662707
-0.43499999999999994 0.6779929099470764 0.80608321023101
-0.425 0.7222446481095927 0.8590956298562921
-0.41500000000000004 0.702054681087753 0.7967042662803995
-0.405 0.6450579523067911 0.7231589538424924
-0.395 0.6111795224295195 0.7274994967861459
-0.385 0.6333085978547959 0.7533275971568628
-0.375 0.7010191178704357 0.8385429060308106
-0.365 0.7619850741518762 0.9162134576469433
-0.355 0.7602574725688344 0.8868768406779206
-0.345 0.7041606535374405 0.7860346350337188
-0.33499999999999996 0.6556592899626565 0.7828872384523089
-0.32499999999999996 0.6614062410526662 0.7913115691097786
-0.31499999999999995 0.7236861713402583 0.8728516674328347
-0.30499999999999994 0.797967606228999 0.9667231994677461
-0.295 0.8179967960750691 0.9756667948459653
-0.28500000000000003 0.7690306633291111 0.866404921722931
-0.275 0.7082741780180071 0.8370714584325156
-0.265 0.6956311164084364 0.8392783948808168
-0.255 0.7475860708454524 0.9090118704360386
-0.245 0.8303863147529236 1.0134682095196341
-0.235 0.8735483514900793 1.0626966457040148
-0.22499999999999998 0.8383810663427196 0.9673536927221584
-0.21499999999999997 0.7693849109479306 0.8962194185190746
-0.20499999999999996 0.7373570947106176 0.90093103902985
-0.19499999999999995 0.7744873232064414 0.9478649347555226
-0.18499999999999994 0.860061020524855 1.056524667520898
-0.17499999999999993 0.9254849584477352 1.1404980300505658
-0.16499999999999998 0.9104452933873532 1.0790069611023299
-0.15500000000000003 0.8389142789848222 0.9659963291866833
-0.14500000000000002 0.7878169559174673 0.969937530399899
-0.135 0.8062362682418889 0.9919704035632376
-0.125 0.8883692411900901 1.1011297137210367
-0.11499999999999999 0.9729186744786946 1.212747978739522
-0.10499999999999998 0.9831137739236671 1.1978183533962536
-0.09499999999999997 0.9162327176973983 1.059042346377349
-0.08499999999999996 0.8480219905599738 1.04226390630924
-0.07499999999999996 0.8446778240198022 1.047229452987405
-0.06499999999999995 0.9171245443166499 1.1467562872564283
-0.05499999999999994 1.0156756261268987 1.274956179407147
-0.044999999999999984 1.054169245563105 1.3110080658654941
-0.03500000000000003 1.0000783258362704 1.1752081091897661
-0.025000000000000022 0.9186526305635512 1.1139399491844373
-0.015000000000000013 0.891589460289308 1.117915611657025
-0.0050000000000000044 0.9484344948177548 1.1959925322680238
0.0050000000000000044 1.054369073946592 1.334768978740575
0.015000000000000013 1.121592441969328 1.4212307906851755
0.025000000000000022 1.0885507391260023 1.3164835257048222
0.03500000000000003 0.9999216802981857 1.1980213089990344
0.04500000000000004 0.9486142801157422 1.2060225799717335
0.05500000000000005 0.9845663066793539 1.2514807247066488
0.06500000000000006 1.090364450713836 1.3935281747041428
0.07500000000000007 1.183883335827409 1.5204626378175652
0.08500000000000008 1.1792147033117266 1.4673246010894618
0.09500000000000008 1.0914257706416746 1.3016239464471893
0.1050000000000001 1.0171762684281582 1.298175456986232
0.1150000000000001 1.0278351379531456 1.3142068658046306
0.1250000000000001 1.125658063825315 1.451843548038063
0.13500000000000012 1.2403312023913795 1.6085171714138022
0.14500000000000013 1.2693303850453823 1.6208491487275893
0.15500000000000003 1.1920169021441727 1.4387484371779142
0.16499999999999992 1.0983636328981994 1.3938368873059788
0.17499999999999993 1.0805145895371924 1.398282325521078
0.18499999999999994 1.1627081987621608 1.5172755392424722
0.19499999999999995 1.2911767178575855 1.6918448735309906
0.20499999999999996 1.3561949931362076 1.7706878922222113
0.21499999999999997 1.299739552687532 1.6089731668233291
0.22499999999999998 1.192775028141216 1.4949429044144251
0.235 1.1447563243571146 1.5030325584709803
0.245 1.2042587675563319 1.5851911705121853
0.255 1.337638619816833 1.7680626160934998
0.265 1.4375435146763258 1.9065347673608086
0.275 1.4118826169808159 1.799548549113896
0.28500000000000003 1.3003382669697843 1.6139074578109391
0.29500000000000004 1.222498675787268 1.6217338073111807
0.30500000000000005 1.2531837034409927 1.6616148575588934
0.31500000000000006 1.3818144378080532 1.8459349313605424
0.32500000000000007 1.5119300936871158 2.0318938074288235
0.3350000000000001 1.5251823855907773 2.002434653154443
0.3450000000000001 1.4201304701936588 1.7713116285442096
0.3550000000000001 1.315343861890761 1.7472398507738658
0.3650000000000001 1.312361664187511 1.757953337362181
0.3750000000000001 1.4264946197727297 1.9286636557005552
0.3850000000000001 1.5790090382276474 2.145021564253752
0.39500000000000013 1.6361804728418705 2.201623804543829
0.405 1.5502483093556185 1.9706595607250328
0.4149999999999999 1.424390474044864 1.8729178999529903
0.42499999999999993 1.3845723919414366 1.8791675684412334
0.43499999999999994 1.4749416776025863 2.013796616021364
0.44499999999999995 1.6396593908426167 2.247174958885512
0.45499999999999996 1.741695540357735 2.388156034221681
0.46499999999999997 1.6877894558393203 2.20718087489405
0.475 1.5500225281046227 2.0136099787413184
0.485 1.4723932764729648 2.027673996381265
0.495 1.5306791175081604 2.109219092870366
0.505 1.6959403676461187 2.350886863234176
0.515 1.8393254686284874 2.5638942983834374
0.525 1.8290021093680469 2.4699889109768076
0.535 1.691677903708981 2.194128948489506
0.545 1.5780697392667535 2.191992735089854
0.555 1.597314916871241 2.2229283258061368
0.5650000000000001 1.7509091100655827 2.4586141838086966
0.5750000000000001 1.9278761800318327 2.7227815971090705
0.5850000000000001 1.9696317025989245 2.736708330942525
0.5950000000000001 1.8476442735729781 2.4271263659174958
0.6050000000000001 1.7033369533731764 2.356829711559134
0.6150000000000001 1.6784003004143146 2.3643881567907794
0.6250000000000001 1.8083601578066908 2.569149502051508
0.6350000000000001 2.0076266321682126 2.8640319203854405
0.6450000000000001 2.105444307137605 2.991111507704085
0.6550000000000001 2.0149523934137434 2.713199108854506
0.665 1.8491836381511055 2.528210617225666
0.6749999999999999 1.7773044311925044 2.5422821737945154
0.6849999999999999 1.8725497655543477 2.687969965754
0.695 2.080383718380816 3.0003523641584007
0.705 2.232848750280103 3.2323766579249105
0.715 2.189443844121039 3.044920288343411
0.725 2.015571206244807 2.736329746276307
0.735 1.8970740285075203 2.752083014175049
0.745 1.947950608656248 2.8256739378500866
0.755 2.1493383912639854 3.141991471875949
0.765 2.3494967781544833 3.456586749798012
0.775 2.366071829205573 3.398648040601973
0.785 2.201151388824788 3.0075523198169103
0.795 2.0402458417740927 2.9727978442344223
0.805 2.0390536812761995 2.994350221513621
0.8150000000000001 2.2187820907059685 3.2902415252922657
0.8250000000000001 2.454733952978712 3.6597046263611377
0.8350000000000001 2.53944503501866 3.749273437365756
0.8450000000000001 2.403056433018458 3.3528417899141822
0.8550000000000001 2.208590171222149 3.1959353531749124
0.8650000000000001 2.150205488598353 3.207706099723475
0.8750000000000001 2.293763654777968 3.4450682157547643
0.8850000000000001 2.549810393205613 3.845633041431671
0.8950000000000001 2.7045549813718472 4.0801485563638185
0.9050000000000001 2.616856516999753 3.762449586906828
0.915 2.402785678544042 3.44062431761524
0.9249999999999999 2.2854480088896514 3.464795654872802
0.9349999999999999 2.3797578897817733 3.6111422194957807
0.945 2.637826997812449 4.026135068817984
0.955 2.85756036588117 4.385562921551025
0.965 2.8367744475744625 4.214084976315533
0.975 2.622058713187467 3.7476738144296116
0.985 2.4483203939231384 3.74863224641608
0.995 2.482386672553022 3.807218656206091
