-0.99 0.41062318223362765 0.41091076306877383
-0.97 0.3649624622267511 0.3832100475352648
-0.95 0.3611990196921392 0.35206518448346547
-0.9299999999999999 0.4337999543279584 0.42211718225055117
-0.91 0.39828049876123356 0.410526329598755
-0.89 0.37681273443444735 0.35782101953282686
-0.87 0.4548360674197358 0.43032591615627624
-0.85 0.43500731236287543 0.436123703952477
-0.8300000000000001 0.39580387874171113 0.36739730186404995
-0.81 0.4737804735336823 0.43718998014359967
-0.79 0.47445489038684757 0.4605660366586938
-0.77 0.4189716527605596 0.3834101502524946
-0.75 0.49104385549016416 0.44424687701531645
-0.73 0.5156521832196892 0.48493890715819143
-0.71 0.4470407767720602 0.40738466191640893
-0.69 0.5073665701365877 0.4518694610221645
-0.6699999999999999 0.557413467967762 0.5087068232887251
-0.6499999999999999 0.4806178246939387 0.4377730769948933
-0.63 0.523752743260682 0.458456728642644
-0.61 0.5984644088527874 0.5302338199589268
-0.5900000000000001 0.5201314032801474 0.47335083176099746
-0.5700000000000001 0.5413894028901635 0.46565122030038975
-0.55 0.637612540976988 0.5509793517679668
-0.53 0.5657559287800762 0.51333069510166
-0.51 0.5615677138062657 0.4752130549874275
-0.49 0.6739328954157987 0.5714315887416415
-0.47 0.6173264440364746 0.5567405326540749
-0.44999999999999996 0.5856163758780444 0.4899708830743704
-0.43 0.7069307791441899 0.5922748301863258
-0.41000000000000003 0.6742611817487046 0.6019275043777393
-0.39 0.6148484043035526 0.5113097356940854
-0.37 0.736647208959597 0.6120524306538451
-0.35 0.7355169210269271 0.6463543383095773
-0.32999999999999996 0.6505148283287675 0.5413938412312919
-0.30999999999999994 0.7636877821350081 0.6314673965003913
-0.29 0.7996056490157945 0.6906525497340623
-0.27 0.6937541771375486 0.5825606635908904
-0.25 0.789176860871677 0.6511781482721074
-0.22999999999999998 0.864695411423923 0.7347107930108383
-0.20999999999999996 0.7455257805244014 0.6344444145051825
-0.18999999999999995 0.8146573195546852 0.6702004105432654
-0.16999999999999998 0.9288014840252041 0.7765259457461864
-0.15000000000000002 0.8065182250099553 0.6939070999703784
-0.13 0.8419651091330425 0.6871172646619353
-0.10999999999999999 0.9900488641493581 0.8131120325936203
-0.08999999999999997 0.8770319567834458 0.7561801475256189
-0.06999999999999995 0.8731056946330229 0.702139650580223
-0.04999999999999999 1.0469617805676694 0.8427138882669454
-0.030000000000000027 0.9568467838603952 0.8172567128067392
-0.010000000000000009 0.9101488708772018 0.7186767078452765
0.010000000000000009 1.0987213542727352 0.8665283333192596
0.030000000000000027 1.0450994003089014 0.8759216644881612
0.050000000000000044 0.9551447040003636 0.7427497078481258
0.07000000000000006 1.145336705678358 0.8881424097677573
0.09000000000000008 1.1402093073866364 0.9338153107472569
0.1100000000000001 1.0100511562721624 0.7806273586696049
0.13000000000000012 1.18769767197323 0.9112069504043736
0.15000000000000002 1.2398975856840142 0.9933694886263572
0.16999999999999993 1.0766563331340069 0.8362015035220833
0.18999999999999995 1.22750999223407 0.9371600073560303
0.20999999999999996 1.3413352376581824 1.0551235144832902
0.22999999999999998 1.156476589083856 0.9093987000194588
0.25 1.267143082344635 0.9647161590387605
0.27 1.441432762431833 1.1165148185126397
0.29000000000000004 1.2506164772983572 0.9960644909789877
0.31000000000000005 1.3094356403140897 0.9915186970697176
0.33000000000000007 1.5372439742366706 1.1730560711301365
0.3500000000000001 1.3595880277013908 1.0893864375044169
0.3700000000000001 1.3575019192869138 1.0170119095677397
0.3900000000000001 1.6264171672246828 1.2212006332229464
0.41000000000000003 1.4831048072595368 1.182723458647044
0.42999999999999994 1.414565654095015 1.0446969698696322
0.44999999999999996 1.7076025213616153 1.2608803250930323
0.47 1.619888487947092 1.272585300306046
0.49 1.4838272575833036 1.0819056515640515
0.51 1.7807291541425552 1.295535304330122
0.53 1.767546655951573 1.3595114282734775
0.55 1.5683505824206976 1.1368875565344123
0.5700000000000001 1.8470993238167963 1.3294533433350515
0.5900000000000001 1.9225910869707499 1.4458675089309434
0.6100000000000001 1.6709431424951853 1.2150569657371415
0.6300000000000001 1.9092978755097079 1.3646197783815734
0.6500000000000001 2.0806552495983826 1.532216295578627
0.67 1.79400042780781 1.3164173845264697
0.69 1.9709615470542152 1.3995969809495792
0.71 2.2369324051838917 1.615215512069468
0.73 1.9392917019299392 1.4351089150258305
0.75 2.0364779821993526 1.4314700667746687
0.77 2.3867963224029753 1.6889178771371425
0.79 2.107681931963328 1.5614205727652148
0.81 2.1106821742599897 1.4598405300985473
0.8300000000000001 2.52650379066287 1.7488027362777667
0.8500000000000001 2.2988119316160285 1.6860066000114098
0.8700000000000001 2.198594332399704 1.4901071100299594
0.8900000000000001 2.653838123334356 1.7954886236494119
0.91 2.510793280389792 1.804317875690405
0.9299999999999999 2.305210016790336 1.5332034566256785
0.95 2.7685567941251064 1.8348343295671943
0.97 2.740007818608754 1.917900132800364
0.99 2.4353228051090436 1.601551469661699
