-0.9933333333333334 0.4064820503519311 0.4088503052161572
-0.98 0.39745966855070874 0.40077828866170184
-0.9666666666666667 0.35600578422951235 0.3531134616858578
-0.9533333333333334 0.35282273498008415 0.3668486439320671
-0.94 0.40032650535307923 0.39908693473659757
-0.9266666666666667 0.4375028809200964 0.4437609204523252
-0.9133333333333333 0.4103218115712467 0.4111823990777628
-0.8999999999999999 0.371799827981095 0.37658834737804037
-0.8866666666666667 0.38625913512260796 0.3968899768628179
-0.8733333333333333 0.44294174673871833 0.44393006160468473
-0.86 0.4641005000380445 0.47283370650183343
-0.8466666666666667 0.4222167123489807 0.42001293437995213
-0.8333333333333333 0.3933700818724979 0.4082062622264837
-0.8200000000000001 0.4268498878590554 0.43204893459148364
-0.8066666666666666 0.48590982883696204 0.491103864149637
-0.7933333333333333 0.4857549968109915 0.4948490386135974
-0.78 0.43544018256149747 0.43318922773735924
-0.7666666666666666 0.4222614930974185 0.44335706723509466
-0.7533333333333333 0.47385739781059893 0.4763482186889739
-0.74 0.5265097790148362 0.5368208918394552
-0.7266666666666667 0.5031824425412151 0.5103656335753249
-0.7133333333333334 0.4524432927247961 0.4569394997555438
-0.7 0.4596044419873287 0.47969811245306615
-0.6866666666666666 0.5255464032358944 0.5295511928374548
-0.6733333333333333 0.5623959018634729 0.5769235630012166
-0.6599999999999999 0.5182254578514495 0.5214612002388657
-0.6466666666666666 0.4755888260792587 0.4921117812149999
-0.6333333333333333 0.5059053210295138 0.5193159958161645
-0.62 0.579214774176186 0.5868429843576448
-0.6066666666666667 0.5922552061360904 0.607167411176142
-0.5933333333333333 0.5335123829989846 0.5322443485400196
-0.58 0.5069782048338117 0.5320371498166176
-0.5666666666666667 0.560772942296653 0.5652656540538545
-0.5533333333333333 0.6315458407934703 0.6413576330699645
-0.54 0.6162385739129619 0.6264381864990524
-0.5266666666666666 0.5520450550679699 0.5519848994872119
-0.5133333333333333 0.5482905144728343 0.5743409681097187
-0.49999999999999994 0.6226551064890122 0.6251336846023077
-0.48666666666666664 0.6792908323433683 0.6938584967036597
-0.47333333333333333 0.6360095047933627 0.6411552893761135
-0.45999999999999996 0.5768466409222172 0.5884058117866663
-0.4466666666666666 0.6005645620636632 0.6198918896889904
-0.4333333333333333 0.6887360215648651 0.6936605694724297
-0.42 0.7201124884561353 0.7366191256002038
-0.4066666666666666 0.6544351872130316 0.6530834289291749
-0.39333333333333326 0.6107104892104064 0.6361719354610398
-0.37999999999999995 0.6638912932649151 0.6732635557963091
-0.36666666666666664 0.7551709421868383 0.765284024129696
-0.35333333333333333 0.7532910653911019 0.7689063213254372
-0.33999999999999997 0.675090671750239 0.6730967503274337
-0.3266666666666666 0.656003968452573 0.6900312773444021
-0.3133333333333333 0.7370619007019764 0.7419786359208125
-0.3 0.8177514514854016 0.8351633758741099
-0.2866666666666666 0.7800227699677444 0.7918120008651384
-0.27333333333333326 0.7017710174591715 0.7101427023809677
-0.25999999999999995 0.7144402964197131 0.7457680837303722
-0.24666666666666665 0.8173169090524328 0.8241932635061281
-0.23333333333333328 0.8728992516321238 0.8959983328729322
-0.21999999999999992 0.8032294466338534 0.8082615824744845
-0.2066666666666666 0.7381203193505238 0.7649614268873641
-0.1933333333333333 0.7867490306387674 0.8075840713094483
-0.17999999999999994 0.9004134112217832 0.9137125283431584
-0.16666666666666657 0.918675848019551 0.9435752428401936
-0.15333333333333327 0.827020208066172 0.8274892527360035
-0.13999999999999996 0.7873670597336668 0.8302061914793613
-0.12666666666666665 0.8722497677145612 0.8841642196975762
-0.11333333333333329 0.9811956787713725 1.003156542079858
-0.09999999999999992 0.955426072376418 0.9773192362745415
-0.08666666666666661 0.85605402785599 0.8623099283993241
-0.0733333333333333 0.8520730466738504 0.8981629179302408
-0.05999999999999994 0.9684499743494225 0.9788430974853974
-0.04666666666666658 1.0546709526359224 1.0846300265759412
-0.03333333333333327 0.9858248894624293 0.9998855372275088
-0.019999999999999962 0.8950016271335975 0.9199348517497838
-0.006666666666666654 0.9337900545895983 0.9693488228208235
0.00666666666666671 1.0709045305044522 1.0860794203741562
0.02000000000000013 1.1173164044435069 1.1509570485717284
0.03333333333333344 1.0143789335094784 1.0193438278861435
0.046666666666666745 0.9481630242121639 0.9959438694175734
0.06000000000000005 1.0325778579030611 1.0546707281670094
0.07333333333333336 1.173608300255004 1.1990911352679126
0.08666666666666678 1.1681505693098895 1.2015943419522572
0.10000000000000009 1.0466534553664761 1.0522489635231815
0.1133333333333334 1.0191647004114146 1.0806653792112815
0.1266666666666667 1.1464606091213603 1.1633974094488708
0.14 1.2700556717958942 1.3081446331286681
0.15333333333333343 1.2091602965038868 1.2371490611240388
0.16666666666666674 1.0885232284660187 1.1118243463641158
0.18000000000000005 1.1106009612218983 1.1682859396482108
0.19333333333333347 1.271053361436104 1.2929596194240054
0.20666666666666678 1.3547926723923618 1.4027419105239103
0.22000000000000008 1.2449742775128136 1.2630295507124747
0.2333333333333334 1.1456075808636867 1.1987591269260267
0.2466666666666667 1.2235156142301815 1.2657573820485026
0.2600000000000001 1.3996970845728023 1.433058917819117
0.27333333333333343 1.4249662284723499 1.4760405632255076
0.28666666666666674 1.2820138571613124 1.2937693332632896
0.30000000000000004 1.222865454024635 1.3010906995383071
0.31333333333333335 1.3567381505509952 1.3868036714547523
0.32666666666666677 1.52438102220459 1.572729392647934
0.3400000000000001 1.4812825029968215 1.5281937378428556
0.3533333333333334 1.327508111994942 1.35006545978216
0.3666666666666668 1.3242034937204838 1.4077245202523518
0.3800000000000001 1.5062706954359295 1.536261892783887
0.3933333333333334 1.637437079708439 1.6994727340042413
0.40666666666666673 1.5280351966687262 1.5631234585839515
0.42000000000000004 1.3886719311644231 1.44189794081562
0.43333333333333346 1.4519350936922373 1.5197500215122868
0.44666666666666677 1.665099912928256 1.704894458266144
0.4600000000000001 1.7335630114813156 1.8025561018642766
0.4733333333333335 1.5723035465089397 1.5944950576068706
0.4866666666666668 1.4721235034930071 1.5622277273688145
0.5000000000000001 1.6060255341656768 1.6550687566256121
0.5133333333333334 1.8238506295544294 1.8818706262844076
0.5266666666666667 1.811446349930398 1.8807024979825189
0.5400000000000001 1.6227481406271718 1.6475530564933778
0.5533333333333335 1.5834163340282732 1.6948941077812747
0.5666666666666668 1.7832529435255708 1.8267043718773242
0.5800000000000001 1.9724713813442964 2.0516314310156956
0.5933333333333334 1.874370739773256 1.9353783990965256
0.6066666666666668 1.6884613079622577 1.742920890133855
0.6200000000000001 1.7264752982558076 1.8323577657546826
0.6333333333333334 1.976654441912191 2.030687410607263
0.6466666666666668 2.1026566335546026 2.198589146757657
0.6600000000000001 1.9296620512353324 1.9761291157623941
0.6733333333333335 1.7781068401930846 1.8810491508622373
0.6866666666666668 1.902781550483078 1.9867905588953956
0.7000000000000001 2.175784019136112 2.251058666117059
0.7133333333333335 2.2102217362480867 2.3126993793930426
0.7266666666666668 1.9873507409155875 2.02633706599355
0.7400000000000001 1.8992999557788306 2.042633098284436
0.7533333333333334 2.110339533835245 2.179207176534775
0.7666666666666667 2.368200786353242 2.470191549879613
0.7800000000000001 2.2965266873568067 2.3940735569155804
0.7933333333333334 2.0586509795371217 2.118055068912211
0.8066666666666668 2.0579950037099004 2.211068169246027
0.8200000000000002 2.342743967945468 2.4168034170404704
0.8333333333333335 2.5421353734881333 2.6695967688182707
0.8466666666666668 2.368451960218606 2.4505681017831895
0.8600000000000001 2.1547057155034843 2.2670774762111985
0.8733333333333334 2.2576332155701717 2.390718452858951
0.8866666666666668 2.5889355333501096 2.6853638449696557
0.9000000000000001 2.6896193186265975 2.8324550911798436
0.9133333333333334 2.437111486154478 2.502610185140829
0.9266666666666667 2.285699234475751 2.458622632225977
0.9400000000000001 2.4979610058994766 2.6057898120654515
0.9533333333333335 2.8342844744867346 2.9627935947600754
0.9666666666666668 2.8089431247985335 2.952760185652587
0.9800000000000001 2.5159785485817583 2.587677151974629
0.9933333333333334 2.460133231305546 2.666109084110347
