-9.900990099009900902e-01 9.057340338063409879e-01 -9.900990099009901457e-02
-9.702970297029702706e-01 9.075293436518945267e-01 -9.702970297029703262e-02
-9.504950495049504511e-01 9.093282118527887814e-01 -9.504950495049505066e-02
-9.306930693069306315e-01 9.111306459867614116e-01 -9.306930693069306870e-02
-9.108910891089109230e-01 9.129366528823009697e-01 -9.108910891089110062e-02
-8.910891089108911034e-01 9.147462386322539052e-01 -8.910891089108911867e-02
-8.712871287128712838e-01 9.165594102600822524e-01 -8.712871287128713671e-02
-8.514851485148514643e-01 9.183761778572738788e-01 -8.514851485148515475e-02
-8.316831683168317557e-01 9.201965522640812578e-01 -8.316831683168318667e-02
-8.118811881188119361e-01 9.220205380378705406e-01 -8.118811881188120472e-02
-7.920792079207921166e-01 9.238481297426988093e-01 -7.920792079207922276e-02
-7.722772277227722970e-01 9.256793188038184850e-01 -7.722772277227724080e-02
-7.524752475247524774e-01 9.275141066361500819e-01 -7.524752475247525885e-02
-7.326732673267326579e-01 9.293525114810888832e-01 -7.326732673267326301e-02
-7.128712871287128383e-01 9.311945620657652301e-01 -7.128712871287128106e-02
-6.930693069306930187e-01 9.330402840307574497e-01 -6.930693069306929910e-02
-6.732673267326731992e-01 9.348896906666930295e-01 -6.732673267326731714e-02
-6.534653465346533796e-01 9.367427835888584298e-01 -6.534653465346533519e-02
-6.336633663366336711e-01 9.385995598497546277e-01 -6.336633663366336711e-02
-6.138613861386138515e-01 9.404600185991317529e-01 -6.138613861386138515e-02
-5.940594059405941429e-01 9.423241634921184495e-01 -5.940594059405941707e-02
-5.742574257425743234e-01 9.441920015424620782e-01 -5.742574257425743511e-02
-5.544554455445545038e-01 9.460635409918687344e-01 -5.544554455445545316e-02
-5.346534653465346842e-01 9.479387899508995297e-01 -5.346534653465347120e-02
-5.148514851485148647e-01 9.498177560672799169e-01 -5.148514851485148924e-02
-4.950495049504950451e-01 9.517004467092062825e-01 -4.950495049504950729e-02
-4.752475247524752255e-01 9.535868691890090343e-01 -4.752475247524752533e-02
-4.554455445544554060e-01 9.554770308613003138e-01 -4.554455445544554337e-02
-4.356435643564356419e-01 9.573709391282825276e-01 -4.356435643564356835e-02
-4.158415841584158779e-01 9.592686014197415734e-01 -4.158415841584159334e-02
-3.960396039603960583e-01 9.611700251804369266e-01 -3.960396039603961138e-02
-3.762376237623762387e-01 9.630752178674498731e-01 -3.762376237623762942e-02
-3.564356435643564192e-01 9.649841869513506865e-01 -3.564356435643564053e-02
-3.366336633663365996e-01 9.668969399173243939e-01 -3.366336633663365857e-02
-3.168316831683167800e-01 9.688134842655251600e-01 -3.168316831683167661e-02
-2.970297029702970160e-01 9.707338275110894976e-01 -2.970297029702970160e-02
-2.772277227722772519e-01 9.726579771839489741e-01 -2.772277227722772658e-02
-2.574257425742574323e-01 9.745859408295798332e-01 -2.574257425742574462e-02
-2.376237623762376128e-01 9.765177260054377362e-01 -2.376237623762376266e-02
-2.178217821782177932e-01 9.784533402968750293e-01 -2.178217821782178071e-02
-1.980198019801979736e-01 9.803927912535612688e-01 -1.980198019801979875e-02
-1.782178217821782096e-01 9.823360866169608130e-01 -1.782178217821782026e-02
-1.584158415841584455e-01 9.842832336102023127e-01 -1.584158415841584525e-02
-1.386138613861386260e-01 9.862342408047624076e-01 -1.386138613861386329e-02
-1.188118811881188064e-01 9.881891142807471828e-01 -1.188118811881188133e-02
-9.900990099009898682e-02 9.901478626112057979e-01 -9.900990099009899376e-03
-7.920792079207916725e-02 9.921104979426476067e-01 -7.920792079207917419e-03
-5.940594059405940319e-02 9.940770115654595784e-01 -5.940594059405940666e-03
-3.960396039603963914e-02 9.960474316767697900e-01 -3.960396039603963914e-03
-1.980198019801981957e-02 9.980217920179278446e-01 -1.980198019801981957e-03
0.000000000000000000e+00 9.999999698914359136e-01 0.000000000000000000e+00
1.980198019801981957e-02 1.008756525867013476e+00 5.198019801980198196e-01
3.960396039603963914e-02 1.031816780938908940e+00 5.396039603960396391e-01
5.940594059405945870e-02 1.051771902433075612e+00 5.594059405940594587e-01
7.920792079207927827e-02 1.072796593833770462e+00 5.792079207920792783e-01
9.900990099009909784e-02 1.094252681966202179e+00 5.990099009900990978e-01
1.188118811881189174e-01 1.138038004779181600e+00 6.188118811881189174e-01
1.386138613861386260e-01 1.160818824116865766e+00 6.386138613861386260e-01
1.584158415841583345e-01 1.184091639028296505e+00 6.584158415841583345e-01
1.782178217821781541e-01 1.207926883262216311e+00 6.782178217821781541e-01
1.980198019801979736e-01 1.232468045246348121e+00 6.980198019801979736e-01
2.178217821782177932e-01 1.257979586419126772e+00 7.178217821782177932e-01
2.376237623762376128e-01 1.284929792849840879e+00 7.376237623762376128e-01
2.574257425742574323e-01 1.314040675148668846e+00 7.574257425742574323e-01
2.772277227722772519e-01 1.346316084155117832e+00 7.772277227722772519e-01
2.970297029702970715e-01 1.382985981783102725e+00 7.970297029702970715e-01
3.168316831683168910e-01 1.425345744108971635e+00 8.168316831683168910e-01
3.366336633663367106e-01 1.474511417818560322e+00 8.366336633663367106e-01
3.564356435643565302e-01 1.531170420540393318e+00 8.564356435643565302e-01
3.762376237623763497e-01 1.595436516457105824e+00 8.762376237623763497e-01
3.960396039603960583e-01 1.666881268280744344e+00 8.960396039603960583e-01
4.158415841584157668e-01 1.744722416216101912e+00 9.158415841584157668e-01
4.356435643564355864e-01 1.828067526214830041e+00 9.356435643564355864e-01
4.554455445544554060e-01 1.916103662709327971e+00 9.554455445544554060e-01
4.752475247524752255e-01 2.008185550292811428e+00 9.752475247524752255e-01
4.950495049504950451e-01 2.103839556591011295e+00 9.950495049504950451e-01
5.148514851485148647e-01 2.202722728132719965e+00 1.414851485148514776e+00
5.346534653465346842e-01 2.304567051691130075e+00 1.434653465346534595e+00
5.544554455445545038e-01 2.409120085880503304e+00 1.454455445544554415e+00
5.742574257425743234e-01 2.516080862706611576e+00 1.474257425742574235e+00
5.940594059405941429e-01 2.625051307120571664e+00 1.494059405940594054e+00
6.138613861386139625e-01 2.735480512261724950e+00 1.513861386138613874e+00
6.336633663366337821e-01 2.846624406192726831e+00 1.533663366336633693e+00
6.534653465346534906e-01 2.957529790387661173e+00 1.553465346534653513e+00
6.732673267326731992e-01 3.067083068402753465e+00 1.573267326732673332e+00
6.930693069306930187e-01 3.174100173730241004e+00 1.593069306930693152e+00
7.128712871287128383e-01 3.277503795963893740e+00 1.612871287128712972e+00
7.326732673267326579e-01 3.376450259982182622e+00 1.632673267326732791e+00
7.524752475247524774e-01 3.470605973318058535e+00 1.652475247524752611e+00
7.722772277227722970e-01 3.560042343386250696e+00 1.672277227722772430e+00
7.920792079207921166e-01 3.645389842841301409e+00 1.692079207920792250e+00
8.118811881188119361e-01 3.727516807129691578e+00 1.711881188118812069e+00
8.316831683168317557e-01 3.807469884918435188e+00 1.731683168316831889e+00
8.514851485148515753e-01 3.886349126809900856e+00 1.751485148514851709e+00
8.712871287128713949e-01 3.965085815637082511e+00 1.771287128712871528e+00
8.910891089108911034e-01 4.044532604353857863e+00 1.791089108910891126e+00
9.108910891089108119e-01 4.125300971288139884e+00 1.810891089108910723e+00
9.306930693069306315e-01 4.207228084242398580e+00 1.830693069306930543e+00
9.504950495049504511e-01 4.290093359320148458e+00 1.850495049504950362e+00
9.702970297029702706e-01 4.373576898250409961e+00 1.870297029702970182e+00
9.900990099009900902e-01 4.457369863961115897e+00 1.890099009900990001e+00
