-9.900990099009900902e-01 9.057340339471904311e-01 -9.900990099009901457e-02
-9.702970297029702706e-01 9.075293436923068668e-01 -9.702970297029703262e-02
-9.504950495049504511e-01 9.093282105733758724e-01 -9.504950495049505066e-02
-9.306930693069306315e-01 9.111306445383969832e-01 -9.306930693069306870e-02
-9.108910891089109230e-01 9.129366574968610371e-01 -9.108910891089110062e-02
-8.910891089108911034e-01 9.147462523922370581e-01 -8.910891089108911867e-02
-8.712871287128712838e-01 9.165594176062613618e-01 -8.712871287128713671e-02
-8.514851485148514643e-01 9.183761415191518118e-01 -8.514851485148515475e-02
-8.316831683168317557e-01 9.201964333361742909e-01 -8.316831683168318667e-02
-8.118811881188119361e-01 9.220203248748669589e-01 -8.118811881188120472e-02
-7.920792079207921166e-01 9.238478511390508796e-01 -7.920792079207922276e-02
-7.722772277227722970e-01 9.256790312080627192e-01 -7.722772277227724080e-02
-7.524752475247524774e-01 9.275138660772810351e-01 -7.524752475247525885e-02
-7.326732673267326579e-01 9.293523495646446309e-01 -7.326732673267326301e-02
-7.128712871287128383e-01 9.311944788393424766e-01 -7.128712871287128106e-02
-6.930693069306930187e-01 9.330402574406193583e-01 -6.930693069306929910e-02
-6.732673267326731992e-01 9.348896928690794139e-01 -6.732673267326731714e-02
-6.534653465346533796e-01 9.367427935292111929e-01 -6.534653465346533519e-02
-6.336633663366336711e-01 9.385995673403776385e-01 -6.336633663366336711e-02
-6.138613861386138515e-01 9.404600217070897550e-01 -6.138613861386138515e-02
-5.940594059405941429e-01 9.423241638583714774e-01 -5.940594059405941707e-02
-5.742574257425743234e-01 9.441920010465609803e-01 -5.742574257425743511e-02
-5.544554455445545038e-01 9.460635405799372455e-01 -5.544554455445545316e-02
-5.346534653465346842e-01 9.479387897995283918e-01 -5.346534653465347120e-02
-5.148514851485148647e-01 9.498177560620986171e-01 -5.148514851485148924e-02
-4.950495049504950451e-01 9.517004467365504095e-01 -4.950495049504950729e-02
-4.752475247524752255e-01 9.535868692052003048e-01 -4.752475247524752533e-02
-4.554455445544554060e-01 9.554770308648814492e-01 -4.554455445544554337e-02
-4.356435643564356419e-01 9.573709391272098301e-01 -4.356435643564356835e-02
-4.158415841584158779e-01 9.592686014185524135e-01 -4.158415841584159334e-02
-3.960396039603960583e-01 9.611700251800038286e-01 -3.960396039603961138e-02
-3.762376237623762387e-01 9.630752178674005792e-01 -3.762376237623762942e-02
-3.564356435643564192e-01 9.649841869513573478e-01 -3.564356435643564053e-02
-3.366336633663365996e-01 9.668969399172947510e-01 -3.366336633663365857e-02
-3.168316831683167800e-01 9.688134842654729795e-01 -3.168316831683167661e-02
-2.970297029702970160e-01 9.707338275110175552e-01 -2.970297029702970160e-02
-2.772277227722772519e-01 9.726579771839504174e-01 -2.772277227722772658e-02
-2.574257425742574323e-01 9.745859408292192327e-01 -2.574257425742574462e-02
-2.376237623762376128e-01 9.765177260067265941e-01 -2.376237623762376266e-02
-2.178217821782177932e-01 9.784533402913685451e-01 -2.178217821782178071e-02
-1.980198019801979736e-01 9.803927912729634153e-01 -1.980198019801979875e-02
-1.782178217821782096e-01 9.823360865572532408e-01 -1.782178217821782026e-02
-1.584158415841584455e-01 9.842832337573679258e-01 -1.584158415841584525e-02
-1.386138613861386260e-01 9.862342405629365150e-01 -1.386138613861386329e-02
-1.188118811881188064e-01 9.881891142364496172e-01 -1.188118811881188133e-02
-9.900990099009898682e-02 9.901478648824486584e-01 -9.900990099009899376e-03
-7.920792079207916725e-02 9.921104869232363344e-01 -7.920792079207917419e-03
-5.940594059405940319e-02 9.940770483292840076e-01 -5.940594059405940666e-03
-3.960396039603963914e-02 9.960473393423033839e-01 -3.960396039603963914e-03
-1.980198019801981957e-02 9.980219290360730078e-01 -1.980198019801981957e-03
0.000000000000000000e+00 1.000000085957950979e+00 0.000000000000000000e+00
1.980198019801981957e-02 1.008755362268115796e+00 5.198019801980198196e-01
3.960396039603963914e-02 1.031818537617035902e+00 5.396039603960396391e-01
5.940594059405945870e-02 1.051794876002229318e+00 5.594059405940594587e-01
7.920792079207927827e-02 1.072929766020877862e+00 5.792079207920792783e-01
9.900990099009909784e-02 1.094814451558440815e+00 5.990099009900990978e-01
1.188118811881189174e-01 1.139913734471804663e+00 6.188118811881189174e-01
1.386138613861386260e-01 1.166011426906364612e+00 6.386138613861386260e-01
1.584158415841583345e-01 1.196495717599922459e+00 6.584158415841583345e-01
1.782178217821781541e-01 1.233978442818994381e+00 6.782178217821781541e-01
1.980198019801979736e-01 1.281307465383897615e+00 6.980198019801979736e-01
2.178217821782177932e-01 1.340720730621281831e+00 7.178217821782177932e-01
2.376237623762376128e-01 1.413268087639684145e+00 7.376237623762376128e-01
2.574257425742574323e-01 1.498423495406038475e+00 7.574257425742574323e-01
2.772277227722772519e-01 1.594537755768854703e+00 7.772277227722772519e-01
2.970297029702970715e-01 1.699601234022860785e+00 7.970297029702970715e-01
3.168316831683168910e-01 1.811813965132183402e+00 8.168316831683168910e-01
3.366336633663367106e-01 1.929604537202587400e+00 8.366336633663367106e-01
3.564356435643565302e-01 2.051055026433970863e+00 8.564356435643565302e-01
3.762376237623763497e-01 2.172928823479414184e+00 8.762376237623763497e-01
3.960396039603960583e-01 2.290385468318124396e+00 8.960396039603960583e-01
4.158415841584157668e-01 2.398660969706910784e+00 9.158415841584157668e-01
4.356435643564355864e-01 2.494986552774281385e+00 9.356435643564355864e-01
4.554455445544554060e-01 2.579078547903392860e+00 9.554455445544554060e-01
4.752475247524752255e-01 2.652396888863763902e+00 9.752475247524752255e-01
4.950495049504950451e-01 2.717485736811968700e+00 9.950495049504950451e-01
5.148514851485148647e-01 2.777267578523031855e+00 1.414851485148514776e+00
5.346534653465346842e-01 2.834399157213489673e+00 1.434653465346534595e+00
5.544554455445545038e-01 2.891049341845066234e+00 1.454455445544554415e+00
5.742574257425743234e-01 2.948127016493782726e+00 1.474257425742574235e+00
5.940594059405941429e-01 3.004977841277996387e+00 1.494059405940594054e+00
6.138613861386139625e-01 3.061074197479142445e+00 1.513861386138613874e+00
6.336633663366337821e-01 3.116739659359776038e+00 1.533663366336633693e+00
6.534653465346534906e-01 3.174728986534717912e+00 1.553465346534653513e+00
6.732673267326731992e-01 3.235690082287840497e+00 1.573267326732673332e+00
6.930693069306930187e-01 3.298948175158010976e+00 1.593069306930693152e+00
7.128712871287128383e-01 3.364102354135881434e+00 1.612871287128712972e+00
7.326732673267326579e-01 3.430921282363597058e+00 1.632673267326732791e+00
7.524752475247524774e-01 3.499280013035609649e+00 1.652475247524752611e+00
7.722772277227722970e-01 3.569119728391990876e+00 1.672277227722772430e+00
7.920792079207921166e-01 3.640421792566020276e+00 1.692079207920792250e+00
8.118811881188119361e-01 3.713189338449389254e+00 1.711881188118812069e+00
8.316831683168317557e-01 3.787436332753305379e+00 1.731683168316831889e+00
8.514851485148515753e-01 3.863180851647020742e+00 1.751485148514851709e+00
8.712871287128713949e-01 3.940444969037808498e+00 1.771287128712871528e+00
8.910891089108911034e-01 4.019263855270275521e+00 1.791089108910891126e+00
9.108910891089108119e-01 4.099677970220312773e+00 1.810891089108910723e+00
9.306930693069306315e-01 4.181736099726689027e+00 1.830693069306930543e+00
9.504950495049504511e-01 4.265499725253456553e+00 1.850495049504950362e+00
9.702970297029702706e-01 4.351051112480902816e+00 1.870297029702970182e+00
9.900990099009900902e-01 4.438529305113782186e+00 1.890099009900990001e+00
