-9.900990099009900902e-01 9.057337403183587377e-01 -9.900990099009901457e-02
-9.702970297029702706e-01 9.075290494245287221e-01 -9.702970297029703262e-02
-9.504950495049504511e-01 9.093279171204290412e-01 -9.504950495049505066e-02
-9.306930693069306315e-01 9.111303504597535463e-01 -9.306930693069306870e-02
-9.108910891089109230e-01 9.129363565101775713e-01 -9.108910891089110062e-02
-8.910891089108911034e-01 9.147459423533861322e-01 -8.910891089108911867e-02
-8.712871287128712838e-01 9.165591150851005731e-01 -8.712871287128713671e-02
-8.514851485148514643e-01 9.183758818151078751e-01 -8.514851485148515475e-02
-8.316831683168317557e-01 9.201962496672869696e-01 -8.316831683168318667e-02
-8.118811881188119361e-01 9.220202257796381584e-01 -8.118811881188120472e-02
-7.920792079207921166e-01 9.238478173043098707e-01 -7.920792079207922276e-02
-7.722772277227722970e-01 9.256790314076276394e-01 -7.722772277227724080e-02
-7.524752475247524774e-01 9.275138752701214129e-01 -7.524752475247525885e-02
-7.326732673267326579e-01 9.293523560865544209e-01 -7.326732673267326301e-02
-7.128712871287128383e-01 9.311944810659510408e-01 -7.128712871287128106e-02
-6.930693069306930187e-01 9.330402574316247755e-01 -6.930693069306929910e-02
-6.732673267326731992e-01 9.348896924212072301e-01 -6.732673267326731714e-02
-6.534653465346533796e-01 9.367427932866759788e-01 -6.534653465346533519e-02
-6.336633663366336711e-01 9.385995672943833190e-01 -6.336633663366336711e-02
-6.138613861386138515e-01 9.404600217250844718e-01 -6.138613861386138515e-02
-5.940594059405941429e-01 9.423241638739663362e-01 -5.940594059405941707e-02
-5.742574257425743234e-01 9.441920010506760219e-01 -5.742574257425743511e-02
-5.544554455445545038e-01 9.460635405793494934e-01 -5.544554455445545316e-02
-5.346534653465346842e-01 9.479387897986405465e-01 -5.346534653465347120e-02
-5.148514851485148647e-01 9.498177560617490078e-01 -5.148514851485148924e-02
-4.950495049504950451e-01 9.517004467364501563e-01 -4.950495049504950729e-02
-4.752475247524752255e-01 9.535868692051233664e-01 -4.752475247524752533e-02
-4.554455445544554060e-01 9.554770308647809740e-01 -4.554455445544554337e-02
-4.356435643564356419e-01 9.573709391270974756e-01 -4.356435643564356835e-02
-4.158415841584158779e-01 9.592686014184385046e-01 -4.158415841584159334e-02
-3.960396039603960583e-01 9.611700251798896977e-01 -3.960396039603961138e-02
-3.762376237623762387e-01 9.630752178672865593e-01 -3.762376237623762942e-02
-3.564356435643564192e-01 9.649841869512427728e-01 -3.564356435643564053e-02
-3.366336633663365996e-01 9.668969399171801760e-01 -3.366336633663365857e-02
-3.168316831683167800e-01 9.688134842653581824e-01 -3.168316831683167661e-02
-2.970297029702970160e-01 9.707338275109023140e-01 -2.970297029702970160e-02
-2.772277227722772519e-01 9.726579771838349542e-01 -2.772277227722772658e-02
-2.574257425742574323e-01 9.745859408291035475e-01 -2.574257425742574462e-02
-2.376237623762376128e-01 9.765177260066113529e-01 -2.376237623762376266e-02
-2.178217821782177932e-01 9.784533402912463096e-01 -2.178217821782178071e-02
-1.980198019801979736e-01 9.803927912729110128e-01 -1.980198019801979875e-02
-1.782178217821782096e-01 9.823360865565525790e-01 -1.782178217821782026e-02
-1.584158415841584455e-01 9.842832337621920669e-01 -1.584158415841584525e-02
-1.386138613861386260e-01 9.862342405249550081e-01 -1.386138613861386329e-02
-1.188118811881188064e-01 9.881891144951007178e-01 -1.188118811881188133e-02
-9.900990099009898682e-02 9.901478633380527139e-01 -9.900990099009899376e-03
-7.920792079207916725e-02 9.921104947344283609e-01 -7.920792079207917419e-03
-5.940594059405940319e-02 9.940770163800694004e-01 -5.940594059405940666e-03
-3.960396039603963914e-02 9.960474359860720384e-01 -3.960396039603963914e-03
-1.980198019801981957e-02 9.980217612788170323e-01 -1.980198019801981957e-03
0.000000000000000000e+00 1.000000000000000000e+00 0.000000000000000000e+00
1.980198019801981957e-02 1.681694607892292304e+00 5.198019801980198196e-01
3.960396039603963914e-02 1.715327390064581348e+00 5.396039603960396391e-01
5.940594059405945870e-02 1.749632805681337500e+00 5.594059405940594587e-01
7.920792079207927827e-02 1.784624306967485641e+00 5.792079207920792783e-01
9.900990099009909784e-02 1.820315615183569102e+00 5.990099009900990978e-01
1.188118811881189174e-01 1.856720726006286570e+00 6.188118811881189174e-01
1.386138613861386260e-01 1.893853915016632028e+00 6.386138613861386260e-01
1.584158415841583345e-01 1.931729743297797786e+00 6.584158415841583345e-01
1.782178217821781541e-01 1.970363063145028626e+00 6.782178217821781541e-01
1.980198019801979736e-01 2.009769023889671491e+00 6.980198019801979736e-01
2.178217821782177932e-01 2.049963077839699999e+00 7.178217821782177932e-01
2.376237623762376128e-01 2.090960986339049477e+00 7.376237623762376128e-01
2.574257425742574323e-01 2.132778825948130397e+00 7.574257425742574323e-01
2.772277227722772519e-01 2.175432994747949600e+00 7.772277227722772519e-01
2.970297029702970715e-01 2.218940218770311557e+00 7.970297029702970715e-01
3.168316831683168910e-01 2.263317558556616316e+00 8.168316831683168910e-01
3.366336633663367106e-01 2.308582415847832081e+00 8.366336633663367106e-01
3.564356435643565302e-01 2.354752540408259875e+00 8.564356435643565302e-01
3.762376237623763497e-01 2.401846036985771260e+00 8.762376237623763497e-01
3.960396039603960583e-01 2.449881372411245373e+00 8.960396039603960583e-01
4.158415841584157668e-01 2.498877382839990613e+00 9.158415841584157668e-01
4.356435643564355864e-01 2.548853281137988702e+00 9.356435643564355864e-01
4.554455445544554060e-01 2.599828664415859691e+00 9.554455445544554060e-01
4.752475247524752255e-01 2.651823521713500220e+00 9.752475247524752255e-01
4.950495049504950451e-01 2.704858241838413058e+00 9.950495049504950451e-01
5.148514851485148647e-01 4.115875151992851144e+00 1.414851485148514776e+00
5.346534653465346842e-01 4.198189938390845199e+00 1.434653465346534595e+00
5.544554455445545038e-01 4.282150966185754193e+00 1.454455445544554415e+00
5.742574257425743234e-01 4.367791159118933564e+00 1.474257425742574235e+00
5.940594059405941429e-01 4.455144099384830803e+00 1.494059405940594054e+00
6.138613861386139625e-01 4.544244040799618745e+00 1.513861386138613874e+00
6.336633663366337821e-01 4.635125922233185314e+00 1.533663366336633693e+00
6.534653465346534906e-01 4.727825381309754604e+00 1.553465346534653513e+00
6.732673267326731992e-01 4.822378768382512781e+00 1.573267326732673332e+00
6.930693069306930187e-01 4.918823160787717086e+00 1.593069306930693152e+00
7.128712871287128383e-01 5.017196377383877248e+00 1.612871287128712972e+00
7.326732673267326579e-01 5.117536993381712307e+00 1.632673267326732791e+00
7.524752475247524774e-01 5.219884355470692405e+00 1.652475247524752611e+00
7.722772277227722970e-01 5.324278597248108369e+00 1.672277227722772430e+00
7.920792079207921166e-01 5.430760654956706901e+00 1.692079207920792250e+00
8.118811881188119361e-01 5.539372283537069563e+00 1.711881188118812069e+00
8.316831683168317557e-01 5.650156073001030066e+00 1.731683168316831889e+00
8.514851485148515753e-01 5.763155465132546951e+00 1.751485148514851709e+00
8.712871287128713949e-01 5.878414770522586430e+00 1.771287128712871528e+00
8.910891089108911034e-01 5.995979185944682932e+00 1.791089108910891126e+00
9.108910891089108119e-01 6.115894812078016329e+00 1.810891089108910723e+00
9.306930693069306315e-01 6.238208671584917653e+00 1.830693069306930543e+00
9.504950495049504511e-01 6.362968727549929149e+00 1.850495049504950362e+00
9.702970297029702706e-01 6.490223902287624469e+00 1.870297029702970182e+00
9.900990099009900902e-01 6.620024096526579527e+00 1.890099009900990001e+00
