-9.900990099009900902e-01 9.057317593430468383e-01 -9.900990099009901457e-02
-9.702970297029702706e-01 9.075283890477482407e-01 -9.702970297029703262e-02
-9.504950495049504511e-01 9.093267650085474774e-01 -9.504950495049505066e-02
-9.306930693069306315e-01 9.111292679957708751e-01 -9.306930693069306870e-02
-9.108910891089109230e-01 9.129352776355563748e-01 -9.108910891089110062e-02
-8.910891089108911034e-01 9.147448579675685476e-01 -8.910891089108911867e-02
-8.712871287128712838e-01 9.165580296230960711e-01 -8.712871287128713671e-02
-8.514851485148514643e-01 9.183747948253377924e-01 -8.514851485148515475e-02
-8.316831683168317557e-01 9.201951605374210086e-01 -8.316831683168318667e-02
-8.118811881188119361e-01 9.220191322747582907e-01 -8.118811881188120472e-02
-7.920792079207921166e-01 9.238467216214713007e-01 -7.920792079207922276e-02
-7.722772277227722970e-01 9.256779387680975635e-01 -7.722772277227724080e-02
-7.524752475247524774e-01 9.275127816773632849e-01 -7.524752475247525885e-02
-7.326732673267326579e-01 9.293512489861890380e-01 -7.326732673267326301e-02
-7.128712871287128383e-01 9.311933640151981439e-01 -7.128712871287128106e-02
-6.930693069306930187e-01 9.330391585647367370e-01 -6.930693069306929910e-02
-6.732673267326731992e-01 9.348886221518493134e-01 -6.732673267326731714e-02
-6.534653465346533796e-01 9.367417029025476571e-01 -6.534653465346533519e-02
-6.336633663366336711e-01 9.385983938246877933e-01 -6.336633663366336711e-02
-6.138613861386138515e-01 9.404587982844643257e-01 -6.138613861386138515e-02
-5.940594059405941429e-01 9.423230616907369850e-01 -5.940594059405941707e-02
-5.742574257425743234e-01 9.441912253030346758e-01 -5.742574257425743511e-02
-5.544554455445545038e-01 9.460631725496294608e-01 -5.544554455445545316e-02
-5.346534653465346842e-01 9.479387332884184891e-01 -5.346534653465347120e-02
-5.148514851485148647e-01 9.498178282249127857e-01 -5.148514851485148924e-02
-4.950495049504950451e-01 9.517005086429090044e-01 -4.950495049504950729e-02
-4.752475247524752255e-01 9.535868806065689318e-01 -4.752475247524752533e-02
-4.554455445544554060e-01 9.554770155434171297e-01 -4.554455445544554337e-02
-4.356435643564356419e-01 9.573709265242890121e-01 -4.356435643564356835e-02
-4.158415841584158779e-01 9.592685998031376116e-01 -4.158415841584159334e-02
-3.960396039603960583e-01 9.611700284564035357e-01 -3.960396039603961138e-02
-3.762376237623762387e-01 9.630752199472440989e-01 -3.762376237623762942e-02
-3.564356435643564192e-01 9.649841868840476344e-01 -3.564356435643564053e-02
-3.366336633663365996e-01 9.668969392545549990e-01 -3.366336633663365857e-02
-3.168316831683167800e-01 9.688134840126807479e-01 -3.168316831683167661e-02
-2.970297029702970160e-01 9.707338276013631750e-01 -2.970297029702970160e-02
-2.772277227722772519e-01 9.726579772845912464e-01 -2.772277227722772658e-02
-2.574257425742574323e-01 9.745859408543620095e-01 -2.574257425742574462e-02
-2.376237623762376128e-01 9.765177259774737717e-01 -2.376237623762376266e-02
-2.178217821782177932e-01 9.784533402634916222e-01 -2.178217821782178071e-02
-1.980198019801979736e-01 9.803927913133069216e-01 -1.980198019801979875e-02
-1.782178217821782096e-01 9.823360865335998282e-01 -1.782178217821782026e-02
-1.584158415841584455e-01 9.842832337189515446e-01 -1.584158415841584525e-02
-1.386138613861386260e-01 9.862342406491562130e-01 -1.386138613861386329e-02
-1.188118811881188064e-01 9.881891144152783468e-01 -1.188118811881188133e-02
-9.900990099009898682e-02 9.901478631693806376e-01 -9.900990099009899376e-03
-7.920792079207916725e-02 9.921104951185921728e-01 -7.920792079207917419e-03
-5.940594059405940319e-02 9.940770162995633541e-01 -5.940594059405940666e-03
-3.960396039603963914e-02 9.960474352442727497e-01 -3.960396039603963914e-03
-1.980198019801981957e-02 9.980217621699077890e-01 -1.980198019801981957e-03
0.000000000000000000e+00 1.000000000834809111e+00 0.000000000000000000e+00
1.980198019801981957e-02 1.007465973842043727e+00 5.198019801980198196e-01
3.960396039603963914e-02 1.035643610964979811e+00 5.396039603960396391e-01
5.940594059405945870e-02 1.047174191132533627e+00 5.594059405940594587e-01
7.920792079207927827e-02 1.075640529569569015e+00 5.792079207920792783e-01
9.900990099009909784e-02 1.093390401335380124e+00 5.990099009900990978e-01
1.188118811881189174e-01 1.137135925568845130e+00 6.188118811881189174e-01
1.386138613861386260e-01 1.159880923576104728e+00 6.386138613861386260e-01
1.584158415841583345e-01 1.183080829492739738e+00 6.584158415841583345e-01
1.782178217821781541e-01 1.206744732106512785e+00 6.782178217821781541e-01
1.980198019801979736e-01 1.230882002998358260e+00 6.980198019801979736e-01
2.178217821782177932e-01 1.255502179416525976e+00 7.178217821782177932e-01
2.376237623762376128e-01 1.280614804712664423e+00 7.376237623762376128e-01
2.574257425742574323e-01 1.306229531756736062e+00 7.574257425742574323e-01
2.772277227722772519e-01 1.332356447703961333e+00 7.772277227722772519e-01
2.970297029702970715e-01 1.359002673145396578e+00 7.970297029702970715e-01
3.168316831683168910e-01 1.386182217292311947e+00 8.168316831683168910e-01
3.366336633663367106e-01 1.413905515220890585e+00 8.366336633663367106e-01
3.564356435643565302e-01 1.442182512175735010e+00 8.564356435643565302e-01
3.762376237623763497e-01 1.471024069974611548e+00 8.762376237623763497e-01
3.960396039603960583e-01 1.500442378594759596e+00 8.960396039603960583e-01
4.158415841584157668e-01 1.530450832205703104e+00 9.158415841584157668e-01
4.356435643564355864e-01 1.561063816274968374e+00 9.356435643564355864e-01
4.554455445544554060e-01 1.592297960450252514e+00 9.554455445544554060e-01
4.752475247524752255e-01 1.624175230127565150e+00 9.752475247524752255e-01
4.950495049504950451e-01 1.656728620703243449e+00 9.950495049504950451e-01
5.148514851485148647e-01 1.690012692398632055e+00 1.414851485148514776e+00
5.346534653465346842e-01 1.724122359488750256e+00 1.434653465346534595e+00
5.544554455445545038e-01 1.759224079361864979e+00 1.454455445544554415e+00
5.742574257425743234e-01 1.795600162081506967e+00 1.474257425742574235e+00
5.940594059405941429e-01 1.833692483589822064e+00 1.494059405940594054e+00
6.138613861386139625e-01 1.874139649428281817e+00 1.513861386138613874e+00
6.336633663366337821e-01 1.917841496687578307e+00 1.533663366336633693e+00
6.534653465346534906e-01 1.965914342945856763e+00 1.553465346534653513e+00
6.732673267326731992e-01 2.019269348596216762e+00 1.573267326732673332e+00
6.930693069306930187e-01 2.078179954973823573e+00 1.593069306930693152e+00
7.128712871287128383e-01 2.142339662999267258e+00 1.612871287128712972e+00
7.326732673267326579e-01 2.211163087292488783e+00 1.632673267326732791e+00
7.524752475247524774e-01 2.284025964088017169e+00 1.652475247524752611e+00
7.722772277227722970e-01 2.360387361338259993e+00 1.672277227722772430e+00
7.920792079207921166e-01 2.439824064017138916e+00 1.692079207920792250e+00
8.118811881188119361e-01 2.522022377524302250e+00 1.711881188118812069e+00
8.316831683168317557e-01 2.606756629448324425e+00 1.731683168316831889e+00
8.514851485148515753e-01 2.693867416662951708e+00 1.751485148514851709e+00
8.712871287128713949e-01 2.783243914444837763e+00 1.771287128712871528e+00
8.910891089108911034e-01 2.874810797786345518e+00 1.791089108910891126e+00
9.108910891089108119e-01 2.968518726328917445e+00 1.810891089108910723e+00
9.306930693069306315e-01 3.064337752119621783e+00 1.830693069306930543e+00
9.504950495049504511e-01 3.162252194594586729e+00 1.850495049504950362e+00
9.702970297029702706e-01 3.262257851227167826e+00 1.870297029702970182e+00
9.900990099009900902e-01 3.364357842680897992e+00 1.890099009900990001e+00
