-9.900990099009900902e-01 9.057340338005790414e-01 -9.900990099009901457e-02
-9.702970297029702706e-01 9.075293436790687895e-01 -9.702970297029703262e-02
-9.504950495049504511e-01 9.093282119156049781e-01 -9.504950495049505066e-02
-9.306930693069306315e-01 9.111306458545140874e-01 -9.306930693069306870e-02
-9.108910891089109230e-01 9.129366524685271767e-01 -9.108910891089110062e-02
-8.910891089108911034e-01 9.147462388206391015e-01 -8.910891089108911867e-02
-8.712871287128712838e-01 9.165594121719999876e-01 -8.712871287128713671e-02
-8.514851485148514643e-01 9.183761798044947078e-01 -8.514851485148515475e-02
-8.316831683168317557e-01 9.201965484620985292e-01 -8.316831683168318667e-02
-8.118811881188119361e-01 9.220205243931169914e-01 -8.118811881188120472e-02
-7.920792079207921166e-01 9.238481147932178228e-01 -7.920792079207922276e-02
-7.722772277227722970e-01 9.256793292317069266e-01 -7.722772277227724080e-02
-7.524752475247524774e-01 9.275141781942448649e-01 -7.524752475247525885e-02
-7.326732673267326579e-01 9.293526683939237198e-01 -7.326732673267326301e-02
-7.128712871287128383e-01 9.311947991082842879e-01 -7.128712871287128106e-02
-6.930693069306930187e-01 9.330405646129096287e-01 -6.930693069306929910e-02
-6.732673267326731992e-01 9.348899625180495665e-01 -6.732673267326731714e-02
-6.534653465346533796e-01 9.367430016066280452e-01 -6.534653465346533519e-02
-6.336633663366336711e-01 9.385997024574705971e-01 -6.336633663366336711e-02
-6.138613861386138515e-01 9.404600902175636046e-01 -6.138613861386138515e-02
-5.940594059405941429e-01 9.423241852137000940e-01 -5.940594059405941707e-02
-5.742574257425743234e-01 9.441919979292299203e-01 -5.742574257425743511e-02
-5.544554455445545038e-01 9.460635304678876034e-01 -5.544554455445545316e-02
-5.346534653465346842e-01 9.479387817577045183e-01 -5.346534653465347120e-02
-5.148514851485148647e-01 9.498177522800916872e-01 -5.148514851485148924e-02
-4.950495049504950451e-01 9.517004459810701755e-01 -4.950495049504950729e-02
-4.752475247524752255e-01 9.535868696570695136e-01 -4.752475247524752533e-02
-4.554455445544554060e-01 9.554770313997233977e-01 -4.554455445544554337e-02
-4.356435643564356419e-01 9.573709393960202485e-01 -4.356435643564356835e-02
-4.158415841584158779e-01 9.592686014742741740e-01 -4.158415841584159334e-02
-3.960396039603960583e-01 9.611700251544130769e-01 -3.960396039603961138e-02
-3.762376237623762387e-01 9.630752178384954787e-01 -3.762376237623762942e-02
-3.564356435643564192e-01 9.649841869390120008e-01 -3.564356435643564053e-02
-3.366336633663365996e-01 9.668969399160199929e-01 -3.366336633663365857e-02
-3.168316831683167800e-01 9.688134842672555536e-01 -3.168316831683167661e-02
-2.970297029702970160e-01 9.707338275125081406e-01 -2.970297029702970160e-02
-2.772277227722772519e-01 9.726579771841215027e-01 -2.772277227722772658e-02
-2.574257425742574323e-01 9.745859408298664928e-01 -2.574257425742574462e-02
-2.376237623762376128e-01 9.765177260060906583e-01 -2.376237623762376266e-02
-2.178217821782177932e-01 9.784533402910580158e-01 -2.178217821782178071e-02
-1.980198019801979736e-01 9.803927912774944575e-01 -1.980198019801979875e-02
-1.782178217821782096e-01 9.823360865453178992e-01 -1.782178217821782026e-02
-1.584158415841584455e-01 9.842832337751559191e-01 -1.584158415841584525e-02
-1.386138613861386260e-01 9.862342405430470915e-01 -1.386138613861386329e-02
-1.188118811881188064e-01 9.881891143970907843e-01 -1.188118811881188133e-02
-9.900990099009898682e-02 9.901478634747947760e-01 -9.900990099009899376e-03
-7.920792079207916725e-02 9.921104948824930325e-01 -7.920792079207917419e-03
-5.940594059405940319e-02 9.940770155610847425e-01 -5.940594059405940666e-03
-3.960396039603963914e-02 9.960474366123794887e-01 -3.960396039603963914e-03
-1.980198019801981957e-02 9.980217637708959089e-01 -1.980198019801981957e-03
0.000000000000000000e+00 9.999999949056940229e-01 0.000000000000000000e+00
1.980198019801981957e-02 1.008756619370652530e+00 5.198019801980198196e-01
3.960396039603963914e-02 1.031816580987320542e+00 5.396039603960396391e-01
5.940594059405945870e-02 1.051771620948021457e+00 5.594059405940594587e-01
7.920792079207927827e-02 1.072797462648016564e+00 5.792079207920792783e-01
9.900990099009909784e-02 1.094253692180325199e+00 5.990099009900990978e-01
1.188118811881189174e-01 1.138034042412286784e+00 6.188118811881189174e-01
1.386138613861386260e-01 1.160797180960869923e+00 6.386138613861386260e-01
1.584158415841583345e-01 1.184014690033279749e+00 6.584158415841583345e-01
1.782178217821781541e-01 1.207696173499917869e+00 6.782178217821781541e-01
1.980198019801979736e-01 1.231853595366299681e+00 6.980198019801979736e-01
2.178217821782177932e-01 1.256495849991920988e+00 7.178217821782177932e-01
2.376237623762376128e-01 1.281640230298533911e+00 7.376237623762376128e-01
2.574257425742574323e-01 1.307308312406648465e+00 7.574257425742574323e-01
2.772277227722772519e-01 1.333535455018884486e+00 7.772277227722772519e-01
2.970297029702970715e-01 1.360381136289147808e+00 7.970297029702970715e-01
3.168316831683168910e-01 1.387944652810194857e+00 8.168316831683168910e-01
3.366336633663367106e-01 1.416386300868441861e+00 8.366336633663367106e-01
3.564356435643565302e-01 1.445952188036956354e+00 8.564356435643565302e-01
3.762376237623763497e-01 1.476997763292999366e+00 8.762376237623763497e-01
3.960396039603960583e-01 1.510001565634443432e+00 8.960396039603960583e-01
4.158415841584157668e-01 1.545558232027139933e+00 9.158415841584157668e-01
4.356435643564355864e-01 1.584341003694261563e+00 9.356435643564355864e-01
4.554455445544554060e-01 1.627031071701127818e+00 9.554455445544554060e-01
4.752475247524752255e-01 1.674223861105979871e+00 9.752475247524752255e-01
4.950495049504950451e-01 1.726336097423235127e+00 9.950495049504950451e-01
5.148514851485148647e-01 1.783543984722670617e+00 1.414851485148514776e+00
5.346534653465346842e-01 1.845775182854343166e+00 1.434653465346534595e+00
5.544554455445545038e-01 1.912756473009622260e+00 1.454455445544554415e+00
5.742574257425743234e-01 1.984096011052465247e+00 1.474257425742574235e+00
5.940594059405941429e-01 2.059368296103188278e+00 1.494059405940594054e+00
6.138613861386139625e-01 2.138177126324194877e+00 1.513861386138613874e+00
6.336633663366337821e-01 2.220188611209854113e+00 1.533663366336633693e+00
6.534653465346534906e-01 2.305139827894576499e+00 1.553465346534653513e+00
6.732673267326731992e-01 2.392833306313152164e+00 1.573267326732673332e+00
6.930693069306930187e-01 2.483125779769880914e+00 1.593069306930693152e+00
7.128712871287128383e-01 2.575916035268377424e+00 1.612871287128712972e+00
7.326732673267326579e-01 2.671134056842900506e+00 1.632673267326732791e+00
7.524752475247524774e-01 2.768731602329452812e+00 1.652475247524752611e+00
7.722772277227722970e-01 2.868675165957411011e+00 1.672277227722772430e+00
7.920792079207921166e-01 2.970938425972581065e+00 1.692079207920792250e+00
8.118811881188119361e-01 3.075499328089212003e+00 1.711881188118812069e+00
8.316831683168317557e-01 3.182331526890962881e+00 1.731683168316831889e+00
8.514851485148515753e-01 3.291407163905545552e+00 1.751485148514851709e+00
8.712871287128713949e-01 3.402680305798670979e+00 1.771287128712871528e+00
8.910891089108911034e-01 3.516109011886328961e+00 1.791089108910891126e+00
9.108910891089108119e-01 3.631603033284043658e+00 1.810891089108910723e+00
9.306930693069306315e-01 3.749109084304381945e+00 1.830693069306930543e+00
9.504950495049504511e-01 3.868456482979086175e+00 1.850495049504950362e+00
9.702970297029702706e-01 3.989599144754413906e+00 1.870297029702970182e+00
9.900990099009900902e-01 4.112312745236688549e+00 1.890099009900990001e+00
