-9.900990099009900902e-01 9.057340358175836048e-01 -9.900990099009901457e-02
-9.702970297029702706e-01 9.075293533204291663e-01 -9.702970297029703262e-02
-9.504950495049504511e-01 9.093282074750572708e-01 -9.504950495049505066e-02
-9.306930693069306315e-01 9.111305760746526428e-01 -9.306930693069306870e-02
-9.108910891089109230e-01 9.129364834257959194e-01 -9.108910891089110062e-02
-8.910891089108911034e-01 9.147459849782013652e-01 -8.910891089108911867e-02
-8.712871287128712838e-01 9.165591154037011634e-01 -8.712871287128713671e-02
-8.514851485148514643e-01 9.183758734201895590e-01 -8.514851485148515475e-02
-8.316831683168317557e-01 9.201962451267549081e-01 -8.316831683168318667e-02
-8.118811881188119361e-01 9.220202249529070304e-01 -8.118811881188120472e-02
-7.920792079207921166e-01 9.238478176069715442e-01 -7.920792079207922276e-02
-7.722772277227722970e-01 9.256790316382406125e-01 -7.722772277227724080e-02
-7.524752475247524774e-01 9.275138753174396733e-01 -7.524752475247525885e-02
-7.326732673267326579e-01 9.293523560763606861e-01 -7.326732673267326301e-02
-7.128712871287128383e-01 9.311944810577155174e-01 -7.128712871287128106e-02
-6.930693069306930187e-01 9.330402574302329999e-01 -6.930693069306929910e-02
-6.732673267326731992e-01 9.348896924216341109e-01 -6.732673267326731714e-02
-6.534653465346533796e-01 9.367427932869557550e-01 -6.534653465346533519e-02
-6.336633663366336711e-01 9.385995672944619228e-01 -6.336633663366336711e-02
-6.138613861386138515e-01 9.404600217251257721e-01 -6.138613861386138515e-02
-5.940594059405941429e-01 9.423241638740151860e-01 -5.940594059405941707e-02
-5.742574257425743234e-01 9.441920010507294236e-01 -5.742574257425743511e-02
-5.544554455445545038e-01 9.460635405794046715e-01 -5.544554455445545316e-02
-5.346534653465346842e-01 9.479387897986959466e-01 -5.346534653465347120e-02
-5.148514851485148647e-01 9.498177560618042969e-01 -5.148514851485148924e-02
-4.950495049504950451e-01 9.517004467365055564e-01 -4.950495049504950729e-02
-4.752475247524752255e-01 9.535868692051788775e-01 -4.752475247524752533e-02
-4.554455445544554060e-01 9.554770308648365962e-01 -4.554455445544554337e-02
-4.356435643564356419e-01 9.573709391271529867e-01 -4.356435643564356835e-02
-4.158415841584158779e-01 9.592686014184942378e-01 -4.158415841584159334e-02
-3.960396039603960583e-01 9.611700251799453198e-01 -3.960396039603961138e-02
-3.762376237623762387e-01 9.630752178673419595e-01 -3.762376237623762942e-02
-3.564356435643564192e-01 9.649841869512985060e-01 -3.564356435643564053e-02
-3.366336633663365996e-01 9.668969399172360202e-01 -3.366336633663365857e-02
-3.168316831683167800e-01 9.688134842654139156e-01 -3.168316831683167661e-02
-2.970297029702970160e-01 9.707338275109582693e-01 -2.970297029702970160e-02
-2.772277227722772519e-01 9.726579771838910204e-01 -2.772277227722772658e-02
-2.574257425742574323e-01 9.745859408291597248e-01 -2.574257425742574462e-02
-2.376237623762376128e-01 9.765177260066675302e-01 -2.376237623762376266e-02
-2.178217821782177932e-01 9.784533402913021538e-01 -2.178217821782178071e-02
-1.980198019801979736e-01 9.803927912729673011e-01 -1.980198019801979875e-02
-1.782178217821782096e-01 9.823360865566090894e-01 -1.782178217821782026e-02
-1.584158415841584455e-01 9.842832337622484662e-01 -1.584158415841584525e-02
-1.386138613861386260e-01 9.862342405250114075e-01 -1.386138613861386329e-02
-1.188118811881188064e-01 9.881891144951575612e-01 -1.188118811881188133e-02
-9.900990099009898682e-02 9.901478633381097794e-01 -9.900990099009899376e-03
-7.920792079207916725e-02 9.921104947344839831e-01 -7.920792079207917419e-03
-5.940594059405940319e-02 9.940770163801486703e-01 -5.940594059405940666e-03
-3.960396039603963914e-02 9.960474359857985904e-01 -3.960396039603963914e-03
-1.980198019801981957e-02 9.980217612839160646e-01 -1.980198019801981957e-03
0.000000000000000000e+00 9.999999999240860582e-01 0.000000000000000000e+00
1.980198019801981957e-02 1.009042419794334400e+00 5.198019801980198196e-01
3.960396039603963914e-02 1.034512120985906947e+00 5.396039603960396391e-01
5.940594059405945870e-02 1.064340549058515162e+00 5.594059405940594587e-01
7.920792079207927827e-02 1.111674095306397714e+00 5.792079207920792783e-01
9.900990099009909784e-02 1.185233661028566310e+00 5.990099009900990978e-01
1.188118811881189174e-01 1.312927078735044883e+00 6.188118811881189174e-01
1.386138613861386260e-01 1.446896648188682910e+00 6.386138613861386260e-01
1.584158415841583345e-01 1.604362669265467556e+00 6.584158415841583345e-01
1.782178217821781541e-01 1.769852795311692706e+00 6.782178217821781541e-01
1.980198019801979736e-01 1.911771230506445374e+00 6.980198019801979736e-01
2.178217821782177932e-01 2.017573223524924408e+00 7.178217821782177932e-01
2.376237623762376128e-01 2.093992764351765068e+00 7.376237623762376128e-01
2.574257425742574323e-01 2.150804084659242221e+00 7.574257425742574323e-01
2.772277227722772519e-01 2.197284072684034140e+00 7.772277227722772519e-01
2.970297029702970715e-01 2.240606034277117242e+00 7.970297029702970715e-01
3.168316831683168910e-01 2.282499700034288814e+00 8.168316831683168910e-01
3.366336633663367106e-01 2.321662797148845492e+00 8.366336633663367106e-01
3.564356435643565302e-01 2.360951221702996428e+00 8.564356435643565302e-01
3.762376237623763497e-01 2.404562836112322355e+00 8.762376237623763497e-01
3.960396039603960583e-01 2.451024580436934830e+00 8.960396039603960583e-01
4.158415841584157668e-01 2.499339117176715419e+00 9.158415841584157668e-01
4.356435643564355864e-01 2.549033096400588949e+00 9.356435643564355864e-01
4.554455445544554060e-01 2.599896391384955763e+00 9.554455445544554060e-01
4.752475247524752255e-01 2.651848092801574630e+00 9.752475247524752255e-01
4.950495049504950451e-01 2.704867174165763277e+00 9.950495049504950451e-01
5.148514851485148647e-01 2.758956747174016400e+00 1.414851485148514776e+00
5.346534653465346842e-01 2.814131091232363602e+00 1.434653465346534595e+00
5.544554455445545038e-01 2.870411279062511145e+00 1.454455445544554415e+00
5.742574257425743234e-01 2.927820217141894332e+00 1.474257425742574235e+00
5.940594059405941429e-01 2.986387263135991343e+00 1.494059405940594054e+00
6.138613861386139625e-01 3.046165432298397757e+00 1.513861386138613874e+00
6.336633663366337821e-01 3.107271479054936503e+00 1.533663366336633693e+00
6.534653465346534906e-01 3.169973353698839702e+00 1.553465346534653513e+00
6.732673267326731992e-01 3.234845783487059201e+00 1.573267326732673332e+00
6.930693069306930187e-01 3.302997987598780494e+00 1.593069306930693152e+00
7.128712871287128383e-01 3.376333388331339336e+00 1.612871287128712972e+00
7.326732673267326579e-01 3.457734625473591450e+00 1.632673267326732791e+00
7.524752475247524774e-01 3.551010985667593545e+00 1.652475247524752611e+00
7.722772277227722970e-01 3.660462653897811780e+00 1.672277227722772430e+00
7.920792079207921166e-01 3.790062973587436268e+00 1.692079207920792250e+00
8.118811881188119361e-01 3.942506976281038966e+00 1.711881188118812069e+00
8.316831683168317557e-01 4.118551141718634234e+00 1.731683168316831889e+00
8.514851485148515753e-01 4.317045457997931379e+00 1.751485148514851709e+00
8.712871287128713949e-01 4.535444230376610264e+00 1.771287128712871528e+00
8.910891089108911034e-01 4.771156100749772477e+00 1.791089108910891126e+00
9.108910891089108119e-01 5.020551033146670505e+00 1.810891089108910723e+00
9.306930693069306315e-01 5.282509730660139624e+00 1.830693069306930543e+00
9.504950495049504511e-01 5.548482285422148053e+00 1.850495049504950362e+00
9.702970297029702706e-01 5.821448048745296866e+00 1.870297029702970182e+00
9.900990099009900902e-01 6.078513698953597277e+00 1.890099009900990001e+00
