-9.900990099009900902e-01 9.057317593749678597e-01 -9.900990099009901457e-02
-9.702970297029702706e-01 9.075283889686469596e-01 -9.702970297029703262e-02
-9.504950495049504511e-01 9.093267648734867370e-01 -9.504950495049505066e-02
-9.306930693069306315e-01 9.111292683992573416e-01 -9.306930693069306870e-02
-9.108910891089109230e-01 9.129352779148771635e-01 -9.108910891089110062e-02
-8.910891089108911034e-01 9.147448566392198943e-01 -8.910891089108911867e-02
-8.712871287128712838e-01 9.165580290593118296e-01 -8.712871287128713671e-02
-8.514851485148514643e-01 9.183747984590283631e-01 -8.514851485148515475e-02
-8.316831683168317557e-01 9.201951623478210607e-01 -8.316831683168318667e-02
-8.118811881188119361e-01 9.220191234746475395e-01 -8.118811881188120472e-02
-7.920792079207921166e-01 9.238467138381651900e-01 -7.920792079207922276e-02
-7.722772277227722970e-01 9.256779562779220427e-01 -7.722772277227724080e-02
-7.524752475247524774e-01 9.275128128465055521e-01 -7.524752475247525885e-02
-7.326732673267326579e-01 9.293512340380967185e-01 -7.326732673267326301e-02
-7.128712871287128383e-01 9.311932753746070546e-01 -7.128712871287128106e-02
-6.930693069306930187e-01 9.330390991176105153e-01 -6.930693069306929910e-02
-6.732673267326731992e-01 9.348888119242309003e-01 -6.732673267326731714e-02
-6.534653465346533796e-01 9.367423331055020341e-01 -6.534653465346533519e-02
-6.336633663366336711e-01 9.385994665696077988e-01 -6.336633663366336711e-02
-6.138613861386138515e-01 9.404600876725551784e-01 -6.138613861386138515e-02
-5.940594059405941429e-01 9.423242309434836095e-01 -5.940594059405941707e-02
-5.742574257425743234e-01 9.441920147763163129e-01 -5.742574257425743511e-02
-5.544554455445545038e-01 9.460635250082635173e-01 -5.544554455445545316e-02
-5.346534653465346842e-01 9.479387774331959893e-01 -5.346534653465347120e-02
-5.148514851485148647e-01 9.498177551896318516e-01 -5.148514851485148924e-02
-4.950495049504950451e-01 9.517004501839818609e-01 -4.950495049504950729e-02
-4.752475247524752255e-01 9.535868709141277488e-01 -4.752475247524752533e-02
-4.554455445544554060e-01 9.554770305326143465e-01 -4.554455445544554337e-02
-4.356435643564356419e-01 9.573709385127626703e-01 -4.356435643564356835e-02
-4.158415841584158779e-01 9.592686012924025452e-01 -4.158415841584159334e-02
-3.960396039603960583e-01 9.611700253041215447e-01 -3.960396039603961138e-02
-3.762376237623762387e-01 9.630752179388127887e-01 -3.762376237623762942e-02
-3.564356435643564192e-01 9.649841869476172285e-01 -3.564356435643564053e-02
-3.366336633663365996e-01 9.668969398880105093e-01 -3.366336633663365857e-02
-3.168316831683167800e-01 9.688134842674085423e-01 -3.168316831683167661e-02
-2.970297029702970160e-01 9.707338275197565647e-01 -2.970297029702970160e-02
-2.772277227722772519e-01 9.726579771602342772e-01 -2.772277227722772658e-02
-2.574257425742574323e-01 9.745859408749115715e-01 -2.574257425742574462e-02
-2.376237623762376128e-01 9.765177259669397536e-01 -2.376237623762376266e-02
-2.178217821782177932e-01 9.784533402624207010e-01 -2.178217821782178071e-02
-1.980198019801979736e-01 9.803927914234921159e-01 -1.980198019801979875e-02
-1.782178217821782096e-01 9.823360863362123885e-01 -1.782178217821782026e-02
-1.584158415841584455e-01 9.842832338104399170e-01 -1.584158415841584525e-02
-1.386138613861386260e-01 9.862342409612693261e-01 -1.386138613861386329e-02
-1.188118811881188064e-01 9.881891136522165109e-01 -1.188118811881188133e-02
-9.900990099009898682e-02 9.901478636509161158e-01 -9.900990099009899376e-03
-7.920792079207916725e-02 9.921104962239670755e-01 -7.920792079207917419e-03
-5.940594059405940319e-02 9.940770136040100180e-01 -5.940594059405940666e-03
-3.960396039603963914e-02 9.960474361063849091e-01 -3.960396039603963914e-03
-1.980198019801981957e-02 9.980217674791993510e-01 -1.980198019801981957e-03
0.000000000000000000e+00 9.999999933170156119e-01 0.000000000000000000e+00
1.980198019801981957e-02 1.007465968110951460e+00 5.198019801980198196e-01
3.960396039603963914e-02 1.035643633215052040e+00 5.396039603960396391e-01
5.940594059405945870e-02 1.047174194076886833e+00 5.594059405940594587e-01
7.920792079207927827e-02 1.075640477607473944e+00 5.792079207920792783e-01
9.900990099009909784e-02 1.093390398239021177e+00 5.990099009900990978e-01
1.188118811881189174e-01 1.137136040561188555e+00 6.188118811881189174e-01
1.386138613861386260e-01 1.159880962387558556e+00 6.386138613861386260e-01
1.584158415841583345e-01 1.183080603266472686e+00 6.584158415841583345e-01
1.782178217821781541e-01 1.206744547334394735e+00 6.782178217821781541e-01
1.980198019801979736e-01 1.230882365331019024e+00 6.980198019801979736e-01
2.178217821782177932e-01 1.255502794643150288e+00 7.178217821782177932e-01
2.376237623762376128e-01 1.280614515508289974e+00 7.376237623762376128e-01
2.574257425742574323e-01 1.306227980650155995e+00 7.574257425742574323e-01
2.772277227722772519e-01 1.332355679739179788e+00 7.772277227722772519e-01
2.970297029702970715e-01 1.359008101446672834e+00 7.970297029702970715e-01
3.168316831683168910e-01 1.386206503728931949e+00 8.168316831683168910e-01
3.366336633663367106e-01 1.413979898572275129e+00 8.366336633663367106e-01
3.564356435643565302e-01 1.442382477447827327e+00 8.564356435643565302e-01
3.762376237623763497e-01 1.471523807465480838e+00 8.762376237623763497e-01
3.960396039603960583e-01 1.501625309278559417e+00 8.960396039603960583e-01
4.158415841584157668e-01 1.533115518796145604e+00 9.158415841584157668e-01
4.356435643564355864e-01 1.566749560336717195e+00 9.356435643564355864e-01
4.554455445544554060e-01 1.603725490293508749e+00 9.554455445544554060e-01
4.752475247524752255e-01 1.645821791120070765e+00 9.752475247524752255e-01
4.950495049504950451e-01 1.695018161773788279e+00 9.950495049504950451e-01
5.148514851485148647e-01 1.752188664229455517e+00 1.414851485148514776e+00
5.346534653465346842e-01 1.816760110103305514e+00 1.434653465346534595e+00
5.544554455445545038e-01 1.887523277428028612e+00 1.454455445544554415e+00
5.742574257425743234e-01 1.963261988422327908e+00 1.474257425742574235e+00
5.940594059405941429e-01 2.043006501663899410e+00 1.494059405940594054e+00
6.138613861386139625e-01 2.126063783912440552e+00 1.513861386138613874e+00
6.336633663366337821e-01 2.211959789308088897e+00 1.533663366336633693e+00
6.534653465346534906e-01 2.300374971141844860e+00 1.553465346534653513e+00
6.732673267326731992e-01 2.391093860679900374e+00 1.573267326732673332e+00
6.930693069306930187e-01 2.483970488320640158e+00 1.593069306930693152e+00
7.128712871287128383e-01 2.578904601084793136e+00 1.612871287128712972e+00
7.326732673267326579e-01 2.675828221403094176e+00 1.632673267326732791e+00
7.524752475247524774e-01 2.774692974240272836e+00 1.652475247524752611e+00
7.722772277227722970e-01 2.875467807249435737e+00 1.672277227722772430e+00
7.920792079207921166e-01 2.978129181185497742e+00 1.692079207920792250e+00
8.118811881188119361e-01 3.082664576401528578e+00 1.711881188118812069e+00
8.316831683168317557e-01 3.189063915046646880e+00 1.731683168316831889e+00
8.514851485148515753e-01 3.297326072051071755e+00 1.751485148514851709e+00
8.712871287128713949e-01 3.407447828923919175e+00 1.771287128712871528e+00
8.910891089108911034e-01 3.519437080712850552e+00 1.791089108910891126e+00
9.108910891089108119e-01 3.633294206480263799e+00 1.810891089108910723e+00
9.306930693069306315e-01 3.749034372376294222e+00 1.830693069306930543e+00
9.504950495049504511e-01 3.866655868546443386e+00 1.850495049504950362e+00
9.702970297029702706e-01 3.986181495352739468e+00 1.870297029702970182e+00
9.900990099009900902e-01 4.107597145601369348e+00 1.890099009900990001e+00
