-9.900990099009900902e-01 9.057317594936113991e-01 -9.900990099009901457e-02
-9.702970297029702706e-01 9.075283882772129385e-01 -9.702970297029703262e-02
-9.504950495049504511e-01 9.093267645732119320e-01 -9.504950495049505066e-02
-9.306930693069306315e-01 9.111292713950175370e-01 -9.306930693069306870e-02
-9.108910891089109230e-01 9.129352781114912219e-01 -9.108910891089110062e-02
-8.910891089108911034e-01 9.147448472783131779e-01 -8.910891089108911867e-02
-8.712871287128712838e-01 9.165580276570215457e-01 -8.712871287128713671e-02
-8.514851485148514643e-01 9.183748242392948402e-01 -8.514851485148515475e-02
-8.316831683168317557e-01 9.201951791310774009e-01 -8.316831683168318667e-02
-8.118811881188119361e-01 9.220190681617559392e-01 -8.118811881188120472e-02
-7.920792079207921166e-01 9.238466242850800203e-01 -7.920792079207922276e-02
-7.722772277227722970e-01 9.256780306677577785e-01 -7.722772277227724080e-02
-7.524752475247524774e-01 9.275132876475122856e-01 -7.524752475247525885e-02
-7.326732673267326579e-01 9.293521868055090174e-01 -7.326732673267326301e-02
-7.128712871287128383e-01 9.311945351520731773e-01 -7.128712871287128106e-02
-6.930693069306930187e-01 9.330403315933817332e-01 -6.930693069306929910e-02
-6.732673267326731992e-01 9.348897093307635409e-01 -6.732673267326731714e-02
-6.534653465346533796e-01 9.367427770400672538e-01 -6.534653465346533519e-02
-6.336633663366336711e-01 9.385995551201045117e-01 -6.336633663366336711e-02
-6.138613861386138515e-01 9.404600218249489219e-01 -6.138613861386138515e-02
-5.940594059405941429e-01 9.423241674846332128e-01 -5.940594059405941707e-02
-5.742574257425743234e-01 9.441920022842876792e-01 -5.742574257425743511e-02
-5.544554455445545038e-01 9.460635399976927706e-01 -5.544554455445545316e-02
-5.346534653465346842e-01 9.479387892954967976e-01 -5.346534653465347120e-02
-5.148514851485148647e-01 9.498177560663686458e-01 -5.148514851485148924e-02
-4.950495049504950451e-01 9.517004468630824165e-01 -4.950495049504950729e-02
-4.752475247524752255e-01 9.535868692365904176e-01 -4.752475247524752533e-02
-4.554455445544554060e-01 9.554770308428339742e-01 -4.554455445544554337e-02
-4.356435643564356419e-01 9.573709391145366343e-01 -4.356435643564356835e-02
-4.158415841584158779e-01 9.592686014214200085e-01 -4.158415841584159334e-02
-3.960396039603960583e-01 9.611700251810532114e-01 -3.960396039603961138e-02
-3.762376237623762387e-01 9.630752178721185830e-01 -3.762376237623762942e-02
-3.564356435643564192e-01 9.649841869400087591e-01 -3.564356435643564053e-02
-3.366336633663365996e-01 9.668969399392181030e-01 -3.366336633663365857e-02
-3.168316831683167800e-01 9.688134842231658217e-01 -3.168316831683167661e-02
-2.970297029702970160e-01 9.707338275823622631e-01 -2.970297029702970160e-02
-2.772277227722772519e-01 9.726579770826381255e-01 -2.772277227722772658e-02
-2.574257425742574323e-01 9.745859409323730516e-01 -2.574257425742574462e-02
-2.376237623762376128e-01 9.765177259855160052e-01 -2.376237623762376266e-02
-2.178217821782177932e-01 9.784533400764907629e-01 -2.178217821782178071e-02
-1.980198019801979736e-01 9.803927918822248344e-01 -1.980198019801979875e-02
-1.782178217821782096e-01 9.823360856089928816e-01 -1.782178217821782026e-02
-1.584158415841584455e-01 9.842832344230777464e-01 -1.584158415841584525e-02
-1.386138613861386260e-01 9.862342414763108911e-01 -1.386138613861386329e-02
-1.188118811881188064e-01 9.881891107821202391e-01 -1.188118811881188133e-02
-9.900990099009898682e-02 9.901478683746780529e-01 -9.900990099009899376e-03
-7.920792079207916725e-02 9.921104946200065555e-01 -7.920792079207917419e-03
-5.940594059405940319e-02 9.940770039904468502e-01 -5.940594059405940666e-03
-3.960396039603963914e-02 9.960474561040776331e-01 -3.960396039603963914e-03
-1.980198019801981957e-02 9.980217629748808772e-01 -1.980198019801981957e-03
0.000000000000000000e+00 9.999999467850082535e-01 0.000000000000000000e+00
1.980198019801981957e-02 1.007466035294625639e+00 5.198019801980198196e-01
3.960396039603963914e-02 1.035643692941866201e+00 5.396039603960396391e-01
5.940594059405945870e-02 1.047173979960611456e+00 5.594059405940594587e-01
7.920792079207927827e-02 1.075640422991038125e+00 5.792079207920792783e-01
9.900990099009909784e-02 1.093390931358303453e+00 5.990099009900990978e-01
1.188118811881189174e-01 1.137136176384618835e+00 6.188118811881189174e-01
1.386138613861386260e-01 1.159879692232046455e+00 6.386138613861386260e-01
1.584158415841583345e-01 1.183079908821203841e+00 6.584158415841583345e-01
1.782178217821781541e-01 1.206751264444347216e+00 6.782178217821781541e-01
1.980198019801979736e-01 1.230915704475413985e+00 6.980198019801979736e-01
2.178217821782177932e-01 1.255619603084336289e+00 7.178217821782177932e-01
2.376237623762376128e-01 1.280974061405599329e+00 7.376237623762376128e-01
2.574257425742574323e-01 1.307245523526648912e+00 7.574257425742574323e-01
2.772277227722772519e-01 1.335037437994537335e+00 7.772277227722772519e-01
2.970297029702970715e-01 1.365559754157237737e+00 7.970297029702970715e-01
3.168316831683168910e-01 1.400989286338245154e+00 8.168316831683168910e-01
3.366336633663367106e-01 1.444752899237180088e+00 8.366336633663367106e-01
3.564356435643565302e-01 1.500323012866901617e+00 8.564356435643565302e-01
3.762376237623763497e-01 1.567976279295306474e+00 8.762376237623763497e-01
3.960396039603960583e-01 1.645396841783087538e+00 8.960396039603960583e-01
4.158415841584157668e-01 1.729978713725268680e+00 9.158415841584157668e-01
4.356435643564355864e-01 1.819691741224820358e+00 9.356435643564355864e-01
4.554455445544554060e-01 1.913182731183185492e+00 9.554455445544554060e-01
4.752475247524752255e-01 2.009597600582212706e+00 9.752475247524752255e-01
4.950495049504950451e-01 2.108385722876853663e+00 9.950495049504950451e-01
5.148514851485148647e-01 2.209173312096885056e+00 1.414851485148514776e+00
5.346534653465346842e-01 2.311687262131123966e+00 1.434653465346534595e+00
5.544554455445545038e-01 2.415713715896736780e+00 1.454455445544554415e+00
5.742574257425743234e-01 2.521076532990795815e+00 1.474257425742574235e+00
5.940594059405941429e-01 2.627625599637358533e+00 1.494059405940594054e+00
6.138613861386139625e-01 2.735228643223268641e+00 1.513861386138613874e+00
6.336633663366337821e-01 2.843760764146040287e+00 1.533663366336633693e+00
6.534653465346534906e-01 2.953085691166431381e+00 1.553465346534653513e+00
6.732673267326731992e-01 3.063018863287059190e+00 1.573267326732673332e+00
6.930693069306930187e-01 3.173260605332362871e+00 1.593069306930693152e+00
7.128712871287128383e-01 3.283281975718342238e+00 1.612871287128712972e+00
7.326732673267326579e-01 3.392170890803819283e+00 1.632673267326732791e+00
7.524752475247524774e-01 3.498481254542183727e+00 1.652475247524752611e+00
7.722772277227722970e-01 3.600245128147713469e+00 1.672277227722772430e+00
7.920792079207921166e-01 3.695276522029268929e+00 1.692079207920792250e+00
8.118811881188119361e-01 3.782012168326850166e+00 1.711881188118812069e+00
8.316831683168317557e-01 3.860913719213884931e+00 1.731683168316831889e+00
8.514851485148515753e-01 3.934395226395980050e+00 1.751485148514851709e+00
8.712871287128713949e-01 4.004260790284455140e+00 1.771287128712871528e+00
8.910891089108911034e-01 4.072167125903560780e+00 1.791089108910891126e+00
9.108910891089108119e-01 4.139915799028903720e+00 1.810891089108910723e+00
9.306930693069306315e-01 4.209544124967783851e+00 1.830693069306930543e+00
9.504950495049504511e-01 4.282582454024009166e+00 1.850495049504950362e+00
9.702970297029702706e-01 4.360559041734275887e+00 1.870297029702970182e+00
9.900990099009900902e-01 4.442996120380854563e+00 1.890099009900990001e+00
