-9.900990099009900902e-01 9.057317595369998031e-01 -9.900990099009901457e-02
-9.702970297029702706e-01 9.075283824198758786e-01 -9.702970297029703262e-02
-9.504950495049504511e-01 9.093267666996682763e-01 -9.504950495049505066e-02
-9.306930693069306315e-01 9.111292961761292553e-01 -9.306930693069306870e-02
-9.108910891089109230e-01 9.129352734730721286e-01 -9.108910891089110062e-02
-8.910891089108911034e-01 9.147447663472656476e-01 -8.910891089108911867e-02
-8.712871287128712838e-01 9.165579992059125214e-01 -8.712871287128713671e-02
-8.514851485148514643e-01 9.183751219008317035e-01 -8.514851485148515475e-02
-8.316831683168317557e-01 9.201959731709156154e-01 -8.316831683168318667e-02
-8.118811881188119361e-01 9.220202592979617195e-01 -8.118811881188120472e-02
-7.920792079207921166e-01 9.238479015592828691e-01 -7.920792079207922276e-02
-7.722772277227722970e-01 9.256790513044643731e-01 -7.722772277227724080e-02
-7.524752475247524774e-01 9.275138568630878488e-01 -7.524752475247525885e-02
-7.326732673267326579e-01 9.293523444920551713e-01 -7.326732673267326301e-02
-7.128712871287128383e-01 9.311944828781257844e-01 -7.128712871287128106e-02
-6.930693069306930187e-01 9.330402610983454803e-01 -6.930693069306929910e-02
-6.732673267326731992e-01 9.348896929133204692e-01 -6.732673267326731714e-02
-6.534653465346533796e-01 9.367427925112604692e-01 -6.534653465346533519e-02
-6.336633663366336711e-01 9.385995670124022139e-01 -6.336633663366336711e-02
-6.138613861386138515e-01 9.404600218435194003e-01 -6.138613861386138515e-02
-5.940594059405941429e-01 9.423241639571695583e-01 -5.940594059405941707e-02
-5.742574257425743234e-01 9.441920010403499486e-01 -5.742574257425743511e-02
-5.544554455445545038e-01 9.460635405609721937e-01 -5.544554455445545316e-02
-5.346534653465346842e-01 9.479387897979404398e-01 -5.346534653465347120e-02
-5.148514851485148647e-01 9.498177560651159812e-01 -5.148514851485148924e-02
-4.950495049504950451e-01 9.517004467369980514e-01 -4.950495049504950729e-02
-4.752475247524752255e-01 9.535868692045812445e-01 -4.752475247524752533e-02
-4.554455445544554060e-01 9.554770308646208798e-01 -4.554455445544554337e-02
-4.356435643564356419e-01 9.573709391271674196e-01 -4.356435643564356835e-02
-4.158415841584158779e-01 9.592686014184664822e-01 -4.158415841584159334e-02
-3.960396039603960583e-01 9.611700251798758199e-01 -3.960396039603961138e-02
-3.762376237623762387e-01 9.630752178672807862e-01 -3.762376237623762942e-02
-3.564356435643564192e-01 9.649841869512254533e-01 -3.564356435643564053e-02
-3.366336633663365996e-01 9.668969399172502310e-01 -3.366336633663365857e-02
-3.168316831683167800e-01 9.688134842650673040e-01 -3.168316831683167661e-02
-2.970297029702970160e-01 9.707338275120520610e-01 -2.970297029702970160e-02
-2.772277227722772519e-01 9.726579771794727769e-01 -2.772277227722772658e-02
-2.574257425742574323e-01 9.745859408448025452e-01 -2.574257425742574462e-02
-2.376237623762376128e-01 9.765177259531681031e-01 -2.376237623762376266e-02
-2.178217821782177932e-01 9.784533404620281427e-01 -2.178217821782178071e-02
-1.980198019801979736e-01 9.803927907649238049e-01 -1.980198019801979875e-02
-1.782178217821782096e-01 9.823360879465311557e-01 -1.782178217821782026e-02
-1.584158415841584455e-01 9.842832303213993050e-01 -1.584158415841584525e-02
-1.386138613861386260e-01 9.862342480318319060e-01 -1.386138613861386329e-02
-1.188118811881188064e-01 9.881891007218120970e-01 -1.188118811881188133e-02
-9.900990099009898682e-02 9.901478824013649760e-01 -9.900990099009899376e-03
-7.920792079207916725e-02 9.921104823269089046e-01 -7.920792079207917419e-03
-5.940594059405940319e-02 9.940769912418140342e-01 -5.940594059405940666e-03
-3.960396039603963914e-02 9.960475350730202404e-01 -3.960396039603963914e-03
-1.980198019801981957e-02 9.980216170736110337e-01 -1.980198019801981957e-03
0.000000000000000000e+00 9.999999853968075669e-01 0.000000000000000000e+00
1.980198019801981957e-02 1.007466447153845035e+00 5.198019801980198196e-01
3.960396039603963914e-02 1.035642951472146134e+00 5.396039603960396391e-01
5.940594059405945870e-02 1.047173356883819295e+00 5.594059405940594587e-01
7.920792079207927827e-02 1.075648485532618492e+00 5.792079207920792783e-01
9.900990099009909784e-02 1.093443352176283856e+00 5.990099009900990978e-01
1.188118811881189174e-01 1.137373226827723460e+00 6.188118811881189174e-01
1.386138613861386260e-01 1.160775733516118402e+00 6.386138613861386260e-01
1.584158415841583345e-01 1.186051824198957494e+00 6.584158415841583345e-01
1.782178217821781541e-01 1.215492108098552126e+00 6.782178217821781541e-01
1.980198019801979736e-01 1.253691877581568193e+00 6.980198019801979736e-01
2.178217821782177932e-01 1.308352544459320255e+00 7.178217821782177932e-01
2.376237623762376128e-01 1.385348387170828310e+00 7.376237623762376128e-01
2.574257425742574323e-01 1.480952788435142331e+00 7.574257425742574323e-01
2.772277227722772519e-01 1.588211202829645785e+00 7.772277227722772519e-01
2.970297029702970715e-01 1.701899382056807797e+00 7.970297029702970715e-01
3.168316831683168910e-01 1.818844312789866802e+00 8.168316831683168910e-01
3.366336633663367106e-01 1.937056453797866507e+00 8.366336633663367106e-01
3.564356435643565302e-01 2.055193013732483642e+00 8.564356435643565302e-01
3.762376237623763497e-01 2.172273709519567220e+00 8.762376237623763497e-01
3.960396039603960583e-01 2.287472219725104061e+00 8.960396039603960583e-01
4.158415841584157668e-01 2.399699549834525936e+00 9.158415841584157668e-01
4.356435643564355864e-01 2.506857630414570437e+00 9.356435643564355864e-01
4.554455445544554060e-01 2.605148300058896194e+00 9.554455445544554060e-01
4.752475247524752255e-01 2.689433756950100118e+00 9.752475247524752255e-01
4.950495049504950451e-01 2.756647070243487097e+00 9.950495049504950451e-01
5.148514851485148647e-01 2.811735821680929170e+00 1.414851485148514776e+00
5.346534653465346842e-01 2.860294946912669722e+00 1.434653465346534595e+00
5.544554455445545038e-01 2.905365233329777919e+00 1.454455445544554415e+00
5.742574257425743234e-01 2.950244296684475742e+00 1.474257425742574235e+00
5.940594059405941429e-01 2.998169784842541485e+00 1.494059405940594054e+00
6.138613861386139625e-01 3.051397348428485312e+00 1.513861386138613874e+00
6.336633663366337821e-01 3.109397452717288957e+00 1.533663366336633693e+00
6.534653465346534906e-01 3.170234058141414568e+00 1.553465346534653513e+00
6.732673267326731992e-01 3.233017437006061812e+00 1.573267326732673332e+00
6.930693069306930187e-01 3.297399191992353984e+00 1.593069306930693152e+00
7.128712871287128383e-01 3.363229871812623450e+00 1.612871287128712972e+00
7.326732673267326579e-01 3.430443242368485635e+00 1.632673267326732791e+00
7.524752475247524774e-01 3.499026727952623261e+00 1.652475247524752611e+00
7.722772277227722970e-01 3.568992554198360700e+00 1.672277227722772430e+00
7.920792079207921166e-01 3.640362449317792848e+00 1.692079207920792250e+00
8.118811881188119361e-01 3.713162052109853839e+00 1.711881188118812069e+00
8.316831683168317557e-01 3.787418985943296956e+00 1.731683168316831889e+00
8.514851485148515753e-01 3.863162050914036971e+00 1.751485148514851709e+00
8.712871287128713949e-01 3.940420684632585768e+00 1.771287128712871528e+00
8.910891089108911034e-01 4.019224942689045399e+00 1.791089108910891126e+00
9.108910891089108119e-01 4.099605762218535787e+00 1.810891089108910723e+00
9.306930693069306315e-01 4.181595079392057990e+00 1.830693069306930543e+00
9.504950495049504511e-01 4.265225852697304809e+00 1.850495049504950362e+00
9.702970297029702706e-01 4.350532364775785865e+00 1.870297029702970182e+00
9.900990099009900902e-01 4.437553025111593996e+00 1.890099009900990001e+00
