-9.900990099009900902e-01 9.057317489131664345e-01 -9.900990099009901457e-02
-9.702970297029702706e-01 9.075283135813354551e-01 -9.702970297029703262e-02
-9.504950495049504511e-01 9.093268569310882787e-01 -9.504950495049505066e-02
-9.306930693069306315e-01 9.111298853380174201e-01 -9.306930693069306870e-02
-9.108910891089109230e-01 9.129363628670099651e-01 -9.108910891089110062e-02
-8.910891089108911034e-01 9.147460472056171410e-01 -8.910891089108911867e-02
-8.712871287128712838e-01 9.165591324880537627e-01 -8.712871287128713671e-02
-8.514851485148514643e-01 9.183758560509853730e-01 -8.514851485148515475e-02
-8.316831683168317557e-01 9.201962414794657708e-01 -8.316831683168318667e-02
-8.118811881188119361e-01 9.220202311267103878e-01 -8.118811881188120472e-02
-7.920792079207921166e-01 9.238478200315475286e-01 -7.920792079207922276e-02
-7.722772277227722970e-01 9.256790306804569823e-01 -7.722772277227724080e-02
-7.524752475247524774e-01 9.275138746742078721e-01 -7.524752475247525885e-02
-7.326732673267326579e-01 9.293523561643046715e-01 -7.326732673267326301e-02
-7.128712871287128383e-01 9.311944811744996553e-01 -7.128712871287128106e-02
-6.930693069306930187e-01 9.330402574266066784e-01 -6.930693069306929910e-02
-6.732673267326731992e-01 9.348896924041798506e-01 -6.732673267326731714e-02
-6.534653465346533796e-01 9.367427932866112528e-01 -6.534653465346533519e-02
-6.336633663366336711e-01 9.385995672968047154e-01 -6.336633663366336711e-02
-6.138613861386138515e-01 9.404600217251657401e-01 -6.138613861386138515e-02
-5.940594059405941429e-01 9.423241638736419290e-01 -5.940594059405941707e-02
-5.742574257425743234e-01 9.441920010506558159e-01 -5.742574257425743511e-02
-5.544554455445545038e-01 9.460635405793866859e-01 -5.544554455445545316e-02
-5.346534653465346842e-01 9.479387897986399913e-01 -5.346534653465347120e-02
-5.148514851485148647e-01 9.498177560617422355e-01 -5.148514851485148924e-02
-4.950495049504950451e-01 9.517004467364484910e-01 -4.950495049504950729e-02
-4.752475247524752255e-01 9.535868692051231443e-01 -4.752475247524752533e-02
-4.554455445544554060e-01 9.554770308647808630e-01 -4.554455445544554337e-02
-4.356435643564356419e-01 9.573709391270973645e-01 -4.356435643564356835e-02
-4.158415841584158779e-01 9.592686014184385046e-01 -4.158415841584159334e-02
-3.960396039603960583e-01 9.611700251798896977e-01 -3.960396039603961138e-02
-3.762376237623762387e-01 9.630752178672865593e-01 -3.762376237623762942e-02
-3.564356435643564192e-01 9.649841869512427728e-01 -3.564356435643564053e-02
-3.366336633663365996e-01 9.668969399171799539e-01 -3.366336633663365857e-02
-3.168316831683167800e-01 9.688134842653581824e-01 -3.168316831683167661e-02
-2.970297029702970160e-01 9.707338275109023140e-01 -2.970297029702970160e-02
-2.772277227722772519e-01 9.726579771838349542e-01 -2.772277227722772658e-02
-2.574257425742574323e-01 9.745859408291034365e-01 -2.574257425742574462e-02
-2.376237623762376128e-01 9.765177260066112419e-01 -2.376237623762376266e-02
-2.178217821782177932e-01 9.784533402912463096e-01 -2.178217821782178071e-02
-1.980198019801979736e-01 9.803927912729110128e-01 -1.980198019801979875e-02
-1.782178217821782096e-01 9.823360865565524680e-01 -1.782178217821782026e-02
-1.584158415841584455e-01 9.842832337621902905e-01 -1.584158415841584525e-02
-1.386138613861386260e-01 9.862342405249648891e-01 -1.386138613861386329e-02
-1.188118811881188064e-01 9.881891144950254446e-01 -1.188118811881188133e-02
-9.900990099009898682e-02 9.901478633385751849e-01 -9.900990099009899376e-03
-7.920792079207916725e-02 9.921104947306782496e-01 -7.920792079207917419e-03
-5.940594059405940319e-02 9.940770164056209612e-01 -5.940594059405940666e-03
-3.960396039603963914e-02 9.960474357925800382e-01 -3.960396039603963914e-03
-1.980198019801981957e-02 9.980217623896522339e-01 -1.980198019801981957e-03
0.000000000000000000e+00 9.999999883848967874e-01 0.000000000000000000e+00
1.980198019801981957e-02 1.007517206118154318e+00 5.198019801980198196e-01
3.960396039603963914e-02 1.036276644096383537e+00 5.396039603960396391e-01
5.940594059405945870e-02 1.051259292305442017e+00 5.594059405940594587e-01
7.920792079207927827e-02 1.093117674671723716e+00 5.792079207920792783e-01
9.900990099009909784e-02 1.150775075220871191e+00 5.990099009900990978e-01
1.188118811881189174e-01 1.287012590287036407e+00 6.188118811881189174e-01
1.386138613861386260e-01 1.444328440034643890e+00 6.386138613861386260e-01
1.584158415841583345e-01 1.613131279361671444e+00 6.584158415841583345e-01
1.782178217821781541e-01 1.773834525623548819e+00 6.782178217821781541e-01
1.980198019801979736e-01 1.916431902576227975e+00 6.980198019801979736e-01
2.178217821782177932e-01 2.034663529834384477e+00 7.178217821782177932e-01
2.376237623762376128e-01 2.121162459516849008e+00 7.376237623762376128e-01
2.574257425742574323e-01 2.176180748979289703e+00 7.574257425742574323e-01
2.772277227722772519e-01 2.215812692395293659e+00 7.772277227722772519e-01
2.970297029702970715e-01 2.248642271047724073e+00 7.970297029702970715e-01
3.168316831683168910e-01 2.279832352135908291e+00 8.168316831683168910e-01
3.366336633663367106e-01 2.314972995241226794e+00 8.366336633663367106e-01
3.564356435643565302e-01 2.356863110793994576e+00 8.564356435643565302e-01
3.762376237623763497e-01 2.402584699835351056e+00 8.762376237623763497e-01
3.960396039603960583e-01 2.450138125088523910e+00 8.960396039603960583e-01
4.158415841584157668e-01 2.498958546411050641e+00 9.158415841584157668e-01
4.356435643564355864e-01 2.548884523228593935e+00 9.356435643564355864e-01
4.554455445544554060e-01 2.599846713721114533e+00 9.554455445544554060e-01
4.752475247524752255e-01 2.651835834262061375e+00 9.752475247524752255e-01
4.950495049504950451e-01 2.704866088465442964e+00 9.950495049504950451e-01
5.148514851485148647e-01 2.758957210102576774e+00 1.414851485148514776e+00
5.346534653465346842e-01 2.814131829755075920e+00 1.434653465346534595e+00
5.544554455445545038e-01 2.870411739917219762e+00 1.454455445544554415e+00
5.742574257425743234e-01 2.927817548096373290e+00 1.474257425742574235e+00
5.940594059405941429e-01 2.986371737279009064e+00 1.494059405940594054e+00
6.138613861386139625e-01 3.046099142852252584e+00 1.513861386138613874e+00
6.336633663366337821e-01 3.107028436827660833e+00 1.533663366336633693e+00
6.534653465346534906e-01 3.169203161220729648e+00 1.553465346534653513e+00
6.732673267326731992e-01 3.232714579140896216e+00 1.573267326732673332e+00
6.930693069306930187e-01 3.297791898335558081e+00 1.593069306930693152e+00
7.128712871287128383e-01 3.365027567648932738e+00 1.612871287128712972e+00
7.326732673267326579e-01 3.435877000364479628e+00 1.632673267326732791e+00
7.524752475247524774e-01 3.513581546796398669e+00 1.652475247524752611e+00
7.722772277227722970e-01 3.604468753997618791e+00 1.672277227722772430e+00
7.920792079207921166e-01 3.719463894141549432e+00 1.692079207920792250e+00
8.118811881188119361e-01 3.871839659657699606e+00 1.711881188118812069e+00
8.316831683168317557e-01 4.061835270719244662e+00 1.731683168316831889e+00
8.514851485148515753e-01 4.281839159364685621e+00 1.751485148514851709e+00
8.712871287128713949e-01 4.518446597961196076e+00 1.771287128712871528e+00
8.910891089108911034e-01 4.772125299728948278e+00 1.791089108910891126e+00
9.108910891089108119e-01 5.027085325386843273e+00 1.810891089108910723e+00
9.306930693069306315e-01 5.297018611729848558e+00 1.830693069306930543e+00
9.504950495049504511e-01 5.563051291574213408e+00 1.850495049504950362e+00
9.702970297029702706e-01 5.837025085714476091e+00 1.870297029702970182e+00
9.900990099009900902e-01 6.107281965886745212e+00 1.890099009900990001e+00
