0.125 2.0 24.0 2.0 24.0 -8.023378137447364e-69
0.375 2.0 24.0 2.0 24.0 -8.237583357394523e-66
0.625 2.0 24.0 2.0 24.0 -4.960217038783217e-63
0.875 2.0 24.0 2.0 24.0 -2.2389513277987053e-60
1.125 2.0 24.0 2.0 24.0 -8.083295968589929e-58
1.375 2.0 24.0 1.9999999999999956 24.0 -2.3927033740792414e-55
1.625 2.0 24.0 1.999999999999999 23.999999999999993 -5.861267598663116e-53
1.875 2.0 24.0 1.9999999999999853 23.999999999999993 -1.1883943908134718e-50
2.125 2.0 24.0 2.0000000000000067 23.999999999999968 -1.976589158084722e-48
2.375 2.0 24.0 1.9999999999999527 24.000000000000014 -2.632942317395744e-46
2.625 2.0 24.0 2.000000000000054 23.999999999999957 -2.638888646042497e-44
2.875 2.0 24.0 1.9999999999998446 23.99999999999998 -1.5796414191572262e-42
3.125 2.0 24.0 2.000000000000253 24.000000000000114 4.567817789604015e-41
3.375 2.0 24.0 1.9999999999994729 23.999999999999517 2.7652750956800404e-38
3.625 2.0 24.0 2.0000000000009597 24.00000000000115 4.404258009248603e-36
3.875 2.0 24.0 1.9999999999981228 23.999999999997375 4.802503147034089e-34
4.125 2.0 24.0 2.000000000003534 24.00000000000528 4.0714940949284585e-32
4.375 2.0 24.0 1.9999999999932196 23.999999999989853 2.798298194819873e-30
4.625 2.0 24.0 2.0000000000127596 24.000000000018137 1.5853487713817023e-28
4.875 2.0 24.0 1.9999999999759637 23.99999999996875 7.44089836681967e-27
5.125 2.0 24.0 2.0000000000451923 24.00000000005587 2.8831502816409013e-25
5.375 2.0 24.0 1.99999999991346 23.999999999881275 9.092577194644609e-24
5.625 2.0 24.0 2.0000000001656004 24.000000000296787 2.252142269674823e-22
5.875 2.0 24.0 1.999999999612197 23.99999999927196 3.954656992153136e-21
6.125 2.0 24.0 2.000000001118443 24.000000001084537 2.789761923259548e-20
6.375 2.0 24.0 1.9999999995533755 23.999999993104403 -1.0909101867037715e-18
6.625 2.0 24.0 1.9999999979457288 23.999999986030282 -5.5213930824722155e-17
6.875 2.0 24.0 1.9999999978671106 23.999999982756997 -1.5081395283077498e-15
7.125 2.0 24.0 1.9999999991448685 23.999999986581287 -3.0406459207729985e-14
7.375 2.0 24.0 2.000000000950398 24.000000009812062 -4.87731075149774e-13
7.625 2.0 24.0 2.0000000036882755 24.000000034405215 -6.400550420574792e-12
7.875 2.0 24.0 2.0000000052390297 24.000000043358867 -6.946621751012237e-11
8.125 2.0 24.0 2.000000003891528 24.00000002863592 -6.243021272063907e-10
8.375 2.0 24.0 2.000000001601272 23.99999999500959 -4.611047172371882e-09
8.625 2.0 24.0 2.000000002236915 23.99999997537207 -2.7399979986059073e-08
8.875 2.0 24.0 2.0000000157386593 23.999999982499098 -1.240590773561188e-07
9.125 2.0000001 24.0 2.0000000524792307 23.99999999445189 -3.552572240524588e-07
9.375 2.0 24.0 1.9999999773757267 24.000000002278195 1.2942058380315937e-07
9.625 1.9999985 24.0 1.9999985457521268 24.000000004871275 9.209599773068e-06
9.875 1.9999892 24.0 1.9999892245433215 23.99999999872618 6.829060285179713e-05
10.125 1.9999472 24.0 1.9999471835024143 23.999999975066878 0.00033476072351890226
10.375 1.9998006 24.0 1.999800606778416 23.999999966220127 0.0012639670514472895
10.625 1.9993921 24.0 1.9993920676104326 23.99999999136857 0.003855097550723615
10.875 1.9984749 24.0 1.9984749234001085 24.000000024245775 0.009678706501005496
11.125 1.996833 24.0 1.9968329612210374 24.00000003301396 0.02012788497491368
11.375 1.9945682 24.0 1.9945681746103539 24.000000010084754 0.03458962805843038
11.625 1.9923961 24.0 1.9923960500525262 23.999999981257183 0.0485132950314933
11.875 1.9915722 24.0 1.9915722247837038 23.999999968421733 0.053807929155783495
12.125 1.993216 24.0 1.993216015177786 23.9999999845769 0.0432510018706274
12.375 1.9973739 24.0 1.997373866364892 24.000000014883184 0.01668234441309194
12.625 2.0026382 24.0 2.0026381713656045 24.00000002686835 -0.01668234441309194
12.875 2.0068649 24.0 2.0068648656998427 24.00000001363104 -0.0432510018706274
13.125 2.008553 24.0 2.008552958010324 23.999999987799164 -0.053807929155783495
13.375 2.0077057 24.0 2.007705705262881 23.999999975958794 -0.0485132950314933
13.625 2.0054836 24.0 2.0054835516371528 23.999999986958116 -0.03458962805843038
13.875 2.0031846 24.0 2.0031845576886886 24.000000022791365 -0.02012788497491368
14.125 2.0015291 24.0 2.0015291347235173 24.00000005519458 -0.009678706501005496
14.375 2.0006086 24.0 2.000608581442818 24.000000047562295 -0.003855097550723615
14.625 2.0001995 24.0 2.0001994649271424 24.000000015297594 -0.0012639670514472895
14.875 2.0000528 24.0 2.0000528210558746 23.99999998779652 -0.00033476072351890226
15.125 2.0000108 24.0 2.000010775881435 23.999999985849534 -6.829060285179713e-05
15.375 2.0000015 24.0 2.000001456453037 24.000000018080563 -9.209599773068e-06
15.625 2.0 24.0 2.0000000276634515 24.00000005520858 -1.2942058380315937e-07
15.875 1.9999999 24.0 1.9999999540747568 24.000000068068417 3.552572240524588e-07
16.125 2.0 24.0 1.999999989464027 24.000000052351666 1.240590773561188e-07
16.375 2.0 24.0 2.0000000027783926 24.00000002450463 2.7399979986059073e-08
16.625 2.0 24.0 2.000000004444833 24.000000009201763 4.611047172371882e-09
16.875 2.0 24.0 2.0000000059253336 24.00000000287359 6.243021272063907e-10
17.125 2.0 24.0 2.000000004462863 23.99999999229638 6.946621751012237e-11
17.375 2.0 24.0 2.0000000025874356 23.999999984223418 6.400550420574792e-12
17.625 2.0 24.0 2.000000000901504 23.999999989295517 4.87731075149774e-13
17.875 2.0 24.0 2.0000000013221433 23.999999998074664 3.0406459207729985e-14
18.125 2.0 24.0 2.0000000006448095 23.999999997284192 1.5081395283077498e-15
18.375 2.0 24.0 1.9999999990556612 23.999999996223913 5.5213930824722155e-17
18.625 2.0 24.0 1.999999997996154 24.00000000276404 1.0909101867037715e-18
18.875 2.0 24.0 1.999999996608167 23.999999993388556 -2.789761923259548e-20
19.125 2.0 24.0 1.9999999943480031 23.999999971466178 -3.954656992153136e-21
19.375 2.0 24.0 1.9999999933480321 23.999999965125802 -2.252142269674823e-22
19.625 2.0 24.0 1.9999999949673075 23.999999987722767 -9.092577194644609e-24
19.875 2.0 24.0 1.9999999982620895 24.000000021924972 -2.8831502816409013e-25
20.125 2.0 24.0 2.00000000141624 24.000000042823764 -7.44089836681967e-27
20.375 2.0 24.0 2.000000003546324 24.00000004022519 -1.5853487713817023e-28
20.625 2.0 24.0 2.000000003842072 24.00000002262589 -2.798298194819873e-30
20.875 2.0 24.0 2.0000000031648306 24.00000000345009 -4.0714940949284585e-32
21.125 2.0 24.0 2.000000002591313 23.999999982857908 -4.802503147034089e-34
21.375 2.0 24.0 2.0000000028593883 23.999999963466728 -4.404258009248603e-36
21.625 2.0 24.0 2.0000000027360247 23.99999994107996 -2.7652750956800404e-38
21.875 2.0 24.0 2.0000000006258247 23.999999916426667 -4.567817789604015e-41
22.125 2.0 24.0 1.9999999982299133 23.999999913268326 1.5796414191572262e-42
22.375 2.0 24.0 1.9999999974168838 23.999999932528475 2.638888646042497e-44
22.625 2.0 24.0 1.9999999977148841 23.999999967484726 2.632942317395744e-46
22.875 2.0 24.0 1.9999999972543963 23.999999996170928 1.976589158084722e-48
23.125 2.0 24.0 1.9999999954686825 23.999999989764312 1.1883943908134718e-50
23.375 2.0 24.0 1.9999999925614982 23.999999960839897 5.861267598663116e-53
23.625 2.0 24.0 1.9999999906633084 23.999999938419847 2.3927033740792414e-55
23.875 2.0 24.0 1.9999999902140293 23.999999914271196 8.083295968589929e-58
24.125 2.0 24.0 1.9999999909640938 23.999999896246948 2.2389513277987053e-60
24.375 2.0 24.0 1.9999999935870452 23.999999916307836 4.960217038783217e-63
24.625 2.0 24.0 2.000000000030326 23.99999998448585 8.237583357394523e-66
24.875 2.0 24.0 2.0000000069990485 24.0000000523287 8.023378137447364e-69
