0.5 2.0 24.0 1.999999999976833 23.99999999998559 -2.1109980944259782e-64
1.5 2.0 24.0 2.0000000000397615 23.999999999961204 -3.833786490499683e-54
2.5 2.0 24.0 1.9999999999305298 24.0000000000788 -2.7506291988257142e-45
3.5 2.0 24.0 2.000000000115686 23.999999999824166 3.7190631002266737e-37
4.5 2.0 24.0 1.9999999997045619 24.00000000011987 2.1566080528120858e-29
5.5 2.0 24.0 1.9999999999493738 23.999999998851685 4.6815685166807494e-23
6.5 2.0 24.0 1.9999999985781467 23.999999995357882 -8.808736703694343e-18
7.5 2.0 24.0 1.9999999986592876 23.999999998972715 -1.8100340773142959e-12
8.5 2.0 24.0 2.0000000019464514 24.000000000529784 -1.157538197381337e-08
9.5 1.9999996 24.0 1.9999996279490198 23.999999993243115 2.3670244376693356e-06
10.5 1.999643 24.0 1.9996429689512039 23.99999999208936 0.002263562657804649
11.5 1.9933996 24.0 1.993399650394337 24.00000000774613 0.04207354924039483
12.5 2.0 24.0 2.0000000033232967 24.000000021427546 -0.0
13.5 2.0066769 24.0 2.006676890679724 24.0000000069955 -0.04207354924039483
14.5 2.0003573 24.0 2.0003572544765835 23.999999988114844 -0.002263562657804649
15.5 2.0000004 24.0 2.0000003712348953 23.999999990168558 -2.3670244376693356e-06
16.5 2.0 24.0 1.9999999949249356 23.999999992231317 1.157538197381337e-08
17.5 2.0 24.0 1.9999999953095204 23.999999974418948 1.8100340773142959e-12
18.5 2.0 24.0 1.9999999931589907 23.99999995379514 8.808736703694343e-18
19.5 2.0 24.0 1.9999999911647708 23.99999994061731 -4.6815685166807494e-23
20.5 2.0 24.0 1.9999999888843174 23.99999992411185 -2.1566080528120858e-29
21.5 2.0 24.0 1.9999999865663312 23.999999917768662 -3.7190631002266737e-37
22.5 2.0 24.0 1.9999999849647843 23.99999993222202 2.7506291988257142e-45
23.5 2.0 24.0 1.9999999866759328 23.999999959185836 3.833786490499683e-54
24.5 2.0 24.0 1.9999999897768226 23.999999985698675 2.1109980944259782e-64
