0.0625 2.0 24.0 2.0 24.0 -1.1497184111213586e-69
0.1875 2.0 24.0 2.0 24.0 -4.956512554488603e-68
0.3125 2.0 24.0 2.0 24.0 -1.5606895560755955e-66
0.4375 2.0 24.0 2.0 24.0 -4.221871484767452e-65
0.5625 2.0 24.0 2.0 24.0 -1.0331249664820779e-63
0.6875 2.0 24.0 2.0 24.0 -2.340279915629186e-62
0.8125 2.0 24.0 2.0 24.0 -4.9677240512015786e-61
0.9375 2.0 24.0 2.0 24.0 -9.952641974695324e-60
1.0625 2.0 24.0 2.0 24.0 -1.8904090561110707e-58
1.1875 2.0 24.0 2.0 24.0 -3.4139735638802406e-57
1.3125 2.0 24.0 2.0 24.0 -5.872877688638674e-56
1.4375 2.0 24.0 2.0 24.0 -9.634018146557815e-55
1.5625 2.0 24.0 2.0 24.0 -1.5078490196182649e-53
1.6875 2.0 24.0 2.0 24.0 -2.2516961084400117e-52
1.8125 2.0 24.0 2.0 24.0 -3.206647879385634e-51
1.9375 2.0 24.0 2.0 24.0 -4.350333912421186e-50
2.0625 2.0 24.0 2.0 24.0 -5.612421917410396e-49
2.1875 2.0 24.0 2.0 24.0 -6.866290082952759e-48
2.3125 2.0 24.0 2.0 24.0 -7.931474614496866e-47
2.4375 2.0 24.0 2.0 24.0 -8.590853396874958e-46
2.5625 2.0 24.0 2.0 24.0 -8.623273722320799e-45
2.6875 2.0 24.0 2.0 24.0 -7.847597927876126e-44
2.8125 2.0 24.0 2.0 24.0 -6.16927538059152e-43
2.9375 2.0 24.0 2.0 24.0 -3.6173956053941074e-42
3.0625 2.0 24.0 2.0 24.0 -3.603800524878784e-42
3.1875 2.0 24.0 2.0 24.0 3.3073113098458767e-40
3.3125 2.0 24.0 2.0 24.0 7.007674905386313e-39
3.4375 2.0 24.0 2.0 24.0 1.0342698109135129e-37
3.5625 2.0 24.0 2.0 24.0 1.2964282047082334e-36
3.6875 2.0 24.0 2.0 24.0 1.4633673851942304e-35
3.8125 2.0 24.0 2.0 24.0 1.5256449707696942e-34
3.9375 2.0 24.0 2.0 24.0 1.4886155797128192e-33
4.0625 2.0 24.0 2.0 24.0 1.3698442674456298e-32
4.1875 2.0 24.0 1.9999999999999936 24.0 1.1944977329459876e-31
4.3125 2.0 24.0 2.0 23.99999999999999 9.90034257306422e-31
4.4375 2.0 24.0 1.9999999999999736 23.999999999999993 7.814765201370724e-30
4.5625 2.0 24.0 2.0000000000000315 24.000000000000007 5.881650691709571e-29
4.6875 2.0 24.0 1.9999999999998994 23.999999999999922 4.223370350087268e-28
4.8125 2.0 24.0 2.000000000000158 24.000000000000135 2.893556671295461e-27
4.9375 2.0 24.0 1.9999999999996554 23.999999999999673 1.890757597486316e-26
5.0625 2.0 24.0 2.000000000000594 24.000000000000483 1.177190424551076e-25
5.1875 2.0 24.0 1.9999999999988511 23.999999999999204 6.971695163562433e-25
5.3125 2.0 24.0 2.000000000002054 24.000000000001123 3.91712255151615e-24
5.4375 2.0 24.0 1.9999999999961282 23.999999999997932 2.0794935839713404e-23
5.5625 2.0 24.0 2.000000000007151 24.00000000000488 1.0363087742791856e-22
5.6875 2.0 24.0 1.9999999999863398 23.999999999986233 4.795469821729646e-22
5.8125 2.0 24.0 2.0000000000262332 24.00000000003672 2.0196850576742936e-21
5.9375 2.0 24.0 1.999999999949072 23.999999999913353 7.416412590413098e-21
6.0625 2.0 24.0 2.000000000096339 24.000000000161954 2.0997746765631944e-20
6.1875 2.0 24.0 1.9999999998214664 23.99999999984575 1.970926387775956e-20
6.3125 2.0 24.0 2.0000000004162226 24.00000000052583 -3.06488886306849e-19
6.4375 2.0 24.0 1.9999999987730899 23.999999995601204 -3.2470451229757577e-18
6.5625 2.0 24.0 2.000000000141116 24.0000000004678 -2.2526004271834337e-17
6.6875 2.0 24.0 2.000000001759911 24.000000013042225 -1.3095803341512223e-16
6.8125 2.0 24.0 2.000000002584696 24.0000000212997 -6.821465540280686e-16
6.9375 2.0 24.0 2.000000001072026 24.000000010031965 -3.273862560930351e-15
7.0625 2.0 24.0 1.9999999981750927 23.99999997946371 -1.4685412509578057e-14
7.1875 2.0 24.0 1.9999999956700836 23.999999970922794 -6.207521160722045e-14
7.3125 2.0 24.0 1.9999999967149575 23.999999985300917 -2.4851468597291215e-13
7.4375 2.0 24.0 1.9999999978271998 23.999999987563257 -9.453492026144965e-13
7.5625 2.0 24.0 1.999999998743757 23.999999983602635 -3.424064082240977e-12
7.6875 2.0 24.0 2.0000000007903203 24.000000004568903 -1.182378394443425e-11
7.8125 2.0 24.0 2.000000003959417 24.000000033946556 -3.895171607363096e-11
7.9375 2.0 24.0 2.0000000053649236 24.000000046980773 -1.224382624174479e-10
8.0625 2.0 24.0 2.0000000039483345 24.00000003442718 -3.6709291014105447e-10
8.1875 2.0 24.0 2.000000001685412 24.000000014740625 -1.04885094347367e-09
8.3125 2.0 24.0 2.0000000001386127 24.000000009866174 -2.8513434431676317e-09
8.4375 2.0 24.0 1.9999999994033262 23.999999999716216 -7.357063536790531e-09
8.5625 2.0 24.0 1.9999999993914626 23.9999999810845 -1.794754306433284e-08
8.6875 2.0 24.0 2.000000002280248 23.99999996917186 -4.114386207184302e-08
8.8125 2.0 24.0 2.000000009411962 23.999999962659707 -8.774186992060323e-08
8.9375 2.0 24.0 2.0000000217976095 23.999999947265824 -1.7090045283630125e-07
9.0625 2.0 24.0 2.000000041452185 23.999999938491158 -2.9259285286963165e-07
9.1875 2.0000001 24.0 2.0000000611196986 23.99999997082326 -3.9677550466495557e-07
9.3125 2.0 24.0 2.000000042279531 24.000000033926533 -2.4126500111955035e-07
9.4375 1.9999999 24.0 1.9999998652872528 24.000000081980005 9.072782688430747e-07
9.5625 1.9999992 24.0 1.9999992311076273 24.000000084709697 4.927042275346514e-06
9.6875 1.9999975 24.0 1.999997462184126 24.000000050641773 1.6120474057228993e-05
9.8125 1.9999931 24.0 1.9999931371112207 24.000000026269745 4.351309689093828e-05
9.9375 1.9999835 24.0 1.999983490469229 24.000000028599395 0.00010464246498845123
10.0625 1.9999635 24.0 1.9999635145498724 24.00000002972689 0.00023124836428342147
10.1875 1.9999248 24.0 1.9999247526646746 24.000000020292823 0.0004769382424958915
10.3125 1.9998539 24.0 1.999853892583326 24.000000008468525 0.0009261376581602602
10.4375 1.9997315 24.0 1.9997314632655652 23.99999999426228 0.0017023680759536896
10.5625 1.9995312 24.0 1.9995312304029822 23.9999999738207 0.0029722455289856228
10.6875 1.9992211 24.0 1.9992210943659556 23.999999977691626 0.004940010699781705
10.8125 1.9987664 24.0 1.9987664309517474 24.000000014104245 0.0078267031465639
10.9375 1.9981366 24.0 1.9981365963954167 24.00000005349414 0.011829333546431228
11.0625 1.9973146 24.0 1.9973146387000251 24.000000066103684 0.017059485212843672
11.1875 1.9963091 24.0 1.996309114526935 24.000000040966906 0.023467831089443454
11.3125 1.9951655 24.0 1.995165498669164 23.99999999993852 0.03076987894119322
11.4375 1.9939735 24.0 1.9939735400611038 23.999999969317138 0.03839608071209057
11.5625 1.9928666 24.0 1.992866615340926 23.999999965498105 0.04549242572358476
11.6875 1.9920102 24.0 1.9920101908621815 23.99999997363839 0.05099223738725463
11.8125 1.9915789 24.0 1.9915789447961307 23.999999983106694 0.053764721194172214
11.9375 1.9917254 24.0 1.9917253550209804 23.99999999076906 0.05282320629055684
12.0625 1.9925457 24.0 1.9925456963099708 23.99999999169497 0.047552344591757154
12.1875 1.9940514 24.0 1.9940513835893308 23.999999985889353 0.03789755473400547
12.3125 1.9961536 24.0 1.9961536447725932 23.99999997830951 0.024459631507370596
12.4375 1.9986674 24.0 1.9986673544403109 23.999999972441458 0.008456005565417002
12.5625 2.0013357 24.0 2.001335730054308 23.999999971246346 -0.008456005565417002
12.6875 2.0038722 24.0 2.0038722162432205 23.99999997495415 -0.024459631507370596
12.8125 2.0060107 24.0 2.0060107085548946 23.99999998289657 -0.03789755473400547
12.9375 2.0075521 24.0 2.007552068693534 23.99999999187541 -0.047552344591757154
13.0625 2.0083953 24.0 2.0083952880637046 23.99999999895047 -0.05282320629055684
13.1875 2.008546 24.0 2.008546039697675 24.000000004530186 -0.053764721194172214
13.3125 2.0081022 24.0 2.008102235982173 24.000000003243358 -0.05099223738725463
13.4375 2.0072229 24.0 2.0072228656277935 23.999999999147782 -0.04549242572358476
13.5625 2.0060902 24.0 2.006090198633586 23.99999998262084 -0.03839608071209057
13.6875 2.0048754 24.0 2.004875434333859 23.999999957662688 -0.03076987894119322
13.8125 2.0037147 24.0 2.003714697067245 23.999999940561963 -0.023467831089443454
13.9375 2.0026979 24.0 2.0026979461997145 23.99999993708956 -0.017059485212843672
14.0625 2.0018695 24.0 2.0018694558719727 23.99999994589723 -0.011829333546431228
14.1875 2.0012362 24.0 2.0012362168080076 23.999999962096368 -0.0078267031465639
14.3125 2.00078 24.0 2.0007799571532217 23.99999998113731 -0.004940010699781705
14.4375 2.0004692 24.0 2.0004691486260464 24.000000010246122 -0.0029722455289856228
14.5625 2.0002687 24.0 2.0002686610082057 24.000000034223522 -0.0017023680759536896
14.6875 2.0001461 24.0 2.0001461447970095 24.000000045615096 -0.0009261376581602602
14.8125 2.0000753 24.0 2.0000752576196685 24.000000051343413 -0.0004769382424958915
14.9375 2.0000365 24.0 2.0000364893836524 24.000000044177288 -0.00023124836428342147
15.0625 2.0000165 24.0 2.000016512392536 24.000000017322346 -0.00010464246498845123
15.1875 2.0000069 24.0 2.0000068678692537 24.000000000340002 -4.351309689093828e-05
15.3125 2.0000025 24.0 2.0000025473590837 24.000000010767103 -1.6120474057228993e-05
15.4375 2.0000008 24.0 2.0000007822247547 24.00000002781288 -4.927042275346514e-06
15.5625 2.0000001 24.0 2.0000001476613933 24.000000038422574 -9.072782688430747e-07
15.6875 2.0 24.0 1.9999999665629014 24.000000053482648 2.4126500111955035e-07
15.8125 1.9999999 24.0 1.9999999415309622 24.000000065504032 3.9677550466495557e-07
15.9375 2.0 24.0 1.9999999560328083 24.000000045947537 2.9259285286963165e-07
16.0625 2.0 24.0 1.9999999709533653 23.999999992832123 1.7090045283630125e-07
16.1875 2.0 24.0 1.9999999800033343 23.99999993620168 8.774186992060323e-08
16.3125 2.0 24.0 1.9999999857100579 23.999999904002372 4.114386207184302e-08
16.4375 2.0 24.0 1.9999999910272357 23.999999906696047 1.794754306433284e-08
16.5625 2.0 24.0 1.9999999947508333 23.999999918335355 7.357063536790531e-09
16.6875 2.0 24.0 1.9999999961657076 23.999999925710462 2.8513434431676317e-09
16.8125 2.0 24.0 1.9999999968486035 23.99999993350357 1.04885094347367e-09
16.9375 2.0 24.0 1.999999997015247 23.999999925646215 3.6709291014105447e-10
17.0625 2.0 24.0 1.9999999979192937 23.99999991974066 1.224382624174479e-10
17.1875 2.0 24.0 1.9999999995286557 23.999999939918865 3.895171607363096e-11
17.3125 2.0 24.0 2.000000002196363 23.999999969040168 1.182378394443425e-11
17.4375 2.0 24.0 2.000000004187216 23.99999998355143 3.424064082240977e-12
17.5625 2.0 24.0 2.0000000041080757 23.999999989277182 9.453492026144965e-13
17.6875 2.0 24.0 2.0000000026838185 23.99999998748098 2.4851468597291215e-13
17.8125 2.0 24.0 2.0000000021634676 23.999999981163654 6.207521160722045e-14
17.9375 2.0 24.0 2.000000000968149 23.99999997116256 1.4685412509578057e-14
18.0625 2.0 24.0 1.9999999995223732 23.999999962100848 3.273862560930351e-15
18.1875 2.0 24.0 1.999999997788965 23.99999995841777 6.821465540280686e-16
18.3125 2.0 24.0 1.9999999968590938 23.999999957439634 1.3095803341512223e-16
18.4375 2.0 24.0 1.9999999962552906 23.999999958235183 2.2526004271834337e-17
18.5625 2.0 24.0 1.9999999956213081 23.999999963279837 3.2470451229757577e-18
18.6875 2.0 24.0 1.999999995032573 23.999999970050172 3.06488886306849e-19
18.8125 2.0 24.0 1.9999999951401368 23.999999989883428 -1.970926387775956e-20
18.9375 2.0 24.0 1.9999999957311485 24.00000002616542 -2.0997746765631944e-20
19.0625 2.0 24.0 1.9999999950864953 24.00000003843319 -7.416412590413098e-21
19.1875 2.0 24.0 1.9999999918292688 24.000000002749694 -2.0196850576742936e-21
19.3125 2.0 24.0 1.9999999868618783 23.999999952194266 -4.795469821729646e-22
19.4375 2.0 24.0 1.999999984308022 23.999999930319937 -1.0363087742791856e-22
19.5625 2.0 24.0 1.9999999856885635 23.999999948101905 -2.0794935839713404e-23
19.6875 2.0 24.0 1.9999999886061604 23.999999975017865 -3.91712255151615e-24
19.8125 2.0 24.0 1.99999999009765 23.99999998073746 -6.971695163562433e-25
19.9375 2.0 24.0 1.9999999907756911 23.999999973568677 -1.177190424551076e-25
20.0625 2.0 24.0 1.9999999922512952 23.999999977856103 -1.890757597486316e-26
20.1875 2.0 24.0 1.9999999940017221 23.999999988403076 -2.893556671295461e-27
20.3125 2.0 24.0 1.9999999955059509 23.999999986104246 -4.223370350087268e-28
20.4375 2.0 24.0 1.9999999955951626 23.999999979737687 -5.881650691709571e-29
20.5625 2.0 24.0 1.9999999954515069 23.999999963114433 -7.814765201370724e-30
20.6875 2.0 24.0 1.999999995577773 23.99999994900036 -9.90034257306422e-31
20.8125 2.0 24.0 1.9999999968615796 23.999999966239564 -1.1944977329459876e-31
20.9375 2.0 24.0 1.9999999999406939 24.0000000055595 -1.3698442674456298e-32
21.0625 2.0 24.0 2.000000002591824 24.000000026931566 -1.4886155797128192e-33
21.1875 2.0 24.0 2.000000003989024 24.00000002517729 -1.5256449707696942e-34
21.3125 2.0 24.0 2.000000003808143 24.000000018394307 -1.4633673851942304e-35
21.4375 2.0 24.0 2.0000000046467674 24.000000017765675 -1.2964282047082334e-36
21.5625 2.0 24.0 2.0000000064616428 24.000000016280616 -1.0342698109135129e-37
21.6875 2.0 24.0 2.000000005608318 24.00000000725536 -7.007674905386313e-39
21.8125 2.0 24.0 2.0000000045173056 23.999999995544837 -3.3073113098458767e-40
21.9375 2.0 24.0 2.000000002989567 23.999999965669982 3.603800524878784e-42
22.0625 2.0 24.0 1.9999999999634457 23.999999914175966 3.6173956053941074e-42
22.1875 2.0 24.0 1.9999999956504804 23.9999998671658 6.16927538059152e-43
22.3125 2.0 24.0 1.9999999926561665 23.999999851720524 7.847597927876126e-44
22.4375 2.0 24.0 1.9999999923429685 23.999999863024854 8.623273722320799e-45
22.5625 2.0 24.0 1.9999999911068347 23.999999870567905 8.590853396874958e-46
22.6875 2.0 24.0 1.9999999894737646 23.999999873766733 7.931474614496866e-47
22.8125 2.0 24.0 1.999999990558351 23.999999880255608 6.866290082952759e-48
22.9375 2.0 24.0 1.9999999915146762 23.999999899853577 5.612421917410396e-49
23.0625 2.0 24.0 1.999999990747014 23.999999915786688 4.350333912421186e-50
23.1875 2.0 24.0 1.999999989190138 23.999999911094584 3.206647879385634e-51
23.3125 2.0 24.0 1.9999999881379962 23.99999990080164 2.2516961084400117e-52
23.4375 2.0 24.0 1.9999999881600536 23.999999892975822 1.5078490196182649e-53
23.5625 2.0 24.0 1.999999988039336 23.99999988953691 9.634018146557815e-55
23.6875 2.0 24.0 1.9999999885713342 23.999999897352865 5.872877688638674e-56
23.8125 2.0 24.0 1.99999998990609 23.99999990934043 3.4139735638802406e-57
23.9375 2.0 24.0 1.9999999906259007 23.99999991220644 1.8904090561110707e-58
24.0625 2.0 24.0 1.9999999919630247 23.999999929729803 9.952641974695324e-60
24.1875 2.0 24.0 1.9999999951545393 23.999999981677327 4.9677240512015786e-61
24.3125 2.0 24.0 1.9999999993427382 24.000000038042092 2.340279915629186e-62
24.4375 2.0 24.0 2.0000000013647083 24.000000066557664 1.0331249664820779e-63
24.5625 2.0 24.0 2.0000000009340173 24.000000081118323 4.221871484767452e-65
24.6875 2.0 24.0 2.000000000563867 24.00000009604579 1.5606895560755955e-66
24.8125 2.0 24.0 2.0000000008464918 24.000000121928352 4.956512554488603e-68
24.9375 2.0 24.0 1.9999999986322938 24.00000009695885 1.1497184111213586e-69
