0.03125 2.0 24.0 2.0000000000007727 24.000000000000007 -4.003793457677204e-70
0.09375 2.0 24.0 2.0000000000007736 24.000000000000007 -3.10028924768748e-69
0.15625 2.0 24.0 2.0000000000007736 24.000000000000007 -2.0164329257222074e-68
0.21875 2.0 24.0 2.0000000000007736 24.000000000000007 -1.1971437942926539e-67
0.28125 2.0 24.0 2.0000000000007736 24.000000000000007 -6.704319663991951e-67
0.34375 2.0 24.0 2.0000000000007736 24.000000000000007 -3.6001438242163e-66
0.40625 2.0 24.0 2.000000000000774 24.000000000000007 -1.8711212490761638e-65
0.46875 2.0 24.0 2.0000000000007736 24.0 -9.467542854033363e-65
0.53125 2.0 24.0 2.000000000000774 24.0 -4.681823820360618e-64
0.59375 2.0 24.0 2.0000000000007736 24.0 -2.2689000963112057e-63
0.65625 2.0 24.0 2.0000000000007736 23.999999999999993 -1.0796763064909657e-62
0.71875 2.0 24.0 2.0000000000007736 23.999999999999993 -5.052285490132954e-62
0.78125 2.0 24.0 2.0000000000007727 23.999999999999986 -2.3274779481577778e-61
0.84375 2.0 24.0 2.0000000000007727 23.999999999999986 -1.0564902049433007e-60
0.90625 2.0 24.0 2.0000000000007727 23.999999999999982 -4.7285315304742537e-60
0.96875 2.0 24.0 2.000000000000772 23.99999999999998 -2.0878823025968615e-59
1.03125 2.0 24.0 2.000000000000771 23.99999999999997 -9.099039886941364e-59
1.09375 2.0 24.0 2.000000000000771 23.99999999999997 -3.9151515696813544e-58
1.15625 2.0 24.0 2.00000000000077 23.999999999999968 -1.6637515850317588e-57
1.21875 2.0 24.0 2.000000000000771 23.99999999999997 -6.98415315449243e-57
1.28125 2.0 24.0 2.000000000000771 23.99999999999997 -2.896688398352563e-56
1.34375 2.0 24.0 2.00000000000077 23.999999999999964 -1.1871666588356863e-55
1.40625 2.0 24.0 2.00000000000077 23.999999999999964 -4.808243216412138e-55
1.46875 2.0 24.0 2.00000000000077 23.999999999999964 -1.9246606613016414e-54
1.53125 2.0 24.0 2.00000000000077 23.999999999999964 -7.614287154550369e-54
1.59375 2.0 24.0 2.00000000000077 23.999999999999964 -2.977231559962374e-53
1.65625 2.0 24.0 2.000000000000771 23.999999999999964 -1.1505138179815468e-52
1.71875 2.0 24.0 2.00000000000077 23.99999999999996 -4.393804720150234e-52
1.78125 2.0 24.0 2.00000000000077 23.99999999999996 -1.6581299923453183e-51
1.84375 2.0 24.0 2.00000000000077 23.99999999999996 -6.182563431609285e-51
1.90625 2.0 24.0 2.00000000000077 23.99999999999996 -2.277278377096913e-50
1.96875 2.0 24.0 2.00000000000077 23.99999999999996 -8.284492655247021e-50
2.03125 2.0 24.0 2.00000000000077 23.99999999999996 -2.9757630384972538e-49
2.09375 2.0 24.0 2.00000000000077 23.99999999999996 -1.0550291032482932e-48
2.15625 2.0 24.0 2.00000000000077 23.99999999999996 -3.6904479413849395e-48
2.21875 2.0 24.0 2.00000000000077 23.99999999999996 -1.2729509522619648e-47
2.28125 2.0 24.0 2.00000000000077 23.99999999999996 -4.3268626815565847e-47
2.34375 2.0 24.0 2.00000000000077 23.99999999999996 -1.4480961508257759e-46
2.40625 2.0 24.0 2.00000000000077 23.999999999999964 -4.766666883297355e-46
2.46875 2.0 24.0 2.000000000000769 23.999999999999957 -1.541032557512438e-45
2.53125 2.0 24.0 2.0000000000007683 23.99999999999995 -4.88392660333133e-45
2.59375 2.0 24.0 2.0000000000007674 23.99999999999995 -1.5134271734381545e-44
2.65625 2.0 24.0 2.0000000000007665 23.999999999999943 -4.568647830048834e-44
2.71875 2.0 24.0 2.0000000000007656 23.999999999999936 -1.3361689566318357e-43
2.78125 2.0 24.0 2.0000000000007647 23.99999999999993 -3.7532028244107754e-43
2.84375 2.0 24.0 2.000000000000764 23.999999999999925 -9.974387744360698e-43
2.90625 2.0 24.0 2.000000000000763 23.999999999999922 -2.4351720591234945e-42
2.96875 2.0 24.0 2.000000000000763 23.999999999999922 -5.085290221773357e-42
3.03125 2.0 24.0 2.000000000000761 23.999999999999915 -6.897034062129024e-42
3.09375 2.0 24.0 2.0000000000007603 23.999999999999908 9.4571499118777e-42
3.15625 2.0 24.0 2.0000000000007603 23.999999999999908 1.333693151761316e-40
3.21875 2.0 24.0 2.0000000000007603 23.999999999999908 7.548951878250107e-40
3.28125 2.0 24.0 2.0000000000007603 23.999999999999908 3.4311887634935694e-39
3.34375 2.0 24.0 2.0000000000007603 23.999999999999908 1.403178566439546e-38
3.40625 2.0 24.0 2.0000000000007603 23.999999999999908 5.378068716624702e-38
3.46875 2.0 24.0 2.0000000000007603 23.999999999999908 1.9697195541396117e-37
3.53125 2.0 24.0 2.0000000000007603 23.999999999999908 6.968045095399668e-37
3.59375 2.0 24.0 2.0000000000007594 23.9999999999999 2.3966218722471593e-36
3.65625 2.0 24.0 2.000000000000758 23.999999999999893 8.049000674182709e-36
3.71875 2.0 24.0 2.0000000000007576 23.999999999999893 2.64747034316652e-35
3.78125 2.0 24.0 2.0000000000007567 23.999999999999886 8.54664587042569e-35
3.84375 2.0 24.0 2.000000000000755 23.999999999999876 2.712213722730896e-34
3.90625 2.0 24.0 2.000000000000754 23.999999999999872 8.471067439974588e-34
3.96875 2.0 24.0 2.000000000000753 23.999999999999865 2.6064103442825064e-33
4.03125 2.0 24.0 2.0000000000007523 23.999999999999865 7.905978888239404e-33
4.09375 2.0 24.0 2.0000000000007523 23.999999999999865 2.3655346031470872e-32
4.15625 2.0 24.0 2.0000000000007523 23.999999999999865 6.984994830761698e-32
4.21875 2.0 24.0 2.0000000000007523 23.999999999999865 2.0362389514835817e-31
4.28125 2.0 24.0 2.0000000000007523 23.999999999999865 5.862031322215626e-31
4.34375 2.0 24.0 2.0000000000007523 23.999999999999865 1.666974471735266e-30
4.40625 2.0 24.0 2.0000000000007523 23.999999999999865 4.683320222460584e-30
4.46875 2.0 24.0 2.0000000000007514 23.999999999999854 1.3001294525565887e-29
4.53125 2.0 24.0 2.0000000000007496 23.999999999999844 3.5667630039506357e-29
4.59375 2.0 24.0 2.0000000000007496 23.999999999999844 9.670497416647311e-29
4.65625 2.0 24.0 2.0000000000007487 23.999999999999837 2.5913628227116674e-28
4.71875 2.0 24.0 2.0000000000007474 23.99999999999983 6.863046828850996e-28
4.78125 2.0 24.0 2.000000000000747 23.99999999999983 1.796412949920961e-27
4.84375 2.0 24.0 2.000000000000747 23.99999999999983 4.64700787456371e-27
4.90625 2.0 24.0 2.000000000000747 23.99999999999983 1.1879054274809626e-26
4.96875 2.0 24.0 2.000000000000747 23.99999999999983 3.0004004484834847e-26
5.03125 2.0 24.0 2.000000000000747 23.99999999999983 7.486792811960278e-26
5.09375 2.0 24.0 2.000000000000746 23.999999999999822 1.8451945242224962e-25
5.15625 2.0 24.0 2.000000000000745 23.999999999999815 4.490611845317189e-25
5.21875 2.0 24.0 2.0000000000007443 23.999999999999808 1.0788108353212093e-24
5.28125 2.0 24.0 2.0000000000007425 23.9999999999998 2.557329998052712e-24
5.34375 2.0 24.0 2.0000000000007416 23.999999999999794 5.97877898615881e-24
5.40625 2.0 24.0 2.0000000000007407 23.999999999999787 1.3776866515677294e-23
5.46875 2.0 24.0 2.0000000000007407 23.999999999999787 3.1264914036512736e-23
5.53125 2.0 24.0 2.00000000000074 23.99999999999978 6.980618709954213e-23
5.59375 2.0 24.0 2.000000000000739 23.999999999999773 1.5314050791412638e-22
5.65625 2.0 24.0 2.000000000000739 23.999999999999773 3.2952537647922248e-22
5.71875 2.0 24.0 2.000000000000737 23.999999999999766 6.938397225712931e-22
5.78125 2.0 24.0 2.0000000000007336 23.999999999999744 1.4247827369012723e-21
5.84375 2.0 24.0 2.0000000000007327 23.999999999999737 2.839370569031387e-21
5.90625 2.0 24.0 2.0000000000007323 23.999999999999737 5.44950890910029e-21
5.96875 2.0 24.0 2.0000000000007327 23.999999999999737 9.944158298563714e-21
6.03125 2.0 24.0 2.0000000000007314 23.999999999999726 1.683955802877859e-20
6.09375 2.0 24.0 2.00000000000073 23.999999999999716 2.5051785044004933e-20
6.15625 2.0 24.0 2.000000000000729 23.99999999999971 2.740528868930065e-20
6.21875 2.0 24.0 2.0000000000007274 23.999999999999694 -1.9289258172990763e-21
6.28125 2.0 24.0 2.000000000000727 23.999999999999694 -1.4017862304362418e-19
6.34375 2.0 24.0 2.000000000000727 23.999999999999694 -5.9727403593566045e-19
6.40625 2.0 24.0 2.000000000000727 23.999999999999694 -1.9104035673239254e-18
6.46875 2.0 24.0 2.0000000000007274 23.999999999999694 -5.395897040893431e-18
6.53125 2.0 24.0 2.0000000000007274 23.999999999999694 -1.4172635144106045e-17
6.59375 2.0 24.0 2.000000000000727 23.99999999999969 -3.5429167569282213e-17
6.65625 2.0 24.0 2.0000000000007265 23.999999999999687 -8.534713940380537e-17
6.71875 2.0 24.0 2.0000000000007248 23.999999999999673 -1.996000429606432e-16
6.78125 2.0 24.0 2.000000000000724 23.99999999999967 -4.553629995606369e-16
6.84375 2.0 24.0 2.000000000000724 23.999999999999666 -1.0167180356264946e-15
6.90625 2.0 24.0 2.000000000000724 23.999999999999666 -2.226894517287864e-15
6.96875 2.0 24.0 2.000000000000724 23.999999999999666 -4.7928992723670935e-15
7.03125 2.0 24.0 2.0000000000007248 23.999999999999662 -1.0149798143363878e-14
7.09375 2.0 24.0 2.0000000000007265 23.999999999999662 -2.1169426434468405e-14
7.15625 2.0 24.0 2.0000000000007296 23.99999999999966 -4.352028380639294e-14
7.21875 2.0 24.0 2.0000000000007354 23.999999999999652 -8.824162729183831e-14
7.28125 2.0 24.0 2.0000000000007487 23.99999999999965 -1.765504987103273e-13
7.34375 2.0 24.0 2.0000000000007754 23.99999999999964 -3.4869878558211256e-13
7.40625 2.0 24.0 2.000000000000826 23.99999999999963 -6.800747887373828e-13
7.46875 2.0 24.0 2.0000000000009246 23.999999999999623 -1.3100830926616375e-12
7.53125 2.0 24.0 2.0000000000011093 23.99999999999961 -2.4932458599455e-12
7.59375 2.0 24.0 2.000000000001455 23.99999999999961 -4.688392804143842e-12
7.65625 2.0 24.0 2.000000000002089 23.999999999999606 -8.71217953361179e-12
7.71875 2.0 24.0 2.0000000000032374 23.999999999999595 -1.5999612188650176e-11
7.78125 2.0 24.0 2.0000000000052944 23.999999999999588 -2.9039792611471703e-11
7.84375 2.0 24.0 2.0000000000089306 23.999999999999577 -5.2093915604236066e-11
7.90625 2.0 24.0 2.000000000015283 23.999999999999574 -9.236014962645237e-11
7.96875 2.0 24.0 2.000000000026243 23.999999999999567 -1.6183318890323987e-10
8.03125 2.0 24.0 2.0000000000449223 23.99999999999956 -2.8022250166414554e-10
8.09375 2.0 24.0 2.000000000076355 23.999999999999552 -4.794494381885033e-10
8.15625 2.0 24.0 2.000000000128577 23.999999999999538 -8.10442429110603e-10
8.21875 2.0 24.0 2.00000000021421 23.999999999999535 -1.3531848884076558e-09
8.28125 2.0 24.0 2.0000000003527445 23.99999999999953 -2.2312156971162697e-09
8.34375 2.0 24.0 2.0000000005737544 23.999999999999524 -3.631974219148933e-09
8.40625 2.0 24.0 2.0000000009212497 23.99999999999952 -5.834394601838469e-09
8.46875 2.0 24.0 2.000000001459334 23.999999999999513 -9.244758734380355e-09
8.53125 2.0 24.0 2.0000000022791333 23.99999999999951 -1.444062428085364e-08
8.59375 2.0 24.0 2.00000000350656 23.99999999999951 -2.2220023413817202e-08
8.65625 2.0 24.0 2.000000005309672 23.99999999999951 -3.364810060345147e-08
8.71875 2.0 24.0 2.000000007902985 23.99999999999951 -5.00844594839887e-08
8.78125 2.0 24.0 2.000000011543757 23.99999999999951 -7.315960195901896e-08
8.84375 2.0 24.0 2.000000016511491 23.999999999999503 -1.046450073705699e-07
8.90625 2.0 24.0 2.0000000230560984 23.999999999999496 -1.461246173463636e-07
8.96875 2.0 24.0 2.0000000312915143 23.999999999999496 -1.9832055356516146e-07
9.03125 2.0 24.0 2.0000000409989696 23.999999999999496 -2.598462797269504e-07
9.09375 2.0000001 24.0 2.0000000512864604 23.999999999999496 -3.250483311046408e-07
9.15625 2.0000001 24.0 2.000000060026749 23.99999999999948 -3.8044437996817056e-07
9.21875 2.0000001 24.0 2.0000000629640766 23.999999999999474 -3.990616064219827e-07
9.28125 2.0000001 24.0 2.0000000523383124 23.999999999999467 -3.31716640591852e-07
9.34375 2.0 24.0 2.0000000148235877 23.999999999999467 -9.39506915416835e-08
9.40625 1.9999999 24.0 1.99999992851631 23.99999999999946 4.530603240697041e-07
9.46875 1.9999998 24.0 1.9999997586359748 23.999999999999456 1.529753980297915e-06
9.53125 1.9999995 24.0 1.9999994515242965 23.999999999999453 3.4762149433038535e-06
9.59375 1.9999989 24.0 1.9999989264494358 23.999999999999446 6.804120370200431e-06
9.65625 1.9999981 24.0 1.9999980646513236 23.99999999999944 1.2266172538001058e-05
9.71875 1.9999967 24.0 1.9999966950140071 23.99999999999944 2.0946912307718176e-05
9.78125 1.9999946 24.0 1.999994575738686 23.99999999999944 3.437888657929601e-05
9.84375 1.9999914 24.0 1.999991371437936 23.999999999999435 5.468784914051539e-05
9.90625 1.9999866 24.0 1.9999866252026113 23.999999999999428 8.47698499292316e-05
9.96875 1.9999797 24.0 1.999979725435062 23.999999999999428 0.00012850154243721726
10.03125 1.9999699 24.0 1.9999698676223536 23.999999999999424 0.0001909826458667602
10.09375 1.999956 24.0 1.9999560117635475 23.999999999999417 0.00027880609774585296
10.15625 1.9999368 24.0 1.9999368368791903 23.999999999999414 0.00040034694173355593
10.21875 1.9999107 24.0 1.9999106949174132 23.99999999999941 0.0005660554261655719
10.28125 1.9998756 24.0 1.9998755674065718 23.99999999999941 0.0007887332867798587
10.34375 1.999829 24.0 1.9998290293385592 23.999999999999407 0.001083765068175486
10.40625 1.9997682 24.0 1.9997682259166845 23.999999999999403 0.0014692691192730424
10.46875 1.9996899 24.0 1.999689868848761 23.999999999999396 0.0019661263086395773
10.53125 1.9995903 24.0 1.9995902596571993 23.99999999999939 0.002597839480069819
10.59375 1.9994653 24.0 1.9994653478332962 23.999999999999385 0.0033901743036548818
10.65625 1.9993108 24.0 1.9993108313875505 23.999999999999382 0.004370533653136037
10.71875 1.9991223 24.0 1.9991223062524428 23.999999999999385 0.005567024104157814
10.78125 1.9988955 24.0 1.998895468921101 23.999999999999375 0.007007185562588836
10.84375 1.9986264 24.0 1.9986263735617569 23.999999999999375 0.008716373997397405
10.90625 1.9983117 24.0 1.9983117406384645 23.999999999999368 0.01071581282047236
10.96875 1.9979493 24.0 1.9979493089273537 23.99999999999936 0.013020359959317548
11.03125 1.9975382 24.0 1.9975382170292617 23.999999999999353 0.01563607359493098
11.09375 1.9970794 24.0 1.9970793944852208 23.999999999999353 0.01855769747427637
11.15625 1.9965759 24.0 1.9965759369821456 23.999999999999346 0.021766223390745052
11.21875 1.9960334 24.0 1.9960334355702198 23.99999999999934 0.02522671991030791
11.28125 1.9954602 24.0 1.9954602270077677 23.999999999999332 0.028886638374096246
11.34375 1.9948675 24.0 1.994867531949589 23.999999999999325 0.03267481533066286
11.40625 1.9942695 24.0 1.9942694501887166 23.99999999999932 0.036501381084238345
11.46875 1.9936828 24.0 1.9936827877877845 23.999999999999318 0.04025875432072879
11.53125 1.9931267 24.0 1.993126699618176 23.999999999999318 0.043823851741497465
11.59375 1.9926221 24.0 1.9926221421446852 23.99999999999931 0.04706157029590306
11.65625 1.9921911 24.0 1.9921911445124465 23.999999999999304 0.04982951126378543
11.71875 1.9918559 24.0 1.9918559201220887 23.999999999999297 0.051983815731628635
11.78125 1.9916379 24.0 1.991637854782311 23.999999999999297 0.05338587762874967
11.84375 1.9915564 24.0 1.991556420044235 23.99999999999929 0.053909602651500035
11.90625 1.9916281 24.0 1.9916280703759872 23.999999999999282 0.053448799007006796
11.96875 1.9918652 24.0 1.9918651895355848 23.99999999999928 0.05192422853819394
12.03125 1.9922752 24.0 1.9922751541861607 23.999999999999275 0.04928982261350742
12.09375 1.9928596 24.0 1.9928595810638794 23.999999999999268 0.04553758186163458
12.15625 1.9936138 24.0 1.9936138176980134 23.999999999999265 0.040700734725941205
12.21875 1.9945267 24.0 1.9945267258726997 23.99999999999926 0.034854825297487284
12.28125 1.9955808 24.0 1.9955807920233362 23.999999999999254 0.028116530264597768
12.34375 1.9967526 24.0 1.9967525801443422 23.999999999999254 0.0206401586194423
12.40625 1.9980135 24.0 1.998013521411008 23.999999999999247 0.012611953511883283
12.46875 1.999331 24.0 1.999331011788783 23.99999999999924 0.004242479026349397
12.53125 2.0006698 24.0 2.000669765981998 23.99999999999924 -0.004242479026349397
12.59375 2.0019934 24.0 2.0019933550476754 23.999999999999233 -0.012611953511883283
12.65625 2.0032658 24.0 2.003265837953064 23.999999999999226 -0.0206401586194423
12.71875 2.0044534 24.0 2.0044533863449896 23.999999999999215 -0.028116530264597768
12.78125 2.0055258 24.0 2.0055257985492707 23.999999999999204 -0.034854825297487284
12.84375 2.0064578 24.0 2.0064578043845236 23.9999999999992 -0.040700734725941205
12.90625 2.0072301 24.0 2.007230076852606 23.9999999999992 -0.04553758186163458
12.96875 2.0078299 24.0 2.00782988913219 23.999999999999197 -0.04928982261350742
13.03125 2.0082514 24.0 2.0082513834367646 23.999999999999183 -0.05192422853819394
13.09375 2.0084954 24.0 2.0084954492430285 23.999999999999183 -0.053448799007006796
13.15625 2.0085692 24.0 2.0085692387707907 23.99999999999918 -0.053909602651500035
13.21875 2.0084854 24.0 2.0084853741242625 23.999999999999176 -0.05338587762874967
13.28125 2.0082609 24.0 2.0082609205163466 23.99999999999917 -0.051983815731628635
13.34375 2.0079162 24.0 2.0079162118046145 23.99999999999916 -0.04982951126378543
13.40625 2.0074736 24.0 2.007473617643565 23.99999999999916 -0.04706157029590306
13.46875 2.0069563 24.0 2.0069563364962137 23.999999999999154 -0.043823851741497465
13.53125 2.0063873 24.0 2.006387287039367 23.999999999999154 -0.04025875432072879
13.59375 2.0057882 24.0 2.005788154190963 23.99999999999915 -0.036501381084238345
13.65625 2.0051786 24.0 2.005178627328652 23.999999999999147 -0.03267481533066286
13.71875 2.0045758 24.0 2.0045758493715877 23.999999999999147 -0.028886638374096246
13.78125 2.0039941 24.0 2.0039940780149372 23.99999999999914 -0.02522671991030791
13.84375 2.0034445 24.0 2.003444545801308 23.999999999999133 -0.021766223390745052
13.90625 2.0029355 24.0 2.002935494625162 23.999999999999133 -0.01855769747427637
13.96875 2.0024724 24.0 2.0024723529559516 23.999999999999133 -0.01563607359493098
14.03125 2.002058 24.0 2.0020580204002467 23.999999999999126 -0.013020359959317548
14.09375 2.0016932 24.0 2.0016932237826826 23.99999999999912 -0.01071581282047236
14.15625 2.0013769 24.0 2.001376911108604 23.99999999999912 -0.008716373997397405
14.21875 2.0011067 24.0 2.0011066538890954 23.99999999999916 -0.007007185562588836
14.28125 2.000879 24.0 2.0008790336622257 23.999999999999243 -0.005567024104157814
14.34375 2.00069 24.0 2.0006899944820664 23.999999999999346 -0.004370533653136037
14.40625 2.0005351 24.0 2.0005351491076553 23.999999999999552 -0.0033901743036548818
14.46875 2.00041 24.0 2.0004100321611356 23.999999999999826 -0.002597839480069819
14.53125 2.0003103 24.0 2.0003102983179373 24.00000000000011 -0.0019661263086395773
14.59375 2.0002319 24.0 2.0002318674479698 24.000000000000334 -0.0014692691192730424
14.65625 2.000171 24.0 2.0001710214675636 24.000000000000455 -0.001083765068175486
14.71875 2.0001245 24.0 2.000124459507294 24.000000000000373 -0.0007887332867798587
14.78125 2.0000893 24.0 2.0000893189462534 24.000000000000036 -0.0005660554261655719
14.84375 2.0000632 24.0 2.00006317005467 23.99999999999941 -0.00040034694173355593
14.90625 2.000044 24.0 2.000043991596634 23.999999999998497 -0.00027880609774585296
14.96875 2.0000301 24.0 2.0000301339505264 23.999999999997303 -0.0001909826458667602
15.03125 2.0000203 24.0 2.0000202752725773 23.9999999999959 -0.00012850154243721726
15.09375 2.0000134 24.0 2.000013375100712 23.9999999999944 -8.47698499292316e-05
15.15625 2.0000086 24.0 2.0000086286838163 23.999999999992898 -5.468784914051539e-05
15.21875 2.0000054 24.0 2.0000054243053027 23.999999999991495 -3.437888657929601e-05
15.28125 2.0000033 24.0 2.000003304998696 23.999999999990287 -2.0946912307718176e-05
15.34375 2.0000019 24.0 2.0000019353499643 23.999999999989324 -1.2266172538001058e-05
15.40625 2.0000011 24.0 2.000001073548447 23.99999999998864 -6.804120370200431e-06
15.46875 2.0000005 24.0 2.000000548473144 23.999999999988216 -3.4762149433038535e-06
15.53125 2.0000002 24.0 2.0000002413619518 23.999999999988027 -1.529753980297915e-06
15.59375 2.0000001 24.0 2.0000000714822628 23.999999999987985 -4.530603240697041e-07
15.65625 2.0 24.0 1.9999999851755388 23.999999999988027 9.39506915416835e-08
15.71875 1.9999999 24.0 1.9999999476612143 23.999999999988102 3.31716640591852e-07
15.78125 1.9999999 24.0 1.9999999370357053 23.99999999998819 3.990616064219827e-07
15.84375 1.9999999 24.0 1.999999939973172 23.999999999988265 3.8044437996817056e-07
15.90625 1.9999999 24.0 1.9999999487135152 23.99999999998832 3.250483311046408e-07
15.96875 2.0 24.0 1.999999959001003 23.99999999998836 2.598462797269504e-07
16.03125 2.0 24.0 1.9999999687084216 23.99999999998841 1.9832055356516146e-07
16.09375 2.0 24.0 1.999999976943785 23.999999999988464 1.461246173463636e-07
16.15625 2.0 24.0 1.999999983488334 23.9999999999885 1.046450073705699e-07
16.21875 2.0 24.0 1.9999999884560098 23.99999999998852 7.315960195901896e-08
16.28125 2.0 24.0 1.9999999920967295 23.999999999988525 5.00844594839887e-08
16.34375 2.0 24.0 1.9999999946899965 23.999999999988525 3.364810060345147e-08
16.40625 2.0 24.0 1.9999999964930701 23.999999999988525 2.2220023413817202e-08
16.46875 2.0 24.0 1.9999999977204677 23.99999999998852 1.444062428085364e-08
16.53125 2.0 24.0 1.999999998540246 23.999999999988525 9.244758734380355e-09
16.59375 2.0 24.0 1.9999999990783137 23.999999999988518 5.834394601838469e-09
16.65625 2.0 24.0 1.9999999994257966 23.99999999998849 3.631974219148933e-09
16.71875 2.0 24.0 1.9999999996467988 23.99999999998849 2.2312156971162697e-09
16.78125 2.0 24.0 1.9999999997853304 23.99999999998849 1.3531848884076558e-09
16.84375 2.0 24.0 1.999999999870959 23.999999999988468 8.10442429110603e-10
16.90625 2.0 24.0 1.999999999923178 23.999999999988436 4.794494381885033e-10
16.96875 2.0 24.0 1.9999999999546105 23.99999999998843 2.8022250166414554e-10
17.03125 2.0 24.0 1.9999999999732883 23.999999999988418 1.6183318890323987e-10
17.09375 2.0 24.0 1.9999999999842488 23.99999999998841 9.236014962645237e-11
17.15625 2.0 24.0 1.999999999990601 23.999999999988404 5.2093915604236066e-11
17.21875 2.0 24.0 1.9999999999942382 23.999999999988404 2.9039792611471703e-11
17.28125 2.0 24.0 1.9999999999962965 23.99999999998841 1.5999612188650176e-11
17.34375 2.0 24.0 1.9999999999974474 23.999999999988425 8.71217953361179e-12
17.40625 2.0 24.0 1.999999999998083 23.99999999998844 4.688392804143842e-12
17.46875 2.0 24.0 1.9999999999984306 23.999999999988447 2.4932458599455e-12
17.53125 2.0 24.0 1.999999999998616 23.99999999998844 1.3100830926616375e-12
17.59375 2.0 24.0 1.999999999998716 23.999999999988447 6.800747887373828e-13
17.65625 2.0 24.0 1.9999999999987692 23.99999999998844 3.4869878558211256e-13
17.71875 2.0 24.0 1.999999999998797 23.999999999988447 1.765504987103273e-13
17.78125 2.0 24.0 1.9999999999988125 23.99999999998846 8.824162729183831e-14
17.84375 2.0 24.0 1.9999999999988198 23.99999999998847 4.352028380639294e-14
17.90625 2.0 24.0 1.9999999999988232 23.99999999998846 2.1169426434468405e-14
17.96875 2.0 24.0 1.9999999999988236 23.99999999998845 1.0149798143363878e-14
18.03125 2.0 24.0 1.9999999999988238 23.99999999998844 4.7928992723670935e-15
18.09375 2.0 24.0 1.9999999999988238 23.99999999998844 2.226894517287864e-15
18.15625 2.0 24.0 1.9999999999988227 23.999999999988432 1.0167180356264946e-15
18.21875 2.0 24.0 1.9999999999988225 23.99999999998843 4.553629995606369e-16
18.28125 2.0 24.0 1.9999999999988223 23.999999999988432 1.996000429606432e-16
18.34375 2.0 24.0 1.9999999999988223 23.999999999988436 8.534713940380537e-17
18.40625 2.0 24.0 1.9999999999988205 23.999999999988418 3.5429167569282213e-17
18.46875 2.0 24.0 1.9999999999988183 23.999999999988397 1.4172635144106045e-17
18.53125 2.0 24.0 1.9999999999988156 23.999999999988376 5.395897040893431e-18
18.59375 2.0 24.0 1.9999999999988145 23.99999999998837 1.9104035673239254e-18
18.65625 2.0 24.0 1.9999999999988165 23.999999999988386 5.9727403593566045e-19
18.71875 2.0 24.0 1.9999999999988172 23.99999999998839 1.4017862304362418e-19
18.78125 2.0 24.0 1.9999999999988165 23.999999999988383 1.9289258172990763e-21
18.84375 2.0 24.0 1.9999999999988172 23.999999999988397 -2.740528868930065e-20
18.90625 2.0 24.0 1.999999999998819 23.99999999998843 -2.5051785044004933e-20
18.96875 2.0 24.0 1.9999999999988212 23.999999999988447 -1.683955802877859e-20
19.03125 2.0 24.0 1.9999999999988218 23.999999999988447 -9.944158298563714e-21
19.09375 2.0 24.0 1.999999999998821 23.99999999998844 -5.44950890910029e-21
19.15625 2.0 24.0 1.9999999999988198 23.99999999998843 -2.839370569031387e-21
19.21875 2.0 24.0 1.9999999999988196 23.999999999988418 -1.4247827369012723e-21
19.28125 2.0 24.0 1.9999999999988185 23.99999999998841 -6.938397225712931e-22
19.34375 2.0 24.0 1.9999999999988185 23.99999999998841 -3.2952537647922248e-22
19.40625 2.0 24.0 1.9999999999988178 23.99999999998841 -1.5314050791412638e-22
19.46875 2.0 24.0 1.9999999999988192 23.999999999988436 -6.980618709954213e-23
19.53125 2.0 24.0 1.9999999999988192 23.999999999988432 -3.1264914036512736e-23
19.59375 2.0 24.0 1.9999999999988176 23.999999999988404 -1.3776866515677294e-23
19.65625 2.0 24.0 1.9999999999988156 23.999999999988386 -5.97877898615881e-24
19.71875 2.0 24.0 1.9999999999988152 23.999999999988383 -2.557329998052712e-24
19.78125 2.0 24.0 1.999999999998814 23.99999999998836 -1.0788108353212093e-24
19.84375 2.0 24.0 1.9999999999988125 23.99999999998834 -4.490611845317189e-25
19.90625 2.0 24.0 1.9999999999988118 23.99999999998833 -1.8451945242224962e-25
19.96875 2.0 24.0 1.9999999999988116 23.999999999988326 -7.486792811960278e-26
20.03125 2.0 24.0 1.9999999999988107 23.999999999988322 -3.0004004484834847e-26
20.09375 2.0 24.0 1.999999999998809 23.999999999988304 -1.1879054274809626e-26
20.15625 2.0 24.0 1.9999999999988072 23.99999999998829 -4.64700787456371e-27
20.21875 2.0 24.0 1.999999999998805 23.999999999988276 -1.796412949920961e-27
20.28125 2.0 24.0 1.9999999999988025 23.999999999988255 -6.863046828850996e-28
20.34375 2.0 24.0 1.9999999999988005 23.99999999998824 -2.5913628227116674e-28
20.40625 2.0 24.0 1.9999999999988012 23.99999999998826 -9.670497416647311e-29
20.46875 2.0 24.0 1.9999999999988032 23.99999999998827 -3.5667630039506357e-29
20.53125 2.0 24.0 1.9999999999988023 23.999999999988255 -1.3001294525565887e-29
20.59375 2.0 24.0 1.9999999999987996 23.999999999988226 -4.683320222460584e-30
20.65625 2.0 24.0 1.9999999999987956 23.99999999998819 -1.666974471735266e-30
20.71875 2.0 24.0 1.9999999999987894 23.999999999988134 -5.862031322215626e-31
20.78125 2.0 24.0 1.9999999999987828 23.999999999988084 -2.0362389514835817e-31
20.84375 2.0 24.0 1.9999999999987768 23.999999999988034 -6.984994830761698e-32
20.90625 2.0 24.0 1.9999999999987732 23.999999999988013 -2.3655346031470872e-32
20.96875 2.0 24.0 1.9999999999987754 23.99999999998803 -7.905978888239404e-33
21.03125 2.0 24.0 1.9999999999987832 23.99999999998808 -2.6064103442825064e-33
21.09375 2.0 24.0 1.9999999999987907 23.99999999998814 -8.471067439974588e-34
21.15625 2.0 24.0 1.9999999999987916 23.999999999988155 -2.712213722730896e-34
21.21875 2.0 24.0 1.99999999999878 23.999999999988074 -8.54664587042569e-35
21.28125 2.0 24.0 1.999999999998756 23.999999999987903 -2.64747034316652e-35
21.34375 2.0 24.0 1.9999999999987392 23.999999999987786 -8.049000674182709e-36
21.40625 2.0 24.0 1.9999999999987592 23.999999999987935 -2.3966218722471593e-36
21.46875 2.0 24.0 1.9999999999988336 23.99999999998849 -6.968045095399668e-37
21.53125 2.0 24.0 1.9999999999989466 23.999999999989353 -1.9697195541396117e-37
21.59375 2.0 24.0 1.9999999999990206 23.99999999998992 -5.378068716624702e-38
21.65625 2.0 24.0 1.999999999998938 23.999999999989285 -1.403178566439546e-38
21.71875 2.0 24.0 1.999999999998621 23.999999999986883 -3.4311887634935694e-39
21.78125 2.0 24.0 1.9999999999981557 23.99999999998336 -7.548951878250107e-40
21.84375 2.0 24.0 1.9999999999978493 23.999999999981036 -1.333693151761316e-40
21.90625 2.0 24.0 1.9999999999981493 23.999999999983306 -9.4571499118777e-42
21.96875 2.0 24.0 1.9999999999993676 23.999999999992536 6.897034062129024e-42
22.03125 2.0 24.0 2.0000000000012665 24.000000000006906 5.085290221773357e-42
22.09375 2.0 24.0 2.0000000000027782 24.000000000018343 2.4351720591234945e-42
22.15625 2.0 24.0 2.0000000000022125 24.000000000014058 9.974387744360698e-43
22.21875 2.0 24.0 1.9999999999981213 23.99999999998309 3.7532028244107754e-43
22.28125 2.0 24.0 1.9999999999907025 23.999999999926924 1.3361689566318357e-43
22.34375 2.0 24.0 1.9999999999830163 23.999999999868738 4.568647830048834e-44
22.40625 2.0 24.0 1.999999999980971 23.99999999985325 1.5134271734381545e-44
22.46875 2.0 24.0 1.9999999999911626 23.999999999930402 4.88392660333133e-45
22.53125 2.0 24.0 2.0000000000165734 24.00000000012276 1.541032557512438e-45
22.59375 2.0 24.0 2.000000000051629 24.000000000388127 4.766666883297355e-46
22.65625 2.0 24.0 2.000000000079501 24.000000000599105 1.4480961508257759e-46
22.71875 2.0 24.0 2.0000000000749 24.00000000056428 4.3268626815565847e-47
22.78125 2.0 24.0 2.000000000014207 24.000000000104826 1.2729509522619648e-47
22.84375 2.0 24.0 1.9999999998913625 23.999999999174896 3.6904479413849395e-48
22.90625 2.0 24.0 1.9999999997337548 23.9999999979818 1.0550291032482932e-48
22.96875 2.0 24.0 1.9999999996091369 23.999999997038437 2.9757630384972538e-49
23.03125 2.0 24.0 1.9999999996147673 23.999999997081048 8.284492655247021e-50
23.09375 2.0 24.0 1.9999999998447002 23.999999998821654 2.277278377096913e-50
23.15625 2.0 24.0 2.000000000339935 24.00000000257062 6.182563431609285e-51
23.21875 2.0 24.0 2.00000000103614 24.00000000784095 1.6581299923453183e-51
23.28125 2.0 24.0 2.0000000017306165 24.000000013098195 4.393804720150234e-52
23.34375 2.0 24.0 2.0000000020897595 24.000000015816962 1.1505138179815468e-52
23.40625 2.0 24.0 2.00000000170885 24.000000012933388 2.977231559962374e-53
23.46875 2.0 24.0 2.000000000219038 24.00000000165513 7.614287154550369e-54
23.53125 2.0 24.0 1.9999999974171312 23.999999980444173 1.9246606613016414e-54
23.59375 2.0 24.0 1.9999999933793329 23.99999994987776 4.808243216412138e-55
23.65625 2.0 24.0 1.9999999885177606 23.99999991307557 1.1871666588356863e-55
23.71875 2.0 24.0 1.9999999835515334 23.99999987548065 2.896688398352563e-56
23.78125 2.0 24.0 1.9999999793887762 23.99999984396741 6.98415315449243e-57
23.84375 2.0 24.0 1.9999999769430716 23.99999982545291 1.6637515850317588e-57
23.90625 2.0 24.0 1.9999999769294232 23.999999825350898 3.9151515696813544e-58
23.96875 2.0 24.0 1.999999979695004 23.99999984628865 9.099039886941364e-59
24.03125 2.0 24.0 1.999999985133624 23.99999988746024 2.0878823025968615e-59
24.09375 2.0 24.0 1.9999999927082146 23.999999944799516 4.7285315304742537e-60
24.15625 2.0 24.0 2.0000000015706556 24.000000011887657 1.0564902049433007e-60
24.21875 2.0 24.0 2.0000000107391522 24.00000008129389 2.3274779481577778e-61
24.28125 2.0 24.0 2.0000000192816505 24.000000145962353 5.052285490132954e-62
24.34375 2.0 24.0 2.0000000264598317 24.000000200302708 1.0796763064909657e-62
24.40625 2.0 24.0 2.0000000318055067 24.000000240770035 2.2689000963112057e-63
24.46875 2.0 24.0 2.000000035125277 24.00000026590039 4.681823820360618e-64
24.53125 2.0 24.0 2.000000036448196 24.000000275914253 9.467542854033363e-65
24.59375 2.0 24.0 2.0000000359500634 24.000000272142785 1.8711212490761638e-65
24.65625 2.0 24.0 2.000000033884354 24.00000025650492 3.6001438242163e-66
24.71875 2.0 24.0 2.00000003051307 24.000000230983918 6.704319663991951e-67
24.78125 2.0 24.0 2.0000000262030713 24.000000198357014 1.1971437942926539e-67
24.84375 2.0 24.0 2.0000000209810023 24.000000158825078 2.0164329257222074e-68
24.90625 2.0 24.0 2.000000016120305 24.00000012203054 3.10028924768748e-69
24.96875 2.0 24.0 2.0000000089455208 24.000000067708726 4.003793457677204e-70
