0.25 2.0 24.0 1.9999999999995062 23.99999999999929 -2.850203213424424e-67
0.75 2.0 24.0 2.000000000000874 24.000000000000277 -1.0864518245663961e-61
1.25 2.0 24.0 1.9999999999983116 23.99999999999844 -1.4244864646060943e-56
1.75 2.0 24.0 2.0000000000030775 24.000000000002053 -8.548289091174405e-52
2.25 2.0 24.0 1.9999999999941396 23.99999999999409 -2.351308388844086e-47
2.75 2.0 24.0 2.0000000000110605 24.000000000012825 -2.2523830569655327e-43
3.25 2.0 24.0 1.9999999999790818 23.999999999973824 1.637631564719423e-39
3.75 2.0 24.0 2.000000000038698 24.00000000004042 4.767397604445987e-35
4.25 2.0 24.0 1.9999999999306466 23.999999999968587 3.4602839938301873e-31
4.75 2.0 24.0 2.000000000117484 23.999999999936072 1.111987969600823e-27
5.25 2.0 24.0 1.9999999997689257 24.000000000262414 1.6638083285143045e-24
5.75 2.0 24.0 2.000000000445357 24.000000000386123 9.976476910669732e-22
6.25 2.0 24.0 1.9999999988016137 23.99999999720618 -4.8921798420998234e-20
6.75 2.0 24.0 1.9999999995713447 23.99999999949101 -3.023468242913689e-16
7.25 2.0 24.0 2.0000000013569617 24.00000000723936 -1.250209723893004e-13
7.75 2.0 24.0 2.0000000030493554 24.000000002320526 -2.1586786279083474e-11
8.25 2.0 24.0 2.0000000014646147 23.99999997996484 -1.7403567350686184e-09
8.75 2.0 24.0 2.000000008086227 23.999999971256095 -6.068217856011783e-08
9.25 2.0000001 24.0 2.0000000579581503 23.999999982938835 -3.803967102260639e-07
9.75 1.9999957 24.0 1.9999957454239712 23.99999999977923 2.695195306443837e-05
10.25 1.9998944 24.0 1.9998943939909737 24.00000001724451 0.0006693744426668637
10.75 1.9990139 24.0 1.999013933963191 24.000000024589127 0.006254988727532051
11.25 1.99575 24.0 1.9957500358317009 24.00000000629719 0.027035756852131283
11.75 1.991731 24.0 1.991730967348245 23.99999998834414 0.05278713821237704
12.25 1.9950374 24.0 1.9950374497127887 24.000000001759823 0.03158840711176899
12.75 2.0050057 24.0 2.005005697201213 24.00000002567871 -0.03158840711176899
13.25 2.0083895 24.0 2.0083895182307545 24.00000004540126 -0.05278713821237704
13.75 2.0042816 24.0 2.0042815702751273 24.000000061119188 -0.027035756852131283
14.25 2.0009878 24.0 2.0009877602627744 24.0000000455765 -0.006254988727532051
14.75 2.0001056 24.0 2.0001056232446697 24.000000001995296 -0.0006693744426668637
15.25 2.0000043 24.0 2.000004249727416 23.999999967276935 -2.695195306443837e-05
15.75 1.9999999 24.0 1.9999999370700852 23.999999949998386 3.803967102260639e-07
16.25 2.0 24.0 1.9999999882996526 23.999999947455365 6.068217856011783e-08
16.75 2.0 24.0 1.9999999984751313 23.999999958157417 1.7403567350686184e-09
17.25 2.0 24.0 1.9999999997481692 23.999999968912054 2.1586786279083474e-11
17.75 2.0 24.0 2.0000000006629746 23.99999996765635 1.250209723893004e-13
18.25 2.0 24.0 2.0000000018988633 23.99999997958721 3.023468242913689e-16
18.75 2.0 24.0 2.000000003918056 24.00000000632814 4.8921798420998234e-20
19.25 2.0 24.0 2.0000000057149885 24.000000027060956 -9.976476910669732e-22
19.75 2.0 24.0 2.0000000045023283 24.000000022353696 -1.6638083285143045e-24
20.25 2.0 24.0 2.000000001728561 23.999999990992237 -1.111987969600823e-27
20.75 2.0 24.0 1.9999999986380972 23.999999969145456 -3.4602839938301873e-31
21.25 2.0 24.0 1.9999999969230968 23.99999997047019 -4.767397604445987e-35
21.75 2.0 24.0 1.9999999970919533 23.99999998796985 -1.637631564719423e-39
22.25 2.0 24.0 1.9999999966867505 24.000000006570545 2.2523830569655327e-43
22.75 2.0 24.0 1.9999999952716672 24.000000001848434 2.351308388844086e-47
23.25 2.0 24.0 1.999999993602282 23.999999995078156 8.548289091174405e-52
23.75 2.0 24.0 1.9999999923567462 23.999999999502613 1.4244864646060943e-56
24.25 2.0 24.0 1.9999999901068801 23.999999983391916 1.0864518245663961e-61
24.75 2.0 24.0 1.9999999836733067 23.999999926120058 2.850203213424424e-67
