0.125 1.999999999999999 4.42 1.9999969431234779 4.420000000000458 -8.023378137447364e-69
0.375 1.999999999999999 4.42 1.99999694312373 4.419999999999776 -8.237583357394523e-66
0.625 1.999999999999999 4.42 1.9999969431237794 4.419999999999537 -4.960217038783217e-63
0.875 1.999999999999999 4.42 1.9999969431238844 4.419999999999172 -2.2389513277987053e-60
1.125 1.999999999999999 4.42 1.9999969431239475 4.4199999999988995 -8.083295968589929e-58
1.375 1.999999999999999 4.42 1.9999969431239997 4.419999999998649 -2.3927033740792414e-55
1.625 1.999999999999999 4.42 1.9999969431240285 4.419999999998449 -5.861267598663116e-53
1.875 1.999999999999999 4.42 1.9999969431240388 4.41999999999829 -1.1883943908134718e-50
2.125 1.999999999999999 4.42 1.9999969431240308 4.419999999998172 -1.976589158084722e-48
2.375 1.999999999999999 4.42 1.9999969431240077 4.419999999998088 -2.632942317395744e-46
2.625 1.999999999999999 4.42 1.9999969431239726 4.419999999998032 -2.638888646042497e-44
2.875 1.999999999999999 4.42 1.9999969431239288 4.419999999997998 -1.5796414191572262e-42
3.125 1.999999999999999 4.42 1.9999969431238807 4.419999999997975 4.567817789604015e-41
3.375 1.999999999999999 4.42 1.9999969431238303 4.419999999997959 2.7652750956800404e-38
3.625 1.999999999999999 4.42 1.9999969431237807 4.419999999997945 4.404258009248603e-36
3.875 1.999999999999999 4.42 1.9999969431237343 4.419999999997925 4.802503147034089e-34
4.125 1.999999999999999 4.42 1.9999969431236937 4.419999999997893 4.0714940949284585e-32
4.375 1.999999999999999 4.42 1.9999969431236613 4.419999999997847 2.798298194819873e-30
4.625 1.999999999999999 4.42 1.9999969431236373 4.419999999997786 1.5853487713817023e-28
4.875 1.999999999999999 4.42 1.999996943123622 4.419999999997714 7.44089836681967e-27
5.125 1.999999999999999 4.42 1.9999969431236129 4.419999999997632 2.8831502816409013e-25
5.375 1.999999999999999 4.42 1.9999969431236084 4.419999999997543 9.092577194644609e-24
5.625 1.999999999999999 4.42 1.9999969431236062 4.419999999997453 2.252142269674823e-22
5.875 1.999999999999999 4.42 1.9999969431236047 4.4199999999973665 3.954656992153136e-21
6.125 1.999999999999999 4.42 1.9999969431236027 4.419999999997286 2.789761923259548e-20
6.375 1.999999999999999 4.42 1.999996943123598 4.419999999997216 -1.0909101867037715e-18
6.625 1.999999999999999 4.42 1.9999969431235924 4.419999999997154 -5.5213930824722155e-17
6.875 1.9999999999999991 4.42 1.9999969431235838 4.419999999997097 -1.5081395283077498e-15
7.125 1.9999999999999607 4.42 1.9999969431235387 4.419999999997044 -3.0406459207729985e-14
7.375 1.9999999999993494 4.42 1.9999969431229232 4.419999999996996 -4.87731075149774e-13
7.625 1.9999999999914786 4.42 1.9999969431150455 4.419999999996951 -6.400550420574792e-12
7.875 1.999999999907516 4.42 1.9999969430310771 4.419999999996908 -6.946621751012237e-11
8.125 1.9999999991688338 4.42 1.9999969422923887 4.419999999996868 -6.243021272063907e-10
8.375 1.9999999938610729 4.42 1.9999969369846153 4.4199999999968265 -4.611047172371882e-09
8.625 1.9999999635209753 4.42 1.999996906644467 4.419999999996789 -2.7399979986059073e-08
8.875 1.9999998348336523 4.42 1.9999967779569499 4.4199999999967545 -1.240590773561188e-07
9.125 1.999999527027414 4.42 1.9999964701502435 4.419999999996724 -3.552572240524588e-07
9.375 2.0000001723043885 4.42 1.9999971154282328 4.419999999996696 1.2942058380315937e-07
9.625 2.000012261184625 4.42 2.000009204330193 4.419999999996673 9.209599773068e-06
9.875 2.000090916798193 4.42 2.000087860146662 4.419999999996655 6.829060285179713e-05
10.125 2.000445635126551 4.42 2.0004425800527734 4.419999999996637 0.00033476072351890226
10.375 2.001682083101676 4.42 2.0016790366585058 4.4199999999966195 0.0012639670514472895
10.625 2.00512598540328 4.42 2.0051229617082624 4.419999999996607 0.003855097550723615
10.875 2.012845112568688 4.42 2.0128420709246813 4.419999999996596 0.009678706501005496
11.125 2.026624222670182 4.42 2.0266209763999203 4.41999999999659 0.02012788497491368
11.375 2.0455505747316267 4.42 2.0455472910745365 4.4199999999965955 0.03458962805843038
11.625 2.0636233536458644 4.42 2.0636210029857285 4.419999999996605 0.0485132950314933
11.875 2.0704590708615243 4.42 2.0704565332533704 4.419999999996617 0.053807929155783495
12.125 2.0568096161460683 4.42 2.056803323313062 4.419999999996631 0.0432510018706274
12.375 2.022090566290612 4.42 2.022084216278235 4.419999999996646 0.01668234441309194
12.625 1.9776640676065038 4.42 1.9776668372281871 4.419999999996666 -0.01668234441309194
12.875 1.941533818670759 4.42 1.9415374681221391 4.419999999996692 -0.0432510018706274
13.125 1.9269696433315944 4.42 1.9269590675995159 4.419999999996719 -0.053807929155783495
13.375 1.934289648496716 4.42 1.9342852065821787 4.419999999996743 -0.0485132950314933
13.625 1.9533918901662037 4.42 1.9534036356542117 4.419999999996758 -0.03458962805843038
13.875 1.9730184644515014 4.42 1.9730203565139153 4.4199999999967545 -0.02012788497491368
14.125 1.9870723380192024 4.42 1.987067401227822 4.419999999996731 -0.009678706501005496
14.375 1.9948609210956887 4.42 1.9948613764698613 4.41999999999668 -0.003855097550723615
14.625 1.9983165094233506 4.42 1.998318013854437 4.419999999996604 -0.0012639670514472895
14.875 1.9995542661463435 4.42 1.9995542377501025 4.419999999996502 -0.00033476072351890226
15.125 1.9999090790932463 4.42 1.999908767716719 4.419999999996373 -6.829060285179713e-05
15.375 1.9999877387406584 4.42 1.9999876668036802 4.419999999996221 -9.209599773068e-06
15.625 1.9999998276955975 4.42 1.9999998464345567 4.419999999996049 -1.2942058380315937e-07
15.875 2.00000047297247 4.42 2.0000004846411876 4.419999999995867 3.552572240524588e-07
16.125 2.0000001651663326 4.42 2.0000001675631047 4.419999999995683 1.240590773561188e-07
16.375 2.000000036479027 4.42 2.000000036744125 4.419999999995509 2.7399979986059073e-08
16.625 2.0000000061389285 4.42 2.0000000061554775 4.419999999995345 4.611047172371882e-09
16.875 2.000000000831167 4.42 2.0000000008317347 4.419999999995203 6.243021272063907e-10
17.125 2.0000000000924842 4.42 2.00000000009262 4.419999999995087 6.946621751012237e-11
17.375 2.000000000008522 4.42 2.0000000000086944 4.419999999995007 6.400550420574792e-12
17.625 2.0000000000006493 4.42 2.0000000000008438 4.41999999999496 4.87731075149774e-13
17.875 2.0000000000000426 4.42 2.000000000000241 4.419999999994947 3.0406459207729985e-14
18.125 2.000000000000004 4.42 2.0000000000001945 4.419999999994966 1.5081395283077498e-15
18.375 1.999999999999999 4.42 2.0000000000001723 4.41999999999501 5.5213930824722155e-17
18.625 1.999999999999999 4.42 2.000000000000143 4.419999999995077 1.0909101867037715e-18
18.875 1.999999999999999 4.42 2.0000000000001084 4.419999999995152 -2.789761923259548e-20
19.125 1.999999999999999 4.42 2.000000000000073 4.419999999995233 -3.954656992153136e-21
19.375 1.999999999999999 4.42 2.0000000000000373 4.419999999995314 -2.252142269674823e-22
19.625 1.999999999999999 4.42 2.0000000000000018 4.419999999995395 -9.092577194644609e-24
19.875 1.999999999999999 4.42 1.999999999999972 4.419999999995463 -2.8831502816409013e-25
20.125 1.999999999999999 4.42 1.9999999999999498 4.419999999995516 -7.44089836681967e-27
20.375 1.999999999999999 4.42 1.999999999999937 4.41999999999555 -1.5853487713817023e-28
20.625 1.999999999999999 4.42 1.9999999999999327 4.4199999999955635 -2.798298194819873e-30
20.875 1.999999999999999 4.42 1.9999999999999354 4.419999999995561 -4.0714940949284585e-32
21.125 1.999999999999999 4.42 1.9999999999999427 4.419999999995547 -4.802503147034089e-34
21.375 1.999999999999999 4.42 1.999999999999953 4.419999999995525 -4.404258009248603e-36
21.625 1.999999999999999 4.42 1.9999999999999647 4.419999999995501 -2.7652750956800404e-38
21.875 1.999999999999999 4.42 1.9999999999999774 4.4199999999954755 -4.567817789604015e-41
22.125 1.999999999999999 4.42 1.9999999999999893 4.419999999995447 1.5796414191572262e-42
22.375 1.999999999999999 4.42 1.9999999999999982 4.419999999995425 2.638888646042497e-44
22.625 1.999999999999999 4.42 2.0000000000000036 4.4199999999954125 2.632942317395744e-46
22.875 1.999999999999999 4.42 2.0000000000000053 4.4199999999954045 1.976589158084722e-48
23.125 1.999999999999999 4.42 2.0000000000000067 4.4199999999954 1.1883943908134718e-50
23.375 1.999999999999999 4.42 2.000000000000007 4.419999999995399 5.861267598663116e-53
23.625 1.999999999999999 4.42 2.000000000000006 4.419999999995403 2.3927033740792414e-55
23.875 1.999999999999999 4.42 2.0000000000000053 4.4199999999954045 8.083295968589929e-58
24.125 1.999999999999999 4.42 2.0000000000000044 4.419999999995406 2.2389513277987053e-60
24.375 1.999999999999999 4.42 2.0000000000000027 4.41999999999541 4.960217038783217e-63
24.625 1.999999999999999 4.42 2.000000000000001 4.419999999995408 8.237583357394523e-66
24.875 1.999999999999999 4.42 2.000000000000001 4.419999999995403 8.023378137447364e-69
