0.5 1.999999999999999 4.42 2.000830864088701 4.419999999993159 -2.1109980944259782e-64
1.5 1.999999999999999 4.42 2.0008308640856685 4.419999999999387 -3.833786490499683e-54
2.5 1.999999999999999 4.42 2.000830864084841 4.4200000000003685 -2.7506291988257142e-45
3.5 1.999999999999999 4.42 2.0008308640783916 4.420000000013659 3.7190631002266737e-37
4.5 1.999999999999999 4.42 2.0008308640704073 4.420000000030378 2.1566080528120858e-29
5.5 1.999999999999999 4.42 2.0008308640585373 4.420000000055962 4.6815685166807494e-23
6.5 1.999999999999999 4.42 2.0008308640449175 4.420000000085885 -8.808736703694343e-18
7.5 1.9999999999975895 4.42 2.000830864027593 4.420000000119348 -1.8100340773142959e-12
8.5 1.9999999845890888 4.42 2.0008308486108577 4.420000000152989 -1.157538197381337e-08
9.5 2.0000031513409966 4.42 2.000834014043885 4.420000000184448 2.3670244376693356e-06
10.5 2.003011350317759 4.42 2.003841298997336 4.420000000211491 0.002263562657804649
11.5 2.0552822801890636 4.42 2.056157075738673 4.4200000002323545 0.04207354924039483
12.5 1.999999999999999 4.42 2.001590003166095 4.420000000246649 -0.0
13.5 1.9431505605950266 4.42 1.9432275348704853 4.4200000002548325 -0.04207354924039483
14.5 1.996984135714658 4.42 1.9969993768557752 4.420000000256167 -0.002263562657804649
15.5 1.9999968486540638 4.42 1.9999377055846908 4.420000000252895 -2.3670244376693356e-06
16.5 2.0000000154109117 4.42 2.000013349507189 4.420000000245684 1.157538197381337e-08
17.5 2.0000000000024087 4.42 2.00001442080783 4.420000000235758 1.8100340773142959e-12
18.5 1.999999999999999 4.42 1.9999663968070418 4.42000000022396 8.808736703694343e-18
19.5 1.999999999999999 4.42 2.000009976702357 4.4200000002113216 -4.6815685166807494e-23
20.5 1.999999999999999 4.42 2.000000031428592 4.420000000198463 -2.1566080528120858e-29
21.5 1.999999999999999 4.42 1.9999999999373665 4.420000000186031 -3.7190631002266737e-37
22.5 1.999999999999999 4.42 1.9999999999520608 4.420000000175212 2.7506291988257142e-45
23.5 1.999999999999999 4.42 1.9999999999695435 4.4200000001660396 3.833786490499683e-54
24.5 1.999999999999999 4.42 1.999999999986424 4.4200000001624495 2.1109980944259782e-64

