0.0625 1.999999999999999 4.42 1.9999999884510138 4.420000000000004 -1.1497184111213586e-69
0.1875 1.999999999999999 4.42 1.9999999884510156 4.419999999999998 -4.956512554488603e-68
0.3125 1.999999999999999 4.42 1.9999999884510156 4.419999999999996 -1.5606895560755955e-66
0.4375 1.999999999999999 4.42 1.9999999884510156 4.419999999999994 -4.221871484767452e-65
0.5625 1.999999999999999 4.42 1.9999999884510156 4.419999999999991 -1.0331249664820779e-63
0.6875 1.999999999999999 4.42 1.9999999884510156 4.419999999999989 -2.340279915629186e-62
0.8125 1.999999999999999 4.42 1.9999999884510156 4.4199999999999875 -4.9677240512015786e-61
0.9375 1.999999999999999 4.42 1.9999999884510156 4.419999999999986 -9.952641974695324e-60
1.0625 1.999999999999999 4.42 1.9999999884510156 4.419999999999982 -1.8904090561110707e-58
1.1875 1.999999999999999 4.42 1.9999999884510156 4.41999999999998 -3.4139735638802406e-57
1.3125 1.999999999999999 4.42 1.9999999884510156 4.419999999999979 -5.872877688638674e-56
1.4375 1.999999999999999 4.42 1.9999999884510156 4.419999999999977 -9.634018146557815e-55
1.5625 1.999999999999999 4.42 1.9999999884510156 4.419999999999975 -1.5078490196182649e-53
1.6875 1.999999999999999 4.42 1.9999999884510156 4.419999999999972 -2.2516961084400117e-52
1.8125 1.999999999999999 4.42 1.9999999884510156 4.41999999999997 -3.206647879385634e-51
1.9375 1.999999999999999 4.42 1.9999999884510156 4.419999999999966 -4.350333912421186e-50
2.0625 1.999999999999999 4.42 1.9999999884510156 4.419999999999964 -5.612421917410396e-49
2.1875 1.999999999999999 4.42 1.9999999884510156 4.419999999999962 -6.866290082952759e-48
2.3125 1.999999999999999 4.42 1.9999999884510156 4.419999999999959 -7.931474614496866e-47
2.4375 1.999999999999999 4.42 1.9999999884510156 4.419999999999957 -8.590853396874958e-46
2.5625 1.999999999999999 4.42 1.9999999884510142 4.419999999999959 -8.623273722320799e-45
2.6875 1.999999999999999 4.42 1.9999999884510131 4.419999999999959 -7.847597927876126e-44
2.8125 1.999999999999999 4.42 1.9999999884510131 4.419999999999957 -6.16927538059152e-43
2.9375 1.999999999999999 4.42 1.9999999884510133 4.419999999999954 -3.6173956053941074e-42
3.0625 1.999999999999999 4.42 1.9999999884510138 4.41999999999995 -3.603800524878784e-42
3.1875 1.999999999999999 4.42 1.999999988451014 4.419999999999947 3.3073113098458767e-40
3.3125 1.999999999999999 4.42 1.9999999884510138 4.419999999999945 7.007674905386313e-39
3.4375 1.999999999999999 4.42 1.9999999884510131 4.419999999999945 1.0342698109135129e-37
3.5625 1.999999999999999 4.42 1.9999999884510125 4.419999999999945 1.2964282047082334e-36
3.6875 1.999999999999999 4.42 1.9999999884510116 4.419999999999945 1.4633673851942304e-35
3.8125 1.999999999999999 4.42 1.9999999884510111 4.419999999999945 1.5256449707696942e-34
3.9375 1.999999999999999 4.42 1.9999999884510105 4.419999999999945 1.4886155797128192e-33
4.0625 1.999999999999999 4.42 1.9999999884510102 4.419999999999943 1.3698442674456298e-32
4.1875 1.999999999999999 4.42 1.9999999884510102 4.4199999999999395 1.1944977329459876e-31
4.3125 1.999999999999999 4.42 1.9999999884510102 4.419999999999936 9.90034257306422e-31
4.4375 1.999999999999999 4.42 1.9999999884510098 4.419999999999936 7.814765201370724e-30
4.5625 1.999999999999999 4.42 1.999999988451009 4.419999999999936 5.881650691709571e-29
4.6875 1.999999999999999 4.42 1.9999999884510085 4.419999999999934 4.223370350087268e-28
4.8125 1.999999999999999 4.42 1.9999999884510085 4.419999999999932 2.893556671295461e-27
4.9375 1.999999999999999 4.42 1.9999999884510078 4.419999999999932 1.890757597486316e-26
5.0625 1.999999999999999 4.42 1.9999999884510071 4.419999999999932 1.177190424551076e-25
5.1875 1.999999999999999 4.42 1.9999999884510065 4.419999999999932 6.971695163562433e-25
5.3125 1.999999999999999 4.42 1.9999999884510058 4.419999999999932 3.91712255151615e-24
5.4375 1.999999999999999 4.42 1.9999999884510051 4.419999999999932 2.0794935839713404e-23
5.5625 1.999999999999999 4.42 1.999999988451005 4.41999999999993 1.0363087742791856e-22
5.6875 1.999999999999999 4.42 1.999999988451005 4.419999999999927 4.795469821729646e-22
5.8125 1.999999999999999 4.42 1.999999988451005 4.4199999999999235 2.0196850576742936e-21
5.9375 1.999999999999999 4.42 1.999999988451005 4.41999999999992 7.416412590413098e-21
6.0625 1.999999999999999 4.42 1.999999988451005 4.419999999999916 2.0997746765631944e-20
6.1875 1.999999999999999 4.42 1.999999988451005 4.419999999999915 1.970926387775956e-20
6.3125 1.999999999999999 4.42 1.999999988451005 4.419999999999913 -3.06488886306849e-19
6.4375 1.999999999999999 4.42 1.999999988451005 4.419999999999911 -3.2470451229757577e-18
6.5625 1.999999999999999 4.42 1.999999988451005 4.4199999999999084 -2.2526004271834337e-17
6.6875 1.999999999999999 4.42 1.9999999884510045 4.419999999999908 -1.3095803341512223e-16
6.8125 1.9999999999999996 4.42 1.9999999884510031 4.419999999999906 -6.821465540280686e-16
6.9375 1.9999999999999973 4.42 1.9999999884509996 4.419999999999903 -3.273862560930351e-15
7.0625 1.9999999999999818 4.42 1.9999999884509851 4.4199999999999005 -1.4685412509578057e-14
7.1875 1.9999999999999203 4.42 1.9999999884509212 4.4199999999999005 -6.207521160722045e-14
7.3125 1.9999999999996687 4.42 1.999999988450672 4.4199999999999005 -2.4851468597291215e-13
7.4375 1.9999999999987421 4.42 1.9999999884497441 4.419999999999898 -9.453492026144965e-13
7.5625 1.9999999999954385 4.42 1.9999999884464432 4.419999999999898 -3.424064082240977e-12
7.6875 1.999999999984258 4.42 1.9999999884352597 4.419999999999898 -1.182378394443425e-11
7.8125 1.9999999999481437 4.42 1.999999988399142 4.419999999999899 -3.895171607363096e-11
7.9375 1.99999999983699 4.42 1.9999999882879922 4.419999999999895 -1.224382624174479e-10
8.0625 1.9999999995112714 4.42 1.9999999879622705 4.419999999999893 -3.6709291014105447e-10
8.1875 1.9999999986036103 4.42 1.99999998705461 4.419999999999892 -1.04885094347367e-09
8.3125 1.9999999962038573 4.42 1.9999999846548562 4.419999999999892 -2.8513434431676317e-09
8.4375 1.9999999902051566 4.42 1.9999999786561546 4.419999999999892 -7.357063536790531e-09
8.5625 1.9999999761054958 4.42 1.999999964556494 4.419999999999892 -1.794754306433284e-08
8.6875 1.999999945223022 4.42 1.9999999336740195 4.419999999999892 -4.114386207184302e-08
8.8125 1.9999998831846573 4.42 1.9999998716356504 4.41999999999989 -8.774186992060323e-08
8.9375 1.9999997724712757 4.42 1.9999997609222677 4.419999999999887 -1.7090045283630125e-07
9.0625 1.9999996104557907 4.42 1.999999598906784 4.4199999999998845 -2.9259285286963165e-07
9.1875 1.999999471751946 4.42 1.9999994602029356 4.419999999999886 -3.9677550466495557e-07
9.3125 1.9999996787912597 4.42 1.9999996672422515 4.419999999999886 -2.4126500111955035e-07
9.4375 2.0000012079066614 4.42 2.000001196357683 4.419999999999886 9.072782688430747e-07
9.5625 2.000006559618451 4.42 2.0000065480696074 4.4199999999998845 4.927042275346514e-06
9.6875 2.0000214619160035 4.42 2.000021450367722 4.419999999999883 1.6120474057228993e-05
9.8125 2.00005793042835 4.42 2.0000579188820895 4.419999999999881 4.351309689093828e-05
9.9375 2.000139311165477 4.42 2.000139299625404 4.419999999999879 0.00010464246498845123
10.0625 2.0003078494981317 4.42 2.0003078379740336 4.419999999999879 0.00023124836428342147
10.1875 2.000634872709047 4.42 2.000634861218569 4.419999999999877 0.0004769382424958915
10.3125 2.001232638234226 4.42 2.0012326267965523 4.419999999999876 0.0009261376581602602
10.4375 2.0022651784683143 4.42 2.0022651670735865 4.4199999999998765 0.0017023680759536896
10.5625 2.0039532323866647 4.42 2.003953220929076 4.419999999999876 0.0029722455289856228
10.6875 2.0065662266235216 4.42 2.0065662148299923 4.419999999999874 0.004940010699781705
10.8125 2.0103934387743125 4.42 2.0103934262555025 4.419999999999872 0.0078267031465639
10.9375 2.0156884777407384 4.42 2.0156884643472033 4.419999999999872 0.011829333546431228
11.0625 2.022587279470577 4.42 2.0225872659272026 4.41999999999987 0.017059485212843672
11.1875 2.0310098240473846 4.42 2.0310098122542897 4.41999999999987 0.023467831089443454
11.3125 2.0405673542770306 4.42 2.0405673462583516 4.4199999999998685 0.03076987894119322
11.4375 2.0505054898272834 4.42 2.0505054852114535 4.4199999999998685 0.03839608071209057
11.5625 2.0597143010943735 4.42 2.0597142952353833 4.419999999999867 0.04549242572358476
11.6875 2.0668262875369616 4.42 2.066826273362718 4.419999999999866 0.05099223738725463
11.8125 2.0704033661712313 4.42 2.070403340007524 4.419999999999867 0.053764721194172214
11.9375 2.0691892203471545 4.42 2.069189187407189 4.419999999999863 0.05282320629055684
12.0625 2.0623805771158703 4.42 2.062380551372584 4.4199999999998525 0.047552344591757154
12.1875 2.049857167523234 4.42 2.04985716465446 4.419999999999846 0.03789755473400547
12.3125 2.032310424945912 4.42 2.032310451760437 4.419999999999838 0.024459631507370596
12.4375 2.0112268322258737 4.42 2.0112268781221276 4.419999999999833 0.008456005565417002
12.5625 1.988710161567929 4.42 1.9887101982688966 4.419999999999829 -0.008456005565417002
12.6875 1.9671616359204647 4.42 1.9671616315312295 4.419999999999826 -0.024459631507370596
12.8125 1.948872509217323 4.42 1.9488724557837585 4.4199999999998205 -0.03789755473400547
12.9375 1.9356148007927976 4.42 1.9356147353820186 4.419999999999817 -0.047552344591757154
13.0625 1.9283334730755164 4.42 1.9283334582375864 4.419999999999815 -0.05282320629055684
13.1875 1.9270295092531873 4.42 1.9270295715185166 4.419999999999808 -0.053764721194172214
13.3125 1.9308663934407 4.42 1.9308664870268628 4.419999999999803 -0.05099223738725463
13.4375 1.9384519711441581 4.42 1.938452024809283 4.419999999999801 -0.04549242572358476
13.5625 1.9481904082995263 4.42 1.9481903994557235 4.419999999999796 -0.03839608071209057
13.6875 1.9585963608866281 4.42 1.9585963231345604 4.419999999999791 -0.03076987894119322
13.8125 1.9685042468515652 4.42 1.9685042203117322 4.4199999999997885 -0.023467831089443454
13.9375 1.9771561259444326 4.42 1.977156123114162 4.419999999999783 -0.017059485212843672
14.0625 1.9841881960843155 4.42 1.9841882071466226 4.41999999999978 -0.011829333546431228
14.1875 1.989552585526936 4.42 1.9895525972353765 4.419999999999776 -0.0078267031465639
14.3125 1.993412272694453 4.42 1.9934122786591835 4.419999999999774 -0.004940010699781705
14.4375 1.9960389846103403 4.42 1.9960389851205125 4.4199999999997726 -0.0029722455289856228
14.5625 1.9977322683738423 4.42 1.9977322663322759 4.419999999999771 -0.0017023680759536896
14.6875 1.9987666061180525 4.42 1.99876660394603 4.419999999999767 -0.0009261376581602602
14.8125 1.9993649268936677 4.42 1.9993649255877002 4.419999999999765 -0.0004769382424958915
14.9375 1.9996921033906172 4.42 1.9996921029203185 4.419999999999759 -0.00023124836428342147
15.0625 1.9998606791877211 4.42 1.9998606791734832 4.419999999999751 -0.00010464246498845123
15.1875 1.999942067903607 4.42 1.9999420680288105 4.419999999999746 -4.351309689093828e-05
15.3125 1.9999785378550596 4.42 1.9999785379687234 4.419999999999744 -1.6120474057228993e-05
15.4375 1.9999934403601607 4.42 1.9999934404269388 4.419999999999745 -4.927042275346514e-06
15.5625 1.9999987920926137 4.42 1.999998792123224 4.419999999999742 -9.072782688430747e-07
15.6875 2.0000003212086956 4.42 2.000000321220255 4.419999999999741 2.4126500111955035e-07
15.8125 2.000000528247918 4.42 2.000000528251573 4.4199999999997335 3.9677550466495557e-07
15.9375 2.0000003895441343 4.42 2.0000003895450833 4.419999999999726 2.9259285286963165e-07
16.0625 2.000000227528699 4.42 2.0000002275288757 4.419999999999719 1.7090045283630125e-07
16.1875 2.0000001168153405 4.42 2.000000116815329 4.419999999999714 8.774186992060323e-08
16.3125 2.0000000547769736 4.42 2.0000000547769323 4.419999999999706 4.114386207184302e-08
16.4375 2.0000000238945015 4.42 2.000000023894456 4.419999999999698 1.794754306433284e-08
16.5625 2.000000009794845 4.42 2.000000009794798 4.419999999999691 7.357063536790531e-09
16.6875 2.000000003796141 4.42 2.0000000037960985 4.419999999999684 2.8513434431676317e-09
16.8125 2.00000000139639 4.42 2.000000001396347 4.419999999999677 1.04885094347367e-09
16.9375 2.0000000004887317 4.42 2.000000000488688 4.41999999999967 3.6709291014105447e-10
17.0625 2.0000000001630087 4.42 2.000000000162969 4.419999999999662 1.224382624174479e-10
17.1875 2.0000000000518594 4.42 2.0000000000518208 4.419999999999657 3.895171607363096e-11
17.3125 2.0000000000157447 4.42 2.0000000000157048 4.419999999999653 1.182378394443425e-11
17.4375 2.000000000004559 4.42 2.0000000000045226 4.419999999999646 3.424064082240977e-12
17.5625 2.0000000000012577 4.42 2.000000000001225 4.419999999999639 9.453492026144965e-13
17.6875 2.000000000000333 4.42 2.0000000000002993 4.419999999999631 2.4851468597291215e-13
17.8125 2.0000000000000835 4.42 2.0000000000000515 4.419999999999627 6.207521160722045e-14
17.9375 2.0000000000000204 4.42 1.9999999999999907 4.41999999999962 1.4685412509578057e-14
18.0625 2.0000000000000058 4.42 1.9999999999999765 4.419999999999616 3.273862560930351e-15
18.1875 2.0000000000000018 4.42 1.9999999999999734 4.419999999999613 6.821465540280686e-16
18.3125 1.999999999999999 4.42 1.9999999999999722 4.419999999999611 1.3095803341512223e-16
18.4375 1.999999999999999 4.42 1.9999999999999722 4.419999999999609 2.2526004271834337e-17
18.5625 1.999999999999999 4.42 1.999999999999973 4.419999999999606 3.2470451229757577e-18
18.6875 1.999999999999999 4.42 1.999999999999973 4.419999999999604 3.06488886306849e-19
18.8125 1.999999999999999 4.42 1.9999999999999742 4.4199999999996 -1.970926387775956e-20
18.9375 1.999999999999999 4.42 1.9999999999999747 4.419999999999597 -2.0997746765631944e-20
19.0625 1.999999999999999 4.42 1.9999999999999747 4.419999999999595 -7.416412590413098e-21
19.1875 1.999999999999999 4.42 1.9999999999999747 4.419999999999591 -2.0196850576742936e-21
19.3125 1.999999999999999 4.42 1.9999999999999747 4.419999999999589 -4.795469821729646e-22
19.4375 1.999999999999999 4.42 1.9999999999999758 4.419999999999584 -1.0363087742791856e-22
19.5625 1.999999999999999 4.42 1.999999999999976 4.4199999999995825 -2.0794935839713404e-23
19.6875 1.999999999999999 4.42 1.999999999999976 4.419999999999579 -3.91712255151615e-24
19.8125 1.999999999999999 4.42 1.9999999999999762 4.419999999999577 -6.971695163562433e-25
19.9375 1.999999999999999 4.42 1.9999999999999758 4.419999999999575 -1.177190424551076e-25
20.0625 1.999999999999999 4.42 1.9999999999999774 4.419999999999572 -1.890757597486316e-26
20.1875 1.999999999999999 4.42 1.9999999999999782 4.419999999999567 -2.893556671295461e-27
20.3125 1.999999999999999 4.42 1.9999999999999787 4.419999999999565 -4.223370350087268e-28
20.4375 1.999999999999999 4.42 1.9999999999999787 4.419999999999563 -5.881650691709571e-29
20.5625 1.999999999999999 4.42 1.9999999999999787 4.419999999999561 -7.814765201370724e-30
20.6875 1.999999999999999 4.42 1.9999999999999776 4.419999999999561 -9.90034257306422e-31
20.8125 1.999999999999999 4.42 1.9999999999999776 4.419999999999558 -1.1944977329459876e-31
20.9375 1.999999999999999 4.42 1.9999999999999782 4.419999999999554 -1.3698442674456298e-32
21.0625 1.999999999999999 4.42 1.9999999999999787 4.4199999999995505 -1.4886155797128192e-33
21.1875 1.999999999999999 4.42 1.9999999999999802 4.419999999999547 -1.5256449707696942e-34
21.3125 1.999999999999999 4.42 1.99999999999998 4.419999999999546 -1.4633673851942304e-35
21.4375 1.999999999999999 4.42 1.9999999999999802 4.419999999999545 -1.2964282047082334e-36
21.5625 1.999999999999999 4.42 1.9999999999999813 4.419999999999542 -1.0342698109135129e-37
21.6875 1.999999999999999 4.42 1.9999999999999822 4.419999999999538 -7.007674905386313e-39
21.8125 1.999999999999999 4.42 1.9999999999999827 4.419999999999537 -3.3073113098458767e-40
21.9375 1.999999999999999 4.42 1.9999999999999822 4.419999999999537 3.603800524878784e-42
22.0625 1.999999999999999 4.42 1.999999999999983 4.419999999999535 3.6173956053941074e-42
22.1875 1.999999999999999 4.42 1.9999999999999836 4.419999999999533 6.16927538059152e-43
22.3125 1.999999999999999 4.42 1.999999999999985 4.419999999999529 7.847597927876126e-44
22.4375 1.999999999999999 4.42 1.9999999999999856 4.4199999999995265 8.623273722320799e-45
22.5625 1.999999999999999 4.42 1.9999999999999867 4.419999999999522 8.590853396874958e-46
22.6875 1.999999999999999 4.42 1.999999999999988 4.4199999999995185 7.931474614496866e-47
22.8125 1.999999999999999 4.42 1.9999999999999893 4.419999999999515 6.866290082952759e-48
22.9375 1.999999999999999 4.42 1.9999999999999893 4.419999999999514 5.612421917410396e-49
23.0625 1.999999999999999 4.42 1.9999999999999896 4.419999999999513 4.350333912421186e-50
23.1875 1.999999999999999 4.42 1.9999999999999907 4.419999999999511 3.206647879385634e-51
23.3125 1.999999999999999 4.42 1.9999999999999918 4.419999999999509 2.2516961084400117e-52
23.4375 1.999999999999999 4.42 1.9999999999999922 4.419999999999506 1.5078490196182649e-53
23.5625 1.999999999999999 4.42 1.999999999999993 4.419999999999504 9.634018146557815e-55
23.6875 1.999999999999999 4.42 1.9999999999999936 4.419999999999501 5.872877688638674e-56
23.8125 1.999999999999999 4.42 1.9999999999999942 4.419999999999499 3.4139735638802406e-57
23.9375 1.999999999999999 4.42 1.9999999999999947 4.419999999999498 1.8904090561110707e-58
24.0625 1.999999999999999 4.42 1.999999999999995 4.419999999999495 9.952641974695324e-60
24.1875 1.999999999999999 4.42 1.999999999999995 4.419999999999495 4.9677240512015786e-61
24.3125 1.999999999999999 4.42 1.999999999999995 4.419999999999495 2.340279915629186e-62
24.4375 1.999999999999999 4.42 1.9999999999999956 4.419999999999494 1.0331249664820779e-63
24.5625 1.999999999999999 4.42 1.9999999999999964 4.41999999999949 4.221871484767452e-65
24.6875 1.999999999999999 4.42 1.9999999999999976 4.419999999999487 1.5606895560755955e-66
24.8125 1.999999999999999 4.42 1.9999999999999982 4.419999999999485 4.956512554488603e-68
24.9375 1.999999999999999 4.42 1.999999999999999 4.419999999999482 1.1497184111213586e-69

