0.03125 1.999999999999999 4.42 1.9999999999886326 4.4200000000000035 -4.003793457677204e-70
0.09375 1.999999999999999 4.42 1.9999999999886344 4.419999999999996 -3.10028924768748e-69
0.15625 1.999999999999999 4.42 1.9999999999886333 4.419999999999996 -2.0164329257222074e-68
0.21875 1.999999999999999 4.42 1.9999999999886326 4.419999999999998 -1.1971437942926539e-67
0.28125 1.999999999999999 4.42 1.999999999988632 4.419999999999996 -6.704319663991951e-67
0.34375 1.999999999999999 4.42 1.999999999988632 4.419999999999996 -3.6001438242163e-66
0.40625 1.999999999999999 4.42 1.9999999999886318 4.419999999999994 -1.8711212490761638e-65
0.46875 1.999999999999999 4.42 1.9999999999886313 4.419999999999991 -9.467542854033363e-65
0.53125 1.999999999999999 4.42 1.999999999988632 4.4199999999999875 -4.681823820360618e-64
0.59375 1.999999999999999 4.42 1.9999999999886322 4.419999999999986 -2.2689000963112057e-63
0.65625 1.999999999999999 4.42 1.9999999999886322 4.419999999999983 -1.0796763064909657e-62
0.71875 1.999999999999999 4.42 1.999999999988632 4.41999999999998 -5.052285490132954e-62
0.78125 1.999999999999999 4.42 1.999999999988632 4.419999999999979 -2.3274779481577778e-61
0.84375 1.999999999999999 4.42 1.9999999999886326 4.419999999999975 -1.0564902049433007e-60
0.90625 1.999999999999999 4.42 1.9999999999886326 4.4199999999999715 -4.7285315304742537e-60
0.96875 1.999999999999999 4.42 1.9999999999886326 4.41999999999997 -2.0878823025968615e-59
1.03125 1.999999999999999 4.42 1.999999999988632 4.41999999999997 -9.099039886941364e-59
1.09375 1.999999999999999 4.42 1.9999999999886326 4.419999999999967 -3.9151515696813544e-58
1.15625 1.999999999999999 4.42 1.999999999988634 4.4199999999999635 -1.6637515850317588e-57
1.21875 1.999999999999999 4.42 1.999999999988634 4.419999999999963 -6.98415315449243e-57
1.28125 1.999999999999999 4.42 1.9999999999886333 4.419999999999964 -2.896688398352563e-56
1.34375 1.999999999999999 4.42 1.9999999999886326 4.419999999999964 -1.1871666588356863e-55
1.40625 1.999999999999999 4.42 1.9999999999886326 4.4199999999999635 -4.808243216412138e-55
1.46875 1.999999999999999 4.42 1.9999999999886333 4.419999999999962 -1.9246606613016414e-54
1.53125 1.999999999999999 4.42 1.9999999999886326 4.419999999999963 -7.614287154550369e-54
1.59375 1.999999999999999 4.42 1.9999999999886326 4.4199999999999635 -2.977231559962374e-53
1.65625 1.999999999999999 4.42 1.9999999999886326 4.419999999999963 -1.1505138179815468e-52
1.71875 1.999999999999999 4.42 1.9999999999886333 4.419999999999961 -4.393804720150234e-52
1.78125 1.999999999999999 4.42 1.999999999988632 4.419999999999961 -1.6581299923453183e-51
1.84375 1.999999999999999 4.42 1.999999999988632 4.419999999999962 -6.182563431609285e-51
1.90625 1.999999999999999 4.42 1.9999999999886313 4.419999999999959 -2.277278377096913e-50
1.96875 1.999999999999999 4.42 1.999999999988632 4.419999999999959 -8.284492655247021e-50
2.03125 1.999999999999999 4.42 1.999999999988632 4.419999999999959 -2.9757630384972538e-49
2.09375 1.999999999999999 4.42 1.9999999999886313 4.419999999999957 -1.0550291032482932e-48
2.15625 1.999999999999999 4.42 1.999999999988632 4.419999999999956 -3.6904479413849395e-48
2.21875 1.999999999999999 4.42 1.9999999999886326 4.419999999999954 -1.2729509522619648e-47
2.28125 1.999999999999999 4.42 1.9999999999886326 4.419999999999954 -4.3268626815565847e-47
2.34375 1.999999999999999 4.42 1.999999999988633 4.419999999999953 -1.4480961508257759e-46
2.40625 1.999999999999999 4.42 1.9999999999886333 4.419999999999953 -4.766666883297355e-46
2.46875 1.999999999999999 4.42 1.9999999999886333 4.419999999999953 -1.541032557512438e-45
2.53125 1.999999999999999 4.42 1.9999999999886333 4.419999999999953 -4.88392660333133e-45
2.59375 1.999999999999999 4.42 1.9999999999886333 4.419999999999953 -1.5134271734381545e-44
2.65625 1.999999999999999 4.42 1.999999999988634 4.419999999999952 -4.568647830048834e-44
2.71875 1.999999999999999 4.42 1.999999999988634 4.419999999999952 -1.3361689566318357e-43
2.78125 1.999999999999999 4.42 1.999999999988634 4.419999999999952 -3.7532028244107754e-43
2.84375 1.999999999999999 4.42 1.999999999988634 4.419999999999953 -9.974387744360698e-43
2.90625 1.999999999999999 4.42 1.999999999988634 4.419999999999953 -2.4351720591234945e-42
2.96875 1.999999999999999 4.42 1.9999999999886344 4.419999999999951 -5.085290221773357e-42
3.03125 1.999999999999999 4.42 1.9999999999886355 4.419999999999948 -6.897034062129024e-42
3.09375 1.999999999999999 4.42 1.9999999999886366 4.419999999999943 9.4571499118777e-42
3.15625 1.999999999999999 4.42 1.9999999999886366 4.41999999999994 1.333693151761316e-40
3.21875 1.999999999999999 4.42 1.9999999999886373 4.419999999999938 7.548951878250107e-40
3.28125 1.999999999999999 4.42 1.9999999999886373 4.419999999999938 3.4311887634935694e-39
3.34375 1.999999999999999 4.42 1.9999999999886373 4.419999999999937 1.403178566439546e-38
3.40625 1.999999999999999 4.42 1.999999999988637 4.419999999999938 5.378068716624702e-38
3.46875 1.999999999999999 4.42 1.9999999999886366 4.419999999999938 1.9697195541396117e-37
3.53125 1.999999999999999 4.42 1.999999999988637 4.419999999999936 6.968045095399668e-37
3.59375 1.999999999999999 4.42 1.9999999999886373 4.419999999999936 2.3966218722471593e-36
3.65625 1.999999999999999 4.42 1.9999999999886373 4.419999999999936 8.049000674182709e-36
3.71875 1.999999999999999 4.42 1.9999999999886373 4.419999999999936 2.64747034316652e-35
3.78125 1.999999999999999 4.42 1.9999999999886373 4.419999999999936 8.54664587042569e-35
3.84375 1.999999999999999 4.42 1.999999999988637 4.419999999999936 2.712213722730896e-34
3.90625 1.999999999999999 4.42 1.9999999999886373 4.419999999999936 8.471067439974588e-34
3.96875 1.999999999999999 4.42 1.999999999988637 4.419999999999936 2.6064103442825064e-33
4.03125 1.999999999999999 4.42 1.9999999999886373 4.419999999999935 7.905978888239404e-33
4.09375 1.999999999999999 4.42 1.999999999988638 4.419999999999932 2.3655346031470872e-32
4.15625 1.999999999999999 4.42 1.9999999999886373 4.419999999999932 6.984994830761698e-32
4.21875 1.999999999999999 4.42 1.999999999988637 4.419999999999932 2.0362389514835817e-31
4.28125 1.999999999999999 4.42 1.999999999988638 4.419999999999931 5.862031322215626e-31
4.34375 1.999999999999999 4.42 1.9999999999886386 4.419999999999929 1.666974471735266e-30
4.40625 1.999999999999999 4.42 1.9999999999886386 4.419999999999929 4.683320222460584e-30
4.46875 1.999999999999999 4.42 1.9999999999886393 4.419999999999927 1.3001294525565887e-29
4.53125 1.999999999999999 4.42 1.9999999999886393 4.419999999999927 3.5667630039506357e-29
4.59375 1.999999999999999 4.42 1.9999999999886393 4.419999999999927 9.670497416647311e-29
4.65625 1.999999999999999 4.42 1.99999999998864 4.419999999999925 2.5913628227116674e-28
4.71875 1.999999999999999 4.42 1.9999999999886406 4.419999999999924 6.863046828850996e-28
4.78125 1.999999999999999 4.42 1.9999999999886415 4.419999999999922 1.796412949920961e-27
4.84375 1.999999999999999 4.42 1.9999999999886424 4.419999999999918 4.64700787456371e-27
4.90625 1.999999999999999 4.42 1.9999999999886433 4.419999999999916 1.1879054274809626e-26
4.96875 1.999999999999999 4.42 1.9999999999886426 4.419999999999916 3.0004004484834847e-26
5.03125 1.999999999999999 4.42 1.9999999999886426 4.4199999999999156 7.486792811960278e-26
5.09375 1.999999999999999 4.42 1.9999999999886426 4.4199999999999156 1.8451945242224962e-25
5.15625 1.999999999999999 4.42 1.9999999999886429 4.419999999999914 4.490611845317189e-25
5.21875 1.999999999999999 4.42 1.9999999999886433 4.419999999999911 1.0788108353212093e-24
5.28125 1.999999999999999 4.42 1.9999999999886438 4.419999999999909 2.557329998052712e-24
5.34375 1.999999999999999 4.42 1.9999999999886433 4.419999999999909 5.97877898615881e-24
5.40625 1.999999999999999 4.42 1.9999999999886426 4.419999999999909 1.3776866515677294e-23
5.46875 1.999999999999999 4.42 1.999999999988642 4.41999999999991 3.1264914036512736e-23
5.53125 1.999999999999999 4.42 1.999999999988642 4.41999999999991 6.980618709954213e-23
5.59375 1.999999999999999 4.42 1.9999999999886426 4.4199999999999084 1.5314050791412638e-22
5.65625 1.999999999999999 4.42 1.9999999999886433 4.419999999999906 3.2952537647922248e-22
5.71875 1.999999999999999 4.42 1.9999999999886433 4.419999999999906 6.938397225712931e-22
5.78125 1.999999999999999 4.42 1.9999999999886433 4.419999999999906 1.4247827369012723e-21
5.84375 1.999999999999999 4.42 1.9999999999886438 4.419999999999904 2.839370569031387e-21
5.90625 1.999999999999999 4.42 1.9999999999886446 4.419999999999902 5.44950890910029e-21
5.96875 1.999999999999999 4.42 1.9999999999886446 4.4199999999999005 9.944158298563714e-21
6.03125 1.999999999999999 4.42 1.9999999999886446 4.4199999999999 1.683955802877859e-20
6.09375 1.999999999999999 4.42 1.9999999999886453 4.419999999999898 2.5051785044004933e-20
6.15625 1.999999999999999 4.42 1.9999999999886453 4.419999999999898 2.740528868930065e-20
6.21875 1.999999999999999 4.42 1.9999999999886453 4.419999999999897 -1.9289258172990763e-21
6.28125 1.999999999999999 4.42 1.9999999999886453 4.419999999999895 -1.4017862304362418e-19
6.34375 1.999999999999999 4.42 1.9999999999886453 4.419999999999893 -5.9727403593566045e-19
6.40625 1.999999999999999 4.42 1.9999999999886462 4.41999999999989 -1.9104035673239254e-18
6.46875 1.999999999999999 4.42 1.9999999999886466 4.419999999999888 -5.395897040893431e-18
6.53125 1.999999999999999 4.42 1.9999999999886473 4.419999999999888 -1.4172635144106045e-17
6.59375 1.999999999999999 4.42 1.9999999999886473 4.419999999999888 -3.5429167569282213e-17
6.65625 1.999999999999999 4.42 1.9999999999886466 4.419999999999889 -8.534713940380537e-17
6.71875 1.999999999999999 4.42 1.9999999999886466 4.419999999999888 -1.996000429606432e-16
6.78125 2.0 4.42 1.9999999999886466 4.419999999999888 -4.553629995606369e-16
6.84375 1.9999999999999996 4.42 1.9999999999886464 4.419999999999887 -1.0167180356264946e-15
6.90625 1.9999999999999967 4.42 1.9999999999886446 4.4199999999998845 -2.226894517287864e-15
6.96875 1.9999999999999938 4.42 1.9999999999886406 4.4199999999998845 -4.7928992723670935e-15
7.03125 1.9999999999999856 4.42 1.999999999988634 4.419999999999883 -1.0149798143363878e-14
7.09375 1.999999999999972 4.42 1.9999999999886202 4.419999999999879 -2.1169426434468405e-14
7.15625 1.9999999999999436 4.42 1.9999999999885913 4.4199999999998765 -4.352028380639294e-14
7.21875 1.999999999999885 4.42 1.9999999999885307 4.419999999999879 -8.824162729183831e-14
7.28125 1.9999999999997653 4.42 1.9999999999884135 4.419999999999879 -1.765504987103273e-13
7.34375 1.9999999999995364 4.42 1.9999999999881843 4.419999999999879 -3.4869878558211256e-13
7.40625 1.999999999999097 4.42 1.999999999987744 4.419999999999878 -6.800747887373828e-13
7.46875 1.9999999999982536 4.42 1.9999999999869054 4.419999999999876 -1.3100830926616375e-12
7.53125 1.99999999999668 4.42 1.9999999999853304 4.419999999999874 -2.4932458599455e-12
7.59375 1.9999999999937574 4.42 1.999999999982407 4.419999999999874 -4.688392804143842e-12
7.65625 1.9999999999884026 4.42 1.9999999999770512 4.419999999999871 -8.71217953361179e-12
7.71875 1.9999999999787 4.42 1.9999999999673501 4.419999999999871 -1.5999612188650176e-11
7.78125 1.99999999996134 4.42 1.9999999999499902 4.41999999999987 -2.9039792611471703e-11
7.84375 1.9999999999306444 4.42 1.9999999999192974 4.41999999999987 -5.2093915604236066e-11
7.90625 1.9999999998770366 4.42 1.9999999998656883 4.4199999999998685 -9.236014962645237e-11
7.96875 1.9999999997845412 4.42 1.999999999773195 4.4199999999998685 -1.6183318890323987e-10
8.03125 1.9999999996269242 4.42 1.9999999996155768 4.4199999999998685 -2.8022250166414554e-10
8.09375 1.9999999993616822 4.42 1.9999999993503346 4.4199999999998685 -4.794494381885033e-10
8.15625 1.9999999989210147 4.42 1.999999998909666 4.419999999999869 -8.10442429110603e-10
8.21875 1.9999999981984322 4.42 1.9999999981870857 4.419999999999872 -1.3531848884076558e-09
8.28125 1.999999997029464 4.42 1.9999999970181186 4.419999999999877 -2.2312156971162697e-09
8.34375 1.9999999951645604 4.42 1.9999999951532168 4.4199999999998845 -3.631974219148933e-09
8.40625 1.9999999922323666 4.42 1.9999999922210208 4.419999999999894 -5.834394601838469e-09
8.46875 1.9999999876919707 4.42 1.9999999876806263 4.419999999999904 -9.244758734380355e-09
8.53125 1.9999999807744435 4.42 1.9999999807631008 4.419999999999913 -1.444062428085364e-08
8.59375 1.9999999704173193 4.42 1.9999999704059808 4.4199999999999235 -2.2220023413817202e-08
8.65625 1.9999999552025245 4.42 1.9999999551911842 4.419999999999936 -3.364810060345147e-08
8.71875 1.999999933319938 4.42 1.9999999333085998 4.419999999999947 -5.00844594839887e-08
8.78125 1.9999999025987938 4.42 1.9999999025874549 4.419999999999959 -7.315960195901896e-08
8.84375 1.9999998606806224 4.42 1.9999998606692866 4.419999999999969 -1.046450073705699e-07
8.90625 1.999999805456643 4.42 1.9999998054453094 4.419999999999978 -1.461246173463636e-07
8.96875 1.9999997359654547 4.42 1.9999997359541237 4.419999999999987 -1.9832055356516146e-07
9.03125 1.9999996540530247 4.42 1.9999996540416953 4.419999999999996 -2.598462797269504e-07
9.09375 1.9999995672461064 4.42 1.999999567234779 4.420000000000005 -3.250483311046408e-07
9.15625 1.9999994934944283 4.42 1.999999493483106 4.420000000000014 -3.8044437996817056e-07
9.21875 1.9999994687083373 4.42 1.9999994686970135 4.420000000000024 -3.990616064219827e-07
9.28125 1.9999995583682346 4.42 1.9999995583569141 4.4200000000000355 -3.31716640591852e-07
9.34375 1.9999998749185244 4.42 1.999999874907209 4.420000000000044 -9.39506915416835e-08
9.40625 2.00000060318282 4.42 2.0000006031715087 4.420000000000052 4.530603240697041e-07
9.46875 2.0000020366404723 4.42 2.000002036629164 4.42000000000006 1.529753980297915e-06
9.53125 2.0000046280614923 4.42 2.0000046280501858 4.42000000000007 3.4762149433038535e-06
9.59375 2.000009058661019 4.42 2.000009058649717 4.420000000000079 6.804120370200431e-06
9.65625 2.000016330530938 4.42 2.0000163305196446 4.420000000000087 1.2266172538001058e-05
9.71875 2.00002788752694 4.42 2.0000278875156563 4.420000000000096 2.0946912307718176e-05
9.78125 2.0000457698896685 4.42 2.0000457698784024 4.420000000000105 3.437888657929601e-05
9.84375 2.0000728074773066 4.42 2.000072807466065 4.420000000000113 5.468784914051539e-05
9.90625 2.0001128553710936 4.42 2.000112855359886 4.420000000000119 8.47698499292316e-05
9.96875 2.0001710735538842 4.42 2.000171073542729 4.420000000000122 0.00012850154243721726
10.03125 2.000254249125968 4.42 2.0002542491148896 4.420000000000119 0.0001909826458667602
10.09375 2.000371154918048 4.42 2.0003711549070653 4.420000000000115 0.00027880609774585296
10.15625 2.0005329322708594 4.42 2.000532932259988 4.42000000000011 0.00040034694173355593
10.21875 2.000753478184516 4.42 2.0007534781737535 4.420000000000106 0.0005660554261655719
10.28125 2.001049808192627 4.42 2.0010498081819383 4.420000000000093 0.0007887332867798587
10.34375 2.00144235662283 4.42 2.001442356612114 4.420000000000084 0.001083765068175486
10.40625 2.0019551660922312 4.42 2.0019551660813093 4.420000000000073 0.0014692691192730424
10.46875 2.002615909196887 4.42 2.002615909185463 4.420000000000056 0.0019661263086395773
10.53125 2.0034556787437716 4.42 2.003455678731449 4.42000000000003 0.002597839480069819
10.59375 2.004508480152186 4.42 2.004508480138507 4.419999999999998 0.0033901743036548818
10.65625 2.0058103625633996 4.42 2.0058103625479315 4.419999999999966 0.004370533653136037
10.71875 2.0073981354271564 4.42 2.007398135409629 4.419999999999934 0.005567024104157814
10.78125 2.009307636236342 4.42 2.0093076362168762 4.4199999999999005 0.007007185562588836
10.84375 2.0115715433586794 4.42 2.0115715433379995 4.419999999999863 0.008716373997397405
10.90625 2.0142167652743876 4.42 2.0142167652539626 4.419999999999823 0.01071581282047236
10.96875 2.0172614823958845 4.42 2.0172614823779274 4.419999999999785 0.013020359959317548
11.03125 2.020711967000993 4.42 2.020711966988214 4.4199999999997495 0.01563607359493098
11.09375 2.024559356251523 4.42 2.024559356246556 4.41999999999971 0.01855769747427637
11.15625 2.028776597338898 4.42 2.0287765973434606 4.419999999999665 0.021766223390745052
11.21875 2.03331581659641 4.42 2.0333158166104144 4.4199999999996145 0.02522671991030791
11.28125 2.038106380400888 4.42 2.0381063804216875 4.419999999999561 0.028886638374096246
11.34375 2.043053910524253 4.42 2.043053910546452 4.419999999999512 0.03267481533066286
11.40625 2.048040487888551 4.42 2.048040487904534 4.419999999999474 0.036501381084238345
11.46875 2.0529262263765427 4.42 2.052926226377819 4.419999999999453 0.04025875432072879
11.53125 2.057552324804311 4.42 2.0575523247834724 4.4199999999994555 0.043823851741497465
11.59375 2.0617456148244035 4.42 2.0617456147772266 4.419999999999483 0.04706157029590306
11.65625 2.0653245214388822 4.42 2.0653245213660725 4.41999999999954 0.04982951126378543
11.71875 2.068106248010063 4.42 2.068106247918127 4.4199999999996225 0.051983815731628635
11.78125 2.0699148966835197 4.42 2.069914896584524 4.419999999999728 0.05338587762874967
11.84375 2.070590145523421 4.42 2.070590145433554 4.419999999999851 0.053909602651500035
11.90625 2.0699960325445845 4.42 2.0699960324818623 4.41999999999998 0.053448799007006796
11.96875 2.068029350502685 4.42 2.0680293504840894 4.420000000000109 0.05192422853819394
12.03125 2.064627139691989 4.42 2.0646271397305167 4.420000000000224 0.04928982261350742
12.09375 2.0597727820793503 4.42 2.05977278218131 4.420000000000319 0.04553758186163458
12.15625 2.0535002494133012 4.42 2.053500249576236 4.420000000000388 0.040700734725941205
12.21875 2.045896138326955 4.42 2.045896138538389 4.420000000000435 0.034854825297487284
12.28125 2.0370992321733667 4.42 2.03709923241077 4.420000000000453 0.028116530264597768
12.34375 2.0272974557285544 4.42 2.027297455960848 4.420000000000437 0.0206401586194423
12.40625 2.0167222274598937 4.42 2.016722227650912 4.420000000000394 0.012611953511883283
12.46875 2.0056403577597015 4.42 2.0056403578738635 4.4200000000003365 0.004242479026349397
12.53125 1.994343784978255 4.42 1.9943437849882386 4.420000000000275 -0.004242479026349397
12.59375 1.9831375808319476 4.42 1.9831375807273797 4.420000000000227 -0.012611953511883283
12.65625 1.9723267903832884 4.42 1.972326790178298 4.420000000000202 -0.0206401586194423
12.71875 1.9622027953035857 4.42 1.9622027950401966 4.420000000000213 -0.028116530264597768
12.78125 1.9530299934264206 4.42 1.9530299931704684 4.4200000000002655 -0.034854825297487284
12.84375 1.9450336555324972 4.42 1.9450336553602656 4.420000000000361 -0.040700734725941205
12.90625 1.9383898269702962 4.42 1.9383898269474396 4.420000000000495 -0.04553758186163458
12.96875 1.9332180601431368 4.42 1.9332180603019888 4.42000000000065 -0.04928982261350742
13.03125 1.9295775761332583 4.42 1.929577576457724 4.42000000000081 -0.05192422853819394
13.09375 1.9274671635578149 4.42 1.9274671639841714 4.420000000000952 -0.053448799007006796
13.15625 1.926828763177713 4.42 1.9268287636133854 4.4200000000010515 -0.053909602651500035
13.21875 1.9275543162826825 4.42 1.9275543166363538 4.420000000001091 -0.05338587762874967
13.28125 1.9294951414804913 4.42 1.9294951416908575 4.420000000001055 -0.051983815731628635
13.34375 1.932472904139538 4.42 1.9324729041907251 4.420000000000945 -0.04982951126378543
13.40625 1.9362911819950392 4.42 1.936291181914017 4.420000000000758 -0.04706157029590306
13.46875 1.9407467016538307 4.42 1.94074670149389 4.420000000000508 -0.043823851741497465
13.53125 1.945639489756994 4.42 1.9456394895765747 4.420000000000213 -0.04025875432072879
13.59375 1.9507814036277136 4.42 1.9507814034733935 4.419999999999901 -0.036501381084238345
13.65625 1.9560027363711705 4.42 1.9560027362692611 4.41999999999959 -0.03267481533066286
13.71875 1.961156799227795 4.42 1.9611567991843906 4.419999999999307 -0.028886638374096246
13.78125 1.9661225520462815 4.42 1.9661225520526626 4.419999999999074 -0.02522671991030791
13.84375 1.9708054752628168 4.42 1.9708054753026423 4.419999999998906 -0.021766223390745052
13.90625 1.97513695565693 4.42 1.975136955712558 4.419999999998811 -0.01855769747427637
13.96875 1.9790724992377453 4.42 1.979072499294427 4.419999999998787 -0.01563607359493098
14.03125 1.9825890950625131 4.42 1.9825890951103426 4.419999999998827 -0.013020359959317548
14.09375 1.98568204069473 4.42 1.9856820407288007 4.41999999999892 -0.01071581282047236
14.15625 1.9883615098336094 4.42 1.9883615098531269 4.419999999999047 -0.008716373997397405
14.21875 1.990649101101428 4.42 1.9906491011083371 4.4199999999991855 -0.007007185562588836
14.28125 1.9925745590471529 4.42 1.9925745590447905 4.419999999999321 -0.005567024104157814
14.34375 1.9941728084078694 4.42 1.994172808399862 4.4199999999994395 -0.004370533653136037
14.40625 1.9954813941475182 4.42 1.9954813941370613 4.419999999999535 -0.0033901743036548818
14.46875 1.9965383755976993 4.42 1.996538375587168 4.4199999999996 -0.002597839480069819
14.53125 1.9973806851946327 4.42 1.9973806851855096 4.419999999999633 -0.0019661263086395773
14.59375 1.9980429320740218 4.42 1.9980429320669955 4.419999999999636 -0.0014692691192730424
14.65625 1.9985566086187503 4.42 1.9985566086139255 4.419999999999613 -0.001083765068175486
14.71875 1.998949643747067 4.42 1.9989496437441638 4.419999999999574 -0.0007887332867798587
14.78125 1.9992462395319386 4.42 1.9992462395305144 4.419999999999531 -0.0005660554261655719
14.84375 1.9994669265272584 4.42 1.9994669265268412 4.419999999999495 -0.00040034694173355593
14.90625 1.9996287766006693 4.42 1.999628776600844 4.419999999999472 -0.00027880609774585296
14.96875 1.999745718740746 4.42 1.9997457187412029 4.419999999999462 -0.0001909826458667602
15.03125 1.9998289118987675 4.42 1.9998289118992933 4.419999999999457 -0.00012850154243721726
15.09375 1.9998871382982322 4.42 1.9998871382987136 4.41999999999946 -8.47698499292316e-05
15.15625 1.9999271898878856 4.42 1.9999271898882685 4.419999999999464 -5.468784914051539e-05
15.21875 1.9999542290690875 4.42 1.9999542290693655 4.419999999999467 -3.437888657929601e-05
15.28125 1.999972112086508 4.42 1.999972112086687 4.419999999999471 -2.0946912307718176e-05
15.34375 1.9999836693365092 4.42 1.9999836693366098 4.419999999999476 -1.2266172538001058e-05
15.40625 1.9999909412981962 4.42 1.9999909412982402 4.4199999999994795 -6.804120370200431e-06
15.46875 1.9999953719278634 4.42 1.99999537192787 4.419999999999483 -3.4762149433038535e-06
15.53125 1.9999979633574652 4.42 1.9999979633574494 4.419999999999488 -1.529753980297915e-06
15.59375 1.9999993968169991 4.42 1.9999993968169685 4.419999999999494 -4.530603240697041e-07
15.65625 2.000000125081466 4.42 2.0000001250814305 4.419999999999497 9.39506915416835e-08
15.71875 2.0000004416316695 4.42 2.000000441631628 4.419999999999501 3.31716640591852e-07
15.78125 2.0000005312915214 4.42 2.000000531291481 4.4199999999995025 3.990616064219827e-07
15.84375 2.0000005065054443 4.42 2.0000005065054016 4.4199999999995025 3.8044437996817056e-07
15.90625 2.000000432753801 4.42 2.0000004327537626 4.419999999999504 3.250483311046408e-07
15.96875 2.000000345946915 4.42 2.000000345946878 4.41999999999951 2.598462797269504e-07
16.03125 2.000000264034513 4.42 2.0000002640344725 4.419999999999515 1.9832055356516146e-07
16.09375 2.000000194543338 4.42 2.000000194543302 4.41999999999952 1.461246173463636e-07
16.15625 2.000000139319372 4.42 2.0000001393193343 4.419999999999523 1.046450073705699e-07
16.21875 2.0000000974012044 4.42 2.0000000974011716 4.419999999999525 7.315960195901896e-08
16.28125 2.0000000666800615 4.42 2.0000000666800295 4.419999999999527 5.00844594839887e-08
16.34375 2.0000000447974795 4.42 2.0000000447974466 4.419999999999532 3.364810060345147e-08
16.40625 2.0000000295826794 4.42 2.000000029582652 4.419999999999535 2.2220023413817202e-08
16.46875 2.0000000192255567 4.42 2.0000000192255323 4.419999999999538 1.444062428085364e-08
16.53125 2.0000000123080324 4.42 2.000000012308006 4.41999999999954 9.244758734380355e-09
16.59375 2.000000007767633 4.42 2.0000000077676106 4.419999999999543 5.834394601838469e-09
16.65625 2.000000004835439 4.42 2.0000000048354147 4.419999999999547 3.631974219148933e-09
16.71875 2.000000002970533 4.42 2.0000000029705127 4.419999999999551 2.2312156971162697e-09
16.78125 2.0000000018015656 4.42 2.000000001801545 4.419999999999558 1.3531848884076558e-09
16.84375 2.000000001078983 4.42 2.000000001078965 4.419999999999563 8.10442429110603e-10
16.90625 2.0000000006383156 4.42 2.0000000006382983 4.419999999999568 4.794494381885033e-10
16.96875 2.0000000003730753 4.42 2.0000000003730576 4.419999999999571 2.8022250166414554e-10
17.03125 2.0000000002154583 4.42 2.000000000215441 4.419999999999569 1.6183318890323987e-10
17.09375 2.0000000001229656 4.42 2.000000000122949 4.419999999999569 9.236014962645237e-11
17.15625 2.000000000069354 4.42 2.000000000069339 4.419999999999574 5.2093915604236066e-11
17.21875 2.0000000000386615 4.42 2.0000000000386473 4.4199999999995745 2.9039792611471703e-11
17.28125 2.000000000021303 4.42 2.000000000021287 4.4199999999995745 1.5999612188650176e-11
17.34375 2.0000000000115987 4.42 2.0000000000115854 4.419999999999575 8.71217953361179e-12
17.40625 2.0000000000062412 4.42 2.0000000000062297 4.419999999999575 4.688392804143842e-12
17.46875 2.0000000000033196 4.42 2.0000000000033067 4.419999999999575 2.4932458599455e-12
17.53125 2.000000000001744 4.42 2.000000000001733 4.419999999999575 1.3100830926616375e-12
17.59375 2.000000000000906 4.42 2.000000000000895 4.419999999999576 6.800747887373828e-13
17.65625 2.000000000000464 4.42 2.0000000000004547 4.419999999999578 3.4869878558211256e-13
17.71875 2.000000000000236 4.42 2.0000000000002265 4.419999999999581 1.765504987103273e-13
17.78125 2.000000000000119 4.42 2.00000000000011 4.419999999999583 8.824162729183831e-14
17.84375 2.0000000000000586 4.42 2.0000000000000515 4.419999999999585 4.352028380639294e-14
17.90625 2.0000000000000275 4.42 2.0000000000000226 4.4199999999995825 2.1169426434468405e-14
17.96875 2.000000000000014 4.42 2.000000000000009 4.419999999999578 1.0149798143363878e-14
18.03125 2.0000000000000067 4.42 2.0000000000000027 4.419999999999574 4.7928992723670935e-15
18.09375 2.000000000000005 4.42 1.9999999999999996 4.41999999999957 2.226894517287864e-15
18.15625 2.0000000000000018 4.42 1.9999999999999978 4.419999999999567 1.0167180356264946e-15
18.21875 2.0 4.42 1.9999999999999971 4.419999999999565 4.553629995606369e-16
18.28125 1.999999999999999 4.42 1.9999999999999976 4.419999999999563 1.996000429606432e-16
18.34375 1.999999999999999 4.42 1.9999999999999973 4.419999999999563 8.534713940380537e-17
18.40625 1.999999999999999 4.42 1.9999999999999976 4.419999999999562 3.5429167569282213e-17
18.46875 1.999999999999999 4.42 1.9999999999999976 4.419999999999561 1.4172635144106045e-17
18.53125 1.999999999999999 4.42 1.9999999999999978 4.419999999999559 5.395897040893431e-18
18.59375 1.999999999999999 4.42 1.999999999999999 4.419999999999557 1.9104035673239254e-18
18.65625 1.999999999999999 4.42 1.999999999999999 4.419999999999556 5.9727403593566045e-19
18.71875 1.999999999999999 4.42 1.999999999999999 4.419999999999554 1.4017862304362418e-19
18.78125 1.999999999999999 4.42 2.0 4.419999999999551 1.9289258172990763e-21
18.84375 1.999999999999999 4.42 1.9999999999999996 4.419999999999552 -2.740528868930065e-20
18.90625 1.999999999999999 4.42 2.0 4.419999999999552 -2.5051785044004933e-20
18.96875 1.999999999999999 4.42 2.0 4.419999999999552 -1.683955802877859e-20
19.03125 1.999999999999999 4.42 1.999999999999999 4.419999999999552 -9.944158298563714e-21
19.09375 1.999999999999999 4.42 1.9999999999999982 4.419999999999552 -5.44950890910029e-21
19.15625 1.999999999999999 4.42 1.9999999999999978 4.4199999999995505 -2.839370569031387e-21
19.21875 1.999999999999999 4.42 1.9999999999999976 4.419999999999549 -1.4247827369012723e-21
19.28125 1.999999999999999 4.42 1.9999999999999973 4.419999999999546 -6.938397225712931e-22
19.34375 1.999999999999999 4.42 1.9999999999999976 4.419999999999546 -3.2952537647922248e-22
19.40625 1.999999999999999 4.42 1.9999999999999976 4.419999999999546 -1.5314050791412638e-22
19.46875 1.999999999999999 4.42 1.9999999999999976 4.419999999999546 -6.980618709954213e-23
19.53125 1.999999999999999 4.42 1.9999999999999973 4.419999999999545 -3.1264914036512736e-23
19.59375 1.999999999999999 4.42 1.9999999999999978 4.4199999999995425 -1.3776866515677294e-23
19.65625 1.999999999999999 4.42 1.9999999999999987 4.419999999999542 -5.97877898615881e-24
19.71875 1.999999999999999 4.42 1.9999999999999987 4.41999999999954 -2.557329998052712e-24
19.78125 1.999999999999999 4.42 1.9999999999999982 4.419999999999538 -1.0788108353212093e-24
19.84375 1.999999999999999 4.42 1.999999999999999 4.419999999999536 -4.490611845317189e-25
19.90625 1.999999999999999 4.42 1.999999999999999 4.419999999999538 -1.8451945242224962e-25
19.96875 1.999999999999999 4.42 1.999999999999999 4.419999999999535 -7.486792811960278e-26
20.03125 1.999999999999999 4.42 1.999999999999999 4.419999999999533 -3.0004004484834847e-26
20.09375 1.999999999999999 4.42 1.9999999999999987 4.419999999999531 -1.1879054274809626e-26
20.15625 1.999999999999999 4.42 1.999999999999999 4.419999999999529 -4.64700787456371e-27
20.21875 1.999999999999999 4.42 1.999999999999999 4.419999999999527 -1.796412949920961e-27
20.28125 1.999999999999999 4.42 1.999999999999999 4.419999999999526 -6.863046828850996e-28
20.34375 1.999999999999999 4.42 1.999999999999999 4.419999999999524 -2.5913628227116674e-28
20.40625 1.999999999999999 4.42 1.9999999999999987 4.419999999999524 -9.670497416647311e-29
20.46875 1.999999999999999 4.42 1.9999999999999987 4.419999999999522 -3.5667630039506357e-29
20.53125 1.999999999999999 4.42 1.9999999999999987 4.419999999999521 -1.3001294525565887e-29
20.59375 1.999999999999999 4.42 1.999999999999999 4.419999999999521 -4.683320222460584e-30
20.65625 1.999999999999999 4.42 1.9999999999999987 4.41999999999952 -1.666974471735266e-30
20.71875 1.999999999999999 4.42 1.9999999999999987 4.4199999999995185 -5.862031322215626e-31
20.78125 1.999999999999999 4.42 1.999999999999999 4.419999999999515 -2.0362389514835817e-31
20.84375 1.999999999999999 4.42 1.9999999999999987 4.419999999999513 -6.984994830761698e-32
20.90625 1.999999999999999 4.42 1.9999999999999987 4.419999999999511 -2.3655346031470872e-32
20.96875 1.999999999999999 4.42 1.9999999999999987 4.41999999999951 -7.905978888239404e-33
21.03125 1.999999999999999 4.42 1.9999999999999987 4.419999999999508 -2.6064103442825064e-33
21.09375 1.999999999999999 4.42 1.9999999999999982 4.419999999999508 -8.471067439974588e-34
21.15625 1.999999999999999 4.42 1.9999999999999976 4.419999999999506 -2.712213722730896e-34
21.21875 1.999999999999999 4.42 1.9999999999999973 4.419999999999504 -8.54664587042569e-35
21.28125 1.999999999999999 4.42 1.9999999999999978 4.419999999999501 -2.64747034316652e-35
21.34375 1.999999999999999 4.42 1.9999999999999976 4.419999999999499 -8.049000674182709e-36
21.40625 1.999999999999999 4.42 1.9999999999999976 4.419999999999498 -2.3966218722471593e-36
21.46875 1.999999999999999 4.42 1.9999999999999982 4.419999999999498 -6.968045095399668e-37
21.53125 1.999999999999999 4.42 1.9999999999999982 4.419999999999499 -1.9697195541396117e-37
21.59375 1.999999999999999 4.42 1.9999999999999982 4.419999999999497 -5.378068716624702e-38
21.65625 1.999999999999999 4.42 1.9999999999999987 4.419999999999494 -1.403178566439546e-38
21.71875 1.999999999999999 4.42 1.9999999999999982 4.419999999999493 -3.4311887634935694e-39
21.78125 1.999999999999999 4.42 1.9999999999999976 4.419999999999492 -7.548951878250107e-40
21.84375 1.999999999999999 4.42 1.9999999999999976 4.41999999999949 -1.333693151761316e-40
21.90625 1.999999999999999 4.42 1.9999999999999973 4.419999999999488 -9.4571499118777e-42
21.96875 1.999999999999999 4.42 1.9999999999999973 4.419999999999485 6.897034062129024e-42
22.03125 1.999999999999999 4.42 1.9999999999999973 4.419999999999482 5.085290221773357e-42
22.09375 1.999999999999999 4.42 1.9999999999999973 4.4199999999994795 2.4351720591234945e-42
22.15625 1.999999999999999 4.42 1.9999999999999973 4.419999999999478 9.974387744360698e-43
22.21875 1.999999999999999 4.42 1.9999999999999982 4.419999999999474 3.7532028244107754e-43
22.28125 1.999999999999999 4.42 1.9999999999999982 4.4199999999994715 1.3361689566318357e-43
22.34375 1.999999999999999 4.42 1.9999999999999982 4.419999999999469 4.568647830048834e-44
22.40625 1.999999999999999 4.42 1.9999999999999976 4.419999999999467 1.5134271734381545e-44
22.46875 1.999999999999999 4.42 1.9999999999999982 4.419999999999466 4.88392660333133e-45
22.53125 1.999999999999999 4.42 1.9999999999999982 4.419999999999467 1.541032557512438e-45
22.59375 1.999999999999999 4.42 1.9999999999999982 4.419999999999465 4.766666883297355e-46
22.65625 1.999999999999999 4.42 1.9999999999999987 4.4199999999994635 1.4480961508257759e-46
22.71875 1.999999999999999 4.42 1.9999999999999987 4.4199999999994635 4.3268626815565847e-47
22.78125 1.999999999999999 4.42 1.9999999999999987 4.419999999999461 1.2729509522619648e-47
22.84375 1.999999999999999 4.42 1.999999999999999 4.419999999999458 3.6904479413849395e-48
22.90625 1.999999999999999 4.42 1.999999999999999 4.419999999999456 1.0550291032482932e-48
22.96875 1.999999999999999 4.42 1.999999999999999 4.419999999999455 2.9757630384972538e-49
23.03125 1.999999999999999 4.42 1.999999999999999 4.419999999999453 8.284492655247021e-50
23.09375 1.999999999999999 4.42 1.999999999999999 4.419999999999449 2.277278377096913e-50
23.15625 1.999999999999999 4.42 1.999999999999999 4.4199999999994475 6.182563431609285e-51
23.21875 1.999999999999999 4.42 1.9999999999999987 4.419999999999446 1.6581299923453183e-51
23.28125 1.999999999999999 4.42 1.9999999999999987 4.419999999999444 4.393804720150234e-52
23.34375 1.999999999999999 4.42 1.9999999999999987 4.419999999999442 1.1505138179815468e-52
23.40625 1.999999999999999 4.42 1.9999999999999991 4.419999999999439 2.977231559962374e-53
23.46875 1.999999999999999 4.42 1.999999999999999 4.419999999999437 7.614287154550369e-54
23.53125 1.999999999999999 4.42 1.9999999999999987 4.419999999999435 1.9246606613016414e-54
23.59375 1.999999999999999 4.42 1.999999999999999 4.419999999999433 4.808243216412138e-55
23.65625 1.999999999999999 4.42 1.999999999999999 4.4199999999994315 1.1871666588356863e-55
23.71875 1.999999999999999 4.42 1.9999999999999987 4.41999999999943 2.896688398352563e-56
23.78125 1.999999999999999 4.42 1.9999999999999987 4.419999999999426 6.98415315449243e-57
23.84375 1.999999999999999 4.42 1.9999999999999987 4.419999999999424 1.6637515850317588e-57
23.90625 1.999999999999999 4.42 1.9999999999999987 4.419999999999423 3.9151515696813544e-58
23.96875 1.999999999999999 4.42 1.9999999999999991 4.419999999999419 9.099039886941364e-59
24.03125 1.999999999999999 4.42 1.999999999999999 4.4199999999994155 2.0878823025968615e-59
24.09375 1.999999999999999 4.42 1.999999999999999 4.4199999999994155 4.7285315304742537e-60
24.15625 1.999999999999999 4.42 1.9999999999999996 4.419999999999414 1.0564902049433007e-60
24.21875 1.999999999999999 4.42 1.999999999999999 4.419999999999412 2.3274779481577778e-61
24.28125 1.999999999999999 4.42 1.999999999999999 4.41999999999941 5.052285490132954e-62
24.34375 1.999999999999999 4.42 1.9999999999999987 4.4199999999994075 1.0796763064909657e-62
24.40625 1.999999999999999 4.42 1.999999999999999 4.419999999999405 2.2689000963112057e-63
24.46875 1.999999999999999 4.42 1.9999999999999987 4.419999999999404 4.681823820360618e-64
24.53125 1.999999999999999 4.42 1.9999999999999991 4.419999999999401 9.467542854033363e-65
24.59375 1.999999999999999 4.42 1.9999999999999991 4.4199999999993995 1.8711212490761638e-65
24.65625 1.999999999999999 4.42 1.9999999999999996 4.419999999999397 3.6001438242163e-66
24.71875 1.999999999999999 4.42 1.9999999999999996 4.419999999999394 6.704319663991951e-67
24.78125 1.999999999999999 4.42 2.0 4.419999999999392 1.1971437942926539e-67
24.84375 1.999999999999999 4.42 2.0 4.419999999999391 2.0164329257222074e-68
24.90625 1.999999999999999 4.42 2.0 4.419999999999389 3.10028924768748e-69
24.96875 1.999999999999999 4.42 2.0 4.419999999999385 4.003793457677204e-70

