0.25 1.999999999999999 4.42 2.0001081244801417 4.420000000002227 -2.850203213424424e-67
0.75 1.999999999999999 4.42 2.000108124481711 4.41999999999732 -1.0864518245663961e-61
1.25 1.999999999999999 4.42 2.0001081244831243 4.419999999992816 -1.4244864646060943e-56
1.75 1.999999999999999 4.42 2.000108124484393 4.41999999998875 -8.548289091174405e-52
2.25 1.999999999999999 4.42 2.0001081244857297 4.419999999984682 -2.351308388844086e-47
2.75 1.999999999999999 4.42 2.0001081244867267 4.419999999981542 -2.2523830569655327e-43
3.25 1.999999999999999 4.42 2.000108124487518 4.419999999979057 1.637631564719423e-39
3.75 1.999999999999999 4.42 2.000108124488005 4.419999999977463 4.767397604445987e-35
4.25 1.999999999999999 4.42 2.0001081244882672 4.419999999976606 3.4602839938301873e-31
4.75 1.999999999999999 4.42 2.00010812448835 4.4199999999764055 1.111987969600823e-27
5.25 1.999999999999999 4.42 2.000108124488337 4.419999999976692 1.6638083285143045e-24
5.75 1.999999999999999 4.42 2.0001081244882966 4.4199999999773265 9.976476910669732e-22
6.25 1.999999999999999 4.42 2.0001081244882872 4.419999999978198 -4.8921798420998234e-20
6.75 2.0 4.42 2.0001081244883374 4.4199999999792485 -3.023468242913689e-16
7.25 1.9999999999998341 4.42 2.0001081244882855 4.419999999980481 -1.250209723893004e-13
7.75 1.9999999999712623 4.42 2.0001081244598575 4.4199999999819735 -2.1586786279083474e-11
8.25 1.9999999976829732 4.42 2.000108122171812 4.419999999983851 -1.7403567350686184e-09
8.75 1.9999999192106392 4.42 2.000108043703721 4.4199999999862705 -6.068217856011783e-08
9.25 1.9999994935578933 4.42 2.0001076180737014 4.419999999989404 -3.803967102260639e-07
9.75 2.000035882225165 4.42 2.0001440048350636 4.419999999993399 2.695195306443837e-05
10.25 2.000890976051388 4.42 2.00099907365985 4.419999999998355 0.0006693744426668637
10.75 2.008310524737296 4.42 2.0084192048048815 4.420000000004307 0.006254988727532051
11.25 2.035685018628819 4.42 2.0357927987638877 4.420000000011182 0.027035756852131283
11.75 2.0691426958581927 4.42 2.0692351790606613 4.420000000018803 0.05278713821237704
12.25 2.0416361374021035 4.42 2.041803731722392 4.420000000026988 0.03158840711176899
12.75 1.957482368365157 4.42 1.9572211296125552 4.420000000035676 -0.03158840711176899
13.25 1.9283834058079083 4.42 1.9287295014028127 4.4200000000446895 -0.05278713821237704
13.75 1.963669742760323 4.42 1.9631508202140906 4.420000000053509 -0.027035756852131283
14.25 1.991655003211086 4.42 1.991939892031042 4.4200000000617425 -0.006254988727532051
14.75 1.999108629213231 4.42 1.9990396867586575 4.420000000069247 -0.0006693744426668637
15.25 1.9999641171348834 4.42 1.999953646074504 4.420000000075949 -2.695195306443837e-05
15.75 2.000000506441978 4.42 2.0000191019119464 4.420000000081766 3.803967102260639e-07
16.25 2.0000000807893565 4.42 1.9999887372179441 4.420000000086708 6.068217856011783e-08
16.75 2.0000000023170292 4.42 2.0000014749722133 4.420000000090884 1.7403567350686184e-09
17.25 2.0000000000287423 4.42 2.0000001327864547 4.420000000094449 2.1586786279083474e-11
17.75 2.000000000000167 4.42 2.0000000032502436 4.420000000097588 1.250209723893004e-13
18.25 2.0 4.42 2.0000000000025837 4.420000000100504 3.023468242913689e-16
18.75 1.999999999999999 4.42 1.9999999999911489 4.420000000103385 4.8921798420998234e-20
19.25 1.999999999999999 4.42 1.9999999999921592 4.420000000106387 -9.976476910669732e-22
19.75 1.999999999999999 4.42 1.9999999999932123 4.420000000109608 -1.6638083285143045e-24
20.25 1.999999999999999 4.42 1.9999999999940672 4.420000000113094 -1.111987969600823e-27
20.75 1.999999999999999 4.42 1.9999999999947378 4.420000000116824 -3.4602839938301873e-31
21.25 1.999999999999999 4.42 1.9999999999952485 4.4200000001207185 -4.767397604445987e-35
21.75 1.999999999999999 4.42 1.9999999999956453 4.420000000124661 -1.637631564719423e-39
22.25 1.999999999999999 4.42 1.9999999999959863 4.420000000128505 2.2523830569655327e-43
22.75 1.999999999999999 4.42 1.9999999999963385 4.420000000132088 2.351308388844086e-47
23.25 1.999999999999999 4.42 1.9999999999967666 4.420000000135232 8.548289091174405e-52
23.75 1.999999999999999 4.42 1.999999999997341 4.420000000137845 1.4244864646060943e-56
24.25 1.999999999999999 4.42 1.999999999998081 4.420000000139654 1.0864518245663961e-61
24.75 1.999999999999999 4.42 1.9999999999990694 4.4200000001410915 2.850203213424424e-67
