0.1250000000000000 1.9999999999999989 4.4199999999999999 1.9999935094144028 4.4200000000003516 -0.0000000000000000
0.3750000000000000 1.9999999999999989 4.4199999999999999 1.9999935094145660 4.4199999999999644 -0.0000000000000000
0.6250000000000000 1.9999999999999989 4.4199999999999999 1.9999935094144812 4.4200000000001101 -0.0000000000000000
0.8750000000000000 1.9999999999999989 4.4199999999999999 1.9999935094144494 4.4200000000001198 -0.0000000000000000
1.1250000000000000 1.9999999999999989 4.4199999999999999 1.9999935094143431 4.4200000000002788 -0.0000000000000000
1.3750000000000000 1.9999999999999989 4.4199999999999999 1.9999935094142325 4.4200000000004280 -0.0000000000000000
1.6250000000000000 1.9999999999999989 4.4199999999999999 1.9999935094141019 4.4200000000006021 -0.0000000000000000
1.8750000000000000 1.9999999999999989 4.4199999999999999 1.9999935094139738 4.4200000000007531 -0.0000000000000000
2.1250000000000000 1.9999999999999989 4.4199999999999999 1.9999935094138503 4.4200000000008748 -0.0000000000000000
2.3750000000000000 1.9999999999999989 4.4199999999999999 1.9999935094137404 4.4200000000009476 -0.0000000000000000
2.6250000000000000 1.9999999999999989 4.4199999999999999 1.9999935094136487 4.4200000000009645 -0.0000000000000000
2.8750000000000000 1.9999999999999989 4.4199999999999999 1.9999935094135770 4.4200000000009201 -0.0000000000000000
3.1250000000000000 1.9999999999999989 4.4199999999999999 1.9999935094135251 4.4200000000008153 0.0000000000000000
3.3750000000000000 1.9999999999999989 4.4199999999999999 1.9999935094134915 4.4200000000006554 0.0000000000000000
3.6250000000000000 1.9999999999999989 4.4199999999999999 1.9999935094134729 4.4200000000004476 0.0000000000000000
3.8750000000000000 1.9999999999999989 4.4199999999999999 1.9999935094134651 4.4200000000002007 0.0000000000000000
4.1250000000000000 1.9999999999999989 4.4199999999999999 1.9999935094134633 4.4199999999999271 0.0000000000000000
4.3750000000000000 1.9999999999999989 4.4199999999999999 1.9999935094134620 4.4199999999996393 0.0000000000000000
4.6250000000000000 1.9999999999999989 4.4199999999999999 1.9999935094134593 4.4199999999993462 0.0000000000000000
4.8750000000000000 1.9999999999999989 4.4199999999999999 1.9999935094134504 4.4199999999990558 0.0000000000000000
5.1250000000000000 1.9999999999999989 4.4199999999999999 1.9999935094134353 4.4199999999987725 0.0000000000000000
5.3750000000000000 1.9999999999999989 4.4199999999999999 1.9999935094134136 4.4199999999984962 0.0000000000000000
5.6250000000000000 1.9999999999999989 4.4199999999999999 1.9999935094133838 4.4199999999982325 0.0000000000000000
5.8750000000000000 1.9999999999999989 4.4199999999999999 1.9999935094133487 4.4199999999979758 0.0000000000000000
6.1250000000000000 1.9999999999999989 4.4199999999999999 1.9999935094133086 4.4199999999977297 0.0000000000000000
6.3750000000000000 1.9999999999999989 4.4199999999999999 1.9999935094132653 4.4199999999974890 -0.0000000000000000
6.6250000000000000 1.9999999999999989 4.4199999999999999 1.9999935094132217 4.4199999999972484 -0.0000000000000001
6.8750000000000000 1.9999999999999991 4.4199999999999999 1.9999935094131769 4.4199999999970103 -0.0000000000000015
7.1250000000000000 1.9999999999999607 4.4199999999999999 1.9999935094130965 4.4199999999967705 -0.0000000000000304
7.3750000000000000 1.9999999999993494 4.4199999999999999 1.9999935094124475 4.4199999999965272 -0.0000000000004877
7.6250000000000000 1.9999999999914786 4.4199999999999999 1.9999935094045369 4.4199999999962856 -0.0000000000064006
7.8750000000000000 1.9999999999075160 4.4199999999999999 1.9999935093205381 4.4199999999960458 -0.0000000000694662
8.1250000000000000 1.9999999991688338 4.4199999999999999 1.9999935085818192 4.4199999999958077 -0.0000000006243021
8.3750000000000000 1.9999999938610729 4.4199999999999999 1.9999935032740086 4.4199999999955715 -0.0000000046110472
8.6250000000000000 1.9999999635209753 4.4199999999999999 1.9999934729337827 4.4199999999953379 -0.0000000273999800
8.8750000000000000 1.9999998348336523 4.4199999999999999 1.9999933442460207 4.4199999999951096 -0.0000001240590774
9.1250000000000000 1.9999995270274140 4.4199999999999999 1.9999930364387648 4.4199999999948911 -0.0000003552572241
9.3750000000000000 2.0000001723043885 4.4199999999999999 1.9999936817178130 4.4199999999946842 0.0000001294205838
9.6250000000000000 2.0000122611846249 4.4199999999999999 2.0000057706399179 4.4199999999944914 0.0000092095997731
9.8750000000000000 2.0000909167981931 4.4199999999999999 2.0000844265987605 4.4199999999943165 0.0000682906028518
10.1250000000000000 2.0004456351265509 4.4199999999999999 2.0004391475508259 4.4199999999941593 0.0003347607235189
10.3750000000000000 2.0016820831016759 4.4199999999999999 2.0016756134869267 4.4199999999940189 0.0012639670514473
10.6250000000000000 2.0051259854032799 4.4199999999999999 2.0051196049618558 4.4199999999938946 0.0038550975507236
10.8750000000000000 2.0128451125686881 4.4199999999999999 2.0128389952607160 4.4199999999937960 0.0096787065010055
11.1250000000000000 2.0266242226701818 4.4199999999999999 2.0266184349587117 4.4199999999937134 0.0201278849749137
11.3750000000000000 2.0455505747316267 4.4199999999999999 2.0455446739669356 4.4199999999936495 0.0345896280584304
11.6250000000000000 2.0636233536458644 4.4199999999999999 2.0636174210264029 4.4199999999936050 0.0485132950314933
11.8750000000000000 2.0704590708615243 4.4199999999999999 2.0704556662407727 4.4199999999935695 0.0538079291557835
12.1250000000000000 2.0568096161460683 4.4199999999999999 2.0568110189980029 4.4199999999935446 0.0432510018706274
12.3750000000000000 2.0220905662906121 4.4199999999999999 2.0220928252067498 4.4199999999935295 0.0166823444130919
12.6250000000000000 1.9776640676065038 4.4199999999999999 1.9776611893518625 4.4199999999935180 -0.0166823444130919
12.8750000000000000 1.9415338186707589 4.4199999999999999 1.9415314442949869 4.4199999999935038 -0.0432510018706274
13.1250000000000000 1.9269696433315944 4.4199999999999999 1.9269758547492299 4.4199999999934754 -0.0538079291557835
13.3750000000000000 1.9342896484967160 4.4199999999999999 1.9342961920937647 4.4199999999934168 -0.0485132950314933
13.6250000000000000 1.9533918901662037 4.4199999999999999 1.9533928404476750 4.4199999999933226 -0.0345896280584304
13.8750000000000000 1.9730184644515014 4.4199999999999999 1.9730180537179665 4.4199999999931894 -0.0201278849749137
14.1250000000000000 1.9870723380192024 4.4199999999999999 1.9870728052368782 4.4199999999930109 -0.0096787065010055
14.3750000000000000 1.9948609210956887 4.4199999999999999 1.9948615138895627 4.4199999999927924 -0.0038550975507236
14.6250000000000000 1.9983165094233506 4.4199999999999999 1.9983167751994129 4.4199999999925383 -0.0012639670514473
14.8750000000000000 1.9995542661463435 4.4199999999999999 1.9995543319949234 4.4199999999922470 -0.0003347607235189
15.1250000000000000 1.9999090790932463 4.4199999999999999 1.9999090890279350 4.4199999999919282 -0.0000682906028518
15.3750000000000000 1.9999877387406584 4.4199999999999999 1.9999877396663401 4.4199999999915924 -0.0000092095997731
15.6250000000000000 1.9999998276955975 4.4199999999999999 1.9999998277460329 4.4199999999912531 -0.0000001294205838
15.8750000000000000 2.0000004729724701 4.4199999999999999 2.0000004729734675 4.4199999999909254 0.0000003552572241
16.1250000000000000 2.0000001651663326 4.4199999999999999 2.0000001651660924 4.4199999999906172 0.0000001240590774
16.3750000000000000 2.0000000364790269 4.4199999999999999 2.0000000364789048 4.4199999999903437 0.0000000273999800
16.6250000000000000 2.0000000061389285 4.4199999999999999 2.0000000061389112 4.4199999999901163 0.0000000046110472
16.8750000000000000 2.0000000008311671 4.4199999999999999 2.0000000008312329 4.4199999999899386 0.0000000006243021
17.1250000000000000 2.0000000000924842 4.4199999999999999 2.0000000000926099 4.4199999999898170 0.0000000000694662
17.3750000000000000 2.0000000000085221 4.4199999999999999 2.0000000000086819 4.4199999999897557 0.0000000000064006
17.6250000000000000 2.0000000000006493 4.4199999999999999 2.0000000000008198 4.4199999999897503 0.0000000000004877
17.8750000000000000 2.0000000000000426 4.4199999999999999 2.0000000000002016 4.4199999999897859 0.0000000000000304
18.1250000000000000 2.0000000000000040 4.4199999999999999 2.0000000000001386 4.4199999999898569 0.0000000000000015
18.3750000000000000 1.9999999999999989 4.4199999999999999 2.0000000000001030 4.4199999999899484 0.0000000000000001
18.6250000000000000 1.9999999999999989 4.4199999999999999 2.0000000000000631 4.4199999999900577 0.0000000000000000
18.8750000000000000 1.9999999999999989 4.4199999999999999 2.0000000000000213 4.4199999999901687 -0.0000000000000000
19.1250000000000000 1.9999999999999989 4.4199999999999999 1.9999999999999836 4.4199999999902762 -0.0000000000000000
19.3750000000000000 1.9999999999999989 4.4199999999999999 1.9999999999999496 4.4199999999903739 -0.0000000000000000
19.6250000000000000 1.9999999999999989 4.4199999999999999 1.9999999999999243 4.4199999999904485 -0.0000000000000000
19.8750000000000000 1.9999999999999989 4.4199999999999999 1.9999999999999094 4.4199999999904982 -0.0000000000000000
20.1250000000000000 1.9999999999999989 4.4199999999999999 1.9999999999999036 4.4199999999905266 -0.0000000000000000
20.3750000000000000 1.9999999999999989 4.4199999999999999 1.9999999999999063 4.4199999999905337 -0.0000000000000000
20.6250000000000000 1.9999999999999989 4.4199999999999999 1.9999999999999172 4.4199999999905240 -0.0000000000000000
20.8750000000000000 1.9999999999999989 4.4199999999999999 1.9999999999999321 4.4199999999905017 -0.0000000000000000
21.1250000000000000 1.9999999999999989 4.4199999999999999 1.9999999999999489 4.4199999999904787 -0.0000000000000000
21.3750000000000000 1.9999999999999989 4.4199999999999999 1.9999999999999660 4.4199999999904520 -0.0000000000000000
21.6250000000000000 1.9999999999999989 4.4199999999999999 1.9999999999999818 4.4199999999904289 -0.0000000000000000
21.8750000000000000 1.9999999999999989 4.4199999999999999 1.9999999999999944 4.4199999999904094 -0.0000000000000000
22.1250000000000000 1.9999999999999989 4.4199999999999999 2.0000000000000036 4.4199999999904005 0.0000000000000000
22.3750000000000000 1.9999999999999989 4.4199999999999999 2.0000000000000107 4.4199999999903987 0.0000000000000000
22.6250000000000000 1.9999999999999989 4.4199999999999999 2.0000000000000138 4.4199999999904023 0.0000000000000000
22.8750000000000000 1.9999999999999989 4.4199999999999999 2.0000000000000142 4.4199999999904094 0.0000000000000000
23.1250000000000000 1.9999999999999989 4.4199999999999999 2.0000000000000124 4.4199999999904236 0.0000000000000000
23.3750000000000000 1.9999999999999989 4.4199999999999999 2.0000000000000098 4.4199999999904378 0.0000000000000000
23.6250000000000000 1.9999999999999989 4.4199999999999999 2.0000000000000071 4.4199999999904511 0.0000000000000000
23.8750000000000000 1.9999999999999989 4.4199999999999999 2.0000000000000040 4.4199999999904653 0.0000000000000000
24.1250000000000000 1.9999999999999989 4.4199999999999999 2.0000000000000009 4.4199999999904787 0.0000000000000000
24.3750000000000000 1.9999999999999989 4.4199999999999999 1.9999999999999998 4.4199999999904866 0.0000000000000000
24.6250000000000000 1.9999999999999989 4.4199999999999999 1.9999999999999984 4.4199999999904946 0.0000000000000000
24.8750000000000000 1.9999999999999989 4.4199999999999999 1.9999999999999987 4.4199999999904982 0.0000000000000000
