0.5000000000000000 1.9999999999999989 4.4199999999999999 1.9994703727971888 4.4199999999969268 -0.0000000000000000
1.5000000000000000 1.9999999999999989 4.4199999999999999 1.9994703727956655 4.4200000000012034 -0.0000000000000000
2.5000000000000000 1.9999999999999989 4.4199999999999999 1.9994703727979284 4.4199999999976676 -0.0000000000000000
3.5000000000000000 1.9999999999999989 4.4199999999999999 1.9994703728026342 4.4199999999892174 0.0000000000000000
4.5000000000000000 1.9999999999999989 4.4199999999999999 1.9994703728097849 4.4199999999757287 0.0000000000000000
5.5000000000000000 1.9999999999999989 4.4199999999999999 1.9994703728194640 4.4199999999568949 0.0000000000000000
6.5000000000000000 1.9999999999999989 4.4199999999999999 1.9994703728306069 4.4199999999349426 -0.0000000000000000
7.5000000000000000 1.9999999999975895 4.4199999999999999 1.9994703728401579 4.4199999999111661 -0.0000000000018100
8.5000000000000000 1.9999999845890888 4.4199999999999999 1.9994703574392620 4.4199999998878674 -0.0000000115753820
9.5000000000000000 2.0000031513409966 4.4199999999999999 1.9994735250361799 4.4199999998668869 0.0000023670244377
10.5000000000000000 2.0030113503177591 4.4199999999999999 2.0024827225717643 4.4199999998498489 0.0022635626578046
11.5000000000000000 2.0552822801890636 4.4199999999999999 2.0548147958708336 4.4199999998381330 0.0420735492403948
12.5000000000000000 1.9999999999999989 4.4199999999999999 1.9998264265586927 4.4199999998321138 -0.0000000000000000
13.5000000000000000 1.9431505605950266 4.4199999999999999 1.9428439443099270 4.4199999998312460 -0.0420735492403948
14.5000000000000000 1.9969841357146580 4.4199999999999999 1.9969882609030418 4.4199999998362856 -0.0022635626578046
15.5000000000000000 1.9999968486540638 4.4199999999999999 2.0000248618261764 4.4199999998458237 -0.0000023670244377
16.5000000000000000 2.0000000154109117 4.4199999999999999 2.0000001043431150 4.4199999998588400 0.0000000115753820
17.5000000000000000 2.0000000000024087 4.4199999999999999 2.0000000000838454 4.4199999998743840 0.0000000000018100
18.5000000000000000 1.9999999999999989 4.4199999999999999 2.0000000000741793 4.4199999998912745 0.0000000000000000
19.5000000000000000 1.9999999999999989 4.4199999999999999 2.0000000000628031 4.4199999999085193 -0.0000000000000000
20.5000000000000000 1.9999999999999989 4.4199999999999999 2.0000000000510214 4.4199999999250981 -0.0000000000000000
21.5000000000000000 1.9999999999999989 4.4199999999999999 2.0000000000392300 4.4199999999401749 -0.0000000000000000
22.5000000000000000 1.9999999999999989 4.4199999999999999 2.0000000000277791 4.4199999999527488 0.0000000000000000
23.5000000000000000 1.9999999999999989 4.4199999999999999 2.0000000000170823 4.4199999999623545 0.0000000000000000
24.5000000000000000 1.9999999999999989 4.4199999999999999 2.0000000000074385 4.4199999999673008 0.0000000000000000
