0.0625 1.999999999999999 4.42 1.9999998459426958 4.420000000000007 -1.1497184111213586e-69
0.1875 1.999999999999999 4.42 1.9999998459426995 4.419999999999996 -4.956512554488603e-68
0.3125 1.999999999999999 4.42 1.9999998459426984 4.419999999999996 -1.5606895560755955e-66
0.4375 1.999999999999999 4.42 1.9999998459426993 4.419999999999993 -4.221871484767452e-65
0.5625 1.999999999999999 4.42 1.9999998459426993 4.419999999999989 -1.0331249664820779e-63
0.6875 1.999999999999999 4.42 1.9999998459426997 4.419999999999986 -2.340279915629186e-62
0.8125 1.999999999999999 4.42 1.9999998459426997 4.419999999999983 -4.9677240512015786e-61
0.9375 1.999999999999999 4.42 1.9999998459427006 4.419999999999979 -9.952641974695324e-60
1.0625 1.999999999999999 4.42 1.999999845942701 4.419999999999975 -1.8904090561110707e-58
1.1875 1.999999999999999 4.42 1.999999845942701 4.4199999999999715 -3.4139735638802406e-57
1.3125 1.999999999999999 4.42 1.9999998459427024 4.419999999999966 -5.872877688638674e-56
1.4375 1.999999999999999 4.42 1.9999998459427026 4.419999999999964 -9.634018146557815e-55
1.5625 1.999999999999999 4.42 1.999999845942702 4.419999999999964 -1.5078490196182649e-53
1.6875 1.999999999999999 4.42 1.9999998459427022 4.419999999999962 -2.2516961084400117e-52
1.8125 1.999999999999999 4.42 1.9999998459427029 4.419999999999957 -3.206647879385634e-51
1.9375 1.999999999999999 4.42 1.9999998459427029 4.4199999999999555 -4.350333912421186e-50
2.0625 1.999999999999999 4.42 1.9999998459427037 4.419999999999952 -5.612421917410396e-49
2.1875 1.999999999999999 4.42 1.999999845942705 4.419999999999948 -6.866290082952759e-48
2.3125 1.999999999999999 4.42 1.9999998459427064 4.419999999999943 -7.931474614496866e-47
2.4375 1.999999999999999 4.42 1.9999998459427064 4.4199999999999395 -8.590853396874958e-46
2.5625 1.999999999999999 4.42 1.9999998459427077 4.419999999999934 -8.623273722320799e-45
2.6875 1.999999999999999 4.42 1.9999998459427086 4.419999999999931 -7.847597927876126e-44
2.8125 1.999999999999999 4.42 1.999999845942709 4.419999999999927 -6.16927538059152e-43
2.9375 1.999999999999999 4.42 1.99999984594271 4.41999999999992 -3.6173956053941074e-42
3.0625 1.999999999999999 4.42 1.99999984594271 4.419999999999916 -3.603800524878784e-42
3.1875 1.999999999999999 4.42 1.99999984594271 4.419999999999915 3.3073113098458767e-40
3.3125 1.999999999999999 4.42 1.99999984594271 4.41999999999991 7.007674905386313e-39
3.4375 1.999999999999999 4.42 1.99999984594271 4.419999999999904 1.0342698109135129e-37
3.5625 1.999999999999999 4.42 1.9999998459427095 4.419999999999898 1.2964282047082334e-36
3.6875 1.999999999999999 4.42 1.999999845942709 4.419999999999893 1.4633673851942304e-35
3.8125 1.999999999999999 4.42 1.9999998459427086 4.41999999999989 1.5256449707696942e-34
3.9375 1.999999999999999 4.42 1.9999998459427089 4.419999999999883 1.4886155797128192e-33
4.0625 1.999999999999999 4.42 1.9999998459427084 4.419999999999876 1.3698442674456298e-32
4.1875 1.999999999999999 4.42 1.9999998459427082 4.419999999999867 1.1944977329459876e-31
4.3125 1.999999999999999 4.42 1.9999998459427077 4.419999999999858 9.90034257306422e-31
4.4375 1.999999999999999 4.42 1.9999998459427064 4.419999999999852 7.814765201370724e-30
4.5625 1.999999999999999 4.42 1.999999845942705 4.419999999999844 5.881650691709571e-29
4.6875 1.999999999999999 4.42 1.9999998459427046 4.419999999999837 4.223370350087268e-28
4.8125 1.999999999999999 4.42 1.9999998459427044 4.41999999999983 2.893556671295461e-27
4.9375 1.999999999999999 4.42 1.9999998459427044 4.41999999999982 1.890757597486316e-26
5.0625 1.999999999999999 4.42 1.9999998459427044 4.419999999999809 1.177190424551076e-25
5.1875 1.999999999999999 4.42 1.9999998459427037 4.419999999999799 6.971695163562433e-25
5.3125 1.999999999999999 4.42 1.999999845942703 4.41999999999979 3.91712255151615e-24
5.4375 1.999999999999999 4.42 1.9999998459427022 4.419999999999784 2.0794935839713404e-23
5.5625 1.999999999999999 4.42 1.9999998459427026 4.419999999999781 1.0363087742791856e-22
5.6875 1.999999999999999 4.42 1.9999998459427026 4.419999999999783 4.795469821729646e-22
5.8125 1.999999999999999 4.42 1.9999998459427026 4.419999999999783 2.0196850576742936e-21
5.9375 1.999999999999999 4.42 1.9999998459427026 4.419999999999783 7.416412590413098e-21
6.0625 1.999999999999999 4.42 1.9999998459427033 4.419999999999783 2.0997746765631944e-20
6.1875 1.999999999999999 4.42 1.999999845942704 4.419999999999783 1.970926387775956e-20
6.3125 1.999999999999999 4.42 1.9999998459427046 4.419999999999781 -3.06488886306849e-19
6.4375 1.999999999999999 4.42 1.999999845942705 4.419999999999781 -3.2470451229757577e-18
6.5625 1.999999999999999 4.42 1.999999845942706 4.419999999999778 -2.2526004271834337e-17
6.6875 1.999999999999999 4.42 1.9999998459427064 4.419999999999776 -1.3095803341512223e-16
6.8125 1.9999999999999996 4.42 1.9999998459427064 4.419999999999774 -6.821465540280686e-16
6.9375 1.9999999999999973 4.42 1.9999998459427037 4.4199999999997726 -3.273862560930351e-15
7.0625 1.9999999999999818 4.42 1.999999845942689 4.419999999999771 -1.4685412509578057e-14
7.1875 1.9999999999999203 4.42 1.9999998459426265 4.419999999999767 -6.207521160722045e-14
7.3125 1.9999999999996687 4.42 1.9999998459423787 4.4199999999997654 -2.4851468597291215e-13
7.4375 1.9999999999987421 4.42 1.999999845941451 4.4199999999997654 -9.453492026144965e-13
7.5625 1.9999999999954385 4.42 1.9999998459381514 4.419999999999764 -3.424064082240977e-12
7.6875 1.999999999984258 4.42 1.9999998459269692 4.419999999999762 -1.182378394443425e-11
7.8125 1.9999999999481437 4.42 1.9999998458908528 4.419999999999762 -3.895171607363096e-11
7.9375 1.99999999983699 4.42 1.999999845779703 4.419999999999761 -1.224382624174479e-10
8.0625 1.9999999995112714 4.42 1.9999998454539822 4.41999999999976 -3.6709291014105447e-10
8.1875 1.9999999986036103 4.42 1.9999998445463223 4.419999999999758 -1.04885094347367e-09
8.3125 1.9999999962038573 4.42 1.9999998421465697 4.419999999999755 -2.8513434431676317e-09
8.4375 1.9999999902051566 4.42 1.9999998361478695 4.419999999999751 -7.357063536790531e-09
8.5625 1.9999999761054958 4.42 1.9999998220482094 4.419999999999749 -1.794754306433284e-08
8.6875 1.999999945223022 4.42 1.9999997911657341 4.419999999999746 -4.114386207184302e-08
8.8125 1.9999998831846573 4.42 1.999999729127362 4.419999999999744 -8.774186992060323e-08
8.9375 1.9999997724712757 4.42 1.9999996184139728 4.419999999999742 -1.7090045283630125e-07
9.0625 1.9999996104557907 4.42 1.9999994563984778 4.419999999999741 -2.9259285286963165e-07
9.1875 1.999999471751946 4.42 1.9999993176946211 4.419999999999737 -3.9677550466495557e-07
9.3125 1.9999996787912597 4.42 1.9999995247339544 4.419999999999732 -2.4126500111955035e-07
9.4375 2.0000012079066614 4.42 2.0000010538495103 4.419999999999732 9.072782688430747e-07
9.5625 2.000006559618451 4.42 2.000006405561965 4.419999999999725 4.927042275346514e-06
9.6875 2.0000214619160035 4.42 2.0000213078621427 4.419999999999718 1.6120474057228993e-05
9.8125 2.00005793042835 4.42 2.0000577763844207 4.419999999999713 4.351309689093828e-05
9.9375 2.000139311165477 4.42 2.000139157157019 4.419999999999709 0.00010464246498845123
10.0625 2.0003078494981317 4.42 2.0003076956064074 4.419999999999705 0.00023124836428342147
10.1875 2.000634872709047 4.42 2.000634719164461 4.419999999999701 0.0004769382424958915
10.3125 2.001232638234226 4.42 2.001232485609563 4.419999999999696 0.0009261376581602602
10.4375 2.0022651784683143 4.42 2.002265027990325 4.419999999999687 0.0017023680759536896
10.5625 2.0039532323866647 4.42 2.0039530862567316 4.419999999999682 0.0029722455289856228
10.6875 2.0065662266235216 4.42 2.0065660879725726 4.419999999999677 0.004940010699781705
10.8125 2.0103934387743125 4.42 2.010393310625255 4.41999999999967 0.0078267031465639
10.9375 2.0156884777407384 4.42 2.0156883606060374 4.419999999999664 0.011829333546431228
11.0625 2.022587279470577 4.42 2.022587168550122 4.41999999999966 0.017059485212843672
11.1875 2.0310098240473846 4.42 2.0310097090684414 4.4199999999996535 0.023467831089443454
11.3125 2.0405673542770306 4.42 2.040567225625609 4.419999999999652 0.03076987894119322
11.4375 2.0505054898272834 4.42 2.0505053510079954 4.419999999999648 0.03839608071209057
11.5625 2.0597143010943735 4.42 2.0597141804742876 4.419999999999638 0.04549242572358476
11.6875 2.0668262875369616 4.42 2.0668262379360978 4.419999999999634 0.05099223738725463
11.8125 2.0704033661712313 4.42 2.070403445415849 4.419999999999639 0.053764721194172214
11.9375 2.0691892203471545 4.42 2.0691894580793866 4.419999999999641 0.05282320629055684
12.0625 2.0623805771158703 4.42 2.0623809445914354 4.419999999999643 0.047552344591757154
12.1875 2.049857167523234 4.42 2.0498575707031987 4.419999999999645 0.03789755473400547
12.3125 2.032310424945912 4.42 2.0323107352093936 4.419999999999645 0.024459631507370596
12.4375 2.0112268322258737 4.42 2.011226953089153 4.419999999999645 0.008456005565417002
12.5625 1.988710161567929 4.42 1.9887101030251626 4.419999999999645 -0.008456005565417002
12.6875 1.9671616359204647 4.42 1.9671615405677536 4.419999999999643 -0.024459631507370596
12.8125 1.948872509217323 4.42 1.9488725804947096 4.419999999999643 -0.03789755473400547
12.9375 1.9356148007927976 4.42 1.9356151566362174 4.419999999999641 -0.047552344591757154
13.0625 1.9283334730755164 4.42 1.928334044106907 4.419999999999641 -0.05282320629055684
13.1875 1.9270295092531873 4.42 1.9270300896914172 4.419999999999642 -0.053764721194172214
13.3125 1.9308663934407 4.42 1.9308668004318519 4.419999999999644 -0.05099223738725463
13.4375 1.9384519711441581 4.42 1.9384521564439234 4.419999999999645 -0.04549242572358476
13.5625 1.9481904082995263 4.42 1.948190441336274 4.419999999999643 -0.03839608071209057
13.6875 1.9585963608866281 4.42 1.9585963418143923 4.419999999999642 -0.03076987894119322
13.8125 1.9685042468515652 4.42 1.9685042408481594 4.419999999999641 -0.023467831089443454
13.9375 1.9771561259444326 4.42 1.977156150335458 4.419999999999642 -0.017059485212843672
14.0625 1.9841881960843155 4.42 1.9841882395783401 4.419999999999643 -0.011829333546431228
14.1875 1.989552585526936 4.42 1.9895526308141462 4.419999999999641 -0.0078267031465639
14.3125 1.993412272694453 4.42 1.993412308650184 4.419999999999639 -0.004940010699781705
14.4375 1.9960389846103403 4.42 1.9960390082079362 4.419999999999639 -0.0029722455289856228
14.5625 1.9977322683738423 4.42 1.997732281636475 4.419999999999639 -0.0017023680759536896
14.6875 1.9987666061180525 4.42 1.9987666126168955 4.419999999999639 -0.0009261376581602602
14.8125 1.9993649268936677 4.42 1.999364929696493 4.419999999999639 -0.0004769382424958915
14.9375 1.9996921033906172 4.42 1.9996921044593663 4.419999999999639 -0.00023124836428342147
15.0625 1.9998606791877211 4.42 1.9998606795483882 4.419999999999639 -0.00010464246498845123
15.1875 1.999942067903607 4.42 1.9999420680110755 4.419999999999638 -4.351309689093828e-05
15.3125 1.9999785378550596 4.42 1.9999785378831605 4.4199999999996376 -1.6120474057228993e-05
15.4375 1.9999934403601607 4.42 1.9999934403665391 4.419999999999638 -4.927042275346514e-06
15.5625 1.9999987920926137 4.42 1.9999987920938478 4.4199999999996376 -9.072782688430747e-07
15.6875 2.0000003212086956 4.42 2.0000003212088955 4.419999999999638 2.4126500111955035e-07
15.8125 2.000000528247918 4.42 2.000000528247952 4.419999999999639 3.9677550466495557e-07
15.9375 2.0000003895441343 4.42 2.000000389544148 4.419999999999639 2.9259285286963165e-07
16.0625 2.000000227528699 4.42 2.0000002275287128 4.419999999999639 1.7090045283630125e-07
16.1875 2.0000001168153405 4.42 2.0000001168153503 4.419999999999639 8.774186992060323e-08
16.3125 2.0000000547769736 4.42 2.0000000547769874 4.419999999999639 4.114386207184302e-08
16.4375 2.0000000238945015 4.42 2.000000023894514 4.419999999999641 1.794754306433284e-08
16.5625 2.000000009794845 4.42 2.000000009794853 4.419999999999642 7.357063536790531e-09
16.6875 2.000000003796141 4.42 2.0000000037961527 4.419999999999639 2.8513434431676317e-09
16.8125 2.00000000139639 4.42 2.0000000013963994 4.419999999999639 1.04885094347367e-09
16.9375 2.0000000004887317 4.42 2.000000000488737 4.419999999999642 3.6709291014105447e-10
17.0625 2.0000000001630087 4.42 2.000000000163015 4.419999999999645 1.224382624174479e-10
17.1875 2.0000000000518594 4.42 2.0000000000518643 4.419999999999646 3.895171607363096e-11
17.3125 2.0000000000157447 4.42 2.000000000015746 4.419999999999648 1.182378394443425e-11
17.4375 2.000000000004559 4.42 2.0000000000045617 4.41999999999965 3.424064082240977e-12
17.5625 2.0000000000012577 4.42 2.000000000001261 4.41999999999965 9.453492026144965e-13
17.6875 2.000000000000333 4.42 2.000000000000332 4.419999999999652 2.4851468597291215e-13
17.8125 2.0000000000000835 4.42 2.0000000000000826 4.419999999999655 6.207521160722045e-14
17.9375 2.0000000000000204 4.42 2.0000000000000187 4.419999999999655 1.4685412509578057e-14
18.0625 2.0000000000000058 4.42 2.0000000000000036 4.419999999999655 3.273862560930351e-15
18.1875 2.0000000000000018 4.42 1.9999999999999996 4.419999999999657 6.821465540280686e-16
18.3125 1.999999999999999 4.42 1.9999999999999987 4.419999999999655 1.3095803341512223e-16
18.4375 1.999999999999999 4.42 1.9999999999999982 4.419999999999655 2.2526004271834337e-17
18.5625 1.999999999999999 4.42 1.9999999999999982 4.419999999999655 3.2470451229757577e-18
18.6875 1.999999999999999 4.42 1.9999999999999976 4.419999999999655 3.06488886306849e-19
18.8125 1.999999999999999 4.42 1.9999999999999976 4.419999999999655 -1.970926387775956e-20
18.9375 1.999999999999999 4.42 1.9999999999999976 4.419999999999655 -2.0997746765631944e-20
19.0625 1.999999999999999 4.42 1.9999999999999976 4.419999999999655 -7.416412590413098e-21
19.1875 1.999999999999999 4.42 1.9999999999999976 4.419999999999655 -2.0196850576742936e-21
19.3125 1.999999999999999 4.42 1.9999999999999982 4.4199999999996535 -4.795469821729646e-22
19.4375 1.999999999999999 4.42 1.9999999999999987 4.419999999999654 -1.0363087742791856e-22
19.5625 1.999999999999999 4.42 1.9999999999999982 4.4199999999996535 -2.0794935839713404e-23
19.6875 1.999999999999999 4.42 1.9999999999999982 4.419999999999653 -3.91712255151615e-24
19.8125 1.999999999999999 4.42 1.9999999999999987 4.419999999999653 -6.971695163562433e-25
19.9375 1.999999999999999 4.42 1.9999999999999976 4.419999999999653 -1.177190424551076e-25
20.0625 1.999999999999999 4.42 1.999999999999997 4.4199999999996535 -1.890757597486316e-26
20.1875 1.999999999999999 4.42 1.999999999999997 4.4199999999996535 -2.893556671295461e-27
20.3125 1.999999999999999 4.42 1.9999999999999962 4.4199999999996535 -4.223370350087268e-28
20.4375 1.999999999999999 4.42 1.999999999999997 4.4199999999996535 -5.881650691709571e-29
20.5625 1.999999999999999 4.42 1.999999999999997 4.4199999999996535 -7.814765201370724e-30
20.6875 1.999999999999999 4.42 1.9999999999999976 4.419999999999652 -9.90034257306422e-31
20.8125 1.999999999999999 4.42 1.9999999999999982 4.419999999999652 -1.1944977329459876e-31
20.9375 1.999999999999999 4.42 1.9999999999999976 4.419999999999652 -1.3698442674456298e-32
21.0625 1.999999999999999 4.42 1.9999999999999976 4.41999999999965 -1.4886155797128192e-33
21.1875 1.999999999999999 4.42 1.999999999999997 4.41999999999965 -1.5256449707696942e-34
21.3125 1.999999999999999 4.42 1.999999999999996 4.41999999999965 -1.4633673851942304e-35
21.4375 1.999999999999999 4.42 1.999999999999996 4.419999999999649 -1.2964282047082334e-36
21.5625 1.999999999999999 4.42 1.999999999999996 4.419999999999649 -1.0342698109135129e-37
21.6875 1.999999999999999 4.42 1.9999999999999956 4.41999999999965 -7.007674905386313e-39
21.8125 1.999999999999999 4.42 1.999999999999995 4.41999999999965 -3.3073113098458767e-40
21.9375 1.999999999999999 4.42 1.9999999999999942 4.419999999999652 3.603800524878784e-42
22.0625 1.999999999999999 4.42 1.9999999999999947 4.41999999999965 3.6173956053941074e-42
22.1875 1.999999999999999 4.42 1.9999999999999947 4.419999999999649 6.16927538059152e-43
22.3125 1.999999999999999 4.42 1.9999999999999947 4.419999999999649 7.847597927876126e-44
22.4375 1.999999999999999 4.42 1.9999999999999947 4.419999999999648 8.623273722320799e-45
22.5625 1.999999999999999 4.42 1.9999999999999942 4.419999999999648 8.590853396874958e-46
22.6875 1.999999999999999 4.42 1.9999999999999933 4.41999999999965 7.931474614496866e-47
22.8125 1.999999999999999 4.42 1.9999999999999922 4.41999999999965 6.866290082952759e-48
22.9375 1.999999999999999 4.42 1.9999999999999922 4.41999999999965 5.612421917410396e-49
23.0625 1.999999999999999 4.42 1.999999999999992 4.419999999999648 4.350333912421186e-50
23.1875 1.999999999999999 4.42 1.9999999999999922 4.419999999999646 3.206647879385634e-51
23.3125 1.999999999999999 4.42 1.999999999999993 4.419999999999645 2.2516961084400117e-52
23.4375 1.999999999999999 4.42 1.999999999999993 4.419999999999645 1.5078490196182649e-53
23.5625 1.999999999999999 4.42 1.9999999999999936 4.419999999999643 9.634018146557815e-55
23.6875 1.999999999999999 4.42 1.9999999999999936 4.419999999999643 5.872877688638674e-56
23.8125 1.999999999999999 4.42 1.9999999999999936 4.419999999999644 3.4139735638802406e-57
23.9375 1.999999999999999 4.42 1.999999999999993 4.419999999999645 1.8904090561110707e-58
24.0625 1.999999999999999 4.42 1.9999999999999925 4.419999999999645 9.952641974695324e-60
24.1875 1.999999999999999 4.42 1.9999999999999944 4.419999999999639 4.9677240512015786e-61
24.3125 1.999999999999999 4.42 1.9999999999999956 4.419999999999637 2.340279915629186e-62
24.4375 1.999999999999999 4.42 1.999999999999996 4.419999999999634 1.0331249664820779e-63
24.5625 1.999999999999999 4.42 1.9999999999999978 4.419999999999629 4.221871484767452e-65
24.6875 1.999999999999999 4.42 1.9999999999999982 4.419999999999627 1.5606895560755955e-66
24.8125 1.999999999999999 4.42 1.9999999999999987 4.419999999999626 4.956512554488603e-68
24.9375 1.999999999999999 4.42 1.999999999999999 4.419999999999623 1.1497184111213586e-69
