0.03125 1.999999999999999 4.42 1.9999999995065987 4.420000000000006 -4.003793457677204e-70
0.09375 1.999999999999999 4.42 1.9999999995066022 4.419999999999996 -3.10028924768748e-69
0.15625 1.999999999999999 4.42 1.9999999995066022 4.419999999999995 -2.0164329257222074e-68
0.21875 1.999999999999999 4.42 1.9999999995066027 4.419999999999991 -1.1971437942926539e-67
0.28125 1.999999999999999 4.42 1.9999999995066022 4.419999999999989 -6.704319663991951e-67
0.34375 1.999999999999999 4.42 1.9999999995066027 4.419999999999986 -3.6001438242163e-66
0.40625 1.999999999999999 4.42 1.9999999995066027 4.419999999999982 -1.8711212490761638e-65
0.46875 1.999999999999999 4.42 1.9999999995066027 4.41999999999998 -9.467542854033363e-65
0.53125 1.999999999999999 4.42 1.9999999995066036 4.419999999999977 -4.681823820360618e-64
0.59375 1.999999999999999 4.42 1.999999999506604 4.419999999999973 -2.2689000963112057e-63
0.65625 1.999999999999999 4.42 1.999999999506604 4.4199999999999715 -1.0796763064909657e-62
0.71875 1.999999999999999 4.42 1.999999999506604 4.41999999999997 -5.052285490132954e-62
0.78125 1.999999999999999 4.42 1.999999999506604 4.419999999999968 -2.3274779481577778e-61
0.84375 1.999999999999999 4.42 1.999999999506604 4.419999999999966 -1.0564902049433007e-60
0.90625 1.999999999999999 4.42 1.999999999506604 4.419999999999964 -4.7285315304742537e-60
0.96875 1.999999999999999 4.42 1.999999999506604 4.419999999999963 -2.0878823025968615e-59
1.03125 1.999999999999999 4.42 1.9999999995066067 4.4199999999999555 -9.099039886941364e-59
1.09375 1.999999999999999 4.42 1.9999999995066076 4.419999999999954 -3.9151515696813544e-58
1.15625 1.999999999999999 4.42 1.999999999506608 4.41999999999995 -1.6637515850317588e-57
1.21875 1.999999999999999 4.42 1.999999999506608 4.419999999999947 -6.98415315449243e-57
1.28125 1.999999999999999 4.42 1.999999999506608 4.419999999999945 -2.896688398352563e-56
1.34375 1.999999999999999 4.42 1.999999999506608 4.419999999999943 -1.1871666588356863e-55
1.40625 1.999999999999999 4.42 1.999999999506608 4.41999999999994 -4.808243216412138e-55
1.46875 1.999999999999999 4.42 1.9999999995066093 4.419999999999935 -1.9246606613016414e-54
1.53125 1.999999999999999 4.42 1.9999999995066116 4.419999999999931 -7.614287154550369e-54
1.59375 1.999999999999999 4.42 1.999999999506612 4.419999999999925 -2.977231559962374e-53
1.65625 1.999999999999999 4.42 1.999999999506613 4.419999999999925 -1.1505138179815468e-52
1.71875 1.999999999999999 4.42 1.999999999506613 4.4199999999999235 -4.393804720150234e-52
1.78125 1.999999999999999 4.42 1.999999999506613 4.419999999999922 -1.6581299923453183e-51
1.84375 1.999999999999999 4.42 1.9999999995066142 4.419999999999916 -6.182563431609285e-51
1.90625 1.999999999999999 4.42 1.9999999995066142 4.419999999999915 -2.277278377096913e-50
1.96875 1.999999999999999 4.42 1.9999999995066147 4.419999999999911 -8.284492655247021e-50
2.03125 1.999999999999999 4.42 1.9999999995066147 4.4199999999999084 -2.9757630384972538e-49
2.09375 1.999999999999999 4.42 1.9999999995066147 4.419999999999906 -1.0550291032482932e-48
2.15625 1.999999999999999 4.42 1.9999999995066147 4.419999999999904 -3.6904479413849395e-48
2.21875 1.999999999999999 4.42 1.9999999995066147 4.419999999999902 -1.2729509522619648e-47
2.28125 1.999999999999999 4.42 1.9999999995066147 4.419999999999899 -4.3268626815565847e-47
2.34375 1.999999999999999 4.42 1.9999999995066147 4.419999999999897 -1.4480961508257759e-46
2.40625 1.999999999999999 4.42 1.9999999995066147 4.419999999999895 -4.766666883297355e-46
2.46875 1.999999999999999 4.42 1.9999999995066147 4.419999999999893 -1.541032557512438e-45
2.53125 1.999999999999999 4.42 1.9999999995066147 4.419999999999892 -4.88392660333133e-45
2.59375 1.999999999999999 4.42 1.9999999995066147 4.41999999999989 -1.5134271734381545e-44
2.65625 1.999999999999999 4.42 1.9999999995066147 4.419999999999886 -4.568647830048834e-44
2.71875 1.999999999999999 4.42 1.9999999995066147 4.4199999999998845 -1.3361689566318357e-43
2.78125 1.999999999999999 4.42 1.9999999995066147 4.419999999999881 -3.7532028244107754e-43
2.84375 1.999999999999999 4.42 1.9999999995066147 4.419999999999879 -9.974387744360698e-43
2.90625 1.999999999999999 4.42 1.9999999995066147 4.4199999999998765 -2.4351720591234945e-42
2.96875 1.999999999999999 4.42 1.9999999995066147 4.419999999999874 -5.085290221773357e-42
3.03125 1.999999999999999 4.42 1.9999999995066147 4.419999999999872 -6.897034062129024e-42
3.09375 1.999999999999999 4.42 1.9999999995066147 4.419999999999867 9.4571499118777e-42
3.15625 1.999999999999999 4.42 1.999999999506616 4.419999999999861 1.333693151761316e-40
3.21875 1.999999999999999 4.42 1.9999999995066156 4.4199999999998605 7.548951878250107e-40
3.28125 1.999999999999999 4.42 1.999999999506616 4.41999999999986 3.4311887634935694e-39
3.34375 1.999999999999999 4.42 1.9999999995066173 4.419999999999854 1.403178566439546e-38
3.40625 1.999999999999999 4.42 1.9999999995066176 4.4199999999998525 5.378068716624702e-38
3.46875 1.999999999999999 4.42 1.9999999995066176 4.4199999999998525 1.9697195541396117e-37
3.53125 1.999999999999999 4.42 1.9999999995066176 4.419999999999849 6.968045095399668e-37
3.59375 1.999999999999999 4.42 1.9999999995066182 4.419999999999845 2.3966218722471593e-36
3.65625 1.999999999999999 4.42 1.9999999995066182 4.4199999999998445 8.049000674182709e-36
3.71875 1.999999999999999 4.42 1.9999999995066182 4.419999999999842 2.64747034316652e-35
3.78125 1.999999999999999 4.42 1.9999999995066182 4.41999999999984 8.54664587042569e-35
3.84375 1.999999999999999 4.42 1.9999999995066182 4.419999999999838 2.712213722730896e-34
3.90625 1.999999999999999 4.42 1.9999999995066176 4.4199999999998365 8.471067439974588e-34
3.96875 1.999999999999999 4.42 1.9999999995066176 4.419999999999834 2.6064103442825064e-33
4.03125 1.999999999999999 4.42 1.9999999995066173 4.419999999999834 7.905978888239404e-33
4.09375 1.999999999999999 4.42 1.9999999995066176 4.419999999999831 2.3655346031470872e-32
4.15625 1.999999999999999 4.42 1.9999999995066173 4.419999999999829 6.984994830761698e-32
4.21875 1.999999999999999 4.42 1.9999999995066176 4.419999999999826 2.0362389514835817e-31
4.28125 1.999999999999999 4.42 1.9999999995066176 4.419999999999824 5.862031322215626e-31
4.34375 1.999999999999999 4.42 1.9999999995066182 4.4199999999998205 1.666974471735266e-30
4.40625 1.999999999999999 4.42 1.9999999995066182 4.419999999999819 4.683320222460584e-30
4.46875 1.999999999999999 4.42 1.9999999995066176 4.419999999999819 1.3001294525565887e-29
4.53125 1.999999999999999 4.42 1.9999999995066169 4.419999999999819 3.5667630039506357e-29
4.59375 1.999999999999999 4.42 1.9999999995066176 4.419999999999815 9.670497416647311e-29
4.65625 1.999999999999999 4.42 1.9999999995066182 4.4199999999998125 2.5913628227116674e-28
4.71875 1.999999999999999 4.42 1.9999999995066187 4.41999999999981 6.863046828850996e-28
4.78125 1.999999999999999 4.42 1.99999999950662 4.4199999999998045 1.796412949920961e-27
4.84375 1.999999999999999 4.42 1.9999999995066222 4.419999999999799 4.64700787456371e-27
4.90625 1.999999999999999 4.42 1.9999999995066227 4.419999999999796 1.1879054274809626e-26
4.96875 1.999999999999999 4.42 1.9999999995066229 4.419999999999794 3.0004004484834847e-26
5.03125 1.999999999999999 4.42 1.9999999995066227 4.419999999999794 7.486792811960278e-26
5.09375 1.999999999999999 4.42 1.9999999995066229 4.41999999999979 1.8451945242224962e-25
5.15625 1.999999999999999 4.42 1.999999999506624 4.419999999999787 4.490611845317189e-25
5.21875 1.999999999999999 4.42 1.9999999995066253 4.419999999999781 1.0788108353212093e-24
5.28125 1.999999999999999 4.42 1.9999999995066275 4.419999999999776 2.557329998052712e-24
5.34375 1.999999999999999 4.42 1.9999999995066282 4.4199999999997726 5.97877898615881e-24
5.40625 1.999999999999999 4.42 1.9999999995066282 4.41999999999977 1.3776866515677294e-23
5.46875 1.999999999999999 4.42 1.9999999995066289 4.419999999999767 3.1264914036512736e-23
5.53125 1.999999999999999 4.42 1.9999999995066289 4.4199999999997654 6.980618709954213e-23
5.59375 1.999999999999999 4.42 1.9999999995066289 4.419999999999764 1.5314050791412638e-22
5.65625 1.999999999999999 4.42 1.9999999995066293 4.419999999999758 3.2952537647922248e-22
5.71875 1.999999999999999 4.42 1.9999999995066293 4.419999999999758 6.938397225712931e-22
5.78125 1.999999999999999 4.42 1.9999999995066302 4.419999999999757 1.4247827369012723e-21
5.84375 1.999999999999999 4.42 1.9999999995066302 4.419999999999757 2.839370569031387e-21
5.90625 1.999999999999999 4.42 1.9999999995066307 4.419999999999755 5.44950890910029e-21
5.96875 1.999999999999999 4.42 1.9999999995066307 4.419999999999751 9.944158298563714e-21
6.03125 1.999999999999999 4.42 1.9999999995066333 4.419999999999745 1.683955802877859e-20
6.09375 1.999999999999999 4.42 1.9999999995066342 4.419999999999742 2.5051785044004933e-20
6.15625 1.999999999999999 4.42 1.9999999995066342 4.419999999999741 2.740528868930065e-20
6.21875 1.999999999999999 4.42 1.9999999995066342 4.419999999999738 -1.9289258172990763e-21
6.28125 1.999999999999999 4.42 1.9999999995066342 4.419999999999735 -1.4017862304362418e-19
6.34375 1.999999999999999 4.42 1.9999999995066342 4.4199999999997335 -5.9727403593566045e-19
6.40625 1.999999999999999 4.42 1.9999999995066347 4.41999999999973 -1.9104035673239254e-18
6.46875 1.999999999999999 4.42 1.9999999995066355 4.419999999999728 -5.395897040893431e-18
6.53125 1.999999999999999 4.42 1.999999999506636 4.419999999999728 -1.4172635144106045e-17
6.59375 1.999999999999999 4.42 1.999999999506636 4.419999999999726 -3.5429167569282213e-17
6.65625 1.999999999999999 4.42 1.999999999506636 4.419999999999725 -8.534713940380537e-17
6.71875 1.999999999999999 4.42 1.999999999506636 4.419999999999725 -1.996000429606432e-16
6.78125 2.0 4.42 1.999999999506636 4.419999999999723 -4.553629995606369e-16
6.84375 1.9999999999999996 4.42 1.9999999995066355 4.419999999999719 -1.0167180356264946e-15
6.90625 1.9999999999999967 4.42 1.9999999995066342 4.4199999999997175 -2.226894517287864e-15
6.96875 1.9999999999999938 4.42 1.9999999995066307 4.419999999999716 -4.7928992723670935e-15
7.03125 1.9999999999999856 4.42 1.9999999995066235 4.419999999999714 -1.0149798143363878e-14
7.09375 1.999999999999972 4.42 1.9999999995066093 4.419999999999712 -2.1169426434468405e-14
7.15625 1.9999999999999436 4.42 1.99999999950658 4.419999999999709 -4.352028380639294e-14
7.21875 1.999999999999885 4.42 1.9999999995065214 4.419999999999706 -8.824162729183831e-14
7.28125 1.9999999999997653 4.42 1.9999999995064042 4.419999999999703 -1.765504987103273e-13
7.34375 1.9999999999995364 4.42 1.999999999506176 4.4199999999997015 -3.4869878558211256e-13
7.40625 1.999999999999097 4.42 1.9999999995057354 4.419999999999698 -6.800747887373828e-13
7.46875 1.9999999999982536 4.42 1.9999999995048974 4.419999999999694 -1.3100830926616375e-12
7.53125 1.99999999999668 4.42 1.9999999995033226 4.419999999999691 -2.4932458599455e-12
7.59375 1.9999999999937574 4.42 1.999999999500401 4.4199999999996855 -4.688392804143842e-12
7.65625 1.9999999999884026 4.42 1.9999999994950448 4.419999999999681 -8.71217953361179e-12
7.71875 1.9999999999787 4.42 1.9999999994853426 4.419999999999681 -1.5999612188650176e-11
7.78125 1.99999999996134 4.42 1.9999999994679818 4.41999999999968 -2.9039792611471703e-11
7.84375 1.9999999999306444 4.42 1.9999999994372888 4.419999999999678 -5.2093915604236066e-11
7.90625 1.9999999998770366 4.42 1.999999999383682 4.419999999999673 -9.236014962645237e-11
7.96875 1.9999999997845412 4.42 1.9999999992911892 4.4199999999996695 -1.6183318890323987e-10
8.03125 1.9999999996269242 4.42 1.9999999991335717 4.419999999999668 -2.8022250166414554e-10
8.09375 1.9999999993616822 4.42 1.9999999988683306 4.419999999999666 -4.794494381885033e-10
8.15625 1.9999999989210147 4.42 1.9999999984276644 4.419999999999661 -8.10442429110603e-10
8.21875 1.9999999981984322 4.42 1.9999999977050833 4.419999999999658 -1.3531848884076558e-09
8.28125 1.999999997029464 4.42 1.9999999965361162 4.419999999999655 -2.2312156971162697e-09
8.34375 1.9999999951645604 4.42 1.9999999946712133 4.419999999999653 -3.631974219148933e-09
8.40625 1.9999999922323666 4.42 1.9999999917390174 4.41999999999965 -5.834394601838469e-09
8.46875 1.9999999876919707 4.42 1.999999987198621 4.419999999999648 -9.244758734380355e-09
8.53125 1.9999999807744435 4.42 1.9999999802810935 4.419999999999646 -1.444062428085364e-08
8.59375 1.9999999704173193 4.42 1.999999969923973 4.419999999999643 -2.2220023413817202e-08
8.65625 1.9999999552025245 4.42 1.9999999547091771 4.419999999999639 -3.364810060345147e-08
8.71875 1.999999933319938 4.42 1.9999999328265932 4.419999999999634 -5.00844594839887e-08
8.78125 1.9999999025987938 4.42 1.9999999021054489 4.419999999999629 -7.315960195901896e-08
8.84375 1.9999998606806224 4.42 1.99999986018728 4.419999999999626 -1.046450073705699e-07
8.90625 1.999999805456643 4.42 1.9999998049633014 4.419999999999623 -1.461246173463636e-07
8.96875 1.9999997359654547 4.42 1.9999997354721137 4.419999999999622 -1.9832055356516146e-07
9.03125 1.9999996540530247 4.42 1.9999996535596825 4.419999999999621 -2.598462797269504e-07
9.09375 1.9999995672461064 4.42 1.9999995667527635 4.419999999999618 -3.250483311046408e-07
9.15625 1.9999994934944283 4.42 1.9999994930010891 4.4199999999996145 -3.8044437996817056e-07
9.21875 1.9999994687083373 4.42 1.9999994682149969 4.419999999999609 -3.990616064219827e-07
9.28125 1.9999995583682346 4.42 1.9999995578748964 4.419999999999607 -3.31716640591852e-07
9.34375 1.9999998749185244 4.42 1.9999998744251881 4.419999999999606 -9.39506915416835e-08
9.40625 2.00000060318282 4.42 2.0000006026894868 4.419999999999602 4.530603240697041e-07
9.46875 2.0000020366404723 4.42 2.000002036147146 4.4199999999996 1.529753980297915e-06
9.53125 2.0000046280614923 4.42 2.000004627568181 4.4199999999995985 3.4762149433038535e-06
9.59375 2.000009058661019 4.42 2.0000090581677474 4.419999999999593 6.804120370200431e-06
9.65625 2.000016330530938 4.42 2.000016330037756 4.419999999999588 1.2266172538001058e-05
9.71875 2.00002788752694 4.42 2.0000278870339443 4.4199999999995825 2.0946912307718176e-05
9.78125 2.0000457698896685 4.42 2.0000457693970635 4.419999999999577 3.437888657929601e-05
9.84375 2.0000728074773066 4.42 2.000072806985484 4.41999999999957 5.468784914051539e-05
9.90625 2.0001128553710936 4.42 2.0001128548807845 4.419999999999565 8.47698499292316e-05
9.96875 2.0001710735538842 4.42 2.0001710730664124 4.419999999999561 0.00012850154243721726
10.03125 2.000254249125968 4.42 2.000254248643639 4.419999999999554 0.0001909826458667602
10.09375 2.000371154918048 4.42 2.0003711544447187 4.419999999999549 0.00027880609774585296
10.15625 2.0005329322708594 4.42 2.0005329318127716 4.419999999999543 0.00040034694173355593
10.21875 2.000753478184516 4.42 2.000753477751383 4.419999999999535 0.0005660554261655719
10.28125 2.001049808192627 4.42 2.00104980779897 4.419999999999529 0.0007887332867798587
10.34375 2.00144235662283 4.42 2.0014423562894565 4.419999999999525 0.001083765068175486
10.40625 2.0019551660922312 4.42 2.001955165847608 4.4199999999995185 0.0014692691192730424
10.46875 2.002615909196887 4.42 2.0026159090779547 4.419999999999511 0.0019661263086395773
10.53125 2.0034556787437716 4.42 2.0034556787956426 4.419999999999506 0.002597839480069819
10.59375 2.004508480152186 4.42 2.004508480425936 4.419999999999503 0.0033901743036548818
10.65625 2.0058103625633996 4.42 2.0058103631112116 4.419999999999499 0.004370533653136037
10.71875 2.0073981354271564 4.42 2.0073981362943054 4.419999999999493 0.005567024104157814
10.78125 2.009307636236342 4.42 2.0093076374501972 4.419999999999485 0.007007185562588836
10.84375 2.0115715433586794 4.42 2.011571544915765 4.419999999999478 0.008716373997397405
10.90625 2.0142167652743876 4.42 2.014216767127942 4.419999999999471 0.01071581282047236
10.96875 2.0172614823958845 4.42 2.0172614844476673 4.419999999999466 0.013020359959317548
11.03125 2.020711967000993 4.42 2.0207119691019457 4.419999999999466 0.01563607359493098
11.09375 2.024559356251523 4.42 2.0245593582157273 4.419999999999465 0.01855769747427637
11.15625 2.028776597338898 4.42 2.0287765989737707 4.41999999999946 0.021766223390745052
11.21875 2.03331581659641 4.42 2.0333158177488597 4.4199999999994555 0.02522671991030791
11.28125 2.038106380400888 4.42 2.0381063810146838 4.419999999999449 0.028886638374096246
11.34375 2.043053910524253 4.42 2.04305391069936 4.419999999999442 0.03267481533066286
11.40625 2.048040487888551 4.42 2.048040487929521 4.419999999999439 0.036501381084238345
11.46875 2.0529262263765427 4.42 2.0529262268160755 4.4199999999994315 0.04025875432072879
11.53125 2.057552324804311 4.42 2.057552326390236 4.419999999999428 0.043823851741497465
11.59375 2.0617456148244035 4.42 2.061745618463677 4.419999999999429 0.04706157029590306
11.65625 2.0653245214388822 4.42 2.0653245280997696 4.41999999999943 0.04982951126378543
11.71875 2.068106248010063 4.42 2.068106258591703 4.419999999999424 0.051983815731628635
11.78125 2.0699148966835197 4.42 2.069914911869124 4.419999999999424 0.05338587762874967
11.84375 2.070590145523421 4.42 2.0705901656378165 4.419999999999424 0.053909602651500035
11.90625 2.0699960325445845 4.42 2.069996057438554 4.419999999999424 0.053448799007006796
11.96875 2.068029350502685 4.42 2.068029379485151 4.419999999999421 0.05192422853819394
12.03125 2.064627139691989 4.42 2.0646271715276114 4.419999999999418 0.04928982261350742
12.09375 2.0597727820793503 4.42 2.059772815063498 4.419999999999414 0.04553758186163458
12.15625 2.0535002494133012 4.42 2.053500281529006 4.41999999999941 0.040700734725941205
12.21875 2.045896138326955 4.42 2.0458961674786593 4.419999999999405 0.034854825297487284
12.28125 2.0370992321733667 4.42 2.0370992564800234 4.419999999999401 0.028116530264597768
12.34375 2.0272974557285544 4.42 2.027297473843548 4.419999999999401 0.0206401586194423
12.40625 2.0167222274598937 4.42 2.0167222388692583 4.419999999999403 0.012611953511883283
12.46875 2.0056403577597015 4.42 2.00564036299682 4.419999999999403 0.004242479026349397
12.53125 1.994343784978255 4.42 1.994343785688733 4.419999999999403 -0.004242479026349397
12.59375 1.9831375808319476 4.42 1.9831375796340458 4.4199999999993995 -0.012611953511883283
12.65625 1.9723267903832884 4.42 1.9723267905024637 4.419999999999396 -0.0206401586194423
12.71875 1.9622027953035857 4.42 1.9622028000141927 4.4199999999993915 -0.028116530264597768
12.78125 1.9530299934264206 4.42 1.9530300053981962 4.419999999999389 -0.034854825297487284
12.84375 1.9450336555324972 4.42 1.9450336762330005 4.419999999999389 -0.040700734725941205
12.90625 1.9383898269702962 4.42 1.9383898562898971 4.419999999999388 -0.04553758186163458
12.96875 1.9332180601431368 4.42 1.9332180963677685 4.419999999999385 -0.04928982261350742
13.03125 1.9295775761332583 4.42 1.9295776162948626 4.419999999999383 -0.05192422853819394
13.09375 1.9274671635578149 4.42 1.9274672040744547 4.419999999999382 -0.053448799007006796
13.15625 1.926828763177713 4.42 1.9268288006023773 4.419999999999382 -0.053909602651500035
13.21875 1.9275543162826825 4.42 1.9275543479527188 4.419999999999378 -0.05338587762874967
13.28125 1.9294951414804913 4.42 1.9294951659083228 4.419999999999375 -0.051983815731628635
13.34375 1.932472904139538 4.42 1.9324729210839289 4.41999999999937 -0.04982951126378543
13.40625 1.9362911819950392 4.42 1.936291192255403 4.4199999999993675 -0.04706157029590306
13.46875 1.9407467016538307 4.42 1.940746706698047 4.419999999999365 -0.043823851741497465
13.53125 1.945639489756994 4.42 1.9456394913102328 4.419999999999362 -0.04025875432072879
13.59375 1.9507814036277136 4.42 1.9507814033241737 4.41999999999936 -0.036501381084238345
13.65625 1.9560027363711705 4.42 1.9560027355242002 4.419999999999362 -0.03267481533066286
13.71875 1.961156799227795 4.42 1.9611567987282565 4.419999999999362 -0.028886638374096246
13.78125 1.9661225520462815 4.42 1.9661225523669332 4.419999999999362 -0.02522671991030791
13.84375 1.9708054752628168 4.42 1.9708054765318046 4.41999999999936 -0.021766223390745052
13.90625 1.97513695565693 4.42 1.9751369577627362 4.419999999999356 -0.01855769747427637
13.96875 1.9790724992377453 4.42 1.9790725019357722 4.419999999999353 -0.01563607359493098
14.03125 1.9825890950625131 4.42 1.9825890980643912 4.419999999999352 -0.013020359959317548
14.09375 1.98568204069473 4.42 1.98568204373169 4.419999999999349 -0.01071581282047236
14.15625 1.9883615098336094 4.42 1.9883615126932104 4.419999999999349 -0.008716373997397405
14.21875 1.990649101101428 4.42 1.9906491036416791 4.419999999999346 -0.007007185562588836
14.28125 1.9925745590471529 4.42 1.9925745611943921 4.419999999999341 -0.005567024104157814
14.34375 1.9941728084078694 4.42 1.9941728101449239 4.419999999999337 -0.004370533653136037
14.40625 1.9954813941475182 4.42 1.9954813954977797 4.419999999999332 -0.0033901743036548818
14.46875 1.9965383755976993 4.42 1.9965383766091276 4.419999999999327 -0.002597839480069819
14.53125 1.9973806851946327 4.42 1.9973806859262253 4.419999999999327 -0.0019661263086395773
14.59375 1.9980429320740218 4.42 1.9980429325857973 4.419999999999327 -0.0014692691192730424
14.65625 1.9985566086187503 4.42 1.998556608965369 4.419999999999325 -0.001083765068175486
14.71875 1.998949643747067 4.42 1.9989496439745253 4.419999999999323 -0.0007887332867798587
14.78125 1.9992462395319386 4.42 1.9992462396766326 4.419999999999323 -0.0005660554261655719
14.84375 1.9994669265272584 4.42 1.999466926616507 4.41999999999932 -0.00040034694173355593
14.90625 1.9996287766006693 4.42 1.9996287766540424 4.419999999999317 -0.00027880609774585296
14.96875 1.999745718740746 4.42 1.9997457187716847 4.419999999999314 -0.0001909826458667602
15.03125 1.9998289118987675 4.42 1.9998289119161308 4.4199999999993125 -0.00012850154243721726
15.09375 1.9998871382982322 4.42 1.9998871383076562 4.419999999999307 -8.47698499292316e-05
15.15625 1.9999271898878856 4.42 1.9999271898928153 4.419999999999303 -5.468784914051539e-05
15.21875 1.9999542290690875 4.42 1.999954229071562 4.419999999999298 -3.437888657929601e-05
15.28125 1.999972112086508 4.42 1.9999721120876781 4.419999999999298 -2.0946912307718176e-05
15.34375 1.9999836693365092 4.42 1.9999836693370143 4.4199999999992965 -1.2266172538001058e-05
15.40625 1.9999909412981962 4.42 1.999990941298374 4.419999999999296 -6.804120370200431e-06
15.46875 1.9999953719278634 4.42 1.9999953719278867 4.419999999999296 -3.4762149433038535e-06
15.53125 1.9999979633574652 4.42 1.9999979633574196 4.419999999999295 -1.529753980297915e-06
15.59375 1.9999993968169991 4.42 1.9999993968169232 4.419999999999292 -4.530603240697041e-07
15.65625 2.000000125081466 4.42 2.000000125081381 4.419999999999288 9.39506915416835e-08
15.71875 2.0000004416316695 4.42 2.0000004416315793 4.419999999999285 3.31716640591852e-07
15.78125 2.0000005312915214 4.42 2.000000531291433 4.419999999999282 3.990616064219827e-07
15.84375 2.0000005065054443 4.42 2.0000005065053523 4.419999999999279 3.8044437996817056e-07
15.90625 2.000000432753801 4.42 2.000000432753713 4.419999999999275 3.250483311046408e-07
15.96875 2.000000345946915 4.42 2.0000003459468285 4.419999999999272 2.598462797269504e-07
16.03125 2.000000264034513 4.42 2.0000002640344245 4.419999999999266 1.9832055356516146e-07
16.09375 2.000000194543338 4.42 2.0000001945432526 4.4199999999992645 1.461246173463636e-07
16.15625 2.000000139319372 4.42 2.0000001393192823 4.4199999999992645 1.046450073705699e-07
16.21875 2.0000000974012044 4.42 2.0000000974011183 4.419999999999264 7.315960195901896e-08
16.28125 2.0000000666800615 4.42 2.000000066679976 4.41999999999926 5.00844594839887e-08
16.34375 2.0000000447974795 4.42 2.0000000447973942 4.419999999999254 3.364810060345147e-08
16.40625 2.0000000295826794 4.42 2.0000000295825986 4.41999999999925 2.2220023413817202e-08
16.46875 2.0000000192255567 4.42 2.000000019225477 4.41999999999925 1.444062428085364e-08
16.53125 2.0000000123080324 4.42 2.0000000123079493 4.419999999999252 9.244758734380355e-09
16.59375 2.000000007767633 4.42 2.000000007767553 4.419999999999254 5.834394601838469e-09
16.65625 2.000000004835439 4.42 2.0000000048353557 4.419999999999254 3.631974219148933e-09
16.71875 2.000000002970533 4.42 2.0000000029704528 4.419999999999253 2.2312156971162697e-09
16.78125 2.0000000018015656 4.42 2.000000001801485 4.41999999999925 1.3531848884076558e-09
16.84375 2.000000001078983 4.42 2.000000001078905 4.419999999999245 8.10442429110603e-10
16.90625 2.0000000006383156 4.42 2.000000000638238 4.419999999999241 4.794494381885033e-10
16.96875 2.0000000003730753 4.42 2.0000000003729976 4.419999999999237 2.8022250166414554e-10
17.03125 2.0000000002154583 4.42 2.000000000215381 4.419999999999234 1.6183318890323987e-10
17.09375 2.0000000001229656 4.42 2.000000000122887 4.419999999999237 9.236014962645237e-11
17.15625 2.000000000069354 4.42 2.000000000069279 4.419999999999237 5.2093915604236066e-11
17.21875 2.0000000000386615 4.42 2.000000000038585 4.419999999999238 2.9039792611471703e-11
17.28125 2.000000000021303 4.42 2.0000000000212257 4.4199999999992325 1.5999612188650176e-11
17.34375 2.0000000000115987 4.42 2.000000000011526 4.419999999999224 8.71217953361179e-12
17.40625 2.0000000000062412 4.42 2.0000000000061693 4.419999999999218 4.688392804143842e-12
17.46875 2.0000000000033196 4.42 2.000000000003248 4.419999999999215 2.4932458599455e-12
17.53125 2.000000000001744 4.42 2.000000000001674 4.419999999999211 1.3100830926616375e-12
17.59375 2.000000000000906 4.42 2.0000000000008367 4.419999999999208 6.800747887373828e-13
17.65625 2.000000000000464 4.42 2.000000000000397 4.419999999999204 3.4869878558211256e-13
17.71875 2.000000000000236 4.42 2.0000000000001696 4.419999999999197 1.765504987103273e-13
17.78125 2.000000000000119 4.42 2.000000000000054 4.419999999999191 8.824162729183831e-14
17.84375 2.0000000000000586 4.42 1.999999999999996 4.419999999999188 4.352028380639294e-14
17.90625 2.0000000000000275 4.42 1.9999999999999667 4.419999999999186 2.1169426434468405e-14
17.96875 2.000000000000014 4.42 1.9999999999999523 4.4199999999991855 1.0149798143363878e-14
18.03125 2.0000000000000067 4.42 1.9999999999999454 4.419999999999184 4.7928992723670935e-15
18.09375 2.000000000000005 4.42 1.9999999999999427 4.419999999999181 2.226894517287864e-15
18.15625 2.0000000000000018 4.42 1.9999999999999427 4.419999999999176 1.0167180356264946e-15
18.21875 2.0 4.42 1.9999999999999416 4.419999999999176 4.553629995606369e-16
18.28125 1.999999999999999 4.42 1.9999999999999423 4.419999999999175 1.996000429606432e-16
18.34375 1.999999999999999 4.42 1.9999999999999427 4.41999999999917 8.534713940380537e-17
18.40625 1.999999999999999 4.42 1.9999999999999443 4.419999999999165 3.5429167569282213e-17
18.46875 1.999999999999999 4.42 1.9999999999999443 4.419999999999164 1.4172635144106045e-17
18.53125 1.999999999999999 4.42 1.999999999999945 4.419999999999163 5.395897040893431e-18
18.59375 1.999999999999999 4.42 1.999999999999945 4.419999999999164 1.9104035673239254e-18
18.65625 1.999999999999999 4.42 1.999999999999945 4.419999999999164 5.9727403593566045e-19
18.71875 1.999999999999999 4.42 1.9999999999999454 4.419999999999163 1.4017862304362418e-19
18.78125 1.999999999999999 4.42 1.9999999999999456 4.4199999999991615 1.9289258172990763e-21
18.84375 1.999999999999999 4.42 1.9999999999999467 4.41999999999916 -2.740528868930065e-20
18.90625 1.999999999999999 4.42 1.999999999999947 4.41999999999916 -2.5051785044004933e-20
18.96875 1.999999999999999 4.42 1.999999999999947 4.419999999999158 -1.683955802877859e-20
19.03125 1.999999999999999 4.42 1.999999999999948 4.419999999999156 -9.944158298563714e-21
19.09375 1.999999999999999 4.42 1.9999999999999494 4.419999999999151 -5.44950890910029e-21
19.15625 1.999999999999999 4.42 1.9999999999999503 4.419999999999147 -2.839370569031387e-21
19.21875 1.999999999999999 4.42 1.9999999999999496 4.419999999999148 -1.4247827369012723e-21
19.28125 1.999999999999999 4.42 1.9999999999999496 4.419999999999147 -6.938397225712931e-22
19.34375 1.999999999999999 4.42 1.9999999999999503 4.419999999999147 -3.2952537647922248e-22
19.40625 1.999999999999999 4.42 1.9999999999999503 4.419999999999147 -1.5314050791412638e-22
19.46875 1.999999999999999 4.42 1.9999999999999503 4.4199999999991455 -6.980618709954213e-23
19.53125 1.999999999999999 4.42 1.9999999999999496 4.4199999999991455 -3.1264914036512736e-23
19.59375 1.999999999999999 4.42 1.9999999999999503 4.419999999999142 -1.3776866515677294e-23
19.65625 1.999999999999999 4.42 1.9999999999999507 4.419999999999138 -5.97877898615881e-24
19.71875 1.999999999999999 4.42 1.9999999999999496 4.41999999999914 -2.557329998052712e-24
19.78125 1.999999999999999 4.42 1.999999999999951 4.4199999999991375 -1.0788108353212093e-24
19.84375 1.999999999999999 4.42 1.999999999999951 4.4199999999991375 -4.490611845317189e-25
19.90625 1.999999999999999 4.42 1.9999999999999516 4.419999999999136 -1.8451945242224962e-25
19.96875 1.999999999999999 4.42 1.999999999999952 4.419999999999133 -7.486792811960278e-26
20.03125 1.999999999999999 4.42 1.9999999999999534 4.4199999999991295 -3.0004004484834847e-26
20.09375 1.999999999999999 4.42 1.999999999999955 4.419999999999124 -1.1879054274809626e-26
20.15625 1.999999999999999 4.42 1.999999999999956 4.419999999999122 -4.64700787456371e-27
20.21875 1.999999999999999 4.42 1.9999999999999563 4.419999999999122 -1.796412949920961e-27
20.28125 1.999999999999999 4.42 1.999999999999957 4.419999999999122 -6.863046828850996e-28
20.34375 1.999999999999999 4.42 1.999999999999957 4.41999999999912 -2.5913628227116674e-28
20.40625 1.999999999999999 4.42 1.9999999999999574 4.419999999999117 -9.670497416647311e-29
20.46875 1.999999999999999 4.42 1.9999999999999574 4.419999999999115 -3.5667630039506357e-29
20.53125 1.999999999999999 4.42 1.9999999999999583 4.4199999999991135 -1.3001294525565887e-29
20.59375 1.999999999999999 4.42 1.9999999999999587 4.419999999999111 -4.683320222460584e-30
20.65625 1.999999999999999 4.42 1.9999999999999614 4.419999999999105 -1.666974471735266e-30
20.71875 1.999999999999999 4.42 1.9999999999999623 4.419999999999101 -5.862031322215626e-31
20.78125 1.999999999999999 4.42 1.9999999999999627 4.419999999999099 -2.0362389514835817e-31
20.84375 1.999999999999999 4.42 1.999999999999964 4.419999999999095 -6.984994830761698e-32
20.90625 1.999999999999999 4.42 1.9999999999999656 4.41999999999909 -2.3655346031470872e-32
20.96875 1.999999999999999 4.42 1.9999999999999662 4.419999999999089 -7.905978888239404e-33
21.03125 1.999999999999999 4.42 1.9999999999999667 4.419999999999089 -2.6064103442825064e-33
21.09375 1.999999999999999 4.42 1.9999999999999667 4.419999999999089 -8.471067439974588e-34
21.15625 1.999999999999999 4.42 1.9999999999999676 4.419999999999087 -2.712213722730896e-34
21.21875 1.999999999999999 4.42 1.999999999999968 4.419999999999085 -8.54664587042569e-35
21.28125 1.999999999999999 4.42 1.9999999999999682 4.419999999999085 -2.64747034316652e-35
21.34375 1.999999999999999 4.42 1.9999999999999694 4.419999999999083 -8.049000674182709e-36
21.40625 1.999999999999999 4.42 1.9999999999999707 4.41999999999908 -2.3966218722471593e-36
21.46875 1.999999999999999 4.42 1.9999999999999707 4.41999999999908 -6.968045095399668e-37
21.53125 1.999999999999999 4.42 1.9999999999999707 4.41999999999908 -1.9697195541396117e-37
21.59375 1.999999999999999 4.42 1.9999999999999702 4.41999999999908 -5.378068716624702e-38
21.65625 1.999999999999999 4.42 1.9999999999999696 4.419999999999078 -1.403178566439546e-38
21.71875 1.999999999999999 4.42 1.9999999999999696 4.4199999999990744 -3.4311887634935694e-39
21.78125 1.999999999999999 4.42 1.9999999999999702 4.419999999999073 -7.548951878250107e-40
21.84375 1.999999999999999 4.42 1.999999999999971 4.419999999999071 -1.333693151761316e-40
21.90625 1.999999999999999 4.42 1.9999999999999707 4.419999999999072 -9.4571499118777e-42
21.96875 1.999999999999999 4.42 1.9999999999999707 4.419999999999072 6.897034062129024e-42
22.03125 1.999999999999999 4.42 1.999999999999971 4.419999999999072 5.085290221773357e-42
22.09375 1.999999999999999 4.42 1.999999999999971 4.419999999999071 2.4351720591234945e-42
22.15625 1.999999999999999 4.42 1.9999999999999716 4.419999999999069 9.974387744360698e-43
22.21875 1.999999999999999 4.42 1.9999999999999722 4.419999999999068 3.7532028244107754e-43
22.28125 1.999999999999999 4.42 1.999999999999973 4.419999999999068 1.3361689566318357e-43
22.34375 1.999999999999999 4.42 1.9999999999999734 4.4199999999990665 4.568647830048834e-44
22.40625 1.999999999999999 4.42 1.9999999999999742 4.419999999999064 1.5134271734381545e-44
22.46875 1.999999999999999 4.42 1.9999999999999747 4.419999999999062 4.88392660333133e-45
22.53125 1.999999999999999 4.42 1.999999999999977 4.419999999999058 1.541032557512438e-45
22.59375 1.999999999999999 4.42 1.999999999999977 4.4199999999990585 4.766666883297355e-46
22.65625 1.999999999999999 4.42 1.9999999999999774 4.4199999999990585 1.4480961508257759e-46
22.71875 1.999999999999999 4.42 1.9999999999999774 4.4199999999990585 4.3268626815565847e-47
22.78125 1.999999999999999 4.42 1.9999999999999776 4.419999999999055 1.2729509522619648e-47
22.84375 1.999999999999999 4.42 1.9999999999999782 4.419999999999051 3.6904479413849395e-48
22.90625 1.999999999999999 4.42 1.9999999999999787 4.419999999999048 1.0550291032482932e-48
22.96875 1.999999999999999 4.42 1.9999999999999796 4.419999999999044 2.9757630384972538e-49
23.03125 1.999999999999999 4.42 1.9999999999999796 4.419999999999044 8.284492655247021e-50
23.09375 1.999999999999999 4.42 1.9999999999999796 4.419999999999041 2.277278377096913e-50
23.15625 1.999999999999999 4.42 1.9999999999999796 4.419999999999041 6.182563431609285e-51
23.21875 1.999999999999999 4.42 1.99999999999998 4.419999999999039 1.6581299923453183e-51
23.28125 1.999999999999999 4.42 1.9999999999999816 4.419999999999035 4.393804720150234e-52
23.34375 1.999999999999999 4.42 1.9999999999999816 4.4199999999990345 1.1505138179815468e-52
23.40625 1.999999999999999 4.42 1.9999999999999822 4.41999999999903 2.977231559962374e-53
23.46875 1.999999999999999 4.42 1.9999999999999827 4.419999999999028 7.614287154550369e-54
23.53125 1.999999999999999 4.42 1.999999999999983 4.4199999999990265 1.9246606613016414e-54
23.59375 1.999999999999999 4.42 1.9999999999999836 4.419999999999026 4.808243216412138e-55
23.65625 1.999999999999999 4.42 1.9999999999999836 4.4199999999990265 1.1871666588356863e-55
23.71875 1.999999999999999 4.42 1.9999999999999836 4.4199999999990265 2.896688398352563e-56
23.78125 1.999999999999999 4.42 1.999999999999984 4.419999999999023 6.98415315449243e-57
23.84375 1.999999999999999 4.42 1.999999999999985 4.419999999999019 1.6637515850317588e-57
23.90625 1.999999999999999 4.42 1.9999999999999853 4.419999999999016 3.9151515696813544e-58
23.96875 1.999999999999999 4.42 1.9999999999999853 4.419999999999012 9.099039886941364e-59
24.03125 1.999999999999999 4.42 1.9999999999999876 4.419999999999007 2.0878823025968615e-59
24.09375 1.999999999999999 4.42 1.9999999999999882 4.419999999999005 4.7285315304742537e-60
24.15625 1.999999999999999 4.42 1.999999999999989 4.419999999999003 1.0564902049433007e-60
24.21875 1.999999999999999 4.42 1.9999999999999902 4.419999999999 2.3274779481577778e-61
24.28125 1.999999999999999 4.42 1.9999999999999907 4.419999999998997 5.052285490132954e-62
24.34375 1.999999999999999 4.42 1.999999999999992 4.419999999998993 1.0796763064909657e-62
24.40625 1.999999999999999 4.42 1.9999999999999922 4.419999999998992 2.2689000963112057e-63
24.46875 1.999999999999999 4.42 1.999999999999993 4.419999999998991 4.681823820360618e-64
24.53125 1.999999999999999 4.42 1.9999999999999936 4.419999999998989 9.467542854033363e-65
24.59375 1.999999999999999 4.42 1.9999999999999947 4.419999999998986 1.8711212490761638e-65
24.65625 1.999999999999999 4.42 1.9999999999999956 4.419999999998983 3.6001438242163e-66
24.71875 1.999999999999999 4.42 1.999999999999996 4.419999999998981 6.704319663991951e-67
24.78125 1.999999999999999 4.42 1.9999999999999962 4.41999999999898 1.1971437942926539e-67
24.84375 1.999999999999999 4.42 1.999999999999997 4.4199999999989785 2.0164329257222074e-68
24.90625 1.999999999999999 4.42 1.9999999999999976 4.419999999998977 3.10028924768748e-69
24.96875 1.999999999999999 4.42 1.999999999999999 4.419999999998973 4.003793457677204e-70

