0.2500000000000000 1.9999999999999989 4.4199999999999999 1.9998441571836501 4.4200000000016200 -0.0000000000000000
0.7500000000000000 1.9999999999999989 4.4199999999999999 1.9998441571840471 4.4200000000014761 -0.0000000000000000
1.2500000000000000 1.9999999999999989 4.4199999999999999 1.9998441571824541 4.4200000000055786 -0.0000000000000000
1.7500000000000000 1.9999999999999989 4.4199999999999999 1.9998441571815384 4.4200000000079642 -0.0000000000000000
2.2500000000000000 1.9999999999999989 4.4199999999999999 1.9998441571800005 4.4200000000114859 -0.0000000000000000
2.7500000000000000 1.9999999999999989 4.4199999999999999 1.9998441571787511 4.4200000000141015 -0.0000000000000000
3.2500000000000000 1.9999999999999989 4.4199999999999999 1.9998441571775198 4.4200000000163842 0.0000000000000000
3.7500000000000000 1.9999999999999989 4.4199999999999999 1.9998441571765260 4.4200000000178337 0.0000000000000000
4.2500000000000000 1.9999999999999989 4.4199999999999999 1.9998441571757053 4.4200000000185726 0.0000000000000000
4.7500000000000000 1.9999999999999989 4.4199999999999999 1.9998441571750634 4.4200000000185735 0.0000000000000000
5.2500000000000000 1.9999999999999989 4.4199999999999999 1.9998441571745413 4.4200000000179500 0.0000000000000000
5.7500000000000000 1.9999999999999989 4.4199999999999999 1.9998441571740946 4.4200000000167901 0.0000000000000000
6.2500000000000000 1.9999999999999989 4.4199999999999999 1.9998441571736782 4.4200000000151887 -0.0000000000000000
6.7500000000000000 2.0000000000000000 4.4199999999999999 1.9998441571732721 4.4200000000131823 -0.0000000000000003
7.2500000000000000 1.9999999999998341 4.4199999999999999 1.9998441571727155 4.4200000000107575 -0.0000000000001250
7.7500000000000000 1.9999999999712623 4.4199999999999999 1.9998441571437979 4.4200000000078417 -0.0000000000215868
8.2500000000000000 1.9999999976829732 4.4199999999999999 1.9998441548550985 4.4200000000043005 -0.0000000017403567
8.7500000000000000 1.9999999192106392 4.4199999999999999 1.9998440763766392 4.4199999999999733 -0.0000000606821786
9.2500000000000000 1.9999994935578933 4.4199999999999999 1.9998436506911428 4.4199999999946815 -0.0000003803967102
9.7500000000000000 2.0000358822251649 4.4199999999999999 1.9998800422099072 4.4199999999882653 0.0000269519530644
10.2500000000000000 2.0008909760513882 4.4199999999999999 2.0007352173829358 4.4199999999806217 0.0006693744426669
10.7500000000000000 2.0083105247372961 4.4199999999999999 2.0081562407672040 4.4199999999717212 0.0062549887275321
11.2500000000000000 2.0356850186288189 4.4199999999999999 2.0355391277906283 4.4199999999616599 0.0270357568521313
11.7500000000000000 2.0691426958581927 4.4199999999999999 2.0689950687800751 4.4199999999506741 0.0527871382123770
12.2500000000000000 2.0416361374021035 4.4199999999999999 2.0415692792990745 4.4199999999389927 0.0315884071117690
12.7500000000000000 1.9574823683651570 4.4199999999999999 1.9574126290084175 4.4199999999266790 -0.0315884071117690
13.2500000000000000 1.9283834058079083 4.4199999999999999 1.9283933941745328 4.4199999999139621 -0.0527871382123770
13.7500000000000000 1.9636697427603229 4.4199999999999999 1.9636996396082342 4.4199999999015631 -0.0270357568521313
14.2500000000000000 1.9916550032110860 4.4199999999999999 1.9916531344838984 4.4199999998900097 -0.0062549887275321
14.7500000000000000 1.9991086292132310 4.4199999999999999 1.9991140741666720 4.4199999998794510 -0.0006693744426669
15.2500000000000000 1.9999641171348834 4.4199999999999999 1.9999646012944878 4.4199999998700701 -0.0000269519530644
15.7500000000000000 2.0000005064419781 4.4199999999999999 2.0000005130822083 4.4199999998619681 0.0000003803967102
16.2500000000000000 2.0000000807893565 4.4199999999999999 2.0000000808198619 4.4199999998551371 0.0000000606821786
16.7500000000000000 2.0000000023170292 4.4199999999999999 2.0000000023346249 4.4199999998494652 0.0000000017403567
17.2500000000000000 2.0000000000287423 4.4199999999999999 2.0000000000450529 4.4199999998447588 0.0000000000215868
17.7500000000000000 2.0000000000001670 4.4199999999999999 2.0000000000149134 4.4199999998407637 0.0000000000001250
18.2500000000000000 2.0000000000000000 4.4199999999999999 2.0000000000130349 4.4199999998372119 0.0000000000000003
18.7500000000000000 1.9999999999999989 4.4199999999999999 2.0000000000113114 4.4199999998338324 0.0000000000000000
19.2500000000000000 1.9999999999999989 4.4199999999999999 2.0000000000096909 4.4199999998303960 -0.0000000000000000
19.7500000000000000 1.9999999999999989 4.4199999999999999 2.0000000000082574 4.4199999998267474 -0.0000000000000000
20.2500000000000000 1.9999999999999989 4.4199999999999999 2.0000000000070619 4.4199999998227941 -0.0000000000000000
20.7500000000000000 1.9999999999999989 4.4199999999999999 2.0000000000061178 4.4199999998185291 -0.0000000000000000
21.2500000000000000 1.9999999999999989 4.4199999999999999 2.0000000000054006 4.4199999998140314 -0.0000000000000000
21.7500000000000000 1.9999999999999989 4.4199999999999999 2.0000000000048628 4.4199999998094244 -0.0000000000000000
22.2500000000000000 1.9999999999999989 4.4199999999999999 2.0000000000044329 4.4199999998048849 0.0000000000000000
22.7500000000000000 1.9999999999999989 4.4199999999999999 2.0000000000040252 4.4199999998006092 0.0000000000000000
23.2500000000000000 1.9999999999999989 4.4199999999999999 2.0000000000035585 4.4199999997968273 0.0000000000000000
23.7500000000000000 1.9999999999999989 4.4199999999999999 2.0000000000029408 4.4199999997936583 0.0000000000000000
24.2500000000000000 1.9999999999999989 4.4199999999999999 2.0000000000021365 4.4199999997914432 0.0000000000000000
24.7500000000000000 1.9999999999999989 4.4199999999999999 2.0000000000010405 4.4199999997896855 0.0000000000000000
