0.125 1.999999999999999 4.42 2.000111450587192 4.419999999981671 -8.023378137447364e-69
0.375 1.999999999999999 4.42 2.0001114505746194 4.420000000020719 -8.237583357394523e-66
0.625 1.999999999999999 4.42 2.000111450565066 4.420000000052967 -4.960217038783217e-63
0.875 1.999999999999999 4.42 2.0001114505573954 4.4200000000804565 -2.2389513277987053e-60
1.125 1.999999999999999 4.42 2.000111450549708 4.4200000001071285 -8.083295968589929e-58
1.375 1.999999999999999 4.42 2.0001114505450435 4.420000000125995 -2.3927033740792414e-55
1.625 1.999999999999999 4.42 2.0001114505418056 4.420000000140364 -5.861267598663116e-53
1.875 1.999999999999999 4.42 2.0001114505406514 4.420000000148526 -1.1883943908134718e-50
2.125 1.999999999999999 4.42 2.000111450540743 4.420000000152095 -1.976589158084722e-48
2.375 1.999999999999999 4.42 2.0001114505417803 4.420000000151495 -2.632942317395744e-46
2.625 1.999999999999999 4.42 2.0001114505431707 4.4200000001477955 -2.638888646042497e-44
2.875 1.999999999999999 4.42 2.000111450544497 4.420000000141693 -1.5796414191572262e-42
3.125 1.999999999999999 4.42 2.000111450545382 4.420000000133799 4.567817789604015e-41
3.375 1.999999999999999 4.42 2.000111450545585 4.420000000124444 2.7652750956800404e-38
3.625 1.999999999999999 4.42 2.000111450544967 4.420000000113745 4.404258009248603e-36
3.875 1.999999999999999 4.42 2.0001114505434927 4.420000000101611 4.802503147034089e-34
4.125 1.999999999999999 4.42 2.000111450541211 4.4200000000878 4.0714940949284585e-32
4.375 1.999999999999999 4.42 2.0001114505382276 4.420000000071957 2.798298194819873e-30
4.625 1.999999999999999 4.42 2.0001114505346926 4.42000000005367 1.5853487713817023e-28
4.875 1.999999999999999 4.42 2.0001114505307767 4.420000000032523 7.44089836681967e-27
5.125 1.999999999999999 4.42 2.0001114505266453 4.4200000000081445 2.8831502816409013e-25
5.375 1.999999999999999 4.42 2.0001114505224526 4.419999999980233 9.092577194644609e-24
5.625 1.999999999999999 4.42 2.0001114505183164 4.419999999948606 2.252142269674823e-22
5.875 1.999999999999999 4.42 2.000111450514307 4.419999999913239 3.954656992153136e-21
6.125 1.999999999999999 4.42 2.000111450510441 4.419999999874266 2.789761923259548e-20
6.375 1.999999999999999 4.42 2.0001114505066675 4.4199999998320285 -1.0909101867037715e-18
6.625 1.999999999999999 4.42 2.0001114505028736 4.41999999978704 -5.5213930824722155e-17
6.875 1.9999999999999991 4.42 2.0001114504988995 4.419999999739979 -1.5081395283077498e-15
7.125 1.9999999999999607 4.42 2.000111450494532 4.419999999691601 -3.0406459207729985e-14
7.375 1.9999999999993494 4.42 2.0001114504890944 4.41999999964264 -4.87731075149774e-13
7.625 1.9999999999914786 4.42 2.0001114504758375 4.419999999593676 -6.400550420574792e-12
7.875 1.999999999907516 4.42 2.0001114503860458 4.419999999544961 -6.946621751012237e-11
8.125 1.9999999991688338 4.42 2.000111449641472 4.419999999496254 -6.243021272063907e-10
8.375 1.9999999938610729 4.42 2.0001114443286276 4.419999999446663 -4.611047172371882e-09
8.625 1.9999999635209753 4.42 2.0001114139864042 4.419999999394532 -2.7399979986059073e-08
8.875 1.9999998348336523 4.42 2.0001112853053593 4.419999999337412 -1.240590773561188e-07
9.125 1.999999527027414 4.42 2.0001109775199977 4.419999999272107 -3.552572240524588e-07
9.375 2.0000001723043885 4.42 2.000111622771744 4.419999999194846 1.2942058380315937e-07
9.625 2.000012261184625 4.42 2.0001237109924497 4.419999999101554 9.209599773068e-06
9.875 2.000090916798193 4.42 2.000202361914326 4.419999998988237 6.829060285179713e-05
10.125 2.000445635126551 4.42 2.000557054083633 4.419999998851447 0.00033476072351890226
10.375 2.001682083101676 4.42 2.001793367896695 4.419999998688807 0.0012639670514472895
10.625 2.00512598540328 4.42 2.005236711258589 4.4199999984995735 0.003855097550723615
10.875 2.012845112568688 4.42 2.0129544811674376 4.419999998285209 0.009678706501005496
11.125 2.026624222670182 4.42 2.02673343577347 4.419999998049805 0.02012788497491368
11.375 2.0455505747316267 4.42 2.0456667719291484 4.419999997799827 0.03458962805843038
11.625 2.0636233536458644 4.42 2.0637466167367045 4.419999997542793 0.0485132950314933
11.875 2.0704590708615243 4.42 2.0705595452244623 4.4199999972853705 0.053807929155783495
12.125 2.0568096161460683 4.42 2.0568841591180753 4.419999997032355 0.0432510018706274
12.375 2.022090566290612 4.42 2.0222350625017445 4.419999996787649 0.01668234441309194
12.625 1.9776640676065038 4.42 1.9778991624732916 4.419999996556809 -0.01668234441309194
12.875 1.941533818670759 4.42 1.9416527179278522 4.419999996349457 -0.0432510018706274
13.125 1.9269696433315944 4.42 1.9269007502470412 4.419999996179296 -0.053807929155783495
13.375 1.934289648496716 4.42 1.9343226006558532 4.41999999605936 -0.0485132950314933
13.625 1.9533918901662037 4.42 1.9535718151428472 4.419999995994985 -0.03458962805843038
13.875 1.9730184644515014 4.42 1.973046476764006 4.419999995982868 -0.02012788497491368
14.125 1.9870723380192024 4.42 1.986998942148527 4.419999996016465 -0.009678706501005496
14.375 1.9948609210956887 4.42 1.994853460585323 4.41999999608897 -0.003855097550723615
14.625 1.9983165094233506 4.42 1.9983293204168384 4.419999996192773 -0.0012639670514472895
14.875 1.9995542661463435 4.42 1.9995557693483654 4.4199999963201115 -0.00033476072351890226
15.125 1.9999090790932463 4.42 1.9999066033306412 4.419999996463723 -6.829060285179713e-05
15.375 1.9999877387406584 4.42 1.9999858693929609 4.419999996616905 -9.209599773068e-06
15.625 1.9999998276955975 4.42 1.9999993455856855 4.4199999967739645 -1.2942058380315937e-07
15.875 2.00000047297247 4.42 2.000000409926068 4.419999996930453 3.552572240524588e-07
16.125 2.0000001651663326 4.42 2.000000159654383 4.419999997083284 1.240590773561188e-07
16.375 2.000000036479027 4.42 2.0000000358091174 4.419999997230722 2.7399979986059073e-08
16.625 2.0000000061389285 4.42 2.000000005719702 4.419999997372196 4.611047172371882e-09
16.875 2.000000000831167 4.42 2.0000000004345724 4.419999997508059 6.243021272063907e-10
17.125 2.0000000000924842 4.42 1.9999999997151443 4.419999997639273 6.946621751012237e-11
17.375 2.000000000008522 4.42 1.999999999652845 4.419999997767101 6.400550420574792e-12
17.625 2.0000000000006493 4.42 1.9999999996680424 4.41999999789283 4.87731075149774e-13
17.875 2.0000000000000426 4.42 1.9999999996910476 4.4199999980175555 3.0406459207729985e-14
18.125 2.000000000000004 4.42 1.9999999997144635 4.4199999981420435 1.5081395283077498e-15
18.375 1.999999999999999 4.42 1.9999999997372455 4.41999999826665 5.5213930824722155e-17
18.625 1.999999999999999 4.42 1.9999999997590363 4.4199999983913365 1.0909101867037715e-18
18.875 1.999999999999999 4.42 1.9999999997796847 4.419999998515706 -2.789761923259548e-20
19.125 1.999999999999999 4.42 1.9999999997991735 4.419999998639109 -3.954656992153136e-21
19.375 1.999999999999999 4.42 1.999999999817581 4.419999998760723 -2.252142269674823e-22
19.625 1.999999999999999 4.42 1.9999999998350324 4.419999998879667 -9.092577194644609e-24
19.875 1.999999999999999 4.42 1.999999999851663 4.419999998995086 -2.8831502816409013e-25
20.125 1.999999999999999 4.42 1.999999999867596 4.419999999106218 -7.44089836681967e-27
20.375 1.999999999999999 4.42 1.9999999998829183 4.419999999212424 -1.5853487713817023e-28
20.625 1.999999999999999 4.42 1.999999999897676 4.41999999931322 -2.798298194819873e-30
20.875 1.999999999999999 4.42 1.9999999999118696 4.419999999408283 -4.0714940949284585e-32
21.125 1.999999999999999 4.42 1.9999999999254587 4.4199999994974375 -4.802503147034089e-34
21.375 1.999999999999999 4.42 1.999999999938364 4.419999999580661 -4.404258009248603e-36
21.625 1.999999999999999 4.42 1.9999999999504743 4.419999999658058 -2.7652750956800404e-38
21.875 1.999999999999999 4.42 1.9999999999616525 4.41999999972985 -4.567817789604015e-41
22.125 1.999999999999999 4.42 1.999999999971744 4.419999999796363 1.5796414191572262e-42
22.375 1.999999999999999 4.42 1.9999999999805764 4.419999999858008 2.638888646042497e-44
22.625 1.999999999999999 4.42 1.9999999999879814 4.419999999915242 2.632942317395744e-46
22.875 1.999999999999999 4.42 1.9999999999938138 4.419999999968525 1.976589158084722e-48
23.125 1.999999999999999 4.42 1.9999999999979783 4.420000000018248 1.1883943908134718e-50
23.375 1.999999999999999 4.42 2.0000000000004627 4.420000000064665 5.861267598663116e-53
23.625 1.999999999999999 4.42 2.000000000001373 4.420000000107795 2.3927033740792414e-55
23.875 1.999999999999999 4.42 2.000000000000978 4.420000000147368 8.083295968589929e-58
24.125 1.999999999999999 4.42 1.9999999999997138 4.420000000182613 2.2389513277987053e-60
24.375 1.999999999999999 4.42 1.9999999999982756 4.420000000212756 4.960217038783217e-63
24.625 1.999999999999999 4.42 1.999999999997338 4.420000000235312 8.237583357394523e-66
24.875 1.999999999999999 4.42 1.9999999999982663 4.420000000251938 8.023378137447364e-69

