0.015625 1.999999999999999 4.42 2.000000000259246 4.419999999999993 -2.27822078484169e-70
0.046875 1.999999999999999 4.42 2.0000000002592433 4.419999999999996 -6.85218368134225e-70
0.078125 1.999999999999999 4.42 2.000000000259246 4.419999999999991 -1.8996549218085223e-69
0.109375 1.999999999999999 4.42 2.000000000259245 4.419999999999993 -5.008720464462768e-69
0.140625 1.999999999999999 4.42 2.000000000259246 4.419999999999991 -1.275954546258792e-68
0.171875 1.999999999999999 4.42 2.000000000259244 4.419999999999994 -3.1691289287035775e-68
0.203125 1.999999999999999 4.42 2.000000000259243 4.419999999999996 -7.718206623049324e-68
0.234375 1.999999999999999 4.42 2.0000000002592424 4.419999999999996 -1.8502142513491473e-67
0.265625 1.999999999999999 4.42 2.0000000002592415 4.419999999999996 -4.377446861968469e-67
0.296875 1.999999999999999 4.42 2.000000000259242 4.4199999999999955 -1.0241461876918614e-66
0.328125 1.999999999999999 4.42 2.000000000259243 4.419999999999995 -2.372921497325267e-66
0.359375 1.999999999999999 4.42 2.000000000259243 4.419999999999995 -5.451008665905134e-66
0.390625 1.999999999999999 4.42 2.0000000002592433 4.419999999999991 -1.2425942366207413e-65
0.421875 1.999999999999999 4.42 2.0000000002592446 4.419999999999989 -2.8128757645194546e-65
0.453125 1.999999999999999 4.42 2.0000000002592433 4.419999999999991 -6.326920398120275e-65
0.484375 1.999999999999999 4.42 2.000000000259244 4.419999999999989 -1.414693107295441e-64
0.515625 1.999999999999999 4.42 2.000000000259245 4.419999999999986 -3.145813634902412e-64
0.546875 1.999999999999999 4.42 2.0000000002592455 4.419999999999984 -6.959052145299416e-64
0.578125 1.999999999999999 4.42 2.0000000002592433 4.4199999999999875 -1.5319234162033377e-63
0.609375 1.999999999999999 4.42 2.000000000259243 4.419999999999989 -3.356600044717967e-63
0.640625 1.999999999999999 4.42 2.000000000259242 4.419999999999991 -7.321984942534789e-63
0.671875 1.999999999999999 4.42 2.0000000002592406 4.419999999999993 -1.5903905636321816e-62
0.703125 1.999999999999999 4.42 2.00000000025924 4.419999999999993 -3.4402769321153487e-62
0.734375 1.999999999999999 4.42 2.00000000025924 4.419999999999993 -7.4123871613528855e-62
0.765625 1.999999999999999 4.42 2.0000000002592397 4.419999999999994 -1.590929990931295e-61
0.796875 1.999999999999999 4.42 2.000000000259239 4.419999999999995 -3.401882857024736e-61
0.828125 1.999999999999999 4.42 2.00000000025924 4.41999999999999 -7.247774453020917e-61
0.859375 1.999999999999999 4.42 2.0000000002592406 4.419999999999989 -1.5386651948267813e-60
0.890625 1.999999999999999 4.42 2.0000000002592415 4.419999999999985 -3.2551487659220895e-60
0.921875 1.999999999999999 4.42 2.0000000002592433 4.41999999999998 -6.863006283915339e-60
0.953125 1.999999999999999 4.42 2.000000000259243 4.41999999999998 -1.442119640701555e-59
0.984375 1.999999999999999 4.42 2.0000000002592424 4.41999999999998 -3.0203361416968546e-59
1.015625 1.999999999999999 4.42 2.0000000002592406 4.419999999999982 -6.305182608170241e-59
1.046875 1.999999999999999 4.42 2.00000000025924 4.419999999999984 -1.3120415267055653e-58
1.078125 1.999999999999999 4.42 2.00000000025924 4.419999999999985 -2.7215866533612825e-58
1.109375 1.999999999999999 4.42 2.0000000002592397 4.419999999999986 -5.6277758939184945e-58
1.140625 1.999999999999999 4.42 2.0000000002592397 4.419999999999986 -1.1601261438237894e-57
1.171875 1.999999999999999 4.42 2.0000000002592397 4.419999999999986 -2.3841835575636754e-57
1.203125 1.999999999999999 4.42 2.0000000002592393 4.419999999999986 -4.884848740431868e-57
1.234375 1.999999999999999 4.42 2.0000000002592393 4.419999999999986 -9.978129800561989e-57
1.265625 1.999999999999999 4.42 2.0000000002592397 4.419999999999986 -2.0320867377757505e-56
1.296875 1.999999999999999 4.42 2.0000000002592397 4.419999999999986 -4.126081146814488e-56
1.328125 1.999999999999999 4.42 2.0000000002592393 4.419999999999986 -8.352991740634592e-56
1.359375 1.999999999999999 4.42 2.0000000002592397 4.419999999999986 -1.686011193240446e-55
1.390625 1.999999999999999 4.42 2.00000000025924 4.419999999999985 -3.3931056550831865e-55
1.421875 1.999999999999999 4.42 2.0000000002592406 4.419999999999982 -6.808576983337657e-55
1.453125 1.999999999999999 4.42 2.000000000259242 4.419999999999979 -1.3621972531801136e-54
1.484375 1.999999999999999 4.42 2.0000000002592397 4.419999999999984 -2.71737836329482e-54
1.515625 1.999999999999999 4.42 2.000000000259239 4.419999999999984 -5.404899700758321e-54
1.546875 1.999999999999999 4.42 2.000000000259239 4.419999999999982 -1.07189611230049e-53
1.578125 1.999999999999999 4.42 2.000000000259239 4.41999999999998 -2.119554414886232e-53
1.609375 1.999999999999999 4.42 2.000000000259239 4.419999999999982 -4.178897469918695e-53
1.640625 1.999999999999999 4.42 2.000000000259238 4.419999999999982 -8.214889684997225e-53
1.671875 1.999999999999999 4.42 2.000000000259238 4.41999999999998 -1.6101315822779676e-52
1.703125 1.999999999999999 4.42 2.000000000259237 4.419999999999982 -3.1465632025112256e-52
1.734375 1.999999999999999 4.42 2.0000000002592366 4.419999999999983 -6.1308674558564455e-52
1.765625 1.999999999999999 4.42 2.000000000259237 4.41999999999998 -1.1909998921582205e-51
1.796875 1.999999999999999 4.42 2.0000000002592375 4.419999999999978 -2.3067406877601848e-51
1.828125 1.999999999999999 4.42 2.000000000259238 4.419999999999979 -4.454253611117328e-51
1.859375 1.999999999999999 4.42 2.000000000259238 4.41999999999998 -8.574936586047256e-51
1.890625 1.999999999999999 4.42 2.000000000259238 4.419999999999979 -1.645720846417934e-50
1.921875 1.999999999999999 4.42 2.000000000259238 4.419999999999978 -3.1487547339947423e-50
1.953125 1.999999999999999 4.42 2.0000000002592375 4.419999999999979 -6.005727064687491e-50
1.984375 1.999999999999999 4.42 2.0000000002592375 4.419999999999978 -1.1418828486624206e-49
2.015625 1.999999999999999 4.42 2.000000000259238 4.419999999999977 -2.164163558795051e-49
2.046875 1.999999999999999 4.42 2.000000000259238 4.419999999999975 -4.0883930329748965e-49
2.078125 1.999999999999999 4.42 2.0000000002592406 4.419999999999967 -7.698188899911537e-49
2.109375 1.999999999999999 4.42 2.000000000259242 4.419999999999964 -1.4446905109718582e-48
2.140625 1.999999999999999 4.42 2.0000000002592406 4.419999999999967 -2.702002356417873e-48
2.171875 1.999999999999999 4.42 2.0000000002592406 4.419999999999966 -5.0360797287801475e-48
2.203125 1.999999999999999 4.42 2.0000000002592406 4.419999999999964 -9.353267962350299e-48
2.234375 1.999999999999999 4.42 2.0000000002592406 4.419999999999964 -1.7308607822853055e-47
2.265625 1.999999999999999 4.42 2.0000000002592406 4.419999999999964 -3.1911596593010844e-47
2.296875 1.999999999999999 4.42 2.0000000002592406 4.419999999999964 -5.8610728285051535e-47
2.328125 1.999999999999999 4.42 2.0000000002592397 4.419999999999964 -1.0722511834554478e-46
2.359375 1.999999999999999 4.42 2.0000000002592375 4.419999999999968 -1.9536579209753196e-46
2.390625 1.999999999999999 4.42 2.000000000259237 4.419999999999968 -3.544595714090166e-46
2.421875 1.999999999999999 4.42 2.000000000259237 4.419999999999964 -6.402876193520721e-46
2.453125 1.999999999999999 4.42 2.0000000002592375 4.419999999999962 -1.1512940178789018e-45
2.484375 1.999999999999999 4.42 2.000000000259238 4.419999999999961 -2.060150041016556e-45
2.515625 1.999999999999999 4.42 2.000000000259238 4.419999999999961 -3.6677085226756304e-45
2.546875 1.999999999999999 4.42 2.000000000259239 4.419999999999957 -6.494345351696857e-45
2.578125 1.999999999999999 4.42 2.0000000002592406 4.419999999999951 -1.1432892156771465e-44
2.609375 1.999999999999999 4.42 2.0000000002592424 4.419999999999947 -2.0001391905388715e-44
2.640625 1.999999999999999 4.42 2.0000000002592415 4.419999999999948 -3.4754386748737267e-44
2.671875 1.999999999999999 4.42 2.0000000002592415 4.419999999999948 -5.993943055649722e-44
2.703125 1.999999999999999 4.42 2.0000000002592424 4.419999999999947 -1.025195040406753e-43
2.734375 1.999999999999999 4.42 2.000000000259243 4.419999999999946 -1.7371316768754017e-43
2.765625 1.999999999999999 4.42 2.000000000259243 4.4199999999999475 -2.91205779188509e-43
2.796875 1.999999999999999 4.42 2.000000000259242 4.419999999999948 -4.8208921257584945e-43
2.828125 1.999999999999999 4.42 2.0000000002592415 4.419999999999948 -7.862381985663504e-43
2.859375 1.999999999999999 4.42 2.0000000002592406 4.419999999999951 -1.258888113997978e-42
2.890625 1.999999999999999 4.42 2.0000000002592406 4.41999999999995 -1.9689254483153933e-42
2.921875 1.999999999999999 4.42 2.0000000002592406 4.419999999999948 -2.984371359915005e-42
2.953125 1.999999999999999 4.42 2.0000000002592406 4.4199999999999475 -4.325788212120148e-42
2.984375 1.999999999999999 4.42 2.0000000002592406 4.419999999999946 -5.846063377957028e-42
3.015625 1.999999999999999 4.42 2.0000000002592406 4.419999999999946 -6.949926403797957e-42
3.046875 1.999999999999999 4.42 2.0000000002592397 4.419999999999947 -5.97690423008472e-42
3.078125 1.999999999999999 4.42 2.0000000002592406 4.419999999999945 1.1041630246284527e-42
3.109375 1.999999999999999 4.42 2.0000000002592406 4.419999999999945 2.3380523158598155e-41
3.140625 1.999999999999999 4.42 2.0000000002592406 4.419999999999945 8.040211368904828e-41
3.171875 1.999999999999999 4.42 2.0000000002592406 4.419999999999946 2.128823627925937e-40
3.203125 1.999999999999999 4.42 2.0000000002592406 4.419999999999946 5.035814308975148e-40
3.234375 1.999999999999999 4.42 2.00000000025924 4.419999999999946 1.1175793032213454e-39
3.265625 1.999999999999999 4.42 2.00000000025924 4.419999999999945 2.379148315477548e-39
3.296875 1.999999999999999 4.42 2.0000000002592393 4.419999999999947 4.9171664344323987e-39
3.328125 1.999999999999999 4.42 2.000000000259239 4.419999999999948 9.937973385277114e-39
3.359375 1.999999999999999 4.42 2.0000000002592397 4.419999999999943 1.9733640409492698e-38
3.390625 1.999999999999999 4.42 2.0000000002592424 4.419999999999935 3.862246412839405e-38
3.421875 1.999999999999999 4.42 2.000000000259244 4.419999999999929 7.467854512244359e-38
3.453125 1.999999999999999 4.42 2.000000000259246 4.419999999999922 1.4289429136809048e-37
3.484375 1.999999999999999 4.42 2.0000000002592477 4.4199999999999156 2.709319313161419e-37
3.515625 1.999999999999999 4.42 2.0000000002592495 4.41999999999991 5.095304745953352e-37
3.546875 1.999999999999999 4.42 2.0000000002592513 4.419999999999904 9.512456240138327e-37
3.578125 1.999999999999999 4.42 2.000000000259253 4.4199999999999 1.764039657518716e-36
3.609375 1.999999999999999 4.42 2.000000000259254 4.419999999999897 3.251223154159321e-36
3.640625 1.999999999999999 4.42 2.0000000002592553 4.419999999999892 5.957967746992783e-36
3.671875 1.999999999999999 4.42 2.0000000002592575 4.4199999999998845 1.0859796109704051e-35
3.703125 1.999999999999999 4.42 2.0000000002592593 4.419999999999877 1.969481613251063e-35
3.734375 1.999999999999999 4.42 2.000000000259262 4.419999999999872 3.554705609886775e-35
3.765625 1.999999999999999 4.42 2.000000000259263 4.419999999999868 6.386682306426079e-35
3.796875 1.999999999999999 4.42 2.0000000002592655 4.41999999999986 1.142489249897584e-34
3.828125 1.999999999999999 4.42 2.000000000259268 4.4199999999998525 2.0352048920353324e-34
3.859375 1.999999999999999 4.42 2.00000000025927 4.419999999999847 3.610838991254936e-34
3.890625 1.999999999999999 4.42 2.0000000002592717 4.419999999999842 6.381297208125961e-34
3.921875 1.999999999999999 4.42 2.0000000002592744 4.419999999999835 1.123468433039923e-33
3.953125 1.999999999999999 4.42 2.0000000002592766 4.419999999999826 1.9706444301768363e-33
3.984375 1.999999999999999 4.42 2.000000000259279 4.41999999999982 3.444218049896123e-33
4.015625 1.999999999999999 4.42 2.0000000002592806 4.419999999999813 5.998506676741735e-33
4.046875 1.999999999999999 4.42 2.0000000002592833 4.419999999999806 1.04111138669265e-32
4.078125 1.999999999999999 4.42 2.000000000259285 4.419999999999799 1.8008638503315503e-32
4.109375 1.999999999999999 4.42 2.000000000259287 4.419999999999793 3.104698038737646e-32
4.140625 1.999999999999999 4.42 2.0000000002592886 4.419999999999787 5.335009896503985e-32
4.171875 1.999999999999999 4.42 2.0000000002592904 4.419999999999782 9.137948787512768e-32
4.203125 1.999999999999999 4.42 2.000000000259292 4.419999999999778 1.5601918693651058e-31
4.234375 1.999999999999999 4.42 2.000000000259294 4.4199999999997726 2.65545774288298e-31
4.265625 1.999999999999999 4.42 2.0000000002592957 4.419999999999767 4.505546363689017e-31
4.296875 1.999999999999999 4.42 2.0000000002592966 4.419999999999762 7.621057735477044e-31
4.328125 1.999999999999999 4.42 2.0000000002592984 4.419999999999756 1.2851516331372023e-30
4.359375 1.999999999999999 4.42 2.0000000002593 4.4199999999997495 2.1606037380466126e-30
4.390625 1.999999999999999 4.42 2.0000000002593032 4.419999999999741 3.621484103504994e-30
4.421875 1.999999999999999 4.42 2.0000000002593055 4.4199999999997335 6.0519690049571036e-30
4.453125 1.999999999999999 4.42 2.0000000002593064 4.419999999999729 1.0083523940785047e-29
4.484375 1.999999999999999 4.42 2.0000000002593086 4.419999999999723 1.6750947021985322e-29
4.515625 1.999999999999999 4.42 2.00000000025931 4.4199999999997175 2.774487006777097e-29
4.546875 1.999999999999999 4.42 2.0000000002593126 4.41999999999971 4.5819074330769235e-29
4.578125 1.999999999999999 4.42 2.0000000002593143 4.419999999999703 7.544549486732463e-29
4.609375 1.999999999999999 4.42 2.000000000259316 4.419999999999697 1.238642375332453e-28
4.640625 1.999999999999999 4.42 2.000000000259318 4.419999999999691 2.027615344466844e-28
4.671875 1.999999999999999 4.42 2.0000000002593197 4.4199999999996855 3.3094267750190695e-28
4.703125 1.999999999999999 4.42 2.0000000002593215 4.419999999999682 5.38576355657764e-28
4.734375 1.999999999999999 4.42 2.0000000002593232 4.419999999999677 8.73912572067705e-28
4.765625 1.999999999999999 4.42 2.0000000002593246 4.419999999999671 1.4138812796945444e-27
4.796875 1.999999999999999 4.42 2.000000000259327 4.419999999999665 2.2807587812770227e-27
4.828125 1.999999999999999 4.42 2.0000000002593277 4.419999999999661 3.668289004728993e-27
4.859375 1.999999999999999 4.42 2.0000000002593294 4.419999999999655 5.882486307471667e-27
4.890625 1.999999999999999 4.42 2.0000000002593312 4.419999999999649 9.405155247393542e-27
4.921875 1.999999999999999 4.42 2.000000000259333 4.419999999999644 1.49924343140427e-26
4.953125 1.999999999999999 4.42 2.0000000002593348 4.4199999999996376 2.3827139994964814e-26
4.984375 1.999999999999999 4.42 2.0000000002593366 4.419999999999632 3.775344399229274e-26
5.015625 1.999999999999999 4.42 2.0000000002593374 4.419999999999629 5.963706537766583e-26
5.046875 1.999999999999999 4.42 2.000000000259339 4.419999999999623 9.391605402168255e-26
5.078125 1.999999999999999 4.42 2.000000000259341 4.419999999999618 1.474398097469421e-25
5.109375 1.999999999999999 4.42 2.0000000002593428 4.419999999999612 2.3074218514254646e-25
5.140625 1.999999999999999 4.42 2.0000000002593445 4.4199999999996065 3.599654906553355e-25
5.171875 1.999999999999999 4.42 2.0000000002593454 4.419999999999602 5.5975613110885925e-25
5.203125 1.999999999999999 4.42 2.000000000259348 4.419999999999595 8.676038409735593e-25
5.234375 1.999999999999999 4.42 2.0000000002593508 4.419999999999586 1.3403152088627167e-24
5.265625 1.999999999999999 4.42 2.0000000002593525 4.419999999999581 2.063626327147327e-24
5.296875 1.999999999999999 4.42 2.0000000002593525 4.419999999999578 3.1664072085467803e-24
5.328125 1.999999999999999 4.42 2.0000000002593517 4.419999999999579 4.8415436441065506e-24
5.359375 1.999999999999999 4.42 2.0000000002593525 4.419999999999575 7.376468727502132e-24
5.390625 1.999999999999999 4.42 2.0000000002593525 4.419999999999574 1.1197544736359961e-23
5.421875 1.999999999999999 4.42 2.000000000259352 4.4199999999995745 1.6934177460038927e-23
5.453125 1.999999999999999 4.42 2.0000000002593525 4.4199999999995745 2.5510813027808987e-23
5.484375 1.999999999999999 4.42 2.000000000259352 4.419999999999575 3.8277972523577195e-23
5.515625 1.999999999999999 4.42 2.0000000002593517 4.419999999999575 5.719737357640802e-23
5.546875 1.999999999999999 4.42 2.0000000002593517 4.4199999999995745 8.510108664216983e-23
5.578125 1.999999999999999 4.42 2.0000000002593525 4.419999999999574 1.2605058654817386e-22
5.609375 1.999999999999999 4.42 2.0000000002593517 4.419999999999575 1.8582826090560647e-22
5.640625 1.999999999999999 4.42 2.0000000002593517 4.419999999999575 2.7260073698019643e-22
5.671875 1.999999999999999 4.42 2.0000000002593517 4.419999999999575 3.977987490968176e-22
5.703125 1.999999999999999 4.42 2.0000000002593508 4.419999999999579 5.77259160798956e-22
5.734375 1.999999999999999 4.42 2.0000000002593508 4.419999999999581 8.326656155385357e-22
5.765625 1.999999999999999 4.42 2.00000000025935 4.4199999999995825 1.193295339358929e-21
5.796875 1.999999999999999 4.42 2.0000000002593494 4.419999999999584 1.698014209741317e-21
5.828125 1.999999999999999 4.42 2.00000000025935 4.419999999999583 2.397332648142728e-21
5.859375 1.999999999999999 4.42 2.00000000025935 4.419999999999583 3.3550959936201877e-21
5.890625 1.999999999999999 4.42 2.00000000025935 4.419999999999583 4.648962114637106e-21
5.921875 1.999999999999999 4.42 2.0000000002593508 4.4199999999995825 6.368100805829833e-21
5.953125 1.999999999999999 4.42 2.0000000002593508 4.419999999999583 8.605353010410987e-21
5.984375 1.999999999999999 4.42 2.0000000002593508 4.419999999999584 1.143913179228943e-20
6.015625 1.999999999999999 4.42 2.0000000002593508 4.419999999999585 1.489719778190366e-20
6.046875 1.999999999999999 4.42 2.0000000002593508 4.419999999999585 1.8889436847287846e-20
6.078125 1.999999999999999 4.42 2.0000000002593517 4.419999999999583 2.3088901174160298e-20
6.109375 1.999999999999999 4.42 2.0000000002593508 4.419999999999586 2.672813031849725e-20
6.140625 1.999999999999999 4.42 2.0000000002593508 4.419999999999584 2.8258874022225216e-20
6.171875 1.999999999999999 4.42 2.0000000002593508 4.419999999999583 2.4794409328619503e-20
6.203125 1.999999999999999 4.42 2.0000000002593508 4.4199999999995825 1.120966778113034e-20
6.234375 1.999999999999999 4.42 2.00000000025935 4.4199999999995825 -2.1292021952213176e-20
6.265625 1.999999999999999 4.42 2.00000000025935 4.4199999999995825 -8.743644241968582e-20
6.296875 1.999999999999999 4.42 2.00000000025935 4.4199999999995825 -2.1139984100659238e-19
6.328125 1.999999999999999 4.42 2.00000000025935 4.4199999999995825 -4.3225443940309184e-19
6.359375 1.999999999999999 4.42 2.00000000025935 4.4199999999995825 -8.123242558628094e-19
6.390625 1.999999999999999 4.42 2.00000000025935 4.4199999999995825 -1.449916056694189e-18
6.421875 1.999999999999999 4.42 2.00000000025935 4.4199999999995825 -2.498590031010466e-18
6.453125 1.999999999999999 4.42 2.000000000259349 4.419999999999584 -4.1961531058258706e-18
6.484375 1.999999999999999 4.42 2.00000000025935 4.419999999999581 -6.908033070364404e-18
6.515625 1.999999999999999 4.42 2.00000000025935 4.419999999999581 -1.1191819602844879e-17
6.546875 1.999999999999999 4.42 2.00000000025935 4.419999999999581 -1.7892814642745072e-17
6.578125 1.999999999999999 4.42 2.00000000025935 4.419999999999581 -2.828480622676629e-17
6.609375 1.999999999999999 4.42 2.00000000025935 4.419999999999581 -4.427650759039602e-17
6.640625 1.999999999999999 4.42 2.00000000025935 4.419999999999581 -6.871293963104205e-17
6.671875 1.999999999999999 4.42 2.00000000025935 4.419999999999581 -1.0581352319837788e-16
6.703125 1.999999999999999 4.42 2.0000000002593494 4.419999999999581 -1.6180622920595578e-16
6.734375 2.0 4.42 2.0000000002593485 4.419999999999583 -2.4584179170539287e-16
6.765625 2.0 4.42 2.000000000259349 4.419999999999581 -3.7130643844254734e-16
6.796875 2.0 4.42 2.000000000259348 4.4199999999995825 -5.576995431938721e-16
6.828125 1.9999999999999996 4.42 2.000000000259347 4.4199999999995825 -8.333090963179003e-16
6.859375 1.9999999999999991 4.42 2.000000000259347 4.419999999999581 -1.2390097532254693e-15
6.890625 1.9999999999999987 4.42 2.0000000002593454 4.4199999999995825 -1.833634667520214e-15
6.921875 1.9999999999999971 4.42 2.0000000002593437 4.419999999999583 -2.7015457262591083e-15
6.953125 1.9999999999999947 4.42 2.000000000259342 4.419999999999584 -3.963263749308563e-15
6.984375 1.999999999999992 4.42 2.000000000259339 4.419999999999584 -5.790342783568785e-15
7.015625 1.9999999999999882 4.42 2.000000000259334 4.419999999999586 -8.426110147273168e-15
7.046875 1.9999999999999845 4.42 2.0000000002593286 4.419999999999585 -1.2214485147172358e-14
7.078125 1.9999999999999765 4.42 2.000000000259322 4.419999999999583 -1.7639885483553146e-14
7.109375 1.9999999999999662 4.42 2.000000000259311 4.419999999999584 -2.53822982660602e-14
7.140625 1.9999999999999518 4.42 2.0000000002592966 4.419999999999583 -3.63930197719041e-14
7.171875 1.999999999999933 4.42 2.000000000259276 4.419999999999583 -5.1998468342356297e-14
7.203125 1.9999999999999014 4.42 2.000000000259246 4.419999999999585 -7.404199539793786e-14
7.234375 1.9999999999998628 4.42 2.000000000259204 4.419999999999586 -1.050769502468153e-13
7.265625 1.9999999999998028 4.42 2.0000000002591456 4.419999999999586 -1.4862863863463673e-13
7.296875 1.9999999999997213 4.42 2.0000000002590648 4.419999999999586 -2.0954856369736308e-13
7.328125 1.99999999999961 4.42 2.00000000025895 4.419999999999589 -2.9449184610589434e-13
7.359375 1.9999999999994504 4.42 2.000000000258793 4.419999999999588 -4.1255848706260836e-13
7.390625 1.9999999999992317 4.42 2.0000000002585745 4.419999999999589 -5.761517913992377e-13
7.421875 1.9999999999989326 4.42 2.0000000002582725 4.41999999999959 -8.021235938183894e-13
7.453125 1.9999999999985179 4.42 2.0000000002578573 4.419999999999591 -1.113296906264696e-12
7.484375 1.9999999999979505 4.42 2.0000000002572884 4.419999999999591 -1.5404834363647938e-12
7.515625 1.9999999999971685 4.42 2.0000000002565104 4.41999999999959 -2.1251475998174054e-12
7.546875 1.9999999999961067 4.42 2.000000000255448 4.4199999999995905 -2.922911974610753e-12
7.578125 1.999999999994663 4.42 2.000000000254002 4.419999999999591 -4.008153816462366e-12
7.609375 1.9999999999927054 4.42 2.000000000252043 4.41999999999959 -5.480010911465506e-12
7.640625 1.999999999990056 4.42 2.0000000002493925 4.419999999999591 -7.470200829441743e-12
7.671875 1.9999999999864828 4.42 2.0000000002458203 4.419999999999591 -1.0153164275917284e-11
7.703125 1.9999999999816835 4.42 2.0000000002410196 4.41999999999959 -1.3759175065993107e-11
7.734375 1.9999999999752478 4.42 2.0000000002345857 4.419999999999591 -1.8591221278310382e-11
7.765625 1.9999999999666547 4.42 2.00000000022599 4.419999999999593 -2.5046660111161175e-11
7.796875 1.9999999999552078 4.42 2.0000000002145417 4.419999999999594 -3.364488926874075e-11
7.828125 1.9999999999400062 4.42 2.00000000019934 4.419999999999597 -4.506256740414861e-11
7.859375 1.999999999919882 4.42 2.0000000001792166 4.419999999999593 -6.017826279695694e-11
7.890625 1.9999999998933198 4.42 2.0000000001526574 4.419999999999588 -8.012882088826562e-11
7.921875 1.999999999858372 4.42 2.0000000001177076 4.419999999999586 -1.0638022529341046e-10
7.953125 1.9999999998125244 4.42 2.0000000000718607 4.419999999999588 -1.4081629059050188e-10
7.984375 1.9999999997525655 4.42 2.000000000011906 4.419999999999589 -1.8584917425466984e-10
8.015625 1.9999999996744051 4.42 1.9999999999337452 4.41999999999959 -2.445564327745659e-10
8.046875 1.9999999995728368 4.42 1.9999999998321718 4.419999999999588 -3.2085017244722926e-10
8.078125 1.9999999994412505 4.42 1.9999999997005877 4.41999999999959 -4.196847518033573e-10
8.109375 1.9999999992713366 4.42 1.999999999530673 4.41999999999959 -5.473104646628257e-10
8.140625 1.9999999990526365 4.42 1.9999999993119704 4.419999999999588 -7.115816430660233e-10
8.171875 1.999999998772055 4.42 1.9999999990313921 4.419999999999586 -9.22328624068492e-10
8.203125 1.999999998413289 4.42 1.9999999986726253 4.419999999999586 -1.191803958165589e-09
8.234375 1.9999999979560892 4.42 1.9999999982154257 4.419999999999586 -1.5352140059132596e-09
8.265625 1.9999999973754419 4.42 1.9999999976347789 4.419999999999584 -1.971347542156692e-09
8.296875 1.9999999966405821 4.42 1.999999996899918 4.419999999999584 -2.523312985973188e-09
8.328125 1.9999999957138497 4.42 1.9999999959731878 4.419999999999583 -3.219395161131922e-09
8.359375 1.9999999945493911 4.42 1.9999999948087268 4.4199999999995825 -4.094040754180995e-09
8.390625 1.9999999930916403 4.42 1.9999999933509789 4.419999999999581 -5.1889784705830064e-09
8.421875 1.9999999912736859 4.42 1.9999999915330224 4.41999999999958 -6.554474776039984e-09
8.453125 1.9999999890153868 4.42 1.9999999892747249 4.419999999999578 -8.250718395545009e-09
8.484375 1.9999999862214142 4.42 1.9999999864807532 4.419999999999575 -1.0349315607112637e-08
8.515625 1.999999982779141 4.42 1.9999999830384785 4.419999999999575 -1.2934862794373492e-08
8.546875 1.9999999785565188 4.42 1.9999999788158584 4.419999999999572 -1.610654146399652e-08
8.578125 1.9999999734000433 4.42 1.9999999736593836 4.41999999999957 -1.9979652470463198e-08
8.609375 1.9999999671329476 4.42 1.999999967392287 4.41999999999957 -2.4686968687730042e-08
8.640625 1.9999999595538691 4.42 1.9999999598132077 4.419999999999568 -3.037973662956737e-08
8.671875 1.999999950436289 4.42 1.999999950695629 4.41999999999957 -3.722809494294276e-08
8.703125 1.999999939529181 4.42 1.9999999397885202 4.419999999999569 -4.542059821685135e-08
8.734375 1.9999999265593644 4.42 1.9999999268187039 4.419999999999567 -5.5162434587404565e-08
8.765625 1.9999999112363422 4.42 1.9999999114956823 4.419999999999565 -6.667180104523568e-08
8.796875 1.9999998932604952 4.42 1.9999998935198355 4.419999999999564 -8.017374642759501e-08
8.828125 1.9999998723358225 4.42 1.9999998725951602 4.419999999999565 -9.589060343071351e-08
8.859375 1.9999998481886854 4.42 1.9999998484480246 4.419999999999565 -1.1402790157076528e-07
8.890625 1.9999998205944407 4.42 1.9999998208537824 4.419999999999564 -1.3475437614470108e-07
8.921875 1.999999789414193 4.42 1.9999997896735346 4.419999999999563 -1.581743565263702e-07
8.953125 1.9999997546445054 4.42 1.999999754903846 4.419999999999562 -1.842904225897277e-07
8.984375 1.999999716483511 4.42 1.9999997167428512 4.419999999999559 -2.129537521443204e-07
9.015625 1.9999996754175637 4.42 1.9999996756769045 4.419999999999559 -2.4379903603245343e-07
9.046875 1.9999996323334428 4.42 1.9999996325927847 4.4199999999995585 -2.7616020174017365e-07
9.078125 1.9999995886620825 4.42 1.9999995889214244 4.4199999999995585 -3.089624517400078e-07
9.109375 1.999999546560946 4.42 1.9999995468202891 4.419999999999559 -3.405852802832484e-07
9.140625 1.9999995091434246 4.42 1.9999995094027667 4.419999999999556 -3.686901735755997e-07
9.171875 1.999999480765053 4.42 1.9999994810243964 4.419999999999554 -3.900056158431509e-07
9.203125 1.999999467378042 4.42 1.9999994676373842 4.419999999999554 -4.00060811963365e-07
9.234375 1.999999476967265 4.42 1.9999994772266103 4.419999999999554 -3.92858192564735e-07
9.265625 1.9999995200829939 4.42 1.9999995203423373 4.419999999999553 -3.6047328921586107e-07
9.296875 1.999999610487602 4.42 1.9999996107469438 4.419999999999554 -2.9256895874623466e-07
9.328125 1.9999997659359914 4.42 1.9999997661953373 4.419999999999552 -1.75809204796358e-07
9.359375 2.000000009111771 4.42 2.0000000093711106 4.419999999999552 6.84399496390746e-09
9.390625 2.000000368743786 4.42 2.0000003690031267 4.419999999999556 2.769693754259723e-07
9.421875 2.000000880930462 4.42 2.000000881189801 4.419999999999554 6.6168109169794e-07
9.453125 2.0000015907017374 4.42 2.000001590961074 4.419999999999554 1.1948019652308614e-06
9.484375 2.0000025538513384 4.42 2.0000025541106776 4.419999999999556 1.91823977061019e-06
9.515625 2.0000038390745107 4.42 2.0000038393338473 4.419999999999553 2.8835929655655025e-06
9.546875 2.0000055304485747 4.42 2.0000055307079085 4.419999999999552 4.154014011294916e-06
9.578125 2.000007730295895 4.42 2.000007730555226 4.419999999999554 5.806359934410772e-06
9.609375 2.0000105624701483 4.42 2.0000105627294764 4.419999999999557 7.933660947464523e-06
9.640625 2.0000141761078507 4.42 2.0000141763671735 4.419999999999557 1.0647938659910819e-05
9.671875 2.000018749887227 4.42 2.0000187501465407 4.419999999999557 1.4083405549510238e-05
9.703125 2.000024496835712 4.42 2.000024497095014 4.419999999999554 1.8400076786345152e-05
9.734375 2.0000316697253995 4.42 2.0000316699846876 4.419999999999553 2.3787824056655596e-05
9.765625 2.000040567092398 4.42 2.0000405673516655 4.419999999999556 3.047089856032277e-05
9.796875 2.0000515399111 4.42 2.0000515401703423 4.419999999999557 3.871294668531413e-05
9.828125 2.0000649989475687 4.42 2.000064999206775 4.419999999999558 4.882253682205016e-05
9.859375 2.0000814228073214 4.42 2.0000814230664794 4.419999999999559 6.115920919813026e-05
9.890625 2.0001013666816245 4.42 2.0001013669407204 4.419999999999561 7.614005232250465e-05
9.921875 2.000125471782663 4.42 2.000125472041678 4.419999999999561 9.424679947325484e-05
9.953125 2.0001544754414953 4.42 2.0001544757004046 4.419999999999563 0.00011603342650898227
9.984375 2.0001892218234163 4.42 2.0001892220821933 4.419999999999563 0.00014213421802187232
10.015625 2.0002306731930752 4.42 2.0002306734516813 4.419999999999563 0.00017327225240822825
10.046875 2.0002799216363383 4.42 2.0002799218947382 4.419999999999561 0.00021026823778249598
10.078125 2.0003382011177333 4.42 2.000338201375878 4.419999999999559 0.00025404960983168684
10.109375 2.00040689972099 4.42 2.0004068999788185 4.419999999999556 0.0003056597797921633
10.140625 2.0004875718865582 4.42 2.000487572144011 4.419999999999554 0.0003662673958988225
10.171875 2.0005819504238924 4.42 2.0005819506808997 4.419999999999552 0.00043717545516134556
10.203125 2.0006919580383102 4.42 2.0006919582947895 4.419999999999552 0.0005198300745101878
10.234375 2.0008197180732443 4.42 2.0008197183291108 4.419999999999552 0.0006158287016735327
10.265625 2.0009675641292284 4.42 2.000967564384406 4.419999999999552 0.0007269275171483163
10.296875 2.001138048181968 4.42 2.001138048436374 4.419999999999554 0.0008550477499748933
10.328125 2.0013339467844355 4.42 2.001333947037997 4.419999999999552 0.0010022806024855794
10.359375 2.001558264903644 4.42 2.0015582651563077 4.419999999999554 0.0011708904536466504
10.390625 2.0018142369124945 4.42 2.0018142371642282 4.419999999999554 0.00136331598802327
10.421875 2.002105324232791 4.42 2.0021053244836002 4.419999999999554 0.0015821688788247121
10.453125 2.002435209108824 4.42 2.0024352093587585 4.419999999999554 0.001830229640059798
10.484375 2.00280778398329 4.42 2.0028077842324654 4.419999999999556 0.0021104402557239545
10.515625 2.0032271359509144 4.42 2.003227136199513 4.419999999999556 0.0024258931943456344
10.546875 2.0036975257812872 4.42 2.0036975260295904 4.419999999999558 0.002779816426326757
10.578125 2.0042233610333797 4.42 2.0042233612817633 4.419999999999558 0.0031755540804596885
10.609375 2.004809162830669 4.42 2.004809163079624 4.419999999999559 0.003616542405846326
10.640625 2.0054595259301324 4.42 2.0054595261802666 4.419999999999559 0.004106280747108303
10.671875 2.0061790718004597 4.42 2.0061790720524977 4.419999999999559 0.004648297295010989
10.703125 2.0069723945261195 4.42 2.0069723947809086 4.419999999999562 0.005246109441955015
10.734375 2.007843999474088 4.42 2.0078439997325632 4.419999999999561 0.00590317865247471
10.765625 2.008798234798452 4.42 2.008798235061631 4.419999999999559 0.006622859852864577
10.796875 2.009839216014298 4.42 2.009839216283221 4.419999999999559 0.007408345450915949
10.828125 2.0109707440433864 4.42 2.010970744319089 4.419999999999558 0.008262604215674192
10.859375 2.012196217318716 4.42 2.012196217602149 4.419999999999558 0.009188315376884767
10.890625 2.0135185387286683 4.42 2.0135185390206307 4.419999999999557 0.01018779844269984
10.921875 2.0149400183809787 4.42 2.0149400186820463 4.419999999999557 0.01126293938012599
10.953125 2.0164622733668915 4.42 2.016462273677317 4.419999999999553 0.012415113953013106
10.984375 2.018086125901385 4.42 2.018086126221017 4.4199999999995505 0.013645109164084353
11.015625 2.0198115014009557 4.42 2.019811501729162 4.419999999999549 0.014953043897151557
11.046875 2.02163732822957 4.42 2.0216373285651725 4.419999999999549 0.016338289999458067
11.078125 2.0235614409904783 4.42 2.0235614413317045 4.4199999999995505 0.017799395177961152
11.109375 2.025580489360549 4.42 2.025580489705021 4.419999999999549 0.019334009203016627
11.140625 2.0276898545492315 4.42 2.0276898548939943 4.4199999999995505 0.020938815013958157
11.171875 2.029883575511406 4.42 2.029883575852968 4.4199999999995505 0.022609466399069394
11.203125 2.032154287047852 4.42 2.032154287382312 4.419999999999548 0.02434053397314911
11.234375 2.0344931718866146 4.42 2.03449317220981 4.419999999999546 0.026125461195244212
11.265625 2.0368899287502265 4.42 2.036889929057904 4.419999999999548 0.027956532153544326
11.296875 2.0393327582776672 4.42 2.039332758565744 4.419999999999547 0.02982485279080091
11.328125 2.0418083684866137 4.42 2.041808368751415 4.419999999999547 0.031720347149536324
11.359375 2.0443020012320448 4.42 2.0443020014705744 4.419999999999549 0.033631770080131254
11.390625 2.046797480845608 4.42 2.0467974810558323 4.419999999999549 0.03554673767593849
11.421875 2.049277285829611 4.42 2.0492772860106987 4.419999999999545 0.037451776478212004
11.453125 2.0517226441352165 4.42 2.05172264428776 4.419999999999538 0.039332392231319985
11.484375 2.054113652182417 4.42 2.0541136523086054 4.419999999999536 0.041173158668053204
11.515625 2.056429417385682 4.42 2.056429417489397 4.41999999999954 0.04295782646966331
11.546875 2.0586482235407715 4.42 2.0586482236276265 4.419999999999541 0.04466945218057142
11.578125 2.0607477180124985 4.42 2.060747718089779 4.4199999999995425 0.04629054646961692
11.609375 2.062705119247272 4.42 2.062705119323775 4.419999999999542 0.04780324072547297
11.640625 2.064497442725788 4.42 2.064497442811607 4.419999999999542 0.04918947056157731
11.671875 2.066101743077976 4.42 2.0661017431841637 4.419999999999542 0.05043117439454236
11.703125 2.067495369710944 4.42 2.067495369849149 4.419999999999543 0.051510504859034176
11.734375 2.068656232959619 4.42 2.068656233141623 4.419999999999546 0.052410050441439045
11.765625 2.069563077464564 4.42 2.0695630777018126 4.419999999999546 0.05311306436428788
11.796875 2.0701957592201166 4.42 2.070195759523197 4.419999999999545 0.05360369744326279
11.828125 2.0705355225231545 4.42 2.070535522901296 4.419999999999545 0.05386723137812902
11.859375 2.0705652728950668 4.42 2.0705652733556397 4.419999999999543 0.05389030873688286
11.890625 2.070269841950397 4.42 2.070269842498478 4.419999999999545 0.05366115575656725
11.921875 2.069636240149702 4.42 2.0696362407876547 4.419999999999545 0.05316979402112389
11.953125 2.06865389340291 4.42 2.0686538941300885 4.419999999999542 0.05240823709138409
11.984375 2.067314859585342 4.42 2.067314860397846 4.419999999999542 0.05137066825821273
12.015625 2.065614021190252 4.42 2.0656140220808057 4.41999999999954 0.05005359576840977
12.046875 2.063549250568907 4.42 2.0635492515268616 4.419999999999538 0.048455982133748285
12.078125 2.061121544498347 4.42 2.061121545509779 4.41999999999954 0.046579344473933665
12.109375 2.0583351251639623 4.42 2.058335126211942 4.419999999999542 0.04442782325967287
12.140625 2.0551975050439495 4.42 2.055197506108913 4.419999999999542 0.04200821730578457
12.171875 2.051719513628286 4.42 2.0517195146885734 4.419999999999545 0.03932998340777328
12.203125 2.0479152843898762 4.42 2.0479152854223814 4.419999999999543 0.03640519960818808
12.234375 2.043802200941359 4.42 2.043802201922313 4.419999999999543 0.033248491709506556
12.265625 2.0394008018506593 4.42 2.0394008027565405 4.419999999999545 0.02987692330508533
12.296875 2.0347346441438843 4.42 2.0347346449523904 4.419999999999545 0.026309850264809496
12.328125 2.029830126088493 4.42 2.029830126779613 4.419999999999546 0.022568741272777516
12.359375 2.02471627041748 4.42 2.0247162709745723 4.419999999999545 0.018676966655785724
12.390625 2.0194244697209025 4.42 2.019424470131745 4.419999999999545 0.014659558348819613
12.421875 2.013988196291482 4.42 2.013988196549259 4.419999999999543 0.01054294440308875
12.453125 2.0084426792634016 4.42 2.008442679367551 4.419999999999542 0.006354661940193942
12.484375 2.002824552425988 4.42 2.002824552382822 4.41999999999954 0.002123052880951984
12.515625 1.997171476625279 4.42 1.997171476448336 4.419999999999538 -0.002123052880951984
12.546875 1.9915217411845798 4.42 1.9915217408946257 4.419999999999538 -0.006354661940193942
12.578125 1.9859138492762214 4.42 1.9859138489008272 4.419999999999538 -0.01054294440308875
12.609375 1.980386092654841 4.42 1.9803860922275365 4.419999999999538 -0.014659558348819613
12.640625 1.9749761216081183 4.42 1.9749761211670673 4.419999999999538 -0.018676966655785724
12.671875 1.9697205163792832 4.42 1.9697205159655327 4.419999999999536 -0.022568741272777516
12.703125 1.9646543666484506 4.42 1.964654366303795 4.4199999999995345 -0.026309850264809496
12.734375 1.9598108659023845 4.42 1.9598108656669626 4.419999999999533 -0.02987692330508533
12.765625 1.9552209276472725 4.42 1.9552209275570638 4.419999999999529 -0.033248491709506556
12.796875 1.9509128303965297 4.42 1.9509128304808607 4.419999999999527 -0.03640519960818808
12.828125 1.9469118981656939 4.42 1.9469118984450846 4.419999999999525 -0.03932998340777328
12.859375 1.9432402228049144 4.42 1.9432402232893282 4.419999999999524 -0.04200821730578457
12.890625 1.9399164338770394 4.42 1.9399164345648332 4.419999999999522 -0.04442782325967287
12.921875 1.936955520941497 4.42 1.936955521819146 4.419999999999522 -0.046579344473933665
12.953125 1.934368712038066 4.42 1.9343687130807787 4.41999999999952 -0.048455982133748285
12.984375 1.9321634109059829 4.42 1.932163412079173 4.4199999999995185 -0.05005359576840977
13.015625 1.9303431940637163 4.42 1.9303431953252317 4.419999999999514 -0.05137066825821273
13.046875 1.9289078673696607 4.42 1.9289078686726082 4.419999999999511 -0.05240823709138409
13.078125 1.927853580151542 4.42 1.9278535814474616 4.419999999999508 -0.05316979402112389
13.109375 1.9271729935057045 4.42 1.9271729947477811 4.419999999999506 -0.05366115575656725
13.140625 1.9268554979996249 4.42 1.92685549914568 4.4199999999995025 -0.05389030873688286
13.171875 1.9268874748282796 4.42 1.9268874758432832 4.4199999999995025 -0.05386723137812902
13.203125 1.9272525935308535 4.42 1.9272525943887417 4.419999999999501 -0.05360369744326279
13.234375 1.9279321387056232 4.42 1.9279321393903313 4.419999999999498 -0.05311306436428788
13.265625 1.9289053577857995 4.42 1.9289053582914506 4.419999999999497 -0.052410050441439045
13.296875 1.9301498218559552 4.42 1.9301498221863005 4.419999999999497 -0.051510504859034176
13.328125 1.9316417916789614 4.42 1.931641791846166 4.419999999999495 -0.05043117439454236
13.359375 1.9333565815336864 4.42 1.9333565815566547 4.419999999999492 -0.04918947056157731
13.390625 1.935268914091413 4.42 1.9352689139938288 4.41999999999949 -0.04780324072547297
13.421875 1.9373532603352746 4.42 1.9373532601435965 4.419999999999488 -0.04629054646961692
13.453125 1.9395841594028806 4.42 1.939584159144387 4.419999999999488 -0.04466945218057142
13.484375 1.9419365141599667 4.42 1.9419365138610694 4.419999999999487 -0.04295782646966331
13.515625 1.944385859251566 4.42 1.9443858589364282 4.419999999999482 -0.041173158668053204
13.546875 1.9469085992908295 4.42 1.9469085989803498 4.4199999999994795 -0.039332392231319985
13.578125 1.94948221570775 4.42 1.949482215418941 4.419999999999478 -0.037451776478212004
13.609375 1.9520854415706044 4.42 1.9520854413163076 4.419999999999474 -0.03554673767593849
13.640625 1.9546984043990587 4.42 1.95469840418798 4.419999999999474 -0.033631770080131254
13.671875 1.95730273760309 4.42 1.9573027374400638 4.4199999999994715 -0.031720347149536324
13.703125 1.9598816617037973 4.42 1.9598816615902406 4.419999999999469 -0.02982485279080091
13.734375 1.9624200369228102 4.42 1.962420036857289 4.419999999999468 -0.027956532153544326
13.765625 1.964904389070306 4.42 1.9649043890491535 4.419999999999467 -0.026125461195244212
13.796875 1.9673229109237225 4.42 1.9673229109416537 4.419999999999467 -0.02434053397314911
13.828125 1.9696654414768873 4.42 1.9696654415276016 4.419999999999466 -0.022609466399069394
13.859375 1.9719234255599836 4.42 1.9719234256366718 4.419999999999465 -0.020938815013958157
13.890625 1.974089856391506 4.42 1.97408985648731 4.4199999999994635 -0.019334009203016627
13.921875 1.9761592036319984 4.42 1.9761592037403604 4.4199999999994635 -0.017799395177961152
13.953125 1.9781273294720345 4.42 1.9781273295869688 4.419999999999463 -0.016338289999458067
13.984375 1.979991395210803 4.42 1.9799913953270776 4.4199999999994635 -0.014953043897151557
14.015625 1.981749760672456 4.42 1.9817497607856995 4.4199999999994635 -0.013645109164084353
14.046875 1.9834018786710628 4.42 1.9834018787778107 4.4199999999994635 -0.012415113953013106
14.078125 1.9849481865768634 4.42 1.9849481866745378 4.419999999999462 -0.01126293938012599
14.109375 1.9863899968615493 4.42 1.9863899969484065 4.41999999999946 -0.01018779844269984
14.140625 1.9877293883133245 4.42 1.987729388388367 4.419999999999462 -0.009188315376884767
14.171875 1.9889690994176923 4.42 1.9889690994805769 4.419999999999462 -0.008262604215674192
14.203125 1.9901124252015152 4.42 1.990112425252437 4.419999999999463 -0.007408345450915949
14.234375 1.9911631186394274 4.42 1.9911631186789867 4.419999999999463 -0.006622859852864577
14.265625 1.99212529752645 4.42 1.992125297555572 4.41999999999946 -0.00590317865247471
14.296875 1.9930033575321322 4.42 1.9930033575519401 4.41999999999946 -0.005246109441955015
14.328125 1.9938018919712315 4.42 1.9938018919829752 4.419999999999458 -0.004648297295010989
14.359375 1.9945256186574678 4.42 1.994525618662433 4.419999999999457 -0.004106280747108303
14.390625 1.9951793140506708 4.42 1.995179314050113 4.419999999999456 -0.003616542405846326
14.421875 1.9957677547660606 4.42 1.9957677547611843 4.419999999999456 -0.0031755540804596885
14.453125 1.9962956663880846 4.42 1.9962956663799865 4.419999999999456 -0.002779816426326757
14.484375 1.9967676794204197 4.42 1.9967676794100688 4.419999999999456 -0.0024258931943456344
14.515625 1.997188292109604 4.42 1.9971882920978348 4.419999999999455 -0.0021104402557239545
14.546875 1.9975618398012698 4.42 1.9975618397887822 4.419999999999455 -0.001830229640059798
14.578125 1.9978924704252747 4.42 1.9978924704126326 4.419999999999453 -0.0015821688788247121
14.609375 1.9981841256582533 4.42 1.9981841256458892 4.419999999999452 -0.00136331598802327
14.640625 1.9984405272785264 4.42 1.9984405272667614 4.419999999999453 -0.0011708904536466504
14.671875 1.9986651682077268 4.42 1.9986651681967806 4.419999999999453 -0.0010022806024855794
14.703125 1.9988613077245903 4.42 1.9988613077146054 4.419999999999452 -0.0008550477499748933
14.734375 1.9990319703381538 4.42 1.999031970329199 4.419999999999452 -0.0007269275171483163
14.765625 1.9991799478182228 4.42 1.9991799478103143 4.419999999999449 -0.0006158287016735327
14.796875 1.9993078038995158 4.42 1.9993078038926277 4.4199999999994475 -0.0005198300745101878
14.828125 1.9994178812005547 4.42 1.9994178811946266 4.4199999999994475 -0.00043717545516134556
14.859375 1.99951230992801 4.42 1.999512309922974 4.4199999999994475 -0.0003662673958988225
14.890625 1.9995930179706496 4.42 1.9995930179664145 4.419999999999446 -0.0003056597797921633
14.921875 1.9996617420225855 4.42 1.999661742019065 4.419999999999444 -0.00025404960983168684
14.953125 1.999720039413015 4.42 1.9997200394101147 4.419999999999442 -0.00021026823778249598
14.984375 1.9997693003569494 4.42 1.9997693003545784 4.419999999999442 -0.00017327225240822825
15.015625 1.9998107603788529 4.42 1.9998107603769364 4.419999999999441 -0.00014213421802187232
15.046875 1.9998455126971721 4.42 1.9998455126956298 4.419999999999441 -0.00011603342650898227
15.078125 1.999874520392045 4.42 1.999874520390815 4.41999999999944 -9.424679947325484e-05
15.109375 1.9998986282110494 4.42 1.9998986282100732 4.419999999999439 -7.614005232250465e-05
15.140625 1.999918573897409 4.42 1.9999185738966376 4.419999999999439 -6.115920919813026e-05
15.171875 1.9999349989524853 4.42 1.9999349989518773 4.4199999999994395 -4.882253682205016e-05
15.203125 1.9999484587685772 4.42 1.9999484587680985 4.4199999999994395 -3.871294668531413e-05
15.234375 1.999959432089632 4.42 1.9999594320892529 4.4199999999994395 -3.047089856032277e-05
15.265625 1.9999683297760873 4.42 1.9999683297757875 4.419999999999437 -2.3787824056655596e-05
15.296875 1.9999755028660222 4.42 1.9999755028657804 4.419999999999436 -1.8400076786345152e-05
15.328125 1.999981249938037 4.42 1.999981249937842 4.419999999999435 -1.4083405549510238e-05
15.359375 1.9999858237922623 4.42 1.9999858237921027 4.419999999999435 -1.0647938659910819e-05
15.390625 1.999989437474398 4.42 1.9999894374742628 4.419999999999435 -7.933660947464523e-06
15.421875 1.9999922696744026 4.42 1.9999922696742867 4.419999999999436 -5.806359934410772e-06
15.453125 1.999994469536225 4.42 1.9999944695361207 4.419999999999436 -4.154014011294916e-06
15.484375 1.999996160918165 4.42 1.9999961609180703 4.419999999999437 -2.8835929655655025e-06
15.515625 1.9999974461454166 4.42 1.999997446145331 4.419999999999437 -1.91823977061019e-06
15.546875 1.9999984092970067 4.42 1.9999984092969254 4.419999999999435 -1.1948019652308614e-06
15.578125 1.999999119069154 4.42 1.999999119069075 4.4199999999994315 -6.6168109169794e-07
15.609375 1.9999996312561468 4.42 1.999999631256071 4.419999999999428 -2.769693754259723e-07
15.640625 1.9999999908882304 4.42 1.9999999908881572 4.419999999999424 -6.84399496390746e-09
15.671875 2.0000002340639775 4.42 2.000000234063905 4.419999999999423 1.75809204796358e-07
15.703125 2.0000003895123237 4.42 2.000000389512249 4.419999999999424 2.9256895874623466e-07
15.734375 2.000000479916894 4.42 2.0000004799168183 4.419999999999419 3.6047328921586107e-07
15.765625 2.000000523032596 4.42 2.000000523032524 4.419999999999418 3.92858192564735e-07
15.796875 2.000000532621816 4.42 2.0000005326217454 4.419999999999417 4.00060811963365e-07
15.828125 2.0000005192348143 4.42 2.0000005192347414 4.419999999999415 3.900056158431509e-07
15.859375 2.0000004908564546 4.42 2.000000490856385 4.419999999999415 3.686901735755997e-07
15.890625 2.0000004534389504 4.42 2.0000004534388793 4.419999999999414 3.405852802832484e-07
15.921875 2.000000411337833 4.42 2.000000411337763 4.419999999999414 3.089624517400078e-07
15.953125 2.0000003676664893 4.42 2.000000367666419 4.4199999999994155 2.7616020174017365e-07
15.984375 2.0000003245823836 4.42 2.000000324582314 4.419999999999414 2.4379903603245343e-07
16.015625 2.000000283516449 4.42 2.0000002835163797 4.419999999999412 2.129537521443204e-07
16.046875 2.0000002453554675 4.42 2.0000002453553947 4.419999999999408 1.842904225897277e-07
16.078125 2.0000002105857835 4.42 2.000000210585714 4.419999999999403 1.581743565263702e-07
16.109375 2.0000001794055433 4.42 2.000000179405472 4.419999999999405 1.3475437614470108e-07
16.140625 2.0000001518113066 4.42 2.0000001518112347 4.419999999999401 1.1402790157076528e-07
16.171875 2.0000001276641726 4.42 2.0000001276641024 4.4199999999993995 9.589060343071351e-08
16.203125 2.0000001067395003 4.42 2.0000001067394293 4.419999999999396 8.017374642759501e-08
16.234375 2.0000000887636533 4.42 2.0000000887635845 4.419999999999391 6.667180104523568e-08
16.265625 2.000000073440636 4.42 2.000000073440564 4.419999999999389 5.5162434587404565e-08
16.296875 2.000000060470817 4.42 2.000000060470747 4.419999999999391 4.542059821685135e-08
16.328125 2.0000000495637114 4.42 2.0000000495636394 4.4199999999993915 3.722809494294276e-08
16.359375 2.000000040446134 4.42 2.0000000404460616 4.419999999999392 3.037973662956737e-08
16.390625 2.0000000328670513 4.42 2.0000000328669825 4.419999999999394 2.4686968687730042e-08
16.421875 2.000000026599957 4.42 2.000000026599886 4.419999999999394 1.9979652470463198e-08
16.453125 2.0000000214434825 4.42 2.000000021443411 4.4199999999993915 1.610654146399652e-08
16.484375 2.0000000172208603 4.42 2.0000000172207892 4.419999999999394 1.2934862794373492e-08
16.515625 2.0000000137785836 4.42 2.000000013778515 4.419999999999391 1.0349315607112637e-08
16.546875 2.000000010984613 4.42 2.0000000109845435 4.419999999999387 8.250718395545009e-09
16.578125 2.0000000087263166 4.42 2.0000000087262446 4.419999999999389 6.554474776039984e-09
16.609375 2.0000000069083574 4.42 2.0000000069082873 4.4199999999993915 5.1889784705830064e-09
16.640625 2.000000005450611 4.42 2.00000000545054 4.419999999999392 4.094040754180995e-09
16.671875 2.0000000042861488 4.42 2.000000004286078 4.419999999999391 3.219395161131922e-09
16.703125 2.0000000033594176 4.42 2.0000000033593484 4.419999999999385 2.523312985973188e-09
16.734375 2.000000002624555 4.42 2.000000002624488 4.419999999999383 1.971347542156692e-09
16.765625 2.0000000020439117 4.42 2.0000000020438407 4.419999999999382 1.5352140059132596e-09
16.796875 2.0000000015867094 4.42 2.00000000158664 4.41999999999938 1.191803958165589e-09
16.828125 2.000000001227944 4.42 2.000000001227874 4.419999999999378 9.22328624068492e-10
16.859375 2.0000000009473657 4.42 2.0000000009472956 4.419999999999377 7.115816430660233e-10
16.890625 2.000000000728664 4.42 2.000000000728593 4.419999999999377 5.473104646628257e-10
16.921875 2.00000000055875 4.42 2.0000000005586784 4.419999999999377 4.196847518033573e-10
16.953125 2.0000000004271636 4.42 2.000000000427095 4.419999999999378 3.2085017244722926e-10
16.984375 2.000000000325593 4.42 2.000000000325521 4.419999999999378 2.445564327745659e-10
17.015625 2.0000000002474296 4.42 2.0000000002473612 4.4199999999993755 1.8584917425466984e-10
17.046875 2.000000000187475 4.42 2.0000000001874065 4.419999999999373 1.4081629059050188e-10
17.078125 2.0000000001416303 4.42 2.0000000001415605 4.41999999999937 1.0638022529341046e-10
17.109375 2.00000000010668 4.42 2.0000000001066107 4.4199999999993675 8.012882088826562e-11
17.140625 2.0000000000801195 4.42 2.0000000000800506 4.419999999999364 6.017826279695694e-11
17.171875 2.0000000000599947 4.42 2.0000000000599254 4.419999999999362 4.506256740414861e-11
17.203125 2.0000000000447926 4.42 2.0000000000447242 4.41999999999936 3.364488926874075e-11
17.234375 2.000000000033345 4.42 2.0000000000332774 4.419999999999359 2.5046660111161175e-11
17.265625 2.00000000002475 4.42 2.0000000000246834 4.41999999999936 1.8591221278310382e-11
17.296875 2.000000000018317 4.42 2.000000000018249 4.41999999999936 1.3759175065993107e-11
17.328125 2.000000000013519 4.42 2.000000000013448 4.419999999999359 1.0153164275917284e-11
17.359375 2.0000000000099463 4.42 2.000000000009876 4.419999999999357 7.470200829441743e-12
17.390625 2.0000000000072955 4.42 2.000000000007226 4.419999999999353 5.480010911465506e-12
17.421875 2.0000000000053384 4.42 2.000000000005268 4.41999999999935 4.008153816462366e-12
17.453125 2.0000000000038916 4.42 2.000000000003822 4.41999999999935 2.922911974610753e-12
17.484375 2.00000000000283 4.42 2.0000000000027605 4.419999999999344 2.1251475998174054e-12
17.515625 2.00000000000205 4.42 2.0000000000019824 4.419999999999341 1.5404834363647938e-12
17.546875 2.0000000000014806 4.42 2.0000000000014135 4.419999999999338 1.113296906264696e-12
17.578125 2.0000000000010667 4.42 2.000000000000999 4.419999999999339 8.021235938183894e-13
17.609375 2.0000000000007665 4.42 2.000000000000698 4.419999999999339 5.761517913992377e-13
17.640625 2.00000000000055 4.42 2.0000000000004805 4.419999999999337 4.1255848706260836e-13
17.671875 2.0000000000003904 4.42 2.0000000000003224 4.419999999999339 2.9449184610589434e-13
17.703125 2.0000000000002776 4.42 2.0000000000002087 4.419999999999341 2.0954856369736308e-13
17.734375 2.0000000000001994 4.42 2.000000000000128 4.419999999999341 1.4862863863463673e-13
17.765625 2.0000000000001403 4.42 2.0000000000000693 4.419999999999343 1.050769502468153e-13
17.796875 2.000000000000098 4.42 2.0000000000000284 4.419999999999341 7.404199539793786e-14
17.828125 2.0000000000000693 4.42 2.0 4.419999999999336 5.1998468342356297e-14
17.859375 2.0000000000000515 4.42 1.9999999999999796 4.419999999999333 3.63930197719041e-14
17.890625 2.000000000000034 4.42 1.9999999999999658 4.41999999999933 2.53822982660602e-14
17.921875 2.0000000000000266 4.42 1.999999999999956 4.419999999999327 1.7639885483553146e-14
17.953125 2.0000000000000178 4.42 1.999999999999948 4.419999999999327 1.2214485147172358e-14
17.984375 2.0000000000000124 4.42 1.9999999999999427 4.419999999999323 8.426110147273168e-15
18.015625 2.0000000000000075 4.42 1.99999999999994 4.419999999999318 5.790342783568785e-15
18.046875 2.0000000000000058 4.42 1.9999999999999374 4.419999999999316 3.963263749308563e-15
18.078125 2.0000000000000053 4.42 1.999999999999936 4.4199999999993125 2.7015457262591083e-15
18.109375 2.0000000000000053 4.42 1.9999999999999347 4.419999999999309 1.833634667520214e-15
18.140625 2.000000000000004 4.42 1.9999999999999336 4.419999999999308 1.2390097532254693e-15
18.171875 2.0000000000000018 4.42 1.9999999999999343 4.419999999999306 8.333090963179003e-16
18.203125 2.0 4.42 1.9999999999999347 4.419999999999303 5.576995431938721e-16
18.234375 2.0 4.42 1.9999999999999358 4.419999999999298 3.7130643844254734e-16
18.265625 2.0 4.42 1.999999999999936 4.4199999999992965 2.4584179170539287e-16
18.296875 1.999999999999999 4.42 1.999999999999935 4.419999999999298 1.6180622920595578e-16
18.328125 1.999999999999999 4.42 1.999999999999936 4.4199999999992965 1.0581352319837788e-16
18.359375 1.999999999999999 4.42 1.9999999999999363 4.419999999999295 6.871293963104205e-17
18.390625 1.999999999999999 4.42 1.999999999999936 4.419999999999295 4.427650759039602e-17
18.421875 1.999999999999999 4.42 1.9999999999999356 4.4199999999992965 2.828480622676629e-17
18.453125 1.999999999999999 4.42 1.999999999999936 4.419999999999296 1.7892814642745072e-17
18.484375 1.999999999999999 4.42 1.999999999999937 4.419999999999293 1.1191819602844879e-17
18.515625 1.999999999999999 4.42 1.999999999999937 4.419999999999291 6.908033070364404e-18
18.546875 1.999999999999999 4.42 1.9999999999999363 4.41999999999929 4.1961531058258706e-18
18.578125 1.999999999999999 4.42 1.9999999999999363 4.41999999999929 2.498590031010466e-18
18.609375 1.999999999999999 4.42 1.9999999999999363 4.419999999999289 1.449916056694189e-18
18.640625 1.999999999999999 4.42 1.9999999999999363 4.419999999999288 8.123242558628094e-19
18.671875 1.999999999999999 4.42 1.9999999999999363 4.419999999999288 4.3225443940309184e-19
18.703125 1.999999999999999 4.42 1.999999999999937 4.419999999999286 2.1139984100659238e-19
18.734375 1.999999999999999 4.42 1.999999999999937 4.419999999999286 8.743644241968582e-20
18.765625 1.999999999999999 4.42 1.9999999999999374 4.419999999999286 2.1292021952213176e-20
18.796875 1.999999999999999 4.42 1.9999999999999374 4.419999999999286 -1.120966778113034e-20
18.828125 1.999999999999999 4.42 1.9999999999999376 4.419999999999284 -2.4794409328619503e-20
18.859375 1.999999999999999 4.42 1.9999999999999383 4.419999999999282 -2.8258874022225216e-20
18.890625 1.999999999999999 4.42 1.9999999999999376 4.419999999999282 -2.672813031849725e-20
18.921875 1.999999999999999 4.42 1.9999999999999376 4.419999999999281 -2.3088901174160298e-20
18.953125 1.999999999999999 4.42 1.9999999999999383 4.419999999999279 -1.8889436847287846e-20
18.984375 1.999999999999999 4.42 1.9999999999999376 4.41999999999928 -1.489719778190366e-20
19.015625 1.999999999999999 4.42 1.9999999999999383 4.419999999999277 -1.143913179228943e-20
19.046875 1.999999999999999 4.42 1.9999999999999376 4.419999999999277 -8.605353010410987e-21
19.078125 1.999999999999999 4.42 1.9999999999999376 4.419999999999277 -6.368100805829833e-21
19.109375 1.999999999999999 4.42 1.9999999999999376 4.419999999999277 -4.648962114637106e-21
19.140625 1.999999999999999 4.42 1.9999999999999383 4.419999999999275 -3.3550959936201877e-21
19.171875 1.999999999999999 4.42 1.9999999999999376 4.419999999999275 -2.397332648142728e-21
19.203125 1.999999999999999 4.42 1.9999999999999374 4.419999999999275 -1.698014209741317e-21
19.234375 1.999999999999999 4.42 1.9999999999999374 4.419999999999275 -1.193295339358929e-21
19.265625 1.999999999999999 4.42 1.9999999999999376 4.419999999999274 -8.326656155385357e-22
19.296875 1.999999999999999 4.42 1.9999999999999383 4.419999999999272 -5.77259160798956e-22
19.328125 1.999999999999999 4.42 1.9999999999999383 4.419999999999272 -3.977987490968176e-22
19.359375 1.999999999999999 4.42 1.9999999999999387 4.419999999999272 -2.7260073698019643e-22
19.390625 1.999999999999999 4.42 1.9999999999999387 4.419999999999272 -1.8582826090560647e-22
19.421875 1.999999999999999 4.42 1.9999999999999385 4.41999999999927 -1.2605058654817386e-22
19.453125 1.999999999999999 4.42 1.9999999999999392 4.419999999999266 -8.510108664216983e-23
19.484375 1.999999999999999 4.42 1.999999999999939 4.4199999999992645 -5.719737357640802e-23
19.515625 1.999999999999999 4.42 1.999999999999939 4.419999999999263 -3.8277972523577195e-23
19.546875 1.999999999999999 4.42 1.999999999999939 4.419999999999261 -2.5510813027808987e-23
19.578125 1.999999999999999 4.42 1.9999999999999396 4.419999999999259 -1.6934177460038927e-23
19.609375 1.999999999999999 4.42 1.9999999999999396 4.419999999999258 -1.1197544736359961e-23
19.640625 1.999999999999999 4.42 1.99999999999994 4.419999999999256 -7.376468727502132e-24
19.671875 1.999999999999999 4.42 1.9999999999999403 4.419999999999256 -4.8415436441065506e-24
19.703125 1.999999999999999 4.42 1.999999999999941 4.419999999999254 -3.1664072085467803e-24
19.734375 1.999999999999999 4.42 1.9999999999999414 4.419999999999252 -2.063626327147327e-24
19.765625 1.999999999999999 4.42 1.9999999999999414 4.41999999999925 -1.3403152088627167e-24
19.796875 1.999999999999999 4.42 1.9999999999999416 4.419999999999249 -8.676038409735593e-25
19.828125 1.999999999999999 4.42 1.9999999999999416 4.41999999999925 -5.5975613110885925e-25
19.859375 1.999999999999999 4.42 1.9999999999999416 4.41999999999925 -3.599654906553355e-25
19.890625 1.999999999999999 4.42 1.9999999999999416 4.419999999999249 -2.3074218514254646e-25
19.921875 1.999999999999999 4.42 1.9999999999999423 4.419999999999248 -1.474398097469421e-25
19.953125 1.999999999999999 4.42 1.999999999999943 4.419999999999245 -9.391605402168255e-26
19.984375 1.999999999999999 4.42 1.999999999999944 4.419999999999243 -5.963706537766583e-26
20.015625 1.999999999999999 4.42 1.999999999999943 4.419999999999244 -3.775344399229274e-26
20.046875 1.999999999999999 4.42 1.9999999999999436 4.419999999999242 -2.3827139994964814e-26
20.078125 1.999999999999999 4.42 1.9999999999999436 4.419999999999243 -1.49924343140427e-26
20.109375 1.999999999999999 4.42 1.9999999999999436 4.419999999999243 -9.405155247393542e-27
20.140625 1.999999999999999 4.42 1.9999999999999438 4.419999999999241 -5.882486307471667e-27
20.171875 1.999999999999999 4.42 1.9999999999999445 4.419999999999238 -3.668289004728993e-27
20.203125 1.999999999999999 4.42 1.9999999999999454 4.419999999999234 -2.2807587812770227e-27
20.234375 1.999999999999999 4.42 1.9999999999999463 4.419999999999231 -1.4138812796945444e-27
20.265625 1.999999999999999 4.42 1.9999999999999463 4.419999999999229 -8.73912572067705e-28
20.296875 1.999999999999999 4.42 1.9999999999999467 4.419999999999225 -5.38576355657764e-28
20.328125 1.999999999999999 4.42 1.9999999999999476 4.419999999999222 -3.3094267750190695e-28
20.359375 1.999999999999999 4.42 1.9999999999999476 4.41999999999922 -2.027615344466844e-28
20.390625 1.999999999999999 4.42 1.9999999999999476 4.419999999999218 -1.238642375332453e-28
20.421875 1.999999999999999 4.42 1.9999999999999476 4.419999999999216 -7.544549486732463e-29
20.453125 1.999999999999999 4.42 1.9999999999999476 4.419999999999215 -4.5819074330769235e-29
20.484375 1.999999999999999 4.42 1.9999999999999476 4.419999999999215 -2.774487006777097e-29
20.515625 1.999999999999999 4.42 1.999999999999948 4.419999999999215 -1.6750947021985322e-29
20.546875 1.999999999999999 4.42 1.9999999999999483 4.419999999999213 -1.0083523940785047e-29
20.578125 1.999999999999999 4.42 1.9999999999999483 4.419999999999211 -6.0519690049571036e-30
20.609375 1.999999999999999 4.42 1.9999999999999483 4.4199999999992095 -3.621484103504994e-30
20.640625 1.999999999999999 4.42 1.999999999999948 4.419999999999211 -2.1606037380466126e-30
20.671875 1.999999999999999 4.42 1.999999999999948 4.419999999999208 -1.2851516331372023e-30
20.703125 1.999999999999999 4.42 1.9999999999999494 4.4199999999992015 -7.621057735477044e-31
20.734375 1.999999999999999 4.42 1.9999999999999503 4.4199999999992 -4.505546363689017e-31
20.765625 1.999999999999999 4.42 1.9999999999999507 4.419999999999199 -2.65545774288298e-31
20.796875 1.999999999999999 4.42 1.9999999999999503 4.419999999999199 -1.5601918693651058e-31
20.828125 1.999999999999999 4.42 1.9999999999999496 4.4199999999992 -9.137948787512768e-32
20.859375 1.999999999999999 4.42 1.9999999999999503 4.419999999999197 -5.335009896503985e-32
20.890625 1.999999999999999 4.42 1.9999999999999498 4.419999999999197 -3.104698038737646e-32
20.921875 1.999999999999999 4.42 1.999999999999951 4.4199999999991935 -1.8008638503315503e-32
20.953125 1.999999999999999 4.42 1.9999999999999516 4.419999999999192 -1.04111138669265e-32
20.984375 1.999999999999999 4.42 1.9999999999999516 4.419999999999192 -5.998506676741735e-33
21.015625 1.999999999999999 4.42 1.999999999999953 4.419999999999189 -3.444218049896123e-33
21.046875 1.999999999999999 4.42 1.9999999999999534 4.419999999999188 -1.9706444301768363e-33
21.078125 1.999999999999999 4.42 1.9999999999999534 4.419999999999188 -1.123468433039923e-33
21.109375 1.999999999999999 4.42 1.9999999999999536 4.419999999999186 -6.381297208125961e-34
21.140625 1.999999999999999 4.42 1.9999999999999543 4.419999999999185 -3.610838991254936e-34
21.171875 1.999999999999999 4.42 1.9999999999999543 4.4199999999991855 -2.0352048920353324e-34
21.203125 1.999999999999999 4.42 1.9999999999999543 4.4199999999991855 -1.142489249897584e-34
21.234375 1.999999999999999 4.42 1.9999999999999547 4.419999999999185 -6.386682306426079e-35
21.265625 1.999999999999999 4.42 1.9999999999999547 4.419999999999185 -3.554705609886775e-35
21.296875 1.999999999999999 4.42 1.9999999999999547 4.419999999999185 -1.969481613251063e-35
21.328125 1.999999999999999 4.42 1.9999999999999556 4.419999999999184 -1.0859796109704051e-35
21.359375 1.999999999999999 4.42 1.9999999999999556 4.419999999999183 -5.957967746992783e-36
21.390625 1.999999999999999 4.42 1.9999999999999556 4.419999999999183 -3.251223154159321e-36
21.421875 1.999999999999999 4.42 1.9999999999999563 4.419999999999181 -1.764039657518716e-36
21.453125 1.999999999999999 4.42 1.999999999999957 4.41999999999918 -9.512456240138327e-37
21.484375 1.999999999999999 4.42 1.999999999999957 4.419999999999179 -5.095304745953352e-37
21.515625 1.999999999999999 4.42 1.9999999999999576 4.4199999999991775 -2.709319313161419e-37
21.546875 1.999999999999999 4.42 1.999999999999956 4.419999999999179 -1.4289429136809048e-37
21.578125 1.999999999999999 4.42 1.9999999999999556 4.41999999999918 -7.467854512244359e-38
21.609375 1.999999999999999 4.42 1.9999999999999563 4.419999999999178 -3.862246412839405e-38
21.640625 1.999999999999999 4.42 1.999999999999957 4.419999999999176 -1.9733640409492698e-38
21.671875 1.999999999999999 4.42 1.9999999999999576 4.419999999999173 -9.937973385277114e-39
21.703125 1.999999999999999 4.42 1.9999999999999574 4.419999999999174 -4.9171664344323987e-39
21.734375 1.999999999999999 4.42 1.9999999999999578 4.419999999999173 -2.379148315477548e-39
21.765625 1.999999999999999 4.42 1.9999999999999583 4.41999999999917 -1.1175793032213454e-39
21.796875 1.999999999999999 4.42 1.9999999999999587 4.419999999999169 -5.035814308975148e-40
21.828125 1.999999999999999 4.42 1.9999999999999596 4.419999999999167 -2.128823627925937e-40
21.859375 1.999999999999999 4.42 1.9999999999999603 4.419999999999165 -8.040211368904828e-41
21.890625 1.999999999999999 4.42 1.9999999999999603 4.419999999999165 -2.3380523158598155e-41
21.921875 1.999999999999999 4.42 1.9999999999999603 4.419999999999165 -1.1041630246284527e-42
21.953125 1.999999999999999 4.42 1.9999999999999603 4.419999999999165 5.97690423008472e-42
21.984375 1.999999999999999 4.42 1.9999999999999603 4.419999999999164 6.949926403797957e-42
22.015625 1.999999999999999 4.42 1.9999999999999603 4.419999999999164 5.846063377957028e-42
22.046875 1.999999999999999 4.42 1.999999999999961 4.419999999999162 4.325788212120148e-42
22.078125 1.999999999999999 4.42 1.9999999999999616 4.41999999999916 2.984371359915005e-42
22.109375 1.999999999999999 4.42 1.9999999999999616 4.41999999999916 1.9689254483153933e-42
22.140625 1.999999999999999 4.42 1.9999999999999618 4.419999999999158 1.258888113997978e-42
22.171875 1.999999999999999 4.42 1.999999999999963 4.419999999999154 7.862381985663504e-43
22.203125 1.999999999999999 4.42 1.9999999999999636 4.4199999999991535 4.8208921257584945e-43
22.234375 1.999999999999999 4.42 1.9999999999999643 4.419999999999151 2.91205779188509e-43
22.265625 1.999999999999999 4.42 1.999999999999965 4.419999999999151 1.7371316768754017e-43
22.296875 1.999999999999999 4.42 1.999999999999965 4.419999999999151 1.025195040406753e-43
22.328125 1.999999999999999 4.42 1.9999999999999654 4.419999999999149 5.993943055649722e-44
22.359375 1.999999999999999 4.42 1.9999999999999656 4.419999999999148 3.4754386748737267e-44
22.390625 1.999999999999999 4.42 1.9999999999999662 4.419999999999147 2.0001391905388715e-44
22.421875 1.999999999999999 4.42 1.9999999999999662 4.419999999999147 1.1432892156771465e-44
22.453125 1.999999999999999 4.42 1.9999999999999656 4.419999999999147 6.494345351696857e-45
22.484375 1.999999999999999 4.42 1.9999999999999656 4.419999999999146 3.6677085226756304e-45
22.515625 1.999999999999999 4.42 1.9999999999999667 4.419999999999144 2.060150041016556e-45
22.546875 1.999999999999999 4.42 1.9999999999999676 4.419999999999144 1.1512940178789018e-45
22.578125 1.999999999999999 4.42 1.9999999999999676 4.419999999999143 6.402876193520721e-46
22.609375 1.999999999999999 4.42 1.9999999999999676 4.419999999999143 3.544595714090166e-46
22.640625 1.999999999999999 4.42 1.999999999999967 4.419999999999144 1.9536579209753196e-46
22.671875 1.999999999999999 4.42 1.999999999999967 4.419999999999144 1.0722511834554478e-46
22.703125 1.999999999999999 4.42 1.9999999999999676 4.419999999999142 5.8610728285051535e-47
22.734375 1.999999999999999 4.42 1.9999999999999685 4.419999999999138 3.1911596593010844e-47
22.765625 1.999999999999999 4.42 1.999999999999969 4.419999999999138 1.7308607822853055e-47
22.796875 1.999999999999999 4.42 1.9999999999999694 4.419999999999137 9.353267962350299e-48
22.828125 1.999999999999999 4.42 1.9999999999999694 4.419999999999137 5.0360797287801475e-48
22.859375 1.999999999999999 4.42 1.9999999999999696 4.419999999999135 2.702002356417873e-48
22.890625 1.999999999999999 4.42 1.9999999999999696 4.419999999999133 1.4446905109718582e-48
22.921875 1.999999999999999 4.42 1.9999999999999696 4.419999999999133 7.698188899911537e-49
22.953125 1.999999999999999 4.42 1.9999999999999707 4.4199999999991295 4.0883930329748965e-49
22.984375 1.999999999999999 4.42 1.999999999999971 4.419999999999128 2.164163558795051e-49
23.015625 1.999999999999999 4.42 1.999999999999971 4.419999999999128 1.1418828486624206e-49
23.046875 1.999999999999999 4.42 1.999999999999971 4.419999999999128 6.005727064687491e-50
23.078125 1.999999999999999 4.42 1.9999999999999716 4.419999999999126 3.1487547339947423e-50
23.109375 1.999999999999999 4.42 1.9999999999999711 4.419999999999126 1.645720846417934e-50
23.140625 1.999999999999999 4.42 1.9999999999999725 4.419999999999122 8.574936586047256e-51
23.171875 1.999999999999999 4.42 1.9999999999999734 4.419999999999117 4.454253611117328e-51
23.203125 1.999999999999999 4.42 1.9999999999999734 4.419999999999115 2.3067406877601848e-51
23.234375 1.999999999999999 4.42 1.9999999999999742 4.419999999999112 1.1909998921582205e-51
23.265625 1.999999999999999 4.42 1.9999999999999747 4.419999999999112 6.1308674558564455e-52
23.296875 1.999999999999999 4.42 1.999999999999976 4.419999999999106 3.1465632025112256e-52
23.328125 1.999999999999999 4.42 1.9999999999999762 4.419999999999105 1.6101315822779676e-52
23.359375 1.999999999999999 4.42 1.9999999999999774 4.419999999999103 8.214889684997225e-53
23.390625 1.999999999999999 4.42 1.9999999999999782 4.419999999999101 4.178897469918695e-53
23.421875 1.999999999999999 4.42 1.9999999999999787 4.4199999999990975 2.119554414886232e-53
23.453125 1.999999999999999 4.42 1.9999999999999787 4.419999999999096 1.07189611230049e-53
23.484375 1.999999999999999 4.42 1.9999999999999796 4.419999999999093 5.404899700758321e-54
23.515625 1.999999999999999 4.42 1.9999999999999796 4.419999999999093 2.71737836329482e-54
23.546875 1.999999999999999 4.42 1.9999999999999796 4.419999999999094 1.3621972531801136e-54
23.578125 1.999999999999999 4.42 1.9999999999999796 4.419999999999094 6.808576983337657e-55
23.609375 1.999999999999999 4.42 1.9999999999999802 4.419999999999094 3.3931056550831865e-55
23.640625 1.999999999999999 4.42 1.9999999999999802 4.419999999999092 1.686011193240446e-55
23.671875 1.999999999999999 4.42 1.9999999999999802 4.41999999999909 8.352991740634592e-56
23.703125 1.999999999999999 4.42 1.9999999999999802 4.4199999999990895 4.126081146814488e-56
23.734375 1.999999999999999 4.42 1.9999999999999813 4.419999999999087 2.0320867377757505e-56
23.765625 1.999999999999999 4.42 1.9999999999999813 4.419999999999085 9.978129800561989e-57
23.796875 1.999999999999999 4.42 1.9999999999999818 4.419999999999082 4.884848740431868e-57
23.828125 1.999999999999999 4.42 1.9999999999999827 4.419999999999079 2.3841835575636754e-57
23.859375 1.999999999999999 4.42 1.9999999999999836 4.419999999999076 1.1601261438237894e-57
23.890625 1.999999999999999 4.42 1.9999999999999842 4.4199999999990744 5.6277758939184945e-58
23.921875 1.999999999999999 4.42 1.999999999999985 4.4199999999990744 2.7215866533612825e-58
23.953125 1.999999999999999 4.42 1.999999999999985 4.419999999999074 1.3120415267055653e-58
23.984375 1.999999999999999 4.42 1.9999999999999856 4.419999999999073 6.305182608170241e-59
24.015625 1.999999999999999 4.42 1.9999999999999856 4.419999999999074 3.0203361416968546e-59
24.046875 1.999999999999999 4.42 1.9999999999999856 4.419999999999073 1.442119640701555e-59
24.078125 1.999999999999999 4.42 1.9999999999999871 4.419999999999069 6.863006283915339e-60
24.109375 1.999999999999999 4.42 1.9999999999999876 4.4199999999990665 3.2551487659220895e-60
24.140625 1.999999999999999 4.42 1.999999999999987 4.419999999999067 1.5386651948267813e-60
24.171875 1.999999999999999 4.42 1.9999999999999876 4.419999999999064 7.247774453020917e-61
24.203125 1.999999999999999 4.42 1.9999999999999882 4.419999999999062 3.401882857024736e-61
24.234375 1.999999999999999 4.42 1.9999999999999893 4.4199999999990585 1.590929990931295e-61
24.265625 1.999999999999999 4.42 1.9999999999999896 4.419999999999058 7.4123871613528855e-62
24.296875 1.999999999999999 4.42 1.9999999999999896 4.419999999999057 3.4402769321153487e-62
24.328125 1.999999999999999 4.42 1.9999999999999896 4.419999999999057 1.5903905636321816e-62
24.359375 1.999999999999999 4.42 1.9999999999999896 4.419999999999057 7.321984942534789e-63
24.390625 1.999999999999999 4.42 1.9999999999999902 4.419999999999055 3.356600044717967e-63
24.421875 1.999999999999999 4.42 1.999999999999991 4.419999999999052 1.5319234162033377e-63
24.453125 1.999999999999999 4.42 1.9999999999999916 4.4199999999990505 6.959052145299416e-64
24.484375 1.999999999999999 4.42 1.9999999999999916 4.4199999999990505 3.145813634902412e-64
24.515625 1.999999999999999 4.42 1.999999999999992 4.41999999999905 1.414693107295441e-64
24.546875 1.999999999999999 4.42 1.9999999999999918 4.4199999999990505 6.326920398120275e-65
24.578125 1.999999999999999 4.42 1.9999999999999933 4.419999999999047 2.8128757645194546e-65
24.609375 1.999999999999999 4.42 1.9999999999999942 4.4199999999990425 1.2425942366207413e-65
24.640625 1.999999999999999 4.42 1.999999999999995 4.419999999999041 5.451008665905134e-66
24.671875 1.999999999999999 4.42 1.9999999999999956 4.419999999999039 2.372921497325267e-66
24.703125 1.999999999999999 4.42 1.999999999999997 4.419999999999035 1.0241461876918614e-66
24.734375 1.999999999999999 4.42 1.9999999999999976 4.419999999999035 4.377446861968469e-67
24.765625 1.999999999999999 4.42 1.9999999999999976 4.419999999999035 1.8502142513491473e-67
24.796875 1.999999999999999 4.42 1.9999999999999978 4.4199999999990345 7.718206623049324e-68
24.828125 1.999999999999999 4.42 1.9999999999999987 4.419999999999032 3.1691289287035775e-68
24.859375 1.999999999999999 4.42 1.999999999999999 4.419999999999032 1.275954546258792e-68
24.890625 1.999999999999999 4.42 1.999999999999999 4.419999999999031 5.008720464462768e-69
24.921875 1.999999999999999 4.42 1.9999999999999996 4.41999999999903 1.8996549218085223e-69
24.953125 1.999999999999999 4.42 2.0 4.419999999999028 6.85218368134225e-70
24.984375 1.999999999999999 4.42 2.0 4.4199999999990265 2.27822078484169e-70
