0.125 1.9999999999999996 24.0 2.00000000000077 23.999999999999993 -8.023378137447364e-69
0.375 1.9999999999999996 24.0 2.00000000000077 23.999999999999993 -8.237583357394523e-66
0.625 1.9999999999999996 24.0 2.000000000000771 23.999999999999993 -4.960217038783217e-63
0.875 1.9999999999999996 24.0 2.000000000000771 23.999999999999993 -2.2389513277987053e-60
1.125 1.9999999999999996 24.0 2.000000000000771 23.999999999999993 -8.083295968589929e-58
1.375 1.9999999999999996 24.0 2.000000000000771 23.999999999999993 -2.3927033740792414e-55
1.625 1.9999999999999996 24.0 2.000000000000771 23.999999999999993 -5.861267598663116e-53
1.875 1.9999999999999996 24.0 2.00000000000077 23.999999999999986 -1.1883943908134718e-50
2.125 1.9999999999999996 24.0 2.0000000000007687 23.99999999999998 -1.976589158084722e-48
2.375 1.9999999999999996 24.0 2.0000000000007683 23.99999999999997 -2.632942317395744e-46
2.625 1.9999999999999996 24.0 2.0000000000007674 23.999999999999964 -2.638888646042497e-44
2.875 1.9999999999999996 24.0 2.0000000000007674 23.99999999999996 -1.5796414191572262e-42
3.125 1.9999999999999996 24.0 2.0000000000007683 23.999999999999964 4.567817789604015e-41
3.375 1.9999999999999996 24.0 2.0000000000007687 23.999999999999968 2.7652750956800404e-38
3.625 1.9999999999999996 24.0 2.0000000000007674 23.999999999999964 4.404258009248603e-36
3.875 1.9999999999999996 24.0 2.0000000000007665 23.999999999999957 4.802503147034089e-34
4.125 1.9999999999999996 24.0 2.0000000000007656 23.99999999999995 4.0714940949284585e-32
4.375 1.9999999999999996 24.0 2.0000000000007656 23.99999999999995 2.798298194819873e-30
4.625 1.9999999999999996 24.0 2.0000000000007656 23.99999999999995 1.5853487713817023e-28
4.875 1.9999999999999996 24.0 2.0000000000007647 23.999999999999943 7.44089836681967e-27
5.125 1.9999999999999996 24.0 2.000000000000763 23.999999999999936 2.8831502816409013e-25
5.375 1.9999999999999996 24.0 2.0000000000007656 23.99999999999993 9.092577194644609e-24
5.625 1.9999999999999996 24.0 2.0000000000007576 23.99999999999993 2.252142269674823e-22
5.875 1.9999999999999996 24.0 2.0000000000007763 23.99999999999992 3.954656992153136e-21
6.125 1.9999999999999996 24.0 2.000000000000722 23.999999999999915 2.789761923259548e-20
6.375 1.9999999999999996 24.0 2.000000000000865 23.999999999999915 -1.0909101867037715e-18
6.625 1.9999999999999996 24.0 2.0000000000004823 23.999999999999915 -5.5213930824722155e-17
6.875 2.0000000000000018 24.0 2.0000000000015117 23.999999999999908 -1.5081395283077498e-15
7.125 2.0000000000000053 24.0 1.9999999999987499 23.999999999999908 -3.0406459207729985e-14
7.375 2.0000000000000773 24.0 2.000000000006211 23.9999999999999 -4.87731075149774e-13
7.625 2.0000000000010103 24.0 1.9999999999867921 23.9999999999999 -6.400550420574792e-12
7.875 2.0000000000109623 24.0 2.0000000000465787 23.999999999999893 -6.946621751012237e-11
8.125 2.000000000098502 24.0 1.99999999996272 23.999999999999904 -6.243021272063907e-10
8.375 2.0000000007275305 24.0 2.0000000008228387 23.999999999999897 -4.611047172371882e-09
8.625 2.00000000432316 24.0 2.00000000276919 23.9999999999999 -2.7399979986059073e-08
8.875 2.0000000195739975 24.0 2.000000020350993 23.999999999999897 -1.240590773561188e-07
9.125 2.0000000560523588 24.0 2.0000000573015466 23.999999999999872 -3.552572240524588e-07
9.375 1.99999997958007 24.0 1.9999998399354886 23.999999999999837 1.2942058380315937e-07
9.625 1.9999985469145345 24.0 1.9999974950862751 24.00000000000002 9.209599773068e-06
9.875 1.9999892252343539 24.0 1.9999842124006184 23.999999999999645 6.829060285179713e-05
10.125 1.999947183997248 24.0 1.9999294733113335 24.000000000000114 0.00033476072351890226
10.375 1.9998006062665017 24.0 1.9997526806928085 23.99999999999855 0.0012639670514472895
10.625 1.9993920651653252 24.0 1.9992938566371208 24.00000000000327 0.003855097550723615
10.875 1.9984749189029762 24.0 1.998329710231915 23.999999999992575 0.009678706501005496
11.125 1.9968329575959611 24.0 1.996687875168822 24.000000000022663 0.02012788497491368
11.375 1.9945681741525068 24.0 1.9945756042627143 23.9999999999162 0.03458962805843038
11.625 1.9923960528264235 24.0 1.9915044775233355 24.000000000235215 0.0485132950314933
11.875 1.9915722283871957 24.0 1.9917883229412836 23.999999999572687 0.053807929155783495
12.125 1.9932160170480222 24.0 1.9938182740928934 24.000000002400817 0.0432510018706274
12.375 1.9973738648186663 24.0 1.9978175036219281 23.999999995381256 0.01668234441309194
12.625 2.0026381671618303 24.0 2.0025301848720374 23.99999990252905 -0.01668234441309194
12.875 2.0068648622820344 24.0 2.0080383567184468 24.000000286888124 -0.0432510018706274
13.125 2.0085529565497833 24.0 2.0083405736010134 24.000000995724218 -0.053807929155783495
13.375 2.007705706329197 24.0 2.007294309075432 24.000009428074534 -0.0485132950314933
13.625 2.005483554071176 24.0 2.0053045051029095 24.000380815378854 -0.03458962805843038
13.875 2.00318455784232 24.0 2.003134783847033 23.998854309994535 -0.02012788497491368
14.125 2.0015291310969436 24.0 2.00113968697993 23.99837416087687 -0.009678706501005496
14.375 2.0006085773596554 24.0 2.000639770102704 24.0044832506454 -0.003855097550723615
14.625 2.0001994628036814 24.0 2.0003653625195827 24.001055961834183 -0.0012639670514472895
14.875 2.000052820847689 24.0 1.9999085019026421 23.997953330721643 -0.00033476072351890226
15.125 2.000010774967268 24.0 1.99990205976793 23.99829278611355 -6.829060285179713e-05
15.375 2.0000014530891326 24.0 2.0000292800473174 24.000448785363684 -9.209599773068e-06
15.625 2.000000020419934 24.0 2.0000628755224925 24.00091931280056 -1.2942058380315937e-07
15.875 1.999999943947647 24.0 2.000031366247206 24.000451465880268 3.552572240524588e-07
16.125 1.9999999804260038 24.0 1.9999816630674123 23.999679369898537 1.240590773561188e-07
16.375 1.9999999956768408 24.0 1.9999805477781003 23.999634434285493 2.7399979986059073e-08
16.625 1.9999999992724706 24.0 1.9999957730182494 23.999835093956428 4.611047172371882e-09
16.875 1.9999999999014986 24.0 2.0000165744719123 24.00014271843485 6.243021272063907e-10
17.125 1.999999999989039 24.0 2.0000190374944466 24.00018382443999 6.946621751012237e-11
17.375 1.9999999999989901 24.0 2.0000147918801474 24.000128957774052 6.400550420574792e-12
17.625 1.9999999999999238 24.0 2.0000067931332133 24.00001724862077 4.87731075149774e-13
17.875 1.9999999999999964 24.0 2.0000038416499755 23.99998455823441 3.0406459207729985e-14
18.125 1.9999999999999996 24.0 2.000003661546079 23.999985680754683 1.5081395283077498e-15
18.375 1.9999999999999996 24.0 2.0000044491471973 23.9999961891044 5.5213930824722155e-17
18.625 1.9999999999999996 24.0 2.000005336699654 24.000001464412165 1.0909101867037715e-18
18.875 1.9999999999999996 24.0 2.0000060057440967 24.00000327259793 -2.789761923259548e-20
19.125 1.9999999999999996 24.0 2.0000061456796576 23.999999269644142 -3.954656992153136e-21
19.375 1.9999999999999996 24.0 2.0000055380691233 23.999990775514174 -2.252142269674823e-22
19.625 1.9999999999999996 24.0 2.0000042665550333 23.999978052531908 -9.092577194644609e-24
19.875 1.9999999999999996 24.0 2.000002962237352 23.999968194215064 -2.8831502816409013e-25
20.125 1.9999999999999996 24.0 2.000002524510342 23.999966365899066 -7.44089836681967e-27
20.375 1.9999999999999996 24.0 2.000002731466475 23.999968700624727 -1.5853487713817023e-28
20.625 1.9999999999999996 24.0 2.0000034768310986 23.99997531819644 -2.798298194819873e-30
20.875 1.9999999999999996 24.0 2.0000046724353706 23.999986309778315 -4.0714940949284585e-32
21.125 1.9999999999999996 24.0 2.0000060135340068 24.000000286580704 -4.802503147034089e-34
21.375 1.9999999999999996 24.0 2.0000071820577565 24.000015828804962 -4.404258009248603e-36
21.625 1.9999999999999996 24.0 2.0000077289606395 24.00002500104038 -2.7652750956800404e-38
21.875 1.9999999999999996 24.0 2.0000076964097135 24.000026939499023 -4.567817789604015e-41
22.125 1.9999999999999996 24.0 2.0000076877995348 24.000028850056424 1.5796414191572262e-42
22.375 1.9999999999999996 24.0 2.0000081846576307 24.000034126068485 2.638888646042497e-44
22.625 1.9999999999999996 24.0 2.000009044790961 24.000039930562156 2.632942317395744e-46
22.875 1.9999999999999996 24.0 2.0000102923156167 24.000047760740905 1.976589158084722e-48
23.125 1.9999999999999996 24.0 2.0000124095171783 24.000061086340324 1.1883943908134718e-50
23.375 1.9999999999999996 24.0 2.0000157793297504 24.00008300967884 5.861267598663116e-53
23.625 1.9999999999999996 24.0 2.000020582753625 24.000115248672735 2.3927033740792414e-55
23.875 1.9999999999999996 24.0 2.0000269828131128 24.00015946284146 8.083295968589929e-58
24.125 1.9999999999999996 24.0 2.000035571809451 24.000220522141653 2.2389513277987053e-60
24.375 1.9999999999999996 24.0 2.0000474432836115 24.000307251568692 4.960217038783217e-63
24.625 1.9999999999999996 24.0 2.0000639443894057 24.00042824867389 8.237583357394523e-66
24.875 1.9999999999999996 24.0 2.0000826385208756 24.00056966735551 8.023378137447364e-69
