0.0625 1.9999999999999996 24.0 2.000000000000772 24.0 -1.1497184111213586e-69
0.1875 1.9999999999999996 24.0 2.000000000000772 24.0 -4.956512554488603e-68
0.3125 1.9999999999999996 24.0 2.000000000000771 23.999999999999993 -1.5606895560755955e-66
0.4375 1.9999999999999996 24.0 2.000000000000771 23.999999999999993 -4.221871484767452e-65
0.5625 1.9999999999999996 24.0 2.000000000000771 23.999999999999993 -1.0331249664820779e-63
0.6875 1.9999999999999996 24.0 2.000000000000771 23.999999999999993 -2.340279915629186e-62
0.8125 1.9999999999999996 24.0 2.000000000000771 23.999999999999993 -4.9677240512015786e-61
0.9375 1.9999999999999996 24.0 2.0000000000007687 23.99999999999998 -9.952641974695324e-60
1.0625 1.9999999999999996 24.0 2.0000000000007683 23.99999999999998 -1.8904090561110707e-58
1.1875 1.9999999999999996 24.0 2.0000000000007674 23.99999999999997 -3.4139735638802406e-57
1.3125 1.9999999999999996 24.0 2.0000000000007665 23.999999999999964 -5.872877688638674e-56
1.4375 1.9999999999999996 24.0 2.0000000000007656 23.999999999999957 -9.634018146557815e-55
1.5625 1.9999999999999996 24.0 2.0000000000007647 23.99999999999995 -1.5078490196182649e-53
1.6875 1.9999999999999996 24.0 2.000000000000763 23.999999999999943 -2.2516961084400117e-52
1.8125 1.9999999999999996 24.0 2.000000000000761 23.999999999999936 -3.206647879385634e-51
1.9375 1.9999999999999996 24.0 2.0000000000007603 23.99999999999993 -4.350333912421186e-50
2.0625 1.9999999999999996 24.0 2.0000000000007594 23.999999999999925 -5.612421917410396e-49
2.1875 1.9999999999999996 24.0 2.0000000000007585 23.99999999999992 -6.866290082952759e-48
2.3125 1.9999999999999996 24.0 2.000000000000755 23.999999999999897 -7.931474614496866e-47
2.4375 1.9999999999999996 24.0 2.000000000000754 23.999999999999886 -8.590853396874958e-46
2.5625 1.9999999999999996 24.0 2.0000000000007527 23.99999999999988 -8.623273722320799e-45
2.6875 1.9999999999999996 24.0 2.0000000000007514 23.999999999999865 -7.847597927876126e-44
2.8125 1.9999999999999996 24.0 2.0000000000007505 23.99999999999986 -6.16927538059152e-43
2.9375 1.9999999999999996 24.0 2.0000000000007496 23.999999999999858 -3.6173956053941074e-42
3.0625 1.9999999999999996 24.0 2.0000000000007496 23.999999999999858 -3.603800524878784e-42
3.1875 1.9999999999999996 24.0 2.0000000000007487 23.99999999999985 3.3073113098458767e-40
3.3125 1.9999999999999996 24.0 2.000000000000748 23.999999999999844 7.007674905386313e-39
3.4375 1.9999999999999996 24.0 2.000000000000747 23.99999999999984 1.0342698109135129e-37
3.5625 1.9999999999999996 24.0 2.0000000000007474 23.999999999999837 1.2964282047082334e-36
3.6875 1.9999999999999996 24.0 2.000000000000746 23.99999999999983 1.4633673851942304e-35
3.8125 1.9999999999999996 24.0 2.0000000000007447 23.999999999999822 1.5256449707696942e-34
3.9375 1.9999999999999996 24.0 2.0000000000007443 23.99999999999981 1.4886155797128192e-33
4.0625 1.9999999999999996 24.0 2.0000000000007434 23.99999999999981 1.3698442674456298e-32
4.1875 1.9999999999999996 24.0 2.0000000000007434 23.99999999999981 1.1944977329459876e-31
4.3125 1.9999999999999996 24.0 2.0000000000007425 23.999999999999808 9.90034257306422e-31
4.4375 1.9999999999999996 24.0 2.000000000000743 23.999999999999808 7.814765201370724e-30
4.5625 1.9999999999999996 24.0 2.000000000000743 23.999999999999808 5.881650691709571e-29
4.6875 1.9999999999999996 24.0 2.0000000000007416 23.9999999999998 4.223370350087268e-28
4.8125 1.9999999999999996 24.0 2.0000000000007407 23.999999999999794 2.893556671295461e-27
4.9375 1.9999999999999996 24.0 2.0000000000007407 23.999999999999787 1.890757597486316e-26
5.0625 1.9999999999999996 24.0 2.0000000000007403 23.99999999999978 1.177190424551076e-25
5.1875 1.9999999999999996 24.0 2.00000000000074 23.99999999999978 6.971695163562433e-25
5.3125 1.9999999999999996 24.0 2.00000000000074 23.99999999999978 3.91712255151615e-24
5.4375 1.9999999999999996 24.0 2.000000000000738 23.999999999999773 2.0794935839713404e-23
5.5625 1.9999999999999996 24.0 2.000000000000738 23.999999999999766 1.0363087742791856e-22
5.6875 1.9999999999999996 24.0 2.000000000000737 23.99999999999976 4.795469821729646e-22
5.8125 1.9999999999999996 24.0 2.0000000000007354 23.99999999999975 2.0196850576742936e-21
5.9375 1.9999999999999996 24.0 2.0000000000007354 23.99999999999975 7.416412590413098e-21
6.0625 1.9999999999999996 24.0 2.0000000000007345 23.999999999999744 2.0997746765631944e-20
6.1875 1.9999999999999996 24.0 2.000000000000734 23.999999999999737 1.970926387775956e-20
6.3125 1.9999999999999996 24.0 2.0000000000007327 23.999999999999726 -3.06488886306849e-19
6.4375 1.9999999999999996 24.0 2.0000000000007323 23.999999999999723 -3.2470451229757577e-18
6.5625 1.9999999999999996 24.0 2.0000000000007323 23.999999999999726 -2.2526004271834337e-17
6.6875 1.9999999999999996 24.0 2.0000000000007323 23.999999999999723 -1.3095803341512223e-16
6.8125 1.9999999999999996 24.0 2.0000000000007323 23.999999999999723 -6.821465540280686e-16
6.9375 2.0000000000000018 24.0 2.0000000000007323 23.999999999999723 -3.273862560930351e-15
7.0625 2.0000000000000036 24.0 2.0000000000007327 23.999999999999716 -1.4685412509578057e-14
7.1875 2.000000000000011 24.0 2.0000000000007394 23.99999999999971 -6.207521160722045e-14
7.3125 2.00000000000004 24.0 2.0000000000007616 23.999999999999694 -2.4851468597291215e-13
7.4375 2.0000000000001497 24.0 2.000000000000866 23.999999999999694 -9.453492026144965e-13
7.5625 2.000000000000539 24.0 2.0000000000012017 23.999999999999687 -3.424064082240977e-12
7.6875 2.0000000000018665 24.0 2.0000000000024567 23.999999999999673 -1.182378394443425e-11
7.8125 2.000000000006146 24.0 2.0000000000062874 23.999999999999673 -3.895171607363096e-11
7.9375 2.000000000019319 24.0 2.0000000000188862 23.99999999999967 -1.224382624174479e-10
8.0625 2.000000000057919 24.0 2.000000000054314 23.99999999999966 -3.6709291014105447e-10
8.1875 2.0000000001654876 24.0 2.0000000001586775 23.999999999999652 -1.04885094347367e-09
8.3125 2.0000000004498846 24.0 2.0000000004245 23.999999999999645 -2.8513434431676317e-09
8.4375 2.000000001160797 24.0 2.000000001127365 23.999999999999638 -7.357063536790531e-09
8.5625 2.000000002831756 24.0 2.000000002709231 23.99999999999963 -1.794754306433284e-08
8.6875 2.0000000064916637 24.0 2.0000000064310264 23.999999999999623 -4.114386207184302e-08
8.8125 2.000000013843881 24.0 2.0000000134218383 23.99999999999962 -8.774186992060323e-08
8.9375 2.0000000269646145 24.0 2.000000027648385 23.999999999999602 -1.7090045283630125e-07
9.0625 2.0000000461651943 24.0 2.000000044952131 23.99999999999961 -2.9259285286963165e-07
9.1875 2.0000000626030965 24.0 2.0000000713624626 23.999999999999602 -3.9677550466495557e-07
9.3125 2.000000038066707 24.0 2.0000000194518335 23.999999999999588 -2.4126500111955035e-07
9.4375 1.9999998568499835 24.0 1.9999997801199885 23.99999999999958 9.072782688430747e-07
9.5625 1.9999992226135865 24.0 1.9999990191311015 23.999999999999577 4.927042275346514e-06
9.6875 1.99999745652309 24.0 1.9999969910972797 23.99999999999958 1.6120474057228993e-05
9.8125 1.9999931345603434 24.0 1.9999921668024863 23.999999999999577 4.351309689093828e-05
9.9375 1.9999834897866702 24.0 1.9999816292328914 23.999999999999577 0.00010464246498845123
10.0625 1.9999635148731965 24.0 1.9999601843355341 23.999999999999574 0.00023124836428342147
10.1875 1.9999247537744853 24.0 1.99991918747346 23.999999999999563 0.0004769382424958915
10.3125 1.9998538928758636 24.0 1.9998452060419443 23.99999999999958 0.0009261376581602602
10.4375 1.9997314636131214 24.0 1.9997188292093102 23.999999999999865 0.0017023680759536896
10.5625 1.9995312310537827 24.0 1.999514175265811 23.999999999999993 0.0029722455289856228
10.6875 1.9992210939978836 24.0 1.9991998665717758 23.999999999985857 0.004940010699781705
10.8125 1.998766428059115 24.0 1.9987423197948908 23.999999999940915 0.0078267031465639
10.9375 1.998136590922492 24.0 1.9981120084875879 24.000000000433435 0.011829333546431228
11.0625 1.997314633591705 24.0 1.9972923045624884 24.00000000338982 0.017059485212843672
11.1875 1.996309112349528 24.0 1.9962942882568673 23.999999989037978 0.023467831089443454
11.3125 1.9951655003668594 24.0 1.9951411742463145 23.999999883572222 0.03076987894119322
11.4375 1.9939735438753277 24.0 1.9939977697806692 24.000000524727824 0.03839608071209057
11.5625 1.992866618031946 24.0 1.992739164090847 23.99999942301914 0.04549242572358476
11.6875 1.99201019200249 24.0 1.9920495299710927 23.999998086285977 0.05099223738725463
11.8125 1.9915789465994957 24.0 1.9913742178749507 24.00000127493422 0.053764721194172214
11.9375 1.9917253580417686 24.0 1.991790482384015 24.000001310457193 0.05282320629055684
12.0625 1.9925456996887094 24.0 1.9926814618343114 24.00000019895304 0.047552344591757154
12.1875 1.9940513868122034 24.0 1.9941699825505852 24.00000039331448 0.03789755473400547
12.3125 1.9961536477796722 24.0 1.9962318187489632 24.000016561789533 0.024459631507370596
12.4375 1.998667357997329 24.0 1.9986988886712818 23.999769054854056 0.008456005565417002
12.5625 2.0013357333697948 24.0 2.0013568360141916 24.000737679822393 -0.008456005565417002
12.6875 2.003872218099441 24.0 2.004055623031415 23.99927557085401 -0.024459631507370596
12.8125 2.006010708885205 24.0 2.005948162031416 23.998215215402507 -0.03789755473400547
12.9375 2.0075520678154595 24.0 2.007694755570289 24.00261521309799 -0.047552344591757154
13.0625 2.008395286469621 24.0 2.0088030074002856 24.00054507225871 -0.05282320629055684
13.1875 2.0085460373516018 24.0 2.008391317724988 23.9983180202173 -0.053764721194172214
13.3125 2.0081022331618894 24.0 2.007919853827614 23.998474929478384 -0.05099223738725463
13.4375 2.00722286200814 24.0 2.007125256665082 23.999779971946808 -0.04549242572358476
13.5625 2.006090196329485 24.0 2.0061035334451307 24.001568949999186 -0.03839608071209057
13.6875 2.004875433603247 24.0 2.004953945322003 24.00176249213858 -0.03076987894119322
13.8125 2.0037146983780856 24.0 2.0036911131115613 23.999440630225422 -0.023467831089443454
13.9375 2.0026979485616576 24.0 2.002544920664096 23.997978473893205 -0.017059485212843672
14.0625 2.001869458885275 24.0 2.0017768084882834 24.001003603193688 -0.011829333546431228
14.1875 2.0012362203047003 24.0 2.001330573626086 24.001885084787265 -0.0078267031465639
14.3125 2.0007799610573245 24.0 2.000755937805723 23.999552069565013 -0.004940010699781705
14.4375 2.000469150880423 24.0 2.000355493766045 23.998511203261064 -0.0029722455289856228
14.5625 2.000268661679659 24.0 2.0002090953329112 24.00032450346279 -0.0017023680759536896
14.6875 2.000146144206738 24.0 2.000189986298905 24.001017503463814 -0.0009261376581602602
14.8125 2.0000752560598136 24.0 2.0000860802351155 24.000142973286955 -0.0004769382424958915
14.9375 2.0000364874387433 24.0 2.000014042982481 23.999729244053334 -0.00023124836428342147
15.0625 2.0000165106867387 24.0 1.999999459467651 23.999700555023377 -0.00010464246498845123
15.1875 2.000006865521515 24.0 2.0000074919114277 24.00004041298376 -4.351309689093828e-05
15.3125 2.0000025434881463 24.0 2.000010581698853 24.00012707686053 -1.6120474057228993e-05
15.4375 2.00000077738746 24.0 2.000006436448233 24.000073390667314 -4.927042275346514e-06
15.5625 2.000000143150053 24.0 1.999999460548157 23.999974961068126 -9.072782688430747e-07
15.6875 1.9999999619332995 24.0 1.999998950641328 23.999965679284657 2.4126500111955035e-07
15.8125 1.9999999373969073 24.0 2.000000286709174 23.999985476717544 3.9677550466495557e-07
15.9375 1.9999999538348094 24.0 2.000002077851366 24.000012274387075 2.9259285286963165e-07
16.0625 1.9999999730353897 24.0 2.0000022120117897 24.00001375561964 1.7090045283630125e-07
16.1875 1.9999999861561206 24.0 2.00000182871384 24.000007204883907 8.774186992060323e-08
16.3125 1.9999999935083348 24.0 2.0000014977014664 24.00000127766928 4.114386207184302e-08
16.4375 1.9999999971682425 24.0 2.000001541121029 24.000001688712388 1.794754306433284e-08
16.5625 1.9999999988392057 24.0 2.000001549945787 24.00000232915491 7.357063536790531e-09
16.6875 1.9999999995501154 24.0 2.000001416024974 24.00000183581843 2.8513434431676317e-09
16.8125 1.9999999998345113 24.0 2.0000012450378883 24.00000079972281 1.04885094347367e-09
16.9375 1.9999999999420819 24.0 2.0000010851354184 23.9999993465335 3.6709291014105447e-10
17.0625 1.9999999999806826 24.0 2.000000950887496 23.99999806041112 1.224382624174479e-10
17.1875 1.9999999999938554 24.0 2.0000008528836224 23.999997330619166 3.895171607363096e-11
17.3125 1.9999999999981335 24.0 2.0000007670160214 23.99999675286207 1.182378394443425e-11
17.4375 1.9999999999994613 24.0 2.000000669232189 23.999996068857744 3.424064082240977e-12
17.5625 1.999999999999851 24.0 2.0000005551065048 23.99999518275107 9.453492026144965e-13
17.6875 1.9999999999999618 24.0 2.000000425464566 23.9999941168634 2.4851468597291215e-13
17.8125 1.999999999999991 24.0 2.0000002825037093 23.99999298559397 6.207521160722045e-14
17.9375 1.9999999999999987 24.0 2.0000001297730434 23.99999185994041 1.4685412509578057e-14
18.0625 1.9999999999999987 24.0 1.9999999646342888 23.999990650231226 3.273862560930351e-15
18.1875 1.9999999999999996 24.0 1.9999997923606223 23.999989285470562 6.821465540280686e-16
18.3125 1.9999999999999996 24.0 1.999999672096602 23.99998848801832 1.3095803341512223e-16
18.4375 1.9999999999999996 24.0 1.9999996545066296 23.99998847879558 2.2526004271834337e-17
18.5625 1.9999999999999996 24.0 1.9999997102300098 23.999989010732712 3.2470451229757577e-18
18.6875 1.9999999999999996 24.0 1.9999998165639048 23.999989936383244 3.06488886306849e-19
18.8125 1.9999999999999996 24.0 1.9999999684686909 23.999991218734444 -1.970926387775956e-20
18.9375 1.9999999999999996 24.0 2.0000001640668357 23.99999283574006 -2.0997746765631944e-20
19.0625 1.9999999999999996 24.0 2.0000003962308006 23.999994729521553 -7.416412590413098e-21
19.1875 1.9999999999999996 24.0 2.000000648866619 23.999996776337973 -2.0196850576742936e-21
19.3125 1.9999999999999996 24.0 2.000000907842077 23.999998873406657 -4.795469821729646e-22
19.4375 1.9999999999999996 24.0 2.000001194753054 24.000001204242956 -1.0363087742791856e-22
19.5625 1.9999999999999996 24.0 2.000001575683396 24.000004291224645 -2.0794935839713404e-23
19.6875 1.9999999999999996 24.0 2.0000020165253685 24.000008172793077 -3.91712255151615e-24
19.8125 1.9999999999999996 24.0 2.0000022089695273 24.000009181984865 -6.971695163562433e-25
19.9375 1.9999999999999996 24.0 2.0000020820206394 24.000008190949828 -1.177190424551076e-25
20.0625 1.9999999999999996 24.0 2.0000018554808063 24.00000652952363 -1.890757597486316e-26
20.1875 1.9999999999999996 24.0 2.000001631142086 24.00000487192467 -2.893556671295461e-27
20.3125 1.9999999999999996 24.0 2.0000014347397554 24.000003352669275 -4.223370350087268e-28
20.4375 1.9999999999999996 24.0 2.00000129364059 24.000002347815716 -5.881650691709571e-29
20.5625 1.9999999999999996 24.0 2.000001220168322 24.00000187664234 -7.814765201370724e-30
20.6875 1.9999999999999996 24.0 2.0000011854359934 24.000001694097982 -9.90034257306422e-31
20.8125 1.9999999999999996 24.0 2.0000011670390307 24.000001642996416 -1.1944977329459876e-31
20.9375 1.9999999999999996 24.0 2.000001156983071 24.000001667516315 -1.3698442674456298e-32
21.0625 1.9999999999999996 24.0 2.0000011546088334 24.00000176233452 -1.4886155797128192e-33
21.1875 1.9999999999999996 24.0 2.0000011620832208 24.000001940599596 -1.5256449707696942e-34
21.3125 1.9999999999999996 24.0 2.0000011793060843 24.00000219556842 -1.4633673851942304e-35
21.4375 1.9999999999999996 24.0 2.0000011996488034 24.0000024705246 -1.2964282047082334e-36
21.5625 1.9999999999999996 24.0 2.0000012136392917 24.0000026990531 -1.0342698109135129e-37
21.6875 1.9999999999999996 24.0 2.0000012104495246 24.000002777335116 -7.007674905386313e-39
21.8125 1.9999999999999996 24.0 2.000001165587816 24.00000248033765 -3.3073113098458767e-40
21.9375 1.9999999999999996 24.0 2.0000010443989207 24.00000158318609 3.603800524878784e-42
22.0625 1.9999999999999996 24.0 2.000000822496844 23.9999998953496 3.6173956053941074e-42
22.1875 1.9999999999999996 24.0 2.0000005704996977 23.999997887708844 6.16927538059152e-43
22.3125 1.9999999999999996 24.0 2.0000005048418084 23.99999767643172 7.847597927876126e-44
22.4375 1.9999999999999996 24.0 2.000000646955634 23.99999877424986 8.623273722320799e-45
22.5625 1.9999999999999996 24.0 2.0000008776461913 24.000000491980096 8.590853396874958e-46
22.6875 1.9999999999999996 24.0 2.0000011347778264 24.00000240895249 7.931474614496866e-47
22.8125 1.9999999999999996 24.0 2.0000013962217413 24.000004390059164 6.866290082952759e-48
22.9375 1.9999999999999996 24.0 2.0000016440442785 24.00000624036417 5.612421917410396e-49
23.0625 1.9999999999999996 24.0 2.000001858164947 24.00000778927764 4.350333912421186e-50
23.1875 1.9999999999999996 24.0 2.000002059302593 24.00000936189707 3.206647879385634e-51
23.3125 1.9999999999999996 24.0 2.000002239580811 24.00001072587943 2.2516961084400117e-52
23.4375 1.9999999999999996 24.0 2.0000023190969305 24.000011155537056 1.5078490196182649e-53
23.5625 1.9999999999999996 24.0 2.0000022918551568 24.00001082913576 9.634018146557815e-55
23.6875 1.9999999999999996 24.0 2.000002216121467 24.00001004890599 5.872877688638674e-56
23.8125 1.9999999999999996 24.0 2.0000022152163726 24.000010046640515 3.4139735638802406e-57
23.9375 1.9999999999999996 24.0 2.000002381420882 24.000011215017523 1.8904090561110707e-58
24.0625 1.9999999999999996 24.0 2.0000026950228893 24.00001344038779 9.952641974695324e-60
24.1875 1.9999999999999996 24.0 2.0000031458158354 24.00001668796326 4.9677240512015786e-61
24.3125 1.9999999999999996 24.0 2.000003745958939 24.000021062260938 2.340279915629186e-62
24.4375 1.9999999999999996 24.0 2.000004516787542 24.000026733448742 1.0331249664820779e-63
24.5625 1.9999999999999996 24.0 2.0000054785317696 24.000033873897248 4.221871484767452e-65
24.6875 1.9999999999999996 24.0 2.0000066895174555 24.000042883431014 1.5606895560755955e-66
24.8125 1.9999999999999996 24.0 2.000008109160677 24.000053684269112 4.956512554488603e-68
24.9375 1.9999999999999996 24.0 2.000011171144389 24.00007664372103 1.1497184111213586e-69
