0.5 1.9999999999999996 24.0 2.000000000024309 24.000000000148987 -2.1109980944259782e-64
1.5 1.9999999999999996 24.0 1.9999999999936158 23.999999999993552 -3.833786490499683e-54
2.5 1.9999999999999996 24.0 2.000000000017165 23.999999999959684 -2.7506291988257142e-45
3.5 1.9999999999999996 24.0 1.999999999984173 24.000000000288868 3.7190631002266737e-37
4.5 1.9999999999999996 24.0 2.00000000004153 23.999999999160888 2.1566080528120858e-29
5.5 1.9999999999999996 24.0 1.9999999996552484 24.000000000392344 4.6815685166807494e-23
6.5 1.9999999999999996 24.0 2.0000000011495733 24.00000000070937 -8.808736703694343e-18
7.5 2.0000000000002847 24.0 1.9999999968141946 23.999999996981185 -1.8100340773142959e-12
8.5 2.0000000018263617 24.0 2.000000007404713 23.999999998688857 -1.157538197381337e-08
9.5 1.9999996265318678 24.0 1.999996772701515 24.000000014157642 2.3670244376693356e-06
10.5 1.9996429666233557 24.0 1.9989382028730183 24.000000052934386 0.002263562657804649
11.5 1.993399646574463 24.0 1.9925218546697172 24.000109818937112 0.04207354924039483
12.5 1.9999999999999996 24.0 2.016397273223298 24.005365996788093 -0.0
13.5 2.0066768887798587 24.0 2.005321674902613 24.00237968986881 -0.04207354924039483
14.5 2.000357254892171 24.0 1.9990926529890967 23.975911626133517 -0.002263562657804649
15.5 2.0000003734683762 24.0 1.9991543099632771 23.99672535190367 -2.3670244376693356e-06
16.5 1.9999999981736396 24.0 2.0013139492948735 24.01545415929553 1.157538197381337e-08
17.5 1.9999999999997142 24.0 2.0013180857994604 24.013063036537147 1.8100340773142959e-12
18.5 1.9999999999999996 24.0 2.0004800862235825 24.001080066309456 8.808736703694343e-18
19.5 1.9999999999999996 24.0 1.9998540215163885 23.992392058210886 -4.6815685166807494e-23
20.5 1.9999999999999996 24.0 1.9998018635556285 23.99199414730493 -2.1566080528120858e-29
21.5 1.9999999999999996 24.0 1.999796417262376 23.993682675059134 -3.7190631002266737e-37
22.5 1.9999999999999996 24.0 1.9996985526970565 23.995713820235217 2.7506291988257142e-45
23.5 1.9999999999999996 24.0 1.9993882157599836 23.993504750368807 3.833786490499683e-54
24.5 1.9999999999999996 24.0 1.9982367355788928 23.984393442247857 2.1109980944259782e-64
