0.03125 1.9999999999999996 24.0 2.00000000000077 23.999999999999993 -4.003793457677204e-70
0.09375 1.9999999999999996 24.0 2.0000000000007687 23.999999999999982 -3.10028924768748e-69
0.15625 1.9999999999999996 24.0 2.0000000000007683 23.99999999999998 -2.0164329257222074e-68
0.21875 1.9999999999999996 24.0 2.0000000000007683 23.99999999999998 -1.1971437942926539e-67
0.28125 1.9999999999999996 24.0 2.0000000000007674 23.99999999999997 -6.704319663991951e-67
0.34375 1.9999999999999996 24.0 2.0000000000007674 23.99999999999997 -3.6001438242163e-66
0.40625 1.9999999999999996 24.0 2.0000000000007674 23.99999999999997 -1.8711212490761638e-65
0.46875 1.9999999999999996 24.0 2.0000000000007683 23.99999999999997 -9.467542854033363e-65
0.53125 1.9999999999999996 24.0 2.0000000000007683 23.999999999999968 -4.681823820360618e-64
0.59375 1.9999999999999996 24.0 2.0000000000007683 23.99999999999997 -2.2689000963112057e-63
0.65625 1.9999999999999996 24.0 2.0000000000007674 23.999999999999964 -1.0796763064909657e-62
0.71875 1.9999999999999996 24.0 2.0000000000007665 23.999999999999957 -5.052285490132954e-62
0.78125 1.9999999999999996 24.0 2.0000000000007656 23.99999999999995 -2.3274779481577778e-61
0.84375 1.9999999999999996 24.0 2.0000000000007647 23.99999999999994 -1.0564902049433007e-60
0.90625 1.9999999999999996 24.0 2.000000000000763 23.99999999999993 -4.7285315304742537e-60
0.96875 1.9999999999999996 24.0 2.000000000000763 23.99999999999993 -2.0878823025968615e-59
1.03125 1.9999999999999996 24.0 2.000000000000763 23.99999999999993 -9.099039886941364e-59
1.09375 1.9999999999999996 24.0 2.000000000000763 23.99999999999993 -3.9151515696813544e-58
1.15625 1.9999999999999996 24.0 2.000000000000763 23.99999999999993 -1.6637515850317588e-57
1.21875 1.9999999999999996 24.0 2.0000000000007634 23.99999999999993 -6.98415315449243e-57
1.28125 1.9999999999999996 24.0 2.000000000000763 23.99999999999993 -2.896688398352563e-56
1.34375 1.9999999999999996 24.0 2.000000000000763 23.99999999999993 -1.1871666588356863e-55
1.40625 1.9999999999999996 24.0 2.000000000000763 23.99999999999993 -4.808243216412138e-55
1.46875 1.9999999999999996 24.0 2.000000000000763 23.99999999999993 -1.9246606613016414e-54
1.53125 1.9999999999999996 24.0 2.000000000000763 23.99999999999993 -7.614287154550369e-54
1.59375 1.9999999999999996 24.0 2.000000000000763 23.99999999999993 -2.977231559962374e-53
1.65625 1.9999999999999996 24.0 2.000000000000763 23.99999999999993 -1.1505138179815468e-52
1.71875 1.9999999999999996 24.0 2.0000000000007634 23.99999999999993 -4.393804720150234e-52
1.78125 1.9999999999999996 24.0 2.000000000000763 23.99999999999993 -1.6581299923453183e-51
1.84375 1.9999999999999996 24.0 2.000000000000763 23.99999999999993 -6.182563431609285e-51
1.90625 1.9999999999999996 24.0 2.000000000000762 23.999999999999922 -2.277278377096913e-50
1.96875 1.9999999999999996 24.0 2.0000000000007603 23.999999999999915 -8.284492655247021e-50
2.03125 1.9999999999999996 24.0 2.0000000000007603 23.999999999999915 -2.9757630384972538e-49
2.09375 1.9999999999999996 24.0 2.0000000000007603 23.999999999999915 -1.0550291032482932e-48
2.15625 1.9999999999999996 24.0 2.0000000000007603 23.999999999999915 -3.6904479413849395e-48
2.21875 1.9999999999999996 24.0 2.0000000000007603 23.999999999999915 -1.2729509522619648e-47
2.28125 1.9999999999999996 24.0 2.0000000000007594 23.999999999999908 -4.3268626815565847e-47
2.34375 1.9999999999999996 24.0 2.0000000000007594 23.999999999999908 -1.4480961508257759e-46
2.40625 1.9999999999999996 24.0 2.000000000000758 23.999999999999897 -4.766666883297355e-46
2.46875 1.9999999999999996 24.0 2.0000000000007576 23.999999999999893 -1.541032557512438e-45
2.53125 1.9999999999999996 24.0 2.0000000000007567 23.999999999999886 -4.88392660333133e-45
2.59375 1.9999999999999996 24.0 2.0000000000007576 23.999999999999886 -1.5134271734381545e-44
2.65625 1.9999999999999996 24.0 2.0000000000007567 23.999999999999883 -4.568647830048834e-44
2.71875 1.9999999999999996 24.0 2.000000000000756 23.99999999999988 -1.3361689566318357e-43
2.78125 1.9999999999999996 24.0 2.000000000000755 23.999999999999872 -3.7532028244107754e-43
2.84375 1.9999999999999996 24.0 2.000000000000754 23.999999999999865 -9.974387744360698e-43
2.90625 1.9999999999999996 24.0 2.0000000000007527 23.99999999999986 -2.4351720591234945e-42
2.96875 1.9999999999999996 24.0 2.0000000000007527 23.999999999999865 -5.085290221773357e-42
3.03125 1.9999999999999996 24.0 2.000000000000753 23.99999999999986 -6.897034062129024e-42
3.09375 1.9999999999999996 24.0 2.0000000000007527 23.99999999999986 9.4571499118777e-42
3.15625 1.9999999999999996 24.0 2.000000000000753 23.99999999999986 1.333693151761316e-40
3.21875 1.9999999999999996 24.0 2.0000000000007527 23.99999999999986 7.548951878250107e-40
3.28125 1.9999999999999996 24.0 2.000000000000753 23.99999999999986 3.4311887634935694e-39
3.34375 1.9999999999999996 24.0 2.0000000000007527 23.99999999999986 1.403178566439546e-38
3.40625 1.9999999999999996 24.0 2.0000000000007527 23.99999999999986 5.378068716624702e-38
3.46875 1.9999999999999996 24.0 2.000000000000753 23.99999999999986 1.9697195541396117e-37
3.53125 1.9999999999999996 24.0 2.0000000000007527 23.99999999999986 6.968045095399668e-37
3.59375 1.9999999999999996 24.0 2.000000000000753 23.99999999999986 2.3966218722471593e-36
3.65625 1.9999999999999996 24.0 2.000000000000753 23.99999999999986 8.049000674182709e-36
3.71875 1.9999999999999996 24.0 2.000000000000753 23.99999999999986 2.64747034316652e-35
3.78125 1.9999999999999996 24.0 2.000000000000753 23.99999999999986 8.54664587042569e-35
3.84375 1.9999999999999996 24.0 2.0000000000007527 23.99999999999986 2.712213722730896e-34
3.90625 1.9999999999999996 24.0 2.000000000000754 23.999999999999865 8.471067439974588e-34
3.96875 1.9999999999999996 24.0 2.000000000000754 23.999999999999865 2.6064103442825064e-33
4.03125 1.9999999999999996 24.0 2.0000000000007527 23.999999999999858 7.905978888239404e-33
4.09375 1.9999999999999996 24.0 2.0000000000007527 23.999999999999858 2.3655346031470872e-32
4.15625 1.9999999999999996 24.0 2.0000000000007527 23.999999999999854 6.984994830761698e-32
4.21875 1.9999999999999996 24.0 2.0000000000007523 23.99999999999985 2.0362389514835817e-31
4.28125 1.9999999999999996 24.0 2.0000000000007523 23.99999999999985 5.862031322215626e-31
4.34375 1.9999999999999996 24.0 2.0000000000007523 23.99999999999985 1.666974471735266e-30
4.40625 1.9999999999999996 24.0 2.0000000000007514 23.999999999999844 4.683320222460584e-30
4.46875 1.9999999999999996 24.0 2.0000000000007514 23.999999999999844 1.3001294525565887e-29
4.53125 1.9999999999999996 24.0 2.0000000000007496 23.999999999999837 3.5667630039506357e-29
4.59375 1.9999999999999996 24.0 2.0000000000007496 23.999999999999837 9.670497416647311e-29
4.65625 1.9999999999999996 24.0 2.0000000000007496 23.999999999999837 2.5913628227116674e-28
4.71875 1.9999999999999996 24.0 2.0000000000007505 23.999999999999844 6.863046828850996e-28
4.78125 1.9999999999999996 24.0 2.0000000000007496 23.999999999999844 1.796412949920961e-27
4.84375 1.9999999999999996 24.0 2.0000000000007496 23.999999999999844 4.64700787456371e-27
4.90625 1.9999999999999996 24.0 2.0000000000007496 23.999999999999844 1.1879054274809626e-26
4.96875 1.9999999999999996 24.0 2.0000000000007487 23.99999999999984 3.0004004484834847e-26
5.03125 1.9999999999999996 24.0 2.0000000000007487 23.999999999999844 7.486792811960278e-26
5.09375 1.9999999999999996 24.0 2.0000000000007487 23.999999999999844 1.8451945242224962e-25
5.15625 1.9999999999999996 24.0 2.000000000000748 23.999999999999837 4.490611845317189e-25
5.21875 1.9999999999999996 24.0 2.000000000000747 23.999999999999833 1.0788108353212093e-24
5.28125 1.9999999999999996 24.0 2.000000000000747 23.99999999999983 2.557329998052712e-24
5.34375 1.9999999999999996 24.0 2.000000000000746 23.999999999999822 5.97877898615881e-24
5.40625 1.9999999999999996 24.0 2.000000000000745 23.99999999999982 1.3776866515677294e-23
5.46875 1.9999999999999996 24.0 2.0000000000007443 23.99999999999981 3.1264914036512736e-23
5.53125 1.9999999999999996 24.0 2.0000000000007434 23.99999999999981 6.980618709954213e-23
5.59375 1.9999999999999996 24.0 2.0000000000007425 23.999999999999808 1.5314050791412638e-22
5.65625 1.9999999999999996 24.0 2.0000000000007425 23.999999999999808 3.2952537647922248e-22
5.71875 1.9999999999999996 24.0 2.0000000000007416 23.9999999999998 6.938397225712931e-22
5.78125 1.9999999999999996 24.0 2.0000000000007416 23.9999999999998 1.4247827369012723e-21
5.84375 1.9999999999999996 24.0 2.0000000000007416 23.9999999999998 2.839370569031387e-21
5.90625 1.9999999999999996 24.0 2.000000000000742 23.9999999999998 5.44950890910029e-21
5.96875 1.9999999999999996 24.0 2.000000000000742 23.9999999999998 9.944158298563714e-21
6.03125 1.9999999999999996 24.0 2.0000000000007425 23.999999999999808 1.683955802877859e-20
6.09375 1.9999999999999996 24.0 2.0000000000007434 23.99999999999981 2.5051785044004933e-20
6.15625 1.9999999999999996 24.0 2.0000000000007416 23.9999999999998 2.740528868930065e-20
6.21875 1.9999999999999996 24.0 2.0000000000007416 23.9999999999998 -1.9289258172990763e-21
6.28125 1.9999999999999996 24.0 2.00000000000074 23.999999999999787 -1.4017862304362418e-19
6.34375 1.9999999999999996 24.0 2.000000000000739 23.99999999999978 -5.9727403593566045e-19
6.40625 1.9999999999999996 24.0 2.000000000000739 23.99999999999978 -1.9104035673239254e-18
6.46875 1.9999999999999996 24.0 2.000000000000738 23.999999999999776 -5.395897040893431e-18
6.53125 1.9999999999999996 24.0 2.000000000000738 23.999999999999776 -1.4172635144106045e-17
6.59375 1.9999999999999996 24.0 2.000000000000738 23.99999999999978 -3.5429167569282213e-17
6.65625 1.9999999999999996 24.0 2.0000000000007407 23.999999999999794 -8.534713940380537e-17
6.71875 1.9999999999999996 24.0 2.0000000000007407 23.99999999999979 -1.996000429606432e-16
6.78125 1.9999999999999996 24.0 2.000000000000739 23.99999999999978 -4.553629995606369e-16
6.84375 1.9999999999999996 24.0 2.000000000000738 23.999999999999776 -1.0167180356264946e-15
6.90625 2.0000000000000018 24.0 2.000000000000738 23.999999999999773 -2.226894517287864e-15
6.96875 1.9999999999999991 24.0 2.00000000000074 23.99999999999978 -4.7928992723670935e-15
7.03125 2.0000000000000018 24.0 2.00000000000074 23.999999999999773 -1.0149798143363878e-14
7.09375 2.0000000000000027 24.0 2.0000000000007407 23.999999999999766 -2.1169426434468405e-14
7.15625 2.000000000000008 24.0 2.0000000000007434 23.99999999999976 -4.352028380639294e-14
7.21875 2.0000000000000133 24.0 2.0000000000007496 23.99999999999975 -8.824162729183831e-14
7.28125 2.0000000000000275 24.0 2.000000000000763 23.999999999999755 -1.765504987103273e-13
7.34375 2.000000000000054 24.0 2.0000000000007887 23.999999999999744 -3.4869878558211256e-13
7.40625 2.000000000000107 24.0 2.0000000000008384 23.999999999999734 -6.800747887373828e-13
7.46875 2.000000000000207 24.0 2.0000000000009344 23.999999999999723 -1.3100830926616375e-12
7.53125 2.0000000000003926 24.0 2.0000000000011173 23.999999999999723 -2.4932458599455e-12
7.59375 2.0000000000007403 24.0 2.0000000000014593 23.999999999999726 -4.688392804143842e-12
7.65625 2.0000000000013767 24.0 2.0000000000020863 23.999999999999726 -8.71217953361179e-12
7.71875 2.0000000000025255 24.0 2.0000000000032214 23.999999999999723 -1.5999612188650176e-11
7.78125 2.0000000000045817 24.0 2.0000000000052554 23.99999999999973 -2.9039792611471703e-11
7.84375 2.0000000000082188 24.0 2.0000000000088525 23.999999999999726 -5.2093915604236066e-11
7.90625 2.0000000000145706 24.0 2.00000000001514 23.999999999999723 -9.236014962645237e-11
7.96875 2.0000000000255342 24.0 2.000000000025995 23.999999999999716 -1.6183318890323987e-10
8.03125 2.000000000044214 24.0 2.0000000000445084 23.999999999999716 -2.8022250166414554e-10
8.09375 2.0000000000756475 24.0 2.0000000000756835 23.99999999999971 -4.794494381885033e-10
8.15625 2.0000000001278706 24.0 2.0000000001275113 23.999999999999694 -8.10442429110603e-10
8.21875 2.0000000002135057 24.0 2.0000000002125535 23.99999999999969 -1.3531848884076558e-09
8.28125 2.000000000352041 24.0 2.000000000350222 23.999999999999694 -2.2312156971162697e-09
8.34375 2.0000000005730527 24.0 2.000000000569994 23.999999999999694 -3.631974219148933e-09
8.40625 2.0000000009205494 24.0 2.0000000009157675 23.999999999999694 -5.834394601838469e-09
8.46875 2.0000000014586345 24.0 2.0000000014515384 23.99999999999969 -9.244758734380355e-09
8.53125 2.000000002278438 24.0 2.0000000022683695 23.999999999999694 -1.444062428085364e-08
8.59375 2.000000003505867 24.0 2.0000000034922163 23.999999999999687 -2.2220023413817202e-08
8.65625 2.000000005308984 24.0 2.0000000052914295 23.999999999999673 -3.364810060345147e-08
8.71875 2.0000000079023086 24.0 2.000000007881238 23.99999999999967 -5.00844594839887e-08
8.78125 2.0000000115430976 24.0 2.000000011520492 23.99999999999967 -7.315960195901896e-08
8.84375 2.000000016510853 24.0 2.000000016491283 23.999999999999662 -1.046450073705699e-07
8.90625 2.0000000230554904 24.0 2.0000000230487425 23.99999999999965 -1.461246173463636e-07
8.96875 2.0000000312909463 24.0 2.0000000313127817 23.999999999999638 -1.9832055356516146e-07
9.03125 2.000000040998452 24.0 2.0000000410801233 23.99999999999963 -2.598462797269504e-07
9.09375 2.000000051286009 24.0 2.000000051467807 23.999999999999623 -3.250483311046408e-07
9.15625 2.0000000600263803 24.0 2.0000000604134858 23.99999999999963 -3.8044437996817056e-07
9.21875 2.000000062963799 24.0 2.0000000636335074 23.99999999999962 -3.990616064219827e-07
9.28125 2.000000052338133 24.0 2.0000000533761795 23.99999999999961 -3.31716640591852e-07
9.34375 2.000000014823507 24.0 2.000000012302995 23.99999999999961 -9.39506915416835e-08
9.40625 1.9999999285163117 24.0 1.999999918361588 23.9999999999996 4.530603240697041e-07
9.46875 1.9999997586360239 24.0 1.9999997380198198 23.999999999999588 1.529753980297915e-06
9.53125 1.9999994515243338 24.0 1.9999994172684399 23.99999999999958 3.4762149433038535e-06
9.59375 1.9999989264493645 24.0 1.9999988740687946 23.99999999999958 6.804120370200431e-06
9.65625 1.9999980646510156 24.0 1.999997987884579 23.99999999999958 1.2266172538001058e-05
9.71875 1.9999966950132855 24.0 1.9999965854970796 23.99999999999958 2.0946912307718176e-05
9.78125 1.999994575737341 24.0 1.9999944227051676 23.99999999999956 3.437888657929601e-05
9.84375 1.9999913714357194 24.0 1.9999911614397026 23.99999999999957 5.468784914051539e-05
9.90625 1.9999866251992728 24.0 1.9999863418880492 23.999999999999556 8.47698499292316e-05
9.96875 1.9999797254303564 24.0 1.999979349442223 23.999999999999556 0.00012850154243721726
10.03125 1.9999698676160949 24.0 1.9999693766551143 23.999999999999552 0.0001909826458667602
10.09375 1.9999560117556454 24.0 1.999955380924475 23.99999999999956 0.00027880609774585296
10.15625 1.9999368368697208 24.0 1.9999360393324799 23.999999999999552 0.00040034694173355593
10.21875 1.9999106949066663 24.0 1.9999097029466495 23.999999999999552 0.0005660554261655719
10.28125 1.9998755673951087 24.0 1.9998743539124058 23.999999999999545 0.0007887332867798587
10.34375 1.9998290293272576 24.0 1.9998275697885974 23.999999999999535 0.001083765068175486
10.40625 1.999768225906742 24.0 1.9997665007126089 23.99999999999954 0.0014692691192730424
10.46875 1.9996898688416709 24.0 1.9996878660143986 23.99999999999953 0.0019661263086395773
10.53125 1.9995902596546722 24.0 1.9995879776784733 23.999999999999552 0.002597839480069819
10.59375 1.999465347837121 24.0 1.9994627984014819 23.99999999999949 0.0033901743036548818
10.65625 1.9993108313993964 24.0 1.9993080417192015 23.99999999999966 0.004370533653136037
10.71875 1.9991223062736054 24.0 1.9991193205914324 23.99999999999922 0.005567024104157814
10.78125 1.9988954689522282 24.0 1.9988923487837305 24.000000000000547 0.007007185562588836
10.84375 1.998626373602549 24.0 1.9986231962785266 23.9999999999956 0.008716373997397405
10.90625 1.9983117406874429 24.0 1.9983085957313433 24.000000000000632 0.01071581282047236
10.96875 1.9979493089816849 24.0 1.9979462922632387 23.999999999941714 0.013020359959317548
11.03125 1.997538217084751 24.0 1.997535421073449 24.00000000094755 0.01563607359493098
11.09375 1.997079394536469 24.0 1.997076902812424 24.0000000071016 0.01855769747427637
11.15625 1.9965759370229155 24.0 1.99657376909175 23.999999869410438 0.021766223390745052
11.21875 1.9960334355940061 24.0 1.9960317203098539 24.000000351937583 0.02522671991030791
11.28125 1.9954602270085378 24.0 1.9954586752848242 24.000001870354684 0.028886638374096246
11.34375 1.9948675319225997 24.0 1.9948667719011333 23.999990788049498 0.03267481533066286
11.40625 1.9942694501313294 24.0 1.994265124678314 24.00000831857438 0.036501381084238345
11.46875 1.993682787700136 24.0 1.9936877646445312 24.000028797266687 0.04025875432072879
11.53125 1.9931266995036017 24.0 1.993112980275873 23.999921634217085 0.043823851741497465
11.59375 1.9926221420097896 24.0 1.9926268954653035 24.000037681395177 0.04706157029590306
11.65625 1.9921911443667955 24.0 1.9921618720015464 24.000077523048713 0.04982951126378543
11.71875 1.9918559199774992 24.0 1.9918665931775734 23.999908058342694 0.051983815731628635
11.78125 1.9916378546518405 24.0 1.9915706088685714 23.999966701626697 0.05338587762874967
11.84375 1.9915564199409557 24.0 1.9915730920233008 24.000063294402366 0.053909602651500035
11.90625 1.9916280703116893 24.0 1.9916690416877527 24.000059298456367 0.053448799007006796
11.96875 1.9918651895195483 24.0 1.9919061414514516 24.000012817219794 0.05192422853819394
12.03125 1.992275154224112 24.0 1.9923073194379153 23.99995819403608 0.04928982261350742
12.09375 1.9928595811572143 24.0 1.9928831167691392 23.999942772389012 0.04553758186163458
12.15625 1.9936138178433769 24.0 1.9936311700450156 23.999975846564254 0.040700734725941205
12.21875 1.9945267260619293 24.0 1.994541622799804 24.000030052147103 0.034854825297487284
12.28125 1.9955807922437934 24.0 1.9955928101241047 24.000050249577463 0.028116530264597768
12.34375 1.9967525803796664 24.0 1.9967606590180575 24.000011184684695 0.0206401586194423
12.40625 1.998013521642256 24.0 1.998016919056056 23.99997107349263 0.012611953511883283
12.46875 1.9993310119959429 24.0 1.9993335137996717 23.9999464205222 0.004242479026349397
12.53125 2.000669766145818 24.0 2.0006665555900582 23.999963181338554 -0.004242479026349397
12.59375 2.001993355151661 24.0 2.002002892808732 24.00022804408028 -0.012611953511883283
12.65625 2.0032658379854444 24.0 2.003286825383791 23.999865743907936 -0.0206401586194423
12.71875 2.0044533863004075 24.0 2.0044364839084237 23.999695925484453 -0.028116530264597768
12.78125 2.005525798429853 24.0 2.0055447507592796 24.0004653600757 -0.034854825297487284
12.84375 2.0064578042001333 24.0 2.0065104975570347 23.99977002266646 -0.040700734725941205
12.90625 2.0072300766200724 24.0 2.0072045146531767 23.999794355667483 -0.04553758186163458
12.96875 2.007829888873526 24.0 2.0078973766486414 24.00036311680071 -0.04928982261350742
13.03125 2.0082513831765967 24.0 2.0082531402651167 23.999824084587217 -0.05192422853819394
13.09375 2.008495449005603 24.0 2.0085465760100067 23.999843360243297 -0.053448799007006796
13.15625 2.008569238577031 24.0 2.0085629833013687 24.00010272513718 -0.053909602651500035
13.21875 2.0084853739893846 24.0 2.008460606850533 24.000158495190952 -0.05338587762874967
13.28125 2.0082609204483695 24.0 2.008238476848065 24.000089346625167 -0.051983815731628635
13.34375 2.007916211803962 24.0 2.0078971319486074 23.999961183721243 -0.04982951126378543
13.40625 2.0074736177037313 24.0 2.0074586622388497 23.99986302210941 -0.04706157029590306
13.46875 2.0069563366052674 24.0 2.006945210949348 23.99990492612298 -0.043823851741497465
13.53125 2.006387287181946 24.0 2.006387551231112 24.000070971952866 -0.04025875432072879
13.59375 2.0057881543504377 24.0 2.0057944159199588 24.00015452992067 -0.036501381084238345
13.65625 2.0051786274890864 24.0 2.005185006989999 24.00005233443749 -0.03267481533066286
13.71875 2.0045758495192922 24.0 2.004570067389718 23.999845049887593 -0.028886638374096246
13.78125 2.003994078139513 24.0 2.0039797232294374 23.9998690776455 -0.02522671991030791
13.84375 2.0034445458961168 24.0 2.003451180367161 24.000335307933394 -0.021766223390745052
13.90625 2.0029354946873217 24.0 2.0029547336144438 24.00012674591945 -0.01855769747427637
13.96875 2.0024723529859534 24.0 2.0024506682313366 23.999600664075153 -0.01563607359493098
14.03125 2.0020580204012908 24.0 2.0020285717442157 24.00004018092333 -0.013020359959317548
14.09375 2.0016932237598835 24.0 2.0017117053256754 24.000487482462376 -0.01071581282047236
14.15625 2.001376911068173 24.0 2.001380012523769 23.99990567111844 -0.008716373997397405
14.21875 2.0011066538375526 24.0 2.0010747128014357 23.9995997995289 -0.007007185562588836
14.28125 2.000879033605768 24.0 2.000870549329784 24.000289262783838 -0.005567024104157814
14.34375 2.000689994426066 24.0 2.0007063603224178 24.000268538913392 -0.004370533653136037
14.40625 2.00053514905634 24.0 2.0005240306409195 23.99983703212512 -0.0033901743036548818
14.46875 2.0004100321174434 24.0 2.000388917422854 23.99980811186755 -0.002597839480069819
14.53125 2.0003102982835324 24.0 2.000312426365835 24.00022536135582 -0.0019661263086395773
14.59375 2.000231867423374 24.0 2.000240016987485 24.00010032097299 -0.0014692691192730424
14.65625 2.0001710214523563 24.0 2.000162361216822 23.99988854494252 -0.001083765068175486
14.71875 2.0001244595003778 24.0 2.00011445860477 23.999924697419424 -0.0007887332867798587
14.78125 2.0000893189461166 24.0 2.000092272317243 24.00010863961215 -0.0005660554261655719
14.84375 2.0000631700596236 24.0 2.0000666035623977 24.0000402256495 -0.00040034694173355593
14.90625 2.0000439916050072 24.0 2.0000408490362322 23.999956716295216 -0.00027880609774585296
14.96875 2.000030133960817 24.0 2.0000270801629405 23.999969757196013 -0.0001909826458667602
15.03125 2.000020275283539 24.0 2.000022287595999 24.000044895076332 -0.00012850154243721726
15.09375 2.0000133751113984 24.0 2.0000158552900364 24.000023900445186 -8.47698499292316e-05
15.15625 2.0000086286935783 24.0 2.0000086686431553 23.999991116341533 -5.468784914051539e-05
15.21875 2.0000054243137564 24.0 2.000005230027507 23.99998418227284 -3.437888657929601e-05
15.28125 2.000003305005682 24.0 2.0000047427575067 24.00001506381313 -2.0946912307718176e-05
15.34375 2.00000193535549 24.0 2.000004106741554 24.00001754626586 -1.2266172538001058e-05
15.40625 2.0000010735526357 24.0 2.0000026038123897 24.000007477074956 -6.804120370200431e-06
15.46875 2.00000054847619 24.0 2.0000016182307974 24.00000120481479 -3.4762149433038535e-06
15.53125 2.0000002413640776 24.0 2.0000010164359336 23.999998096525722 -1.529753980297915e-06
15.59375 2.0000000714836967 24.0 2.0000006630679623 23.999996891709717 -4.530603240697041e-07
15.65625 1.9999999851764942 24.0 2.0000006950607987 23.999998024884626 9.39506915416835e-08
15.71875 1.9999999476618735 24.0 2.0000009013638995 23.999999894665095 3.31716640591852e-07
15.78125 1.999999937036209 24.0 2.000000993950867 24.000001163336428 3.990616064219827e-07
15.84375 1.9999999399736268 24.0 2.0000010866552613 24.00000313907514 3.8044437996817056e-07
15.90625 1.9999999487139977 24.0 2.0000013178839833 24.000006987919424 3.250483311046408e-07
15.96875 1.9999999590015503 24.0 2.0000014081451654 24.000007755223066 2.598462797269504e-07
16.03125 1.9999999687090562 24.0 2.0000011602671455 24.00000609422291 1.9832055356516146e-07
16.09375 1.999999976944513 24.0 2.000000727664994 24.000002704900236 1.461246173463636e-07
16.15625 1.9999999834891504 24.0 2.000000287029087 23.99999812880816 1.046450073705699e-07
16.21875 1.9999999884569069 24.0 2.0000000193815075 23.999993804080287 7.315960195901896e-08
16.28125 1.9999999920976914 24.0 2.000000019289441 23.999992999927823 5.00844594839887e-08
16.34375 1.9999999946910147 24.0 2.000000120503399 23.99999309081243 3.364810060345147e-08
16.40625 1.9999999964941326 24.0 2.0000000674573917 23.999992363691128 2.2220023413817202e-08
16.46875 1.999999997721563 24.0 1.9999998431645407 23.999990595966274 1.444062428085364e-08
16.53125 1.9999999985413641 24.0 1.999999564529481 23.999988890158 9.244758734380355e-09
16.59375 1.9999999990794535 24.0 1.999999429810729 23.99998840724632 5.834394601838469e-09
16.65625 1.9999999994269466 24.0 1.999999502073833 23.999989370735463 3.631974219148933e-09
16.71875 1.999999999647959 24.0 1.9999997776845804 23.999991783460672 2.2312156971162697e-09
16.78125 1.9999999997864955 24.0 2.000000193511364 23.999995229786446 1.3531848884076558e-09
16.84375 1.999999999872129 24.0 2.000000615157913 23.999998845096336 8.10442429110603e-10
16.90625 1.9999999999243536 24.0 2.000000929325128 24.000002546951006 4.794494381885033e-10
16.96875 1.9999999999557878 24.0 2.0000009779640333 24.00000391114184 2.8022250166414554e-10
17.03125 1.9999999999744664 24.0 2.000000603659126 24.000001789575812 1.6183318890323987e-10
17.09375 1.999999999985427 24.0 2.000000148009952 23.999999552249356 9.236014962645237e-11
17.15625 1.999999999991783 24.0 1.9999999038794662 23.99999874962866 5.2093915604236066e-11
17.21875 1.9999999999954179 24.0 1.9999998369113414 23.99999907536487 2.9039792611471703e-11
17.28125 1.9999999999974742 24.0 1.9999999161798243 23.99999991723459 1.5999612188650176e-11
17.34375 1.999999999998626 24.0 2.0000001729289174 24.00000125602738 8.71217953361179e-12
17.40625 1.999999999999261 24.0 2.000000466883145 24.00000225376038 4.688392804143842e-12
17.46875 1.9999999999996065 24.0 2.0000005280241115 24.00000104041542 2.4932458599455e-12
17.53125 1.9999999999997953 24.0 2.0000001841221637 23.999996527111726 1.3100830926616375e-12
17.59375 1.9999999999998939 24.0 1.999999344961315 23.99998813312223 6.800747887373828e-13
17.65625 1.9999999999999432 24.0 1.9999980092118905 23.999975327661794 3.4869878558211256e-13
17.71875 1.9999999999999722 24.0 1.9999968495510743 23.999965520269107 1.765504987103273e-13
17.78125 1.9999999999999867 24.0 1.9999963937408678 23.99996302595882 8.824162729183831e-14
17.84375 1.9999999999999931 24.0 1.9999963649874095 23.999963340809654 4.352028380639294e-14
17.90625 1.9999999999999956 24.0 1.9999965433692137 23.999965247226562 2.1169426434468405e-14
17.96875 1.9999999999999982 24.0 1.9999968779007964 23.99996850352022 1.0149798143363878e-14
18.03125 1.9999999999999987 24.0 1.9999973497245602 23.999973012467112 4.7928992723670935e-15
18.09375 2.000000000000001 24.0 1.9999978620356447 23.99997905729031 2.226894517287864e-15
18.15625 1.9999999999999996 24.0 1.999998006900132 23.99998101693609 1.0167180356264946e-15
18.21875 1.9999999999999996 24.0 1.999997547219537 23.999978212245686 4.553629995606369e-16
18.28125 1.9999999999999996 24.0 1.9999968101569288 23.99997378726981 1.996000429606432e-16
18.34375 1.9999999999999996 24.0 1.999996091358621 23.9999692136011 8.534713940380537e-17
18.40625 1.9999999999999996 24.0 1.9999955239752254 23.999965917341687 3.5429167569282213e-17
18.46875 1.9999999999999996 24.0 1.9999952180985139 23.99996446759063 1.4172635144106045e-17
18.53125 1.9999999999999996 24.0 1.9999951362811372 23.999964372409117 5.395897040893431e-18
18.59375 1.9999999999999996 24.0 1.9999951810907641 23.99996462844503 1.9104035673239254e-18
18.65625 1.9999999999999996 24.0 1.9999951941030751 23.999964274846736 5.9727403593566045e-19
18.71875 1.9999999999999996 24.0 1.9999950265632547 23.99996225304686 1.4017862304362418e-19
18.78125 1.9999999999999996 24.0 1.9999946062500296 23.999957906209815 1.9289258172990763e-21
18.84375 1.9999999999999996 24.0 1.9999939773783693 23.99995117530602 -2.740528868930065e-20
18.90625 1.9999999999999996 24.0 1.999993334323642 23.999942695409175 -2.5051785044004933e-20
18.96875 1.9999999999999996 24.0 1.9999930471646308 23.999938685033086 -1.683955802877859e-20
19.03125 1.9999999999999996 24.0 1.999993168871673 23.999939022018616 -9.944158298563714e-21
19.09375 1.9999999999999996 24.0 1.999993453388622 23.999940486587192 -5.44950890910029e-21
19.15625 1.9999999999999996 24.0 1.999993724885822 23.999942072351026 -2.839370569031387e-21
19.21875 1.9999999999999996 24.0 1.9999939720449151 23.999943800142272 -1.4247827369012723e-21
19.28125 1.9999999999999996 24.0 1.999994249076253 23.999946106341497 -6.938397225712931e-22
19.34375 1.9999999999999996 24.0 1.9999946529624755 23.999949718620186 -3.2952537647922248e-22
19.40625 1.9999999999999996 24.0 1.999995288464843 23.999955428396774 -1.5314050791412638e-22
19.46875 1.9999999999999996 24.0 1.9999962471839359 23.99996397024462 -6.980618709954213e-23
19.53125 1.9999999999999996 24.0 1.999997596350511 23.999975902152805 -3.1264914036512736e-23
19.59375 1.9999999999999996 24.0 1.9999993464323707 23.99999139085211 -1.3776866515677294e-23
19.65625 1.9999999999999996 24.0 2.000001362780878 24.0000088475636 -5.97877898615881e-24
19.71875 1.9999999999999996 24.0 2.000003434181184 24.000026212952704 -2.557329998052712e-24
19.78125 1.9999999999999996 24.0 2.0000054494365638 24.000043993202226 -1.0788108353212093e-24
19.84375 1.9999999999999996 24.0 2.0000069137289023 24.000056286596614 -4.490611845317189e-25
19.90625 1.9999999999999996 24.0 2.0000076157369917 24.00006043959661 -1.8451945242224962e-25
19.96875 1.9999999999999996 24.0 2.0000078283620426 24.00006115754104 -7.486792811960278e-26
20.03125 1.9999999999999996 24.0 2.000007776336866 24.0000598973975 -3.0004004484834847e-26
20.09375 1.9999999999999996 24.0 2.000007482313829 24.000056664568355 -1.1879054274809626e-26
20.15625 1.9999999999999996 24.0 2.0000068863189737 24.000050995010426 -4.64700787456371e-27
20.21875 1.9999999999999996 24.0 2.000005920061801 24.000042363396695 -1.796412949920961e-27
20.28125 1.9999999999999996 24.0 2.000004585135647 24.000030760264746 -6.863046828850996e-28
20.34375 1.9999999999999996 24.0 2.0000030347765745 24.000016930159724 -2.5913628227116674e-28
20.40625 1.9999999999999996 24.0 2.000001574757563 24.000002713838825 -9.670497416647311e-29
20.46875 1.9999999999999996 24.0 2.0000006242607493 23.9999946976035 -3.5667630039506357e-29
20.53125 1.9999999999999996 24.0 2.000000163272597 23.9999920472661 -1.3001294525565887e-29
20.59375 1.9999999999999996 24.0 1.9999999830746684 23.999991389965494 -4.683320222460584e-30
20.65625 1.9999999999999996 24.0 1.9999999539402746 23.999991968416182 -1.666974471735266e-30
20.71875 1.9999999999999996 24.0 2.0000000781347627 23.999993912920004 -5.862031322215626e-31
20.78125 1.9999999999999996 24.0 2.0000003449645556 23.999997185446055 -2.0362389514835817e-31
20.84375 1.9999999999999996 24.0 2.0000006764678635 24.0000014098971 -6.984994830761698e-32
20.90625 1.9999999999999996 24.0 2.000000995518893 24.000005939149 -2.3655346031470872e-32
20.96875 1.9999999999999996 24.0 2.0000013808855943 24.00001122658817 -7.905978888239404e-33
21.03125 1.9999999999999996 24.0 2.0000020079093854 24.00001899982364 -2.6064103442825064e-33
21.09375 1.9999999999999996 24.0 2.0000027050129825 24.000026455526765 -8.471067439974588e-34
21.15625 1.9999999999999996 24.0 2.0000029815009865 24.00002847300597 -2.712213722730896e-34
21.21875 1.9999999999999996 24.0 2.0000029211920634 24.000027993579373 -8.54664587042569e-35
21.28125 1.9999999999999996 24.0 2.0000027472718545 24.00002667563517 -2.64747034316652e-35
21.34375 1.9999999999999996 24.0 2.0000025543443156 24.000025014077575 -8.049000674182709e-36
21.40625 1.9999999999999996 24.0 2.000002393369732 24.000023245587116 -2.3966218722471593e-36
21.46875 1.9999999999999996 24.0 2.000002292408076 24.000021404994346 -6.968045095399668e-37
21.53125 1.9999999999999996 24.0 2.000002213754633 24.00001910139679 -1.9697195541396117e-37
21.59375 1.9999999999999996 24.0 2.000002029258216 24.00001546778468 -5.378068716624702e-38
21.65625 1.9999999999999996 24.0 2.0000015717078434 24.00000916808842 -1.403178566439546e-38
21.71875 1.9999999999999996 24.0 2.0000008872180484 24.000000719765545 -3.4311887634935694e-39
21.78125 1.9999999999999996 24.0 2.000000562226634 23.99999783600333 -7.548951878250107e-40
21.84375 1.9999999999999996 24.0 2.0000006892425706 23.99999872527167 -1.333693151761316e-40
21.90625 1.9999999999999996 24.0 2.0000010227958396 24.00000091793862 -9.4571499118777e-42
21.96875 1.9999999999999996 24.0 2.000001386172454 24.000003490203905 6.897034062129024e-42
22.03125 1.9999999999999996 24.0 2.000001665155243 24.00000577337882 5.085290221773357e-42
22.09375 1.9999999999999996 24.0 2.0000018156688117 24.00000769343938 2.4351720591234945e-42
22.15625 1.9999999999999996 24.0 2.0000017963320245 24.00000900018478 9.974387744360698e-43
22.21875 1.9999999999999996 24.0 2.000001586938507 24.000008962110567 3.7532028244107754e-43
22.28125 1.9999999999999996 24.0 2.0000013893646753 24.000009119911432 1.3361689566318357e-43
22.34375 1.9999999999999996 24.0 2.0000014119154796 24.000010793681497 4.568647830048834e-44
22.40625 1.9999999999999996 24.0 2.0000017283407177 24.000014907326406 1.5134271734381545e-44
22.46875 1.9999999999999996 24.0 2.0000021474463487 24.00001872000968 4.88392660333133e-45
22.53125 1.9999999999999996 24.0 2.000002252314749 24.000019080804833 1.541032557512438e-45
22.59375 1.9999999999999996 24.0 2.0000020657283506 24.000017555163907 4.766666883297355e-46
22.65625 1.9999999999999996 24.0 2.000001667321701 24.000014386846175 1.4480961508257759e-46
22.71875 1.9999999999999996 24.0 2.0000011282660366 24.00000991463279 4.3268626815565847e-47
22.78125 1.9999999999999996 24.0 2.0000006379227484 24.000004730345193 1.2729509522619648e-47
22.84375 1.9999999999999996 24.0 2.0000004704855634 24.000002935543087 3.6904479413849395e-48
22.90625 1.9999999999999996 24.0 2.0000006327319912 24.0000037568116 1.0550291032482932e-48
22.96875 1.9999999999999996 24.0 2.0000008784503764 24.00000514627394 2.9757630384972538e-49
23.03125 1.9999999999999996 24.0 2.0000011223522103 24.000006573341935 8.284492655247021e-50
23.09375 1.9999999999999996 24.0 2.0000010608082213 24.00000590769578 2.277278377096913e-50
23.15625 1.9999999999999996 24.0 2.00000060829045 24.00000259843442 6.182563431609285e-51
23.21875 1.9999999999999996 24.0 2.000000145134338 24.000000188541648 1.6581299923453183e-51
23.28125 1.9999999999999996 24.0 2.0000000050385314 23.999999974684226 4.393804720150234e-52
23.34375 1.9999999999999996 24.0 2.0000001145948243 24.00000161300426 1.1505138179815468e-52
23.40625 1.9999999999999996 24.0 2.0000004261056334 24.00000492294687 2.977231559962374e-53
23.46875 1.9999999999999996 24.0 2.000000979200546 24.000010160473256 7.614287154550369e-54
23.53125 1.9999999999999996 24.0 2.000001796409875 24.000018217573164 1.9246606613016414e-54
23.59375 1.9999999999999996 24.0 2.0000024398377234 24.00002404612974 4.808243216412138e-55
23.65625 1.9999999999999996 24.0 2.0000024768344256 24.000023959734776 1.1871666588356863e-55
23.71875 1.9999999999999996 24.0 2.0000020954933455 24.000021276369203 2.896688398352563e-56
23.78125 1.9999999999999996 24.0 2.000001492422205 24.0000169259141 6.98415315449243e-57
23.84375 1.9999999999999996 24.0 2.0000008370560085 24.000011427275425 1.6637515850317588e-57
23.90625 1.9999999999999996 24.0 2.0000005402848435 24.000009704985565 3.9151515696813544e-58
23.96875 1.9999999999999996 24.0 2.0000007245635363 24.00001105954832 9.099039886941364e-59
24.03125 1.9999999999999996 24.0 2.000001097650045 24.000013715995184 2.0878823025968615e-59
24.09375 1.9999999999999996 24.0 2.000001445002257 24.000016192912998 4.7285315304742537e-60
24.15625 1.9999999999999996 24.0 2.0000017571712627 24.000018878999104 1.0564902049433007e-60
24.21875 1.9999999999999996 24.0 2.0000019630801265 24.000020070671955 2.3274779481577778e-61
24.28125 1.9999999999999996 24.0 2.0000017462686626 24.000018477787656 5.052285490132954e-62
24.34375 1.9999999999999996 24.0 2.000001170653441 24.00001425166077 1.0796763064909657e-62
24.40625 1.9999999999999996 24.0 2.000000558820421 24.000010944613486 2.2689000963112057e-63
24.46875 1.9999999999999996 24.0 2.000000246244566 24.00000980625809 4.681823820360618e-64
24.53125 1.9999999999999996 24.0 2.0000002564043244 24.00001110623555 9.467542854033363e-65
24.59375 1.9999999999999996 24.0 2.0000006139298803 24.000015243302514 1.8711212490761638e-65
24.65625 1.9999999999999996 24.0 2.000001316193506 24.000022271123278 3.6001438242163e-66
24.71875 1.9999999999999996 24.0 2.000002242444212 24.0000314900466 6.704319663991951e-67
24.78125 1.9999999999999996 24.0 2.0000032051172427 24.000041865025427 1.1971437942926539e-67
24.84375 1.9999999999999996 24.0 2.0000039123870907 24.000052220327362 2.0164329257222074e-68
24.90625 1.9999999999999996 24.0 2.0000039059124557 24.000053176686986 3.10028924768748e-69
24.96875 1.9999999999999996 24.0 2.000003053002756 24.00004858532952 4.003793457677204e-70
