0.25 1.9999999999999996 24.0 2.0000000000007714 24.0 -2.850203213424424e-67
0.75 1.9999999999999996 24.0 2.000000000000774 23.999999999999993 -1.0864518245663961e-61
1.25 1.9999999999999996 24.0 2.000000000000761 23.999999999999982 -1.4244864646060943e-56
1.75 1.9999999999999996 24.0 2.0000000000007905 23.99999999999997 -8.548289091174405e-52
2.25 1.9999999999999996 24.0 2.000000000000707 23.999999999999964 -2.351308388844086e-47
2.75 1.9999999999999996 24.0 2.000000000000929 23.999999999999968 -2.2523830569655327e-43
3.25 1.9999999999999996 24.0 2.0000000000003437 24.000000000000085 1.637631564719423e-39
3.75 1.9999999999999996 24.0 2.000000000001921 23.99999999999977 4.767397604445987e-35
4.25 1.9999999999999996 24.0 1.9999999999976517 24.000000000000348 3.4602839938301873e-31
4.75 1.9999999999999996 24.0 2.0000000000092246 23.999999999999496 1.111987969600823e-27
5.25 1.9999999999999996 24.0 1.9999999999779776 24.000000000000764 1.6638083285143045e-24
5.75 1.9999999999999996 24.0 2.0000000000618847 23.999999999996767 9.976476910669732e-22
6.25 1.9999999999999996 24.0 1.9999999998369553 24.000000000011507 -4.8921798420998234e-20
6.75 1.9999999999999996 24.0 2.0000000004418963 23.999999999977277 -3.023468242913689e-16
7.25 2.0000000000000218 24.0 1.9999999988076846 24.000000000000274 -1.250209723893004e-13
7.75 2.0000000000034057 24.0 2.0000000032320475 24.000000000131568 -2.1586786279083474e-11
8.25 2.000000000274591 24.0 1.9999999911747892 23.999999999688164 -1.7403567350686184e-09
8.75 2.0000000095744124 24.0 2.000000038593425 23.999999999847937 -6.068217856011783e-08
9.25 2.000000060018857 24.0 1.9999999793927257 24.000000001489028 -3.803967102260639e-07
9.75 1.9999957475463594 24.0 1.9999887328502228 24.00000000466374 2.695195306443837e-05
10.25 1.9998943960286535 24.0 1.9997985531471698 23.999999992093514 0.0006693744426668637
10.75 1.9990139350139449 24.0 1.9985409497267974 23.999999894104494 0.006254988727532051
11.25 1.9957500367075387 24.0 1.9942964411274091 23.99999989418928 0.027035756852131283
11.75 1.9917309675950727 24.0 1.9923642625917726 24.000000707571434 0.05278713821237704
12.25 1.9950374480053366 24.0 1.997323952472521 24.00000190198496 0.03158840711176899
12.75 2.005005692820967 24.0 2.00946851430031 24.000036685649235 -0.03158840711176899
13.25 2.0083895122038564 24.0 2.0077582641645835 24.000116231072084 -0.05278713821237704
13.75 2.0042815646937573 24.0 2.003831148766686 24.001932428827303 -0.027035756852131283
14.25 2.0009877564886773 24.0 2.000412726962714 23.99227713287128 -0.006254988727532051
14.75 2.0001056233425842 24.0 1.9995035562679544 23.999221493080917 -0.0006693744426668637
15.25 2.000004252485046 24.0 2.00043699918992 24.006506792797705 -2.695195306443837e-05
15.75 1.9999999399811483 24.0 2.000443389125654 24.005455689771402 3.803967102260639e-07
16.25 1.9999999904255894 24.0 2.000030733997768 23.99923538411148 6.068217856011783e-08
16.75 1.999999999725407 24.0 1.9998319215770661 23.996765422916404 1.7403567350686184e-09
17.25 1.9999999999965936 24.0 1.999868239631615 23.997363556662027 2.1586786279083474e-11
17.75 1.9999999999999798 24.0 1.9999977673959322 23.999462908228345 1.250209723893004e-13
18.25 1.9999999999999996 24.0 2.0001063838346815 24.00125437881875 3.023468242913689e-16
18.75 1.9999999999999996 24.0 2.0001071264369967 24.001230986897685 4.8921798420998234e-20
19.25 1.9999999999999996 24.0 2.000068568329238 24.0005052756596 -9.976476910669732e-22
19.75 1.9999999999999996 24.0 2.0000178785668608 23.99961592219095 -1.6638083285143045e-24
20.25 1.9999999999999996 24.0 2.0000163629551366 23.999587279412253 -1.111987969600823e-27
20.75 1.9999999999999996 24.0 2.0000311314369137 23.99984143549091 -3.4602839938301873e-31
21.25 1.9999999999999996 24.0 2.000064735578864 24.000369424478784 -4.767397604445987e-35
21.75 1.9999999999999996 24.0 2.0000765399020346 24.00051283278781 -1.637631564719423e-39
22.25 1.9999999999999996 24.0 2.000077676688539 24.00047697270981 2.2523830569655327e-43
22.75 1.9999999999999996 24.0 2.0000694764391675 24.000240958146804 2.351308388844086e-47
23.25 1.9999999999999996 24.0 2.0000540461763885 24.000031577778447 8.548289091174405e-52
23.75 1.9999999999999996 24.0 2.0000410270672297 23.999958443828483 1.4244864646060943e-56
24.25 1.9999999999999996 24.0 2.0000203315280607 23.999835857240637 1.0864518245663961e-61
24.75 1.9999999999999996 24.0 1.999913500000663 23.999077969664516 2.850203213424424e-67
