0.015625 1.9999999999999996 24.0 2.00000000000077 23.999999999999993 -2.27822078484169e-70
0.046875 1.9999999999999996 24.0 2.0000000000007687 23.999999999999982 -6.85218368134225e-70
0.078125 1.9999999999999996 24.0 2.0000000000007683 23.99999999999998 -1.8996549218085223e-69
0.109375 1.9999999999999996 24.0 2.0000000000007674 23.99999999999997 -5.008720464462768e-69
0.140625 1.9999999999999996 24.0 2.0000000000007674 23.99999999999997 -1.275954546258792e-68
0.171875 1.9999999999999996 24.0 2.0000000000007683 23.99999999999997 -3.1691289287035775e-68
0.203125 1.9999999999999996 24.0 2.0000000000007683 23.999999999999968 -7.718206623049324e-68
0.234375 1.9999999999999996 24.0 2.0000000000007674 23.999999999999968 -1.8502142513491473e-67
0.265625 1.9999999999999996 24.0 2.0000000000007674 23.999999999999964 -4.377446861968469e-67
0.296875 1.9999999999999996 24.0 2.0000000000007665 23.999999999999957 -1.0241461876918614e-66
0.328125 1.9999999999999996 24.0 2.0000000000007656 23.99999999999995 -2.372921497325267e-66
0.359375 1.9999999999999996 24.0 2.0000000000007656 23.99999999999995 -5.451008665905134e-66
0.390625 1.9999999999999996 24.0 2.0000000000007656 23.99999999999995 -1.2425942366207413e-65
0.421875 1.9999999999999996 24.0 2.000000000000764 23.99999999999994 -2.8128757645194546e-65
0.453125 1.9999999999999996 24.0 2.0000000000007634 23.999999999999936 -6.326920398120275e-65
0.484375 1.9999999999999996 24.0 2.000000000000763 23.999999999999936 -1.414693107295441e-64
0.515625 1.9999999999999996 24.0 2.000000000000764 23.999999999999936 -3.145813634902412e-64
0.546875 1.9999999999999996 24.0 2.000000000000763 23.99999999999993 -6.959052145299416e-64
0.578125 1.9999999999999996 24.0 2.000000000000763 23.99999999999993 -1.5319234162033377e-63
0.609375 1.9999999999999996 24.0 2.000000000000763 23.99999999999993 -3.356600044717967e-63
0.640625 1.9999999999999996 24.0 2.000000000000763 23.99999999999993 -7.321984942534789e-63
0.671875 1.9999999999999996 24.0 2.000000000000762 23.999999999999922 -1.5903905636321816e-62
0.703125 1.9999999999999996 24.0 2.0000000000007603 23.999999999999915 -3.4402769321153487e-62
0.734375 1.9999999999999996 24.0 2.0000000000007594 23.999999999999908 -7.4123871613528855e-62
0.765625 1.9999999999999996 24.0 2.0000000000007585 23.9999999999999 -1.590929990931295e-61
0.796875 1.9999999999999996 24.0 2.0000000000007576 23.999999999999893 -3.401882857024736e-61
0.828125 1.9999999999999996 24.0 2.0000000000007576 23.999999999999893 -7.247774453020917e-61
0.859375 1.9999999999999996 24.0 2.0000000000007567 23.999999999999886 -1.5386651948267813e-60
0.890625 1.9999999999999996 24.0 2.000000000000756 23.999999999999886 -3.2551487659220895e-60
0.921875 1.9999999999999996 24.0 2.000000000000755 23.99999999999988 -6.863006283915339e-60
0.953125 1.9999999999999996 24.0 2.000000000000753 23.999999999999865 -1.442119640701555e-59
0.984375 1.9999999999999996 24.0 2.0000000000007505 23.99999999999985 -3.0203361416968546e-59
1.015625 1.9999999999999996 24.0 2.000000000000746 23.99999999999983 -6.305182608170241e-59
1.046875 1.9999999999999996 24.0 2.0000000000007456 23.999999999999822 -1.3120415267055653e-58
1.078125 1.9999999999999996 24.0 2.0000000000007434 23.99999999999981 -2.7215866533612825e-58
1.109375 1.9999999999999996 24.0 2.0000000000007407 23.999999999999794 -5.6277758939184945e-58
1.140625 1.9999999999999996 24.0 2.0000000000007394 23.999999999999787 -1.1601261438237894e-57
1.171875 1.9999999999999996 24.0 2.000000000000738 23.99999999999978 -2.3841835575636754e-57
1.203125 1.9999999999999996 24.0 2.000000000000739 23.99999999999978 -4.884848740431868e-57
1.234375 1.9999999999999996 24.0 2.0000000000007376 23.99999999999978 -9.978129800561989e-57
1.265625 1.9999999999999996 24.0 2.0000000000007376 23.99999999999978 -2.0320867377757505e-56
1.296875 1.9999999999999996 24.0 2.000000000000738 23.99999999999978 -4.126081146814488e-56
1.328125 1.9999999999999996 24.0 2.000000000000738 23.99999999999978 -8.352991740634592e-56
1.359375 1.9999999999999996 24.0 2.000000000000738 23.99999999999978 -1.686011193240446e-55
1.390625 1.9999999999999996 24.0 2.000000000000738 23.99999999999978 -3.3931056550831865e-55
1.421875 1.9999999999999996 24.0 2.000000000000738 23.99999999999978 -6.808576983337657e-55
1.453125 1.9999999999999996 24.0 2.000000000000738 23.99999999999978 -1.3621972531801136e-54
1.484375 1.9999999999999996 24.0 2.000000000000738 23.99999999999978 -2.71737836329482e-54
1.515625 1.9999999999999996 24.0 2.000000000000738 23.99999999999978 -5.404899700758321e-54
1.546875 1.9999999999999996 24.0 2.000000000000738 23.99999999999978 -1.07189611230049e-53
1.578125 1.9999999999999996 24.0 2.000000000000738 23.99999999999978 -2.119554414886232e-53
1.609375 1.9999999999999996 24.0 2.000000000000737 23.999999999999766 -4.178897469918695e-53
1.640625 1.9999999999999996 24.0 2.0000000000007354 23.99999999999976 -8.214889684997225e-53
1.671875 1.9999999999999996 24.0 2.0000000000007354 23.99999999999976 -1.6101315822779676e-52
1.703125 1.9999999999999996 24.0 2.0000000000007354 23.99999999999976 -3.1465632025112256e-52
1.734375 1.9999999999999996 24.0 2.0000000000007354 23.99999999999976 -6.1308674558564455e-52
1.765625 1.9999999999999996 24.0 2.0000000000007345 23.99999999999975 -1.1909998921582205e-51
1.796875 1.9999999999999996 24.0 2.000000000000734 23.99999999999975 -2.3067406877601848e-51
1.828125 1.9999999999999996 24.0 2.0000000000007345 23.99999999999975 -4.454253611117328e-51
1.859375 1.9999999999999996 24.0 2.0000000000007345 23.99999999999975 -8.574936586047256e-51
1.890625 1.9999999999999996 24.0 2.0000000000007336 23.999999999999748 -1.645720846417934e-50
1.921875 1.9999999999999996 24.0 2.0000000000007327 23.999999999999737 -3.1487547339947423e-50
1.953125 1.9999999999999996 24.0 2.0000000000007314 23.99999999999973 -6.005727064687491e-50
1.984375 1.9999999999999996 24.0 2.000000000000731 23.999999999999723 -1.1418828486624206e-49
2.015625 1.9999999999999996 24.0 2.000000000000731 23.999999999999723 -2.164163558795051e-49
2.046875 1.9999999999999996 24.0 2.000000000000731 23.999999999999723 -4.0883930329748965e-49
2.078125 1.9999999999999996 24.0 2.00000000000073 23.999999999999716 -7.698188899911537e-49
2.109375 1.9999999999999996 24.0 2.00000000000073 23.999999999999712 -1.4446905109718582e-48
2.140625 1.9999999999999996 24.0 2.000000000000729 23.99999999999971 -2.702002356417873e-48
2.171875 1.9999999999999996 24.0 2.0000000000007283 23.999999999999694 -5.0360797287801475e-48
2.203125 1.9999999999999996 24.0 2.0000000000007274 23.999999999999694 -9.353267962350299e-48
2.234375 1.9999999999999996 24.0 2.0000000000007274 23.999999999999694 -1.7308607822853055e-47
2.265625 1.9999999999999996 24.0 2.0000000000007265 23.999999999999694 -3.1911596593010844e-47
2.296875 1.9999999999999996 24.0 2.0000000000007256 23.999999999999684 -5.8610728285051535e-47
2.328125 1.9999999999999996 24.0 2.0000000000007248 23.999999999999673 -1.0722511834554478e-46
2.359375 1.9999999999999996 24.0 2.000000000000724 23.999999999999666 -1.9536579209753196e-46
2.390625 1.9999999999999996 24.0 2.000000000000724 23.999999999999666 -3.544595714090166e-46
2.421875 1.9999999999999996 24.0 2.000000000000723 23.99999999999966 -6.402876193520721e-46
2.453125 1.9999999999999996 24.0 2.000000000000723 23.999999999999662 -1.1512940178789018e-45
2.484375 1.9999999999999996 24.0 2.000000000000723 23.999999999999666 -2.060150041016556e-45
2.515625 1.9999999999999996 24.0 2.000000000000723 23.999999999999666 -3.6677085226756304e-45
2.546875 1.9999999999999996 24.0 2.0000000000007234 23.99999999999967 -6.494345351696857e-45
2.578125 1.9999999999999996 24.0 2.0000000000007248 23.999999999999673 -1.1432892156771465e-44
2.609375 1.9999999999999996 24.0 2.0000000000007248 23.999999999999673 -2.0001391905388715e-44
2.640625 1.9999999999999996 24.0 2.000000000000724 23.99999999999967 -3.4754386748737267e-44
2.671875 1.9999999999999996 24.0 2.0000000000007243 23.999999999999666 -5.993943055649722e-44
2.703125 1.9999999999999996 24.0 2.000000000000722 23.99999999999966 -1.025195040406753e-43
2.734375 1.9999999999999996 24.0 2.0000000000007216 23.999999999999652 -1.7371316768754017e-43
2.765625 1.9999999999999996 24.0 2.0000000000007194 23.999999999999638 -2.91205779188509e-43
2.796875 1.9999999999999996 24.0 2.0000000000007185 23.999999999999638 -4.8208921257584945e-43
2.828125 1.9999999999999996 24.0 2.000000000000718 23.99999999999963 -7.862381985663504e-43
2.859375 1.9999999999999996 24.0 2.000000000000718 23.99999999999963 -1.258888113997978e-42
2.890625 1.9999999999999996 24.0 2.0000000000007185 23.99999999999963 -1.9689254483153933e-42
2.921875 1.9999999999999996 24.0 2.0000000000007168 23.99999999999962 -2.984371359915005e-42
2.953125 1.9999999999999996 24.0 2.0000000000007154 23.99999999999961 -4.325788212120148e-42
2.984375 1.9999999999999996 24.0 2.000000000000714 23.999999999999602 -5.846063377957028e-42
3.015625 1.9999999999999996 24.0 2.000000000000713 23.999999999999595 -6.949926403797957e-42
3.046875 1.9999999999999996 24.0 2.0000000000007114 23.99999999999958 -5.97690423008472e-42
3.078125 1.9999999999999996 24.0 2.000000000000711 23.999999999999577 1.1041630246284527e-42
3.109375 1.9999999999999996 24.0 2.0000000000007097 23.999999999999567 2.3380523158598155e-41
3.140625 1.9999999999999996 24.0 2.0000000000007088 23.99999999999956 8.040211368904828e-41
3.171875 1.9999999999999996 24.0 2.000000000000706 23.999999999999545 2.128823627925937e-40
3.203125 1.9999999999999996 24.0 2.0000000000007057 23.999999999999538 5.035814308975148e-40
3.234375 1.9999999999999996 24.0 2.0000000000007057 23.999999999999538 1.1175793032213454e-39
3.265625 1.9999999999999996 24.0 2.000000000000706 23.99999999999953 2.379148315477548e-39
3.296875 1.9999999999999996 24.0 2.000000000000706 23.999999999999535 4.9171664344323987e-39
3.328125 1.9999999999999996 24.0 2.0000000000007057 23.99999999999953 9.937973385277114e-39
3.359375 1.9999999999999996 24.0 2.0000000000007057 23.999999999999524 1.9733640409492698e-38
3.390625 1.9999999999999996 24.0 2.0000000000007057 23.999999999999524 3.862246412839405e-38
3.421875 1.9999999999999996 24.0 2.0000000000007048 23.999999999999517 7.467854512244359e-38
3.453125 1.9999999999999996 24.0 2.0000000000007034 23.99999999999951 1.4289429136809048e-37
3.484375 1.9999999999999996 24.0 2.0000000000007025 23.9999999999995 2.709319313161419e-37
3.515625 1.9999999999999996 24.0 2.000000000000703 23.999999999999503 5.095304745953352e-37
3.546875 1.9999999999999996 24.0 2.0000000000007025 23.999999999999503 9.512456240138327e-37
3.578125 1.9999999999999996 24.0 2.0000000000007017 23.999999999999496 1.764039657518716e-36
3.609375 1.9999999999999996 24.0 2.0000000000007 23.99999999999949 3.251223154159321e-36
3.640625 1.9999999999999996 24.0 2.0000000000007003 23.99999999999948 5.957967746992783e-36
3.671875 1.9999999999999996 24.0 2.0000000000007 23.999999999999478 1.0859796109704051e-35
3.703125 1.9999999999999996 24.0 2.000000000000699 23.99999999999947 1.969481613251063e-35
3.734375 1.9999999999999996 24.0 2.000000000000698 23.99999999999946 3.554705609886775e-35
3.765625 1.9999999999999996 24.0 2.0000000000006968 23.999999999999453 6.386682306426079e-35
3.796875 1.9999999999999996 24.0 2.0000000000006954 23.99999999999944 1.142489249897584e-34
3.828125 1.9999999999999996 24.0 2.0000000000006954 23.99999999999944 2.0352048920353324e-34
3.859375 1.9999999999999996 24.0 2.0000000000006954 23.99999999999944 3.610838991254936e-34
3.890625 1.9999999999999996 24.0 2.0000000000006954 23.99999999999944 6.381297208125961e-34
3.921875 1.9999999999999996 24.0 2.0000000000006954 23.99999999999944 1.123468433039923e-33
3.953125 1.9999999999999996 24.0 2.0000000000006954 23.99999999999944 1.9706444301768363e-33
3.984375 1.9999999999999996 24.0 2.0000000000006954 23.99999999999944 3.444218049896123e-33
4.015625 1.9999999999999996 24.0 2.0000000000006954 23.99999999999944 5.998506676741735e-33
4.046875 1.9999999999999996 24.0 2.0000000000006954 23.99999999999944 1.04111138669265e-32
4.078125 1.9999999999999996 24.0 2.000000000000694 23.999999999999424 1.8008638503315503e-32
4.109375 1.9999999999999996 24.0 2.000000000000693 23.99999999999941 3.104698038737646e-32
4.140625 1.9999999999999996 24.0 2.000000000000691 23.999999999999403 5.335009896503985e-32
4.171875 1.9999999999999996 24.0 2.00000000000069 23.999999999999396 9.137948787512768e-32
4.203125 1.9999999999999996 24.0 2.0000000000006892 23.99999999999939 1.5601918693651058e-31
4.234375 1.9999999999999996 24.0 2.000000000000689 23.999999999999385 2.65545774288298e-31
4.265625 1.9999999999999996 24.0 2.0000000000006875 23.999999999999375 4.505546363689017e-31
4.296875 1.9999999999999996 24.0 2.0000000000006866 23.999999999999368 7.621057735477044e-31
4.328125 1.9999999999999996 24.0 2.000000000000685 23.999999999999353 1.2851516331372023e-30
4.359375 1.9999999999999996 24.0 2.000000000000685 23.999999999999353 2.1606037380466126e-30
4.390625 1.9999999999999996 24.0 2.000000000000685 23.999999999999353 3.621484103504994e-30
4.421875 1.9999999999999996 24.0 2.0000000000006857 23.999999999999353 6.0519690049571036e-30
4.453125 1.9999999999999996 24.0 2.000000000000686 23.99999999999936 1.0083523940785047e-29
4.484375 1.9999999999999996 24.0 2.0000000000006866 23.99999999999936 1.6750947021985322e-29
4.515625 1.9999999999999996 24.0 2.0000000000006866 23.99999999999936 2.774487006777097e-29
4.546875 1.9999999999999996 24.0 2.000000000000686 23.99999999999936 4.5819074330769235e-29
4.578125 1.9999999999999996 24.0 2.0000000000006866 23.99999999999936 7.544549486732463e-29
4.609375 1.9999999999999996 24.0 2.000000000000685 23.999999999999353 1.238642375332453e-28
4.640625 1.9999999999999996 24.0 2.000000000000685 23.999999999999353 2.027615344466844e-28
4.671875 1.9999999999999996 24.0 2.000000000000685 23.999999999999353 3.3094267750190695e-28
4.703125 1.9999999999999996 24.0 2.000000000000685 23.999999999999353 5.38576355657764e-28
4.734375 1.9999999999999996 24.0 2.000000000000685 23.999999999999353 8.73912572067705e-28
4.765625 1.9999999999999996 24.0 2.000000000000685 23.999999999999353 1.4138812796945444e-27
4.796875 1.9999999999999996 24.0 2.0000000000006857 23.999999999999353 2.2807587812770227e-27
4.828125 1.9999999999999996 24.0 2.000000000000685 23.999999999999353 3.668289004728993e-27
4.859375 1.9999999999999996 24.0 2.000000000000685 23.999999999999353 5.882486307471667e-27
4.890625 1.9999999999999996 24.0 2.0000000000006857 23.999999999999353 9.405155247393542e-27
4.921875 1.9999999999999996 24.0 2.000000000000685 23.999999999999353 1.49924343140427e-26
4.953125 1.9999999999999996 24.0 2.0000000000006857 23.999999999999353 2.3827139994964814e-26
4.984375 1.9999999999999996 24.0 2.000000000000686 23.99999999999936 3.775344399229274e-26
5.015625 1.9999999999999996 24.0 2.000000000000686 23.999999999999353 5.963706537766583e-26
5.046875 1.9999999999999996 24.0 2.0000000000006857 23.999999999999353 9.391605402168255e-26
5.078125 1.9999999999999996 24.0 2.000000000000686 23.999999999999353 1.474398097469421e-25
5.109375 1.9999999999999996 24.0 2.0000000000006857 23.999999999999353 2.3074218514254646e-25
5.140625 1.9999999999999996 24.0 2.000000000000685 23.999999999999346 3.599654906553355e-25
5.171875 1.9999999999999996 24.0 2.000000000000685 23.99999999999934 5.5975613110885925e-25
5.203125 1.9999999999999996 24.0 2.000000000000684 23.999999999999332 8.676038409735593e-25
5.234375 1.9999999999999996 24.0 2.000000000000683 23.999999999999325 1.3403152088627167e-24
5.265625 1.9999999999999996 24.0 2.000000000000682 23.99999999999932 2.063626327147327e-24
5.296875 1.9999999999999996 24.0 2.0000000000006812 23.999999999999318 3.1664072085467803e-24
5.328125 1.9999999999999996 24.0 2.0000000000006812 23.99999999999931 4.8415436441065506e-24
5.359375 1.9999999999999996 24.0 2.0000000000006795 23.999999999999297 7.376468727502132e-24
5.390625 1.9999999999999996 24.0 2.0000000000006777 23.99999999999929 1.1197544736359961e-23
5.421875 1.9999999999999996 24.0 2.000000000000676 23.999999999999275 1.6934177460038927e-23
5.453125 1.9999999999999996 24.0 2.000000000000674 23.999999999999268 2.5510813027808987e-23
5.484375 1.9999999999999996 24.0 2.000000000000674 23.999999999999268 3.8277972523577195e-23
5.515625 1.9999999999999996 24.0 2.000000000000674 23.999999999999268 5.719737357640802e-23
5.546875 1.9999999999999996 24.0 2.000000000000675 23.999999999999268 8.510108664216983e-23
5.578125 1.9999999999999996 24.0 2.0000000000006755 23.999999999999268 1.2605058654817386e-22
5.609375 1.9999999999999996 24.0 2.0000000000006763 23.999999999999268 1.8582826090560647e-22
5.640625 1.9999999999999996 24.0 2.0000000000006763 23.999999999999268 2.7260073698019643e-22
5.671875 1.9999999999999996 24.0 2.000000000000676 23.999999999999268 3.977987490968176e-22
5.703125 1.9999999999999996 24.0 2.000000000000674 23.99999999999926 5.77259160798956e-22
5.734375 1.9999999999999996 24.0 2.000000000000674 23.999999999999254 8.326656155385357e-22
5.765625 1.9999999999999996 24.0 2.000000000000674 23.999999999999254 1.193295339358929e-21
5.796875 1.9999999999999996 24.0 2.000000000000674 23.999999999999254 1.698014209741317e-21
5.828125 1.9999999999999996 24.0 2.000000000000674 23.999999999999247 2.397332648142728e-21
5.859375 1.9999999999999996 24.0 2.000000000000674 23.999999999999243 3.3550959936201877e-21
5.890625 1.9999999999999996 24.0 2.000000000000674 23.99999999999924 4.648962114637106e-21
5.921875 1.9999999999999996 24.0 2.0000000000006737 23.99999999999924 6.368100805829833e-21
5.953125 1.9999999999999996 24.0 2.000000000000674 23.99999999999924 8.605353010410987e-21
5.984375 1.9999999999999996 24.0 2.000000000000674 23.99999999999924 1.143913179228943e-20
6.015625 1.9999999999999996 24.0 2.0000000000006732 23.999999999999233 1.489719778190366e-20
6.046875 1.9999999999999996 24.0 2.0000000000006715 23.999999999999233 1.8889436847287846e-20
6.078125 1.9999999999999996 24.0 2.0000000000006706 23.999999999999226 2.3088901174160298e-20
6.109375 1.9999999999999996 24.0 2.0000000000006706 23.999999999999222 2.672813031849725e-20
6.140625 1.9999999999999996 24.0 2.000000000000671 23.999999999999226 2.8258874022225216e-20
6.171875 1.9999999999999996 24.0 2.0000000000006706 23.99999999999922 2.4794409328619503e-20
6.203125 1.9999999999999996 24.0 2.0000000000006697 23.99999999999921 1.120966778113034e-20
6.234375 1.9999999999999996 24.0 2.000000000000669 23.99999999999921 -2.1292021952213176e-20
6.265625 1.9999999999999996 24.0 2.000000000000669 23.99999999999921 -8.743644241968582e-20
6.296875 1.9999999999999996 24.0 2.000000000000669 23.99999999999921 -2.1139984100659238e-19
6.328125 1.9999999999999996 24.0 2.0000000000006675 23.999999999999204 -4.3225443940309184e-19
6.359375 1.9999999999999996 24.0 2.0000000000006675 23.999999999999204 -8.123242558628094e-19
6.390625 1.9999999999999996 24.0 2.000000000000669 23.99999999999921 -1.449916056694189e-18
6.421875 1.9999999999999996 24.0 2.000000000000669 23.99999999999921 -2.498590031010466e-18
6.453125 1.9999999999999996 24.0 2.000000000000669 23.99999999999921 -4.1961531058258706e-18
6.484375 1.9999999999999996 24.0 2.000000000000668 23.999999999999204 -6.908033070364404e-18
6.515625 1.9999999999999996 24.0 2.000000000000667 23.999999999999197 -1.1191819602844879e-17
6.546875 1.9999999999999996 24.0 2.000000000000666 23.99999999999919 -1.7892814642745072e-17
6.578125 1.9999999999999996 24.0 2.000000000000665 23.999999999999183 -2.828480622676629e-17
6.609375 1.9999999999999996 24.0 2.0000000000006635 23.999999999999172 -4.427650759039602e-17
6.640625 1.9999999999999996 24.0 2.000000000000663 23.99999999999917 -6.871293963104205e-17
6.671875 1.9999999999999996 24.0 2.000000000000663 23.99999999999916 -1.0581352319837788e-16
6.703125 1.9999999999999996 24.0 2.0000000000006635 23.99999999999916 -1.6180622920595578e-16
6.734375 1.9999999999999996 24.0 2.000000000000663 23.999999999999158 -2.4584179170539287e-16
6.765625 1.9999999999999996 24.0 2.000000000000662 23.999999999999154 -3.7130643844254734e-16
6.796875 1.9999999999999996 24.0 2.000000000000661 23.999999999999147 -5.576995431938721e-16
6.828125 1.9999999999999996 24.0 2.00000000000066 23.99999999999914 -8.333090963179003e-16
6.859375 1.9999999999999996 24.0 2.000000000000659 23.99999999999913 -1.2390097532254693e-15
6.890625 2.0000000000000018 24.0 2.000000000000659 23.999999999999126 -1.833634667520214e-15
6.921875 2.0000000000000018 24.0 2.000000000000658 23.99999999999912 -2.7015457262591083e-15
6.953125 2.0000000000000018 24.0 2.000000000000658 23.999999999999115 -3.963263749308563e-15
6.984375 2.0000000000000004 24.0 2.0000000000006577 23.99999999999911 -5.790342783568785e-15
7.015625 1.9999999999999998 24.0 2.0000000000006577 23.99999999999911 -8.426110147273168e-15
7.046875 2.000000000000003 24.0 2.000000000000658 23.999999999999105 -1.2214485147172358e-14
7.078125 2.0000000000000044 24.0 2.0000000000006595 23.999999999999105 -1.7639885483553146e-14
7.109375 2.000000000000004 24.0 2.000000000000661 23.999999999999105 -2.53822982660602e-14
7.140625 2.000000000000006 24.0 2.000000000000661 23.99999999999909 -3.63930197719041e-14
7.171875 2.000000000000009 24.0 2.0000000000006626 23.99999999999909 -5.1998468342356297e-14
7.203125 2.000000000000012 24.0 2.000000000000666 23.999999999999083 -7.404199539793786e-14
7.234375 2.000000000000016 24.0 2.00000000000067 23.999999999999083 -1.050769502468153e-13
7.265625 2.000000000000024 24.0 2.0000000000006763 23.999999999999076 -1.4862863863463673e-13
7.296875 2.0000000000000315 24.0 2.000000000000686 23.999999999999076 -2.0954856369736308e-13
7.328125 2.000000000000045 24.0 2.000000000000698 23.999999999999066 -2.9449184610589434e-13
7.359375 2.0000000000000644 24.0 2.0000000000007154 23.999999999999062 -4.1255848706260836e-13
7.390625 2.0000000000000906 24.0 2.0000000000007407 23.999999999999055 -5.761517913992377e-13
7.421875 2.0000000000001266 24.0 2.0000000000007763 23.999999999999055 -8.021235938183894e-13
7.453125 2.0000000000001776 24.0 2.000000000000825 23.999999999999055 -1.113296906264696e-12
7.484375 2.0000000000002434 24.0 2.0000000000008917 23.999999999999048 -1.5404834363647938e-12
7.515625 2.0000000000003344 24.0 2.000000000000984 23.999999999999048 -2.1251475998174054e-12
7.546875 2.000000000000461 24.0 2.0000000000011084 23.999999999999034 -2.922911974610753e-12
7.578125 2.0000000000006324 24.0 2.000000000001279 23.999999999999034 -4.008153816462366e-12
7.609375 2.000000000000864 24.0 2.000000000001511 23.999999999999027 -5.480010911465506e-12
7.640625 2.0000000000011795 24.0 2.0000000000018225 23.999999999999012 -7.470200829441743e-12
7.671875 2.0000000000016014 24.0 2.000000000002245 23.999999999999012 -1.0153164275917284e-11
7.703125 2.0000000000021725 24.0 2.0000000000028133 23.999999999999012 -1.3759175065993107e-11
7.734375 2.0000000000029337 24.0 2.0000000000035745 23.999999999999012 -1.8591221278310382e-11
7.765625 2.0000000000039537 24.0 2.000000000004591 23.999999999999012 -2.5046660111161175e-11
7.796875 2.00000000000531 24.0 2.0000000000059446 23.999999999999 -3.364488926874075e-11
7.828125 2.000000000007109 24.0 2.000000000007743 23.999999999999 -4.506256740414861e-11
7.859375 2.0000000000094946 24.0 2.000000000010124 23.999999999998998 -6.017826279695694e-11
7.890625 2.0000000000126428 24.0 2.0000000000132667 23.99999999999899 -8.012882088826562e-11
7.921875 2.0000000000167852 24.0 2.000000000017402 23.999999999998984 -1.0638022529341046e-10
7.953125 2.000000000022218 24.0 2.000000000022827 23.999999999998977 -1.4081629059050188e-10
7.984375 2.0000000000293223 24.0 2.0000000000299227 23.99999999999897 -1.8584917425466984e-10
8.015625 2.000000000038588 24.0 2.000000000039173 23.999999999998963 -2.445564327745659e-10
8.046875 2.0000000000506235 24.0 2.000000000051196 23.999999999998956 -3.2085017244722926e-10
8.078125 2.00000000006622 24.0 2.0000000000667733 23.999999999998963 -4.196847518033573e-10
8.109375 2.000000000086354 24.0 2.0000000000868887 23.99999999999896 -5.473104646628257e-10
8.140625 2.000000000112275 24.0 2.000000000112779 23.99999999999895 -7.115816430660233e-10
8.171875 2.0000000001455254 24.0 2.000000000145998 23.999999999998945 -9.22328624068492e-10
8.203125 2.000000000188042 24.0 2.000000000188476 23.99999999999894 -1.191803958165589e-09
8.234375 2.0000000002422254 24.0 2.00000000024261 23.999999999998934 -1.5352140059132596e-09
8.265625 2.0000000003110383 24.0 2.000000000311365 23.999999999998927 -1.971347542156692e-09
8.296875 2.000000000398129 24.0 2.0000000003983844 23.999999999998927 -2.523312985973188e-09
8.328125 2.000000000507954 24.0 2.0000000005081295 23.999999999998927 -3.219395161131922e-09
8.359375 2.000000000645954 24.0 2.0000000006460326 23.99999999999892 -4.094040754180995e-09
8.390625 2.0000000008187153 24.0 2.000000000818676 23.999999999998913 -5.1889784705830064e-09
8.421875 2.0000000010341616 24.0 2.000000001033989 23.99999999999889 -6.554474776039984e-09
8.453125 2.000000001301796 24.0 2.0000000013014683 23.999999999998884 -8.250718395545009e-09
8.484375 2.0000000016329116 24.0 2.0000000016324115 23.999999999998884 -1.0349315607112637e-08
8.515625 2.00000000204086 24.0 2.0000000020401645 23.999999999998874 -1.2934862794373492e-08
8.546875 2.000000002541286 24.0 2.000000002540376 23.99999999999887 -1.610654146399652e-08
8.578125 2.000000003152381 24.0 2.0000000031512415 23.999999999998863 -1.9979652470463198e-08
8.609375 2.000000003895099 24.0 2.000000003893716 23.999999999998863 -2.4686968687730042e-08
8.640625 2.0000000047933044 24.0 2.000000004791671 23.999999999998863 -3.037973662956737e-08
8.671875 2.000000005873834 24.0 2.0000000058719616 23.999999999998863 -3.722809494294276e-08
8.703125 2.0000000071664448 24.0 2.0000000071643553 23.999999999998856 -4.542059821685135e-08
8.734375 2.0000000087035072 24.0 2.0000000087012544 23.99999999999885 -5.5162434587404565e-08
8.765625 2.0000000105194524 24.0 2.0000000105171187 23.999999999998842 -6.667180104523568e-08
8.796875 2.0000000126497848 24.0 2.0000000126475035 23.999999999998842 -8.017374642759501e-08
8.828125 2.000000015129584 24.0 2.0000000151275494 23.999999999998842 -9.589060343071351e-08
8.859375 2.000000017991281 24.0 2.000000017989763 23.99999999999884 -1.1402790157076528e-07
8.890625 2.0000000212614957 24.0 2.0000000212608686 23.999999999998835 -1.3475437614470108e-07
8.921875 2.0000000249566923 24.0 2.000000024957456 23.99999999999882 -1.581743565263702e-07
8.953125 2.0000000290772793 24.0 2.000000029080097 23.99999999999882 -1.842904225897277e-07
8.984375 2.0000000335997687 24.0 2.000000033605513 23.99999999999882 -2.129537521443204e-07
9.015625 2.0000000384665237 24.0 2.0000000384763204 23.99999999999882 -2.4379903603245343e-07
9.046875 2.000000043572458 24.0 2.0000000435877467 23.99999999999882 -2.7616020174017365e-07
9.078125 2.000000048747987 24.0 2.000000048770618 23.999999999998813 -3.089624517400078e-07
9.109375 2.0000000537374265 24.0 2.0000000537697655 23.99999999999882 -3.405852802832484e-07
9.140625 2.0000000581718047 24.0 2.0000000582168447 23.999999999998813 -3.686901735755997e-07
9.171875 2.000000061534947 24.0 2.0000000615963716 23.999999999998813 -3.900056158431509e-07
9.203125 2.000000063121454 24.0 2.0000000632034842 23.99999999999881 -4.00060811963365e-07
9.234375 2.000000061985026 24.0 2.0000000620915586 23.999999999998806 -3.92858192564735e-07
9.265625 2.00000005687535 24.0 2.000000057007237 23.9999999999988 -3.6047328921586107e-07
9.296875 2.0000000461614245 24.0 2.0000000463094576 23.9999999999988 -2.9256895874623466e-07
9.328125 2.000000027739114 24.0 2.0000000278683734 23.999999999998796 -1.75809204796358e-07
9.359375 1.9999999989201567 24.0 1.9999999989416388 23.999999999998792 6.84399496390746e-09
9.390625 1.9999999562998731 24.0 1.9999999560392752 23.99999999999879 2.769693754259723e-07
9.421875 1.9999998956002056 24.0 1.9999998948084667 23.999999999998785 6.6168109169794e-07
9.453125 1.999999811484612 24.0 1.9999998099036453 23.999999999998785 1.1948019652308614e-06
9.484375 1.999999697340906 24.0 1.9999996947609886 23.999999999998778 1.91823977061019e-06
9.515625 1.999999545027933 24.0 1.999999541294048 23.999999999998764 2.8835929655655025e-06
9.546875 1.9999993445815567 24.0 1.9999993395665796 23.999999999998757 4.154014011294916e-06
9.578125 1.9999990838753732 24.0 1.9999990774495422 23.99999999999875 5.806359934410772e-06
9.609375 1.9999987482312231 24.0 1.9999987402410855 23.999999999998742 7.933660947464523e-06
9.640625 1.9999983199745666 24.0 1.9999983102317795 23.999999999998735 1.0647938659910819e-05
9.671875 1.9999977779296876 24.0 1.9999977662060595 23.999999999998728 1.4083405549510238e-05
9.703125 1.9999970968499001 24.0 1.999997082875383 23.999999999998725 1.8400076786345152e-05
9.734375 1.9999962467780121 24.0 1.9999962302397702 23.99999999999872 2.3787824056655596e-05
9.765625 1.9999951923327897 24.0 1.999995172874507 23.99999999999872 3.047089856032277e-05
9.796875 1.999993891917764 24.0 1.999993869138902 23.99999999999872 3.871294668531413e-05
9.828125 1.9999922968494408 24.0 1.999992270304499 23.99999999999871 4.882253682205016e-05
9.859375 1.9999903504030918 24.0 1.9999903196009992 23.999999999998707 6.115920919813026e-05
9.890625 1.9999879867755812 24.0 1.9999879511793908 23.999999999998703 7.614005232250465e-05
9.921875 1.999985129966297 24.0 1.9999850889933692 23.999999999998703 9.424679947325484e-05
9.953125 1.999981692579246 24.0 1.9999816456020678 23.999999999998693 0.00011603342650898227
9.984375 1.9999775745515185 24.0 1.9999775208993538 23.999999999998693 0.00014213421802187232
10.015625 1.9999726618160807 24.0 1.9999726007775747 23.999999999998685 0.00017327225240822825
10.046875 1.9999668249096927 24.0 1.9999667557366174 23.999999999998682 0.00021026823778249598
10.078125 1.9999599175401557 24.0 1.9999598394524147 23.999999999998682 0.00025404960983168684
10.109375 1.99995177513072 24.0 1.999951687322726 23.99999999999868 0.0003056597797921633
10.140625 1.9999422133633569 24.0 1.9999421150119367 23.99999999999867 0.0003662673958988225
10.171875 1.999931026746968 24.0 1.9999309170208401 23.99999999999867 0.00043717545516134556
10.203125 1.9999179872409136 24.0 1.9999178653118075 23.999999999998664 0.0005198300745101878
10.234375 1.999902842968814 24.0 1.9999027080243041 23.999999999998657 0.0006158287016735327
10.265625 1.999885317062351 24.0 1.9998851683203132 23.99999999999865 0.0007269275171483163
10.296875 1.9998651066791175 24.0 1.9998649434038196 23.99999999999865 0.0008550477499748933
10.328125 1.9998418822431476 24.0 1.9998417037628458 23.99999999999865 0.0010022806024855794
10.359375 1.999815286960777 24.0 1.9998150926866098 23.99999999999865 0.0011708904536466504
10.390625 1.9997849366679172 24.0 1.9997847261139294 23.99999999999865 0.00136331598802327
10.421875 1.9997504200679945 24.0 1.999750192871923 23.99999999999865 0.0015821688788247121
10.453125 1.9997112994216162 24.0 1.9997110553661108 23.999999999998643 0.001830229640059798
10.484375 1.999667111750285 24.0 1.9996668507840911 23.999999999998643 0.0021104402557239545
10.515625 1.999617370616156 24.0 1.9996170928747343 23.99999999999864 0.0024258931943456344
10.546875 1.999561568538231 24.0 1.9995612743632427 23.999999999998636 0.002779816426326757
10.578125 1.9994991801022237 24.0 1.9994988700591787 23.99999999999863 0.0031755540804596885
10.609375 1.999429665816126 24.0 1.99942934070953 23.99999999999862 0.003616542405846326
10.640625 1.999352476756772 24.0 1.999352137641916 23.999999999998618 0.004106280747108303
10.671875 1.9992670600433429 24.0 1.9992667082340048 23.999999999998614 0.004648297295010989
10.703125 1.9991728651628604 24.0 1.99917250223404 23.999999999998614 0.005246109441955015
10.734375 1.999069351159204 24.0 1.9990689789440177 23.999999999998607 0.00590317865247471
10.765625 1.9989559946815918 24.0 1.9989556152615624 23.999999999998607 0.006622859852864577
10.796875 1.9988322988711067 24.0 1.9988319145589784 23.999999999998607 0.007408345450915949
10.828125 1.9986978030441154 24.0 1.9986974163584814 23.999999999998593 0.008262604215674192
10.859375 1.9985520931104448 24.0 1.9985517067414922 23.999999999998586 0.009188315376884767
10.890625 1.99839481264156 24.0 1.9983944294073477 23.999999999998582 0.01018779844269984
10.921875 1.998225674480568 24.0 1.9982252972733736 23.999999999998572 0.01126293938012599
10.953125 1.998044472761953 24.0 1.9980441044842943 23.999999999998572 0.012415113953013106
10.984375 1.9978510951849262 24.0 1.9978507386750792 23.999999999998565 0.013645109164084353
11.015625 1.9976455353612705 24.0 1.997645193308116 23.999999999998565 0.014953043897151557
11.046875 1.9974279050364643 24.0 1.9974275798837025 23.99999999999855 0.016338289999458067
11.078125 1.9971984459632377 24.0 1.9971981398030074 23.99999999999851 0.017799395177961152
11.109375 1.9969575411894815 24.0 1.996957255645524 23.99999999999902 0.019334009203016627
11.140625 1.9967057255088896 24.0 1.996705461608863 23.999999999997243 0.020938815013958157
11.171875 1.9964436948133226 24.0 1.9964434528515596 23.999999999992113 0.022609466399069394
11.203125 1.9961723140810637 24.0 1.996172093474037 24.00000000007625 0.02434053397314911
11.234375 1.995892623735951 24.0 1.9958924228194173 23.99999999971823 0.026125461195244212
11.265625 1.9956058441187994 24.0 1.995605660075903 23.99999999968975 0.027956532153544326
11.296875 1.9953133778250682 24.0 1.9953132068557644 24.000000007219285 0.02982485279080091
11.328125 1.995016809681634 24.0 1.9950166433257912 23.999999974514232 0.031720347149536324
11.359375 1.9947179041607992 24.0 1.9947177367337137 23.999999979164627 0.033631770080131254
11.390625 1.9944186000608812 24.0 1.9944184487855094 24.00000044177922 0.03554673767593849
11.421875 1.994121002320009 24.0 1.9941207725873302 23.99999898451452 0.037451776478212004
11.453125 1.993827370872327 24.0 1.9938269493168854 23.999998267483186 0.039332392231319985
11.484375 1.9935401065028608 24.0 1.9935399865675532 24.00000917144328 0.041173158668053204
11.515625 1.9932617337084824 24.0 1.9932620326354917 23.9999933652562 0.04295782646966331
11.546875 1.9929948806262774 24.0 1.9929925579282746 23.999983777416947 0.04466945218057142
11.578125 1.9927422561464812 24.0 1.9927422134280413 24.000036801464304 0.04629054646961692
11.609375 1.9925066243837002 24.0 1.9925073250344165 23.999970902964126 0.04780324072547297
11.640625 1.992290776736207 24.0 1.9922846970474475 24.0000090770772 0.04918947056157731
11.671875 1.9920975018177327 24.0 1.992101041355765 24.00005193633669 0.05043117439454236
11.703125 1.9919295535977968 24.0 1.9919232131994402 23.999887299461165 0.051510504859034176
11.734375 1.9917896181345975 24.0 1.991779524631505 24.000085700825558 0.052410050441439045
11.765625 1.9916802793274413 24.0 1.991682620914688 24.000077736802666 0.05311306436428788
11.796875 1.9916039841527713 24.0 1.991598040214896 23.99988222124079 0.05360369744326279
11.828125 1.9915630078783295 24.0 1.9915429635863446 23.99999032104582 0.05386723137812902
11.859375 1.9915594197730133 24.0 1.9915664948450562 24.000065054678867 0.05389030873688286
11.890625 1.991595049845043 24.0 1.9916063698500255 24.000054107624592 0.05366115575656725
11.921875 1.9916714571476455 24.0 1.9916803537478147 24.000004714235295 0.05316979402112389
11.953125 1.9917899001893906 24.0 1.9917955548879327 23.999958350925247 0.05240823709138409
11.984375 1.9919513099750932 24.0 1.9919550055639808 23.999947140453457 0.05137066825821273
12.015625 1.9921562661830212 24.0 1.992159390651727 23.999978220898093 0.05005359576840977
12.046875 1.992404976954997 24.0 1.9924097750163385 24.000024894669124 0.048455982133748285
12.078125 1.9926972627376558 24.0 1.992702299306252 24.000044143406846 0.046579344473933665
12.109375 1.993032544566459 24.0 1.9930366770813372 24.000018200231704 0.04442782325967287
12.140625 1.993409837128865 24.0 1.9934111628098974 23.999975719290937 0.04200821730578457
12.171875 1.9938277468800085 24.0 1.993827950564997 23.9999629826871 0.03932998340777328
12.203125 1.9942844754142048 24.0 1.9942852976133827 23.999995053100534 0.03640519960818808
12.234375 1.9947778282186872 24.0 1.994780705859851 24.00003113793482 0.033248491709506556
12.265625 1.9953052288539466 24.0 1.995308090053424 24.000029898595542 0.02987692330508533
12.296875 1.995863738518113 24.0 1.9958649343903394 23.999995672290744 0.026309850264809496
12.328125 1.9964500808628576 24.0 1.9964496620355245 23.99997073828586 0.022568741272777516
12.359375 1.9970606718365334 24.0 1.9970599554894877 23.999981359943977 0.018676966655785724
12.390625 1.9976916542382264 24.0 1.9976925553303486 24.000010727113924 0.014659558348819613
12.421875 1.9983389365760507 24.0 1.99834036432969 24.00001812264552 0.01054294440308875
12.453125 1.9989982357362353 24.0 1.9989988980651914 23.999996690916614 0.006354661940193942
12.484375 1.9996651228884827 24.0 1.999664643838575 23.99998002855399 0.002123052880951984
12.515625 2.0003350719796162 24.0 2.0003346355042964 23.999994741085143 -0.002123052880951984
12.546875 2.00100351010414 24.0 2.0010048660035697 24.000020966255285 -0.006354661940193942
12.578125 2.001665868988892 24.0 2.001667629137266 24.000020059654403 -0.01054294440308875
12.609375 2.0023176367912976 24.0 2.0023183054555327 23.99999592305888 -0.014659558348819613
12.640625 2.0029544093886766 24.0 2.002954142498866 23.99997779610916 -0.018676966655785724
12.671875 2.0035719403308323 24.0 2.003571122513926 23.99998889892324 -0.022568741272777516
12.703125 2.004166188640739 24.0 2.0041680344379413 24.000041245535296 -0.026309850264809496
12.734375 2.0047333636787434 24.0 2.004737803754824 24.000008370529734 -0.02987692330508533
12.765625 2.005269966334648 24.0 2.0052680788370667 23.999924832974138 -0.033248491709506556
12.796875 2.0057728258779153 24.0 2.0057723091713577 24.000023707075208 -0.03640519960818808
12.828125 2.0062391318786292 24.0 2.006244173924043 24.000000118428424 -0.03932998340777328
12.859375 2.006666460707854 24.0 2.006662618717714 23.999990585782026 -0.04200821730578457
12.890625 2.007052796234403 24.0 2.007064079566869 24.00016877418475 -0.04442782325967287
12.921875 2.007396544451629 24.0 2.007407096145534 23.999770607277643 -0.046579344473933665
12.953125 2.007696541890935 24.0 2.007680906963936 23.999824606741395 -0.048455982133748285
12.984375 2.00795205780337 24.0 2.0079726080334055 24.0003212320888 -0.05005359576840977
13.015625 2.008162790214818 24.0 2.0081947125380637 24.000070039152433 -0.05137066825821273
13.046875 2.0083288560792747 24.0 2.00832124247994 23.99963224778219 -0.05240823709138409
13.078125 2.0084507758663173 24.0 2.008452255016286 24.000041373740533 -0.05316979402112389
13.109375 2.0085294530192526 24.0 2.008552514540617 24.000205704328344 -0.05366115575656725
13.140625 2.0085661488078412 24.0 2.0085715182171526 23.99987345813435 -0.05389030873688286
13.171875 2.0085624531714625 24.0 2.0085524962643655 23.9999227400552 -0.05386723137812902
13.203125 2.0085202522038217 24.0 2.0085115796784265 23.999982240176735 -0.05360369744326279
13.234375 2.0084416929683115 24.0 2.008435175193677 24.000012885315904 -0.05311306436428788
13.265625 2.0083291463529864 24.0 2.008325451292956 24.000044960664475 -0.052410050441439045
13.296875 2.0081851686771834 24.0 2.0081839811134525 24.000054321549992 -0.051510504859034176
13.328125 2.0080124627480562 24.0 2.0080122616828437 24.000028791317852 -0.05043117439454236
13.359375 2.0078138390367264 24.0 2.007812081671983 23.999985580789357 -0.04918947056157731
13.390625 2.0075921776018872 24.0 2.0075898923070734 23.999968906535933 -0.04780324072547297
13.421875 2.0073503913353625 24.0 2.007348414188999 23.999983949028632 -0.04629054646961692
13.453125 2.0070913910420676 24.0 2.0070905850813703 24.000002669050044 -0.04466945218057142
13.484375 2.0068180527974966 24.0 2.0068173994335177 23.999996572571096 -0.04295782646966331
13.515625 2.0065331879525097 24.0 2.0065315282897536 23.999976917649455 -0.041173158668053204
13.546875 2.006239516079148 24.0 2.0062376495745715 23.999976221706145 -0.039332392231319985
13.578125 2.0059396410751464 24.0 2.0059390684474425 24.000002297396566 -0.037451776478212004
13.609375 2.0056360305702103 24.0 2.005636885516763 24.000022432875387 -0.03554673767593849
13.640625 2.005330998705948 24.0 2.0053319963594314 24.000015512106728 -0.033631770080131254
13.671875 2.0050266922945186 24.0 2.005026634531032 23.999996852232968 -0.031720347149536324
13.703125 2.004725080300255 24.0 2.004724811076933 24.000002535302578 -0.02982485279080091
13.734375 2.004427946533991 24.0 2.00442932471374 24.000030623755904 -0.027956532153544326
13.765625 2.004136885402676 24.0 2.0041389492389516 24.000033331431815 -0.026125461195244212
13.796875 2.0038533005169823 24.0 2.0038538695135433 24.000003348070443 -0.02434053397314911
13.828125 2.003578405927542 24.0 2.003577575914888 23.999986248299564 -0.022609466399069394
13.859375 2.003313229735606 24.0 2.0033122258330343 23.999983376105682 -0.020938815013958157
13.890625 2.0030586198067653 24.0 2.003056655306856 23.9999554831278 -0.019334009203016627
13.921875 2.0028152513056607 24.0 2.0028107609937926 23.999921052434978 -0.017799395177961152
13.953125 2.0025836357656694 24.0 2.002578464406546 23.999948322380924 -0.016338289999458067
13.984375 2.002364131409167 24.0 2.002365037248328 24.00004484915145 -0.014953043897151557
14.015625 2.0021569544409292 24.0 2.0021618837971955 24.00010633763939 -0.013645109164084353
14.046875 2.0019621910485492 24.0 2.0019667681422817 24.00006353586921 -0.012415113953013106
14.078125 2.001779809858921 24.0 2.0017802368983197 24.000013118711358 -0.01126293938012599
14.109375 2.001609674618127 24.0 2.0016106055137612 24.000059568709446 -0.01018779844269984
14.140625 2.0014515568825506 24.0 2.001456348037016 24.000018338375014 -0.009188315376884767
14.171875 2.001305148531535 24.0 2.0012987339504416 23.999868144626696 -0.008262604215674192
14.203125 2.0011700739351705 24.0 2.0011589524386606 23.999866387056755 -0.007408345450915949
14.234375 2.001045901634838 24.0 2.0010433631226223 24.000034475276045 -0.006622859852864577
14.265625 2.000932155418046 24.0 2.000932068751389 23.999999987204063 -0.00590317865247471
14.296875 2.000828324692419 24.0 2.000821884879614 23.9999210194011 -0.005246109441955015
14.328125 2.000733874086317 24.0 2.000730331013256 24.000086707373676 -0.004648297295010989
14.359375 2.000648252224848 24.0 2.000657524107854 24.000179758014056 -0.004106280747108303
14.390625 2.000570899649711 24.0 2.0005759630123006 24.000029056101326 -0.003616542405846326
14.421875 2.000501255869412 24.0 2.0004986357839867 23.999928697802687 -0.0031755540804596885
14.453125 2.0004387655424827 24.0 2.000438784514354 24.000095880010726 -0.002779816426326757
14.484375 2.0003828838104343 24.0 2.0003988559922377 24.000264398000276 -0.0024258931943456344
14.515625 2.0003330808093462 24.0 2.0003445381846072 24.000081757584923 -0.0021104402557239545
14.546875 2.0002888453989645 24.0 2.0002793036955997 23.99987088802881 -0.001830229640059798
14.578125 2.000249688156304 24.0 2.000231785913376 23.999769680081158 -0.0015821688788247121
14.609375 2.0002151436869413 24.0 2.0001936988923372 23.999714366082337 -0.00136331598802327
14.640625 2.0001847723115027 24.0 2.0001630813402267 23.999748332467696 -0.0011708904536466504
14.671875 2.000158161187641 24.0 2.0001591785044406 24.000135504166252 -0.0010022806024855794
14.703125 2.0001349249290894 24.0 2.0001653151686476 24.00046547055336 -0.0008550477499748933
14.734375 2.0001147057831816 24.0 2.0001418904437545 24.000307114672708 -0.0007269275171483163
14.765625 2.0000971734272244 24.0 2.000101732954719 24.000085724086155 -0.0006158287016735327
14.796875 2.000082024441752 24.0 2.000075880258323 23.99995011114693 -0.0005198300745101878
14.828125 2.000068981515895 24.0 2.0000565841114804 23.999850721487945 -0.00043717545516134556
14.859375 2.0000577924364786 24.0 2.0000420660607627 23.999785107835294 -0.0003662673958988225
14.890625 2.0000482289084847 24.0 2.0000320707225665 23.999757526659604 -0.0003056597797921633
14.921875 2.000040085250177 24.0 2.0000270061667194 23.999822902655723 -0.00025404960983168684
14.953125 2.000033177001772 24.0 2.0000307560053647 23.99997986681193 -0.00021026823778249598
14.984375 2.0000273394819263 24.0 2.000030367499338 24.00007117655087 -0.00017327225240822825
15.015625 2.000022426321887 24.0 2.0000329054353507 24.00017674318121 -0.00014213421802187232
15.046875 2.0000183080028413 24.0 2.0000326112720117 24.000208521474807 -0.00011603342650898227
15.078125 2.0000148704177225 24.0 2.0000285963663234 24.00017605884056 -9.424679947325484e-05
15.109375 2.0000120134750574 24.0 2.0000195679403205 24.00010820009595 -7.614005232250465e-05
15.140625 2.00000964975862 24.0 2.00001126349244 24.000038150991195 -6.115920919813026e-05
15.171875 2.000007703253614 24.0 2.0000048387507476 23.999974690315312 -4.882253682205016e-05
15.203125 2.00000610814703 24.0 2.0000003568335267 23.99993239224785 -3.871294668531413e-05
15.234375 2.0000048077073536 24.0 1.999997955019324 23.999913281180476 -3.047089856032277e-05
15.265625 2.000003753246452 24.0 1.999997023216261 23.99990840977067 -2.3787824056655596e-05
15.296875 2.000002903164734 24.0 1.9999970348491438 23.999914042871872 -1.8400076786345152e-05
15.328125 2.0000022220788876 24.0 1.999998991199126 23.999947964629676 -1.4083405549510238e-05
15.359375 2.0000016800303366 24.0 2.000003573003739 24.000018705367996 -1.0647938659910819e-05
15.390625 2.000001251771497 24.0 2.0000062278934636 24.000062025629436 -7.933660947464523e-06
15.421875 2.000000916126087 24.0 2.0000061837787784 24.00006503424589 -5.806359934410772e-06
15.453125 2.000000655419193 24.0 2.000005008443574 24.000055540772067 -4.154014011294916e-06
15.484375 2.0000004549724286 24.0 2.000002852277674 24.00003284576293 -2.8835929655655025e-06
15.515625 2.000000302659251 24.0 1.99999990854152 23.99999439043213 -1.91823977061019e-06
15.546875 2.000000188515448 24.0 1.9999975009198998 23.99995782718871 -1.1948019652308614e-06
15.578125 2.0000001043998115 24.0 1.999996850298015 23.99994803042146 -6.6168109169794e-07
15.609375 2.00000004370013 24.0 1.9999971505568643 23.999950650426626 -2.769693754259723e-07
15.640625 2.0000000010798438 24.0 1.9999980787694829 23.99996165736692 -6.84399496390746e-09
15.671875 1.9999999722608925 24.0 1.9999997553741804 23.999986728524803 1.75809204796358e-07
15.703125 1.9999999538385795 24.0 2.0000022109572626 24.00002850877165 2.9256895874623466e-07
15.734375 1.9999999431246587 24.0 2.0000035837343093 24.000054880511943 3.6047328921586107e-07
15.765625 1.9999999380149824 24.0 2.0000035815258 24.000058520600525 3.92858192564735e-07
15.796875 1.9999999368785557 24.0 2.000002966378235 24.0000543136607 4.00060811963365e-07
15.828125 1.9999999384650595 24.0 2.000002035104052 24.0000443879118 3.900056158431509e-07
15.859375 1.999999941828201 24.0 2.000000789679289 24.000025517744014 3.686901735755997e-07
15.890625 1.9999999462625828 24.0 1.9999990344318395 23.999994335450296 3.405852802832484e-07
15.921875 1.9999999512520188 24.0 1.9999978064867747 23.999970671507423 3.089624517400078e-07
15.953125 1.999999956427546 24.0 1.9999976716990762 23.999965522341643 2.7616020174017365e-07
15.984375 1.9999999615334771 24.0 1.9999980459193818 23.99996788992244 2.4379903603245343e-07
16.015625 1.9999999664002377 24.0 1.9999985550930979 23.999971970108156 2.129537521443204e-07
16.046875 1.999999970922726 24.0 1.999999088113906 23.999978908485783 1.842904225897277e-07
16.078125 1.9999999750433077 24.0 1.9999997952920237 23.999991791193548 1.581743565263702e-07
16.109375 1.9999999787385043 24.0 2.0000004603102353 24.000005393159686 1.3475437614470108e-07
16.140625 1.9999999820087218 24.0 2.000000550911701 24.00000857400715 1.1402790157076528e-07
16.171875 1.999999984870415 24.0 2.0000003109072892 24.000007228560186 9.589060343071351e-08
16.203125 1.9999999873502148 24.0 2.0000000527923945 24.000005195157577 8.017374642759501e-08
16.234375 1.9999999894805471 24.0 1.9999998537768298 24.000001909612337 6.667180104523568e-08
16.265625 1.999999991296492 24.0 1.9999997334172512 23.999996987148666 5.5162434587404565e-08
16.296875 1.999999992833553 24.0 1.9999998963515897 23.999996438524516 4.542059821685135e-08
16.328125 1.9999999941261641 24.0 2.0000003314535064 23.999998778886514 3.722809494294276e-08
16.359375 1.9999999952066967 24.0 2.00000077083401 24.00000155679705 3.037973662956737e-08
16.390625 1.9999999961048993 24.0 2.000001149820073 24.000005040973434 2.4686968687730042e-08
16.421875 1.999999996847616 24.0 2.0000014650703957 24.00001018294449 1.9979652470463198e-08
16.453125 1.9999999974587153 24.0 2.0000015649542386 24.0000132878451 1.610654146399652e-08
16.484375 1.9999999979591419 24.0 2.000001332496221 24.000012244075407 1.2934862794373492e-08
16.515625 1.9999999983670886 24.0 2.0000009751124117 24.000010153244087 1.0349315607112637e-08
16.546875 1.9999999986982047 24.0 2.000000639835061 24.000007568114427 8.250718395545009e-09
16.578125 1.9999999989658364 24.0 2.000000307959983 24.00000386763041 6.554474776039984e-09
16.609375 1.9999999991812856 24.0 1.9999999686365397 23.999998241512667 5.1889784705830064e-09
16.640625 1.9999999993540443 24.0 1.9999997572022843 23.999994288497753 4.094040754180995e-09
16.671875 1.9999999994920425 24.0 1.9999997741399542 23.999993703740138 3.219395161131922e-09
16.703125 1.9999999996018731 24.0 1.999999861638528 23.99999410921533 2.523312985973188e-09
16.734375 1.9999999996889624 24.0 1.9999999261986736 23.999994812662003 1.971347542156692e-09
16.765625 1.9999999997577758 24.0 2.000000002378652 23.999996387807336 1.5352140059132596e-09
16.796875 1.9999999998119575 24.0 2.0000001450536127 23.99999957250703 1.191803958165589e-09
16.828125 1.9999999998544744 24.0 2.0000003795469965 24.00000466667597 9.22328624068492e-10
16.859375 1.9999999998877296 24.0 2.000000647545514 24.000008948525544 7.115816430660233e-10
16.890625 1.999999999913646 24.0 2.0000007888751354 24.000010444359297 5.473104646628257e-10
16.921875 1.9999999999337816 24.0 2.000000745073941 24.000010149229226 4.196847518033573e-10
16.953125 1.9999999999493754 24.0 2.0000006212638626 24.00000909572869 3.2085017244722926e-10
16.984375 1.9999999999614149 24.0 2.0000004201066623 24.000007023405708 2.445564327745659e-10
17.015625 1.9999999999706757 24.0 2.0000000119826797 24.000002863506822 1.8584917425466984e-10
17.046875 1.999999999977782 24.0 1.999999429267258 23.999996167564227 1.4081629059050188e-10
17.078125 1.9999999999832156 24.0 1.9999991288008603 23.999993243314144 1.0638022529341046e-10
17.109375 1.9999999999873583 24.0 1.9999992755982527 23.999994197450125 8.012882088826562e-11
17.140625 1.9999999999905052 24.0 1.999999574670458 23.99999614454973 6.017826279695694e-11
17.171875 1.9999999999928901 24.0 1.999999931912505 23.99999873251719 4.506256740414861e-11
17.203125 1.9999999999946916 24.0 2.000000396106245 24.000002633540255 3.364488926874075e-11
17.234375 1.999999999996049 24.0 2.0000007234858086 24.00000452955199 2.5046660111161175e-11
17.265625 1.9999999999970643 24.0 2.0000006658911222 24.00000380868569 1.8591221278310382e-11
17.296875 1.9999999999978286 24.0 2.0000003124192665 24.000000993657963 1.3759175065993107e-11
17.328125 1.9999999999983957 24.0 1.9999997023156983 23.99999604793929 1.0153164275917284e-11
17.359375 1.9999999999988214 24.0 1.999999043826568 23.99999080679783 7.470200829441743e-12
17.390625 1.9999999999991338 24.0 1.999998745007153 23.999989430408693 5.480010911465506e-12
17.421875 1.999999999999368 24.0 1.9999987745115464 23.99999012576282 4.008153816462366e-12
17.453125 1.9999999999995355 24.0 1.9999990141564719 23.99999237481908 2.922911974610753e-12
17.484375 1.9999999999996654 24.0 1.9999994550664608 23.999996247362674 2.1251475998174054e-12
17.515625 1.9999999999997593 24.0 2.000000081074511 24.000001892919016 1.5404834363647938e-12
17.546875 1.9999999999998246 24.0 2.000000736188184 24.000008436540043 1.113296906264696e-12
17.578125 1.999999999999873 24.0 2.0000010431227166 24.00001046873333 8.021235938183894e-13
17.609375 1.9999999999999098 24.0 2.000000963395664 24.000009761127153 5.761517913992377e-13
17.640625 1.9999999999999354 24.0 2.0000006624234636 24.000007476969166 4.1255848706260836e-13
17.671875 1.9999999999999527 24.0 2.0000001991362026 24.000003879253285 2.9449184610589434e-13
17.703125 1.9999999999999667 24.0 1.9999996669683178 23.99999949744495 2.0954856369736308e-13
17.734375 1.9999999999999778 24.0 1.9999991758787468 23.999994589057696 1.4862863863463673e-13
17.765625 1.9999999999999845 24.0 1.9999988862475422 23.999990745199824 1.050769502468153e-13
17.796875 1.9999999999999896 24.0 1.999998982772052 23.999991023194283 7.404199539793786e-14
17.828125 1.9999999999999922 24.0 1.9999993133606915 23.999992752359553 5.1998468342356297e-14
17.859375 1.9999999999999938 24.0 1.9999996028284457 23.999994162604718 3.63930197719041e-14
17.890625 1.9999999999999978 24.0 1.999999790661495 23.999994992593614 2.53822982660602e-14
17.921875 1.999999999999997 24.0 1.9999999143236122 23.99999560835047 1.7639885483553146e-14
17.953125 1.9999999999999978 24.0 1.999999867625725 23.999995130270033 1.2214485147172358e-14
17.984375 1.9999999999999991 24.0 1.999999562980475 23.99999292886524 8.426110147273168e-15
18.015625 2.000000000000001 24.0 1.9999991479344326 23.999990384149974 5.790342783568785e-15
18.046875 1.9999999999999987 24.0 1.9999988880594477 23.99998927748696 3.963263749308563e-15
18.078125 2.000000000000001 24.0 1.9999988452976136 23.999989733325506 2.7015457262591083e-15
18.109375 1.9999999999999996 24.0 1.9999990177103397 23.99999184887305 1.833634667520214e-15
18.140625 1.9999999999999996 24.0 1.9999993988280398 23.999995649421425 1.2390097532254693e-15
18.171875 1.9999999999999996 24.0 1.9999999694707418 24.000001165185193 8.333090963179003e-16
18.203125 1.9999999999999996 24.0 2.000000628424656 24.000008268523324 5.576995431938721e-16
18.234375 1.9999999999999996 24.0 2.000000999130216 24.0000114151901 3.7130643844254734e-16
18.265625 1.9999999999999996 24.0 2.0000009417048354 24.000010893842255 2.4584179170539287e-16
18.296875 1.9999999999999996 24.0 2.00000064782685 24.00000886445173 1.6180622920595578e-16
18.328125 1.9999999999999996 24.0 2.0000002270883384 24.000005831591814 1.0581352319837788e-16
18.359375 1.9999999999999996 24.0 1.9999997748474336 24.000002363750752 6.871293963104205e-17
18.390625 1.9999999999999996 24.0 1.999999413860437 23.999999211455343 4.427650759039602e-17
18.421875 1.9999999999999996 24.0 1.99999919114018 23.999996473739202 2.828480622676629e-17
18.453125 1.9999999999999996 24.0 1.99999909261664 23.999993478321993 1.7892814642745072e-17
18.484375 1.9999999999999996 24.0 1.9999992144309915 23.999992460651562 1.1191819602844879e-17
18.515625 1.9999999999999996 24.0 1.9999996086963963 23.999993812597594 6.908033070364404e-18
18.546875 1.9999999999999996 24.0 1.999999992185632 23.999995009282696 4.1961531058258706e-18
18.578125 1.9999999999999996 24.0 2.0000002281965896 23.999995295894557 2.498590031010466e-18
18.609375 1.9999999999999996 24.0 2.000000319266242 23.999994788288618 1.449916056694189e-18
18.640625 1.9999999999999996 24.0 2.000000256060299 23.999993351979374 8.123242558628094e-19
18.671875 1.9999999999999996 24.0 2.0000000409101726 23.99999106313947 4.3225443940309184e-19
18.703125 1.9999999999999996 24.0 1.9999997985617413 23.999989497141357 2.1139984100659238e-19
18.734375 1.9999999999999996 24.0 1.9999996294397082 23.999988740306026 8.743644241968582e-20
18.765625 1.9999999999999996 24.0 1.9999995380021005 23.999988762064312 2.1292021952213176e-20
18.796875 1.9999999999999996 24.0 1.999999561481936 23.999989957392106 -1.120966778113034e-20
18.828125 1.9999999999999996 24.0 1.9999997372944902 23.99999275490691 -2.4794409328619503e-20
18.859375 1.9999999999999996 24.0 2.000000065072231 23.999997436010375 -2.8258874022225216e-20
18.890625 1.9999999999999996 24.0 2.0000004716735953 24.00000429757933 -2.672813031849725e-20
18.921875 1.9999999999999996 24.0 2.0000006658382325 24.000008596087127 -2.3088901174160298e-20
18.953125 1.9999999999999996 24.0 2.0000004825725286 24.000008445074407 -1.8889436847287846e-20
18.984375 1.9999999999999996 24.0 2.000000186288224 24.000007511342137 -1.489719778190366e-20
19.015625 1.9999999999999996 24.0 2.000000007559614 24.00000722271902 -1.143913179228943e-20
19.046875 1.9999999999999996 24.0 1.9999999666349648 24.000007646889284 -8.605353010410987e-21
19.078125 1.9999999999999996 24.0 2.0000000442906978 24.000008482671287 -6.368100805829833e-21
19.109375 1.9999999999999996 24.0 2.0000002154903376 24.00000944086254 -4.648962114637106e-21
19.140625 1.9999999999999996 24.0 2.0000004308393686 24.000010262496104 -3.3550959936201877e-21
19.171875 1.9999999999999996 24.0 2.0000006085964244 24.0000102956624 -2.397332648142728e-21
19.203125 1.9999999999999996 24.0 2.0000006744318855 24.00000886562851 -1.698014209741317e-21
19.234375 1.9999999999999996 24.0 2.0000005949090705 24.000005608871305 -1.193295339358929e-21
19.265625 1.9999999999999996 24.0 2.0000003691318446 24.00000093214205 -8.326656155385357e-22
19.296875 1.9999999999999996 24.0 1.9999999696455353 23.999994992389702 -5.77259160798956e-22
19.328125 1.9999999999999996 24.0 1.9999993606790811 23.99998725688771 -3.977987490968176e-22
19.359375 1.9999999999999996 24.0 1.9999988678302614 23.999982555627767 -2.7260073698019643e-22
19.390625 1.9999999999999996 24.0 1.9999987220886235 23.999981653797303 -1.8582826090560647e-22
19.421875 1.9999999999999996 24.0 1.9999988075962818 23.999982354884832 -1.2605058654817386e-22
19.453125 1.9999999999999996 24.0 1.9999990470838265 23.999984251643216 -8.510108664216983e-23
19.484375 1.9999999999999996 24.0 1.9999994337721165 23.999987405028808 -5.719737357640802e-23
19.515625 1.9999999999999996 24.0 1.999999927125107 23.999991651803963 -3.8277972523577195e-23
19.546875 1.9999999999999996 24.0 2.0000004618129013 23.999996716517863 -2.5510813027808987e-23
19.578125 1.9999999999999996 24.0 2.0000009845665963 24.000002480147806 -1.6934177460038927e-23
19.609375 1.9999999999999996 24.0 2.000001471831385 24.00000948193384 -1.1197544736359961e-23
19.640625 1.9999999999999996 24.0 2.0000017786056468 24.000015865533488 -7.376468727502132e-24
19.671875 1.9999999999999996 24.0 2.000001676264639 24.000016676770066 -4.8415436441065506e-24
19.703125 1.9999999999999996 24.0 2.0000013225016775 24.000015430663503 -3.1664072085467803e-24
19.734375 1.9999999999999996 24.0 2.000001042667658 24.000014595709494 -2.063626327147327e-24
19.765625 1.9999999999999996 24.0 2.0000009160477403 24.000014589360156 -1.3403152088627167e-24
19.796875 1.9999999999999996 24.0 2.00000093757722 24.00001528788806 -8.676038409735593e-25
19.828125 1.9999999999999996 24.0 2.000001062162161 24.00001605560032 -5.5975613110885925e-25
19.859375 1.9999999999999996 24.0 2.0000011786181715 24.000016364087692 -3.599654906553355e-25
19.890625 1.9999999999999996 24.0 2.000001156017792 24.000015321911448 -2.3074218514254646e-25
19.921875 1.9999999999999996 24.0 2.0000009054734127 24.000012176754087 -1.474398097469421e-25
19.953125 1.9999999999999996 24.0 2.0000004470125194 24.000006814558546 -9.391605402168255e-26
19.984375 1.9999999999999996 24.0 1.9999999118214207 23.999999318566857 -5.963706537766583e-26
20.015625 1.9999999999999996 24.0 1.9999996014938732 23.999994002538266 -3.775344399229274e-26
20.046875 1.9999999999999996 24.0 1.9999996817438614 23.9999933775758 -2.3827139994964814e-26
20.078125 1.9999999999999996 24.0 1.9999998585648457 23.99999342275423 -1.49924343140427e-26
20.109375 1.9999999999999996 24.0 1.9999998412976447 23.99999228230672 -9.405155247393542e-27
20.140625 1.9999999999999996 24.0 1.9999995494148584 23.999989337496885 -5.882486307471667e-27
20.171875 1.9999999999999996 24.0 1.9999989981265864 23.999984508023473 -3.668289004728993e-27
20.203125 1.9999999999999996 24.0 1.9999985022010516 23.99998176053061 -2.2807587812770227e-27
20.234375 1.9999999999999996 24.0 1.9999982836853167 23.999981010532007 -1.4138812796945444e-27
20.265625 1.9999999999999996 24.0 1.9999983160884711 23.999982186438487 -8.73912572067705e-28
20.296875 1.9999999999999996 24.0 1.9999986384045798 23.99998574014986 -5.38576355657764e-28
20.328125 1.9999999999999996 24.0 1.9999992875799812 23.999992063757496 -3.3094267750190695e-28
20.359375 1.9999999999999996 24.0 2.0000002554979126 24.00000141150973 -2.027615344466844e-28
20.390625 1.9999999999999996 24.0 2.0000013191620254 24.000013132301206 -1.238642375332453e-28
20.421875 1.9999999999999996 24.0 2.0000018334252085 24.000018664387945 -7.544549486732463e-29
20.453125 1.9999999999999996 24.0 2.000001681514326 24.000017620066302 -4.5819074330769235e-29
20.484375 1.9999999999999996 24.0 2.000001111458743 24.00001397951352 -2.774487006777097e-29
20.515625 1.9999999999999996 24.0 2.000000390606874 24.000009111171714 -1.6750947021985322e-29
20.546875 1.9999999999999996 24.0 1.9999997249905692 24.000004400652205 -1.0083523940785047e-29
20.578125 1.9999999999999996 24.0 1.9999992698563092 24.00000080416571 -6.0519690049571036e-30
20.609375 1.9999999999999996 24.0 1.9999990221039374 23.99999761037963 -3.621484103504994e-30
20.640625 1.9999999999999996 24.0 1.9999990697516827 23.99999694293215 -2.1606037380466126e-30
20.671875 1.9999999999999996 24.0 1.9999996041726233 24.00000014449131 -1.2851516331372023e-30
20.703125 1.9999999999999996 24.0 2.000000337075261 24.000004067817343 -7.621057735477044e-31
20.734375 1.9999999999999996 24.0 2.000000887569972 24.000006545486347 -4.505546363689017e-31
20.765625 1.9999999999999996 24.0 2.0000011114439284 24.000006758301662 -2.65545774288298e-31
20.796875 1.9999999999999996 24.0 2.0000009462153496 24.000004246128498 -1.5601918693651058e-31
20.828125 1.9999999999999996 24.0 2.000000338371837 23.999998607264665 -9.137948787512768e-32
20.859375 1.9999999999999996 24.0 1.999999222755786 23.99998875861217 -5.335009896503985e-32
20.890625 1.9999999999999996 24.0 1.9999980645016413 23.999979723804167 -3.104698038737646e-32
20.921875 1.9999999999999996 24.0 1.9999976223314162 23.99997773012688 -1.8008638503315503e-32
20.953125 1.9999999999999996 24.0 1.999997712460512 23.9999791066449 -1.04111138669265e-32
20.984375 1.9999999999999996 24.0 1.9999981905405568 23.99998330971781 -5.998506676741735e-33
21.015625 1.9999999999999996 24.0 1.9999990302477466 23.999990302444917 -3.444218049896123e-33
21.046875 1.9999999999999996 24.0 2.000000128937307 23.999999503505503 -1.9706444301768363e-33
21.078125 1.9999999999999996 24.0 2.0000011463027416 24.000009565872908 -1.123468433039923e-33
21.109375 1.9999999999999996 24.0 2.0000015048942172 24.000012769645025 -6.381297208125961e-34
21.140625 1.9999999999999996 24.0 2.0000011610972237 24.000010477277073 -3.610838991254936e-34
21.171875 1.9999999999999996 24.0 2.0000004528051245 24.00000591535574 -2.0352048920353324e-34
21.203125 1.9999999999999996 24.0 1.9999996667736717 24.00000067529016 -1.142489249897584e-34
21.234375 1.9999999999999996 24.0 1.9999989509670448 23.99999509621683 -6.386682306426079e-35
21.265625 1.9999999999999996 24.0 1.999998659717174 23.99999363268199 -3.554705609886775e-35
21.296875 1.9999999999999996 24.0 1.9999989360975676 23.999995713259757 -1.969481613251063e-35
21.328125 1.9999999999999996 24.0 1.999999549745607 24.000000065454074 -1.0859796109704051e-35
21.359375 1.9999999999999996 24.0 2.0000004411798686 24.00000677730763 -5.957967746992783e-36
21.390625 1.9999999999999996 24.0 2.0000012135958505 24.00001121047685 -3.251223154159321e-36
21.421875 1.9999999999999996 24.0 2.000001443710244 24.000011960412095 -1.764039657518716e-36
21.453125 1.9999999999999996 24.0 2.0000013157572085 24.000010261239446 -9.512456240138327e-37
21.484375 1.9999999999999996 24.0 2.0000009284569122 24.000006636986456 -5.095304745953352e-37
21.515625 1.9999999999999996 24.0 2.0000002710250957 24.000001033174538 -2.709319313161419e-37
21.546875 1.9999999999999996 24.0 1.9999992986520148 23.99999277269589 -1.4289429136809048e-37
21.578125 1.9999999999999996 24.0 1.9999983291587897 23.999984559304078 -7.467854512244359e-38
21.609375 1.9999999999999996 24.0 1.9999979779381811 23.999982834039894 -3.862246412839405e-38
21.640625 1.9999999999999996 24.0 1.9999981357250296 23.999984331369866 -1.9733640409492698e-38
21.671875 1.9999999999999996 24.0 1.9999986098804077 23.999988100861607 -9.937973385277114e-39
21.703125 1.9999999999999996 24.0 1.9999993847152204 23.999994171786287 -4.9171664344323987e-39
21.734375 1.9999999999999996 24.0 2.000000449869389 24.000002489004864 -2.379148315477548e-39
21.765625 1.9999999999999996 24.0 2.0000015470582606 24.000012262611225 -1.1175793032213454e-39
21.796875 1.9999999999999996 24.0 2.0000020172749253 24.000015502816513 -5.035814308975148e-40
21.828125 1.9999999999999996 24.0 2.000001780410443 24.00001374789571 -2.128823627925937e-40
21.859375 1.9999999999999996 24.0 2.000001099893304 24.00000897376168 -8.040211368904828e-41
21.890625 1.9999999999999996 24.0 2.0000001489859924 24.000001594789282 -2.3380523158598155e-41
21.921875 1.9999999999999996 24.0 1.9999995346305532 23.999998100854054 -1.1041630246284527e-42
21.953125 1.9999999999999996 24.0 1.9999996414862056 23.999999308527155 5.97690423008472e-42
21.984375 1.9999999999999996 24.0 2.000000261695372 24.00000421211611 6.949926403797957e-42
22.015625 1.9999999999999996 24.0 2.0000010124418033 24.000010016578052 5.846063377957028e-42
22.046875 1.9999999999999996 24.0 2.0000012516707106 24.000010903854168 4.325788212120148e-42
22.078125 1.9999999999999996 24.0 2.0000010685807337 24.000009249908324 2.984371359915005e-42
22.109375 1.9999999999999996 24.0 2.000000716482133 24.000006406067907 1.9689254483153933e-42
22.140625 1.9999999999999996 24.0 2.000000270267813 24.00000277389411 1.258888113997978e-42
22.171875 1.9999999999999996 24.0 1.9999996736930092 23.999997940283222 7.862381985663504e-43
22.203125 1.9999999999999996 24.0 1.9999988497384813 23.999990999249068 4.8208921257584945e-43
22.234375 1.9999999999999996 24.0 1.9999980838562903 23.999984741700015 2.91205779188509e-43
22.265625 1.9999999999999996 24.0 1.9999979090394233 23.999984182184114 1.7371316768754017e-43
22.296875 1.9999999999999996 24.0 1.9999982119120212 23.99998655965509 1.025195040406753e-43
22.328125 1.9999999999999996 24.0 1.999998811384467 23.999991034965422 5.993943055649722e-44
22.359375 1.9999999999999996 24.0 1.9999996752347304 23.999997514700848 3.4754386748737267e-44
22.390625 1.9999999999999996 24.0 2.0000007469998895 24.000006196340536 2.0001391905388715e-44
22.421875 1.9999999999999996 24.0 2.000001534315462 24.000012254307823 1.1432892156771465e-44
22.453125 1.9999999999999996 24.0 2.0000016097513242 24.000012179308513 6.494345351696857e-45
22.484375 1.9999999999999996 24.0 2.000001197405145 24.000009134506936 3.6677085226756304e-45
22.515625 1.9999999999999996 24.0 2.000000501893212 24.000004038379256 2.060150041016556e-45
22.546875 1.9999999999999996 24.0 1.99999968851338 23.99999742607275 1.1512940178789018e-45
22.578125 1.9999999999999996 24.0 1.999999274771028 23.99999517767798 6.402876193520721e-46
22.609375 1.9999999999999996 24.0 1.9999994207686544 23.99999650290977 3.544595714090166e-46
22.640625 1.9999999999999996 24.0 1.9999998744023313 23.99999996958831 1.9536579209753196e-46
22.671875 1.9999999999999996 24.0 2.000000552758205 24.000005087802514 1.0722511834554478e-46
22.703125 1.9999999999999996 24.0 2.000001473710664 24.000012323099476 5.8610728285051535e-47
22.734375 1.9999999999999996 24.0 2.000002312196405 24.00001863427829 3.1911596593010844e-47
22.765625 1.9999999999999996 24.0 2.000002537916332 24.00001943348532 1.7308607822853055e-47
22.796875 1.9999999999999996 24.0 2.0000023249738224 24.000017601285066 9.353267962350299e-48
22.828125 1.9999999999999996 24.0 2.0000019409601473 24.000014575414497 5.0360797287801475e-48
22.859375 1.9999999999999996 24.0 2.0000015119037684 24.000011167490804 2.702002356417873e-48
22.890625 1.9999999999999996 24.0 2.000001064614842 24.000007583619308 1.4446905109718582e-48
22.921875 1.9999999999999996 24.0 2.0000005975361335 24.000003603843275 7.698188899911537e-49
22.953125 1.9999999999999996 24.0 2.000000228651599 24.00000075724981 4.0883930329748965e-49
22.984375 1.9999999999999996 24.0 2.000000008028111 23.999998916635505 2.164163558795051e-49
23.015625 1.9999999999999996 24.0 1.9999997236904539 23.999996507629223 1.1418828486624206e-49
23.046875 1.9999999999999996 24.0 1.9999992266861533 23.999992353082675 6.005727064687491e-50
23.078125 1.9999999999999996 24.0 1.9999986861168435 23.999988067636792 3.1487547339947423e-50
23.109375 1.9999999999999996 24.0 1.9999985655163932 23.999987789100302 1.645720846417934e-50
23.140625 1.9999999999999996 24.0 1.9999988232690646 23.99998983932265 8.574936586047256e-51
23.171875 1.9999999999999996 24.0 1.999999327063774 23.99999367992538 4.454253611117328e-51
23.203125 1.9999999999999996 24.0 2.0000001002504044 23.99999955879714 2.3067406877601848e-51
23.234375 1.9999999999999996 24.0 2.000001025326855 24.000007320904498 1.1909998921582205e-51
23.265625 1.9999999999999996 24.0 2.000001443637472 24.000009532373802 6.1308674558564455e-52
23.296875 1.9999999999999996 24.0 2.000001201550626 24.00000752532734 3.1465632025112256e-52
23.328125 1.9999999999999996 24.0 2.0000005115242203 24.00000237720566 1.6101315822779676e-52
23.359375 1.9999999999999996 24.0 1.9999994816948534 23.99999424895744 8.214889684997225e-53
23.390625 1.9999999999999996 24.0 1.9999986392210838 23.999988297589162 4.178897469918695e-53
23.421875 1.9999999999999996 24.0 1.9999984987031432 23.999988083981016 2.119554414886232e-53
23.453125 1.9999999999999996 24.0 1.99999884229062 23.999990836520045 1.07189611230049e-53
23.484375 1.9999999999999996 24.0 1.9999994780130614 23.999995741310812 5.404899700758321e-54
23.515625 1.9999999999999996 24.0 2.00000033148536 24.000002460875912 2.71737836329482e-54
23.546875 1.9999999999999996 24.0 2.0000011540580127 24.00000948622052 1.3621972531801136e-54
23.578125 1.9999999999999996 24.0 2.0000014188460327 24.000010740076846 6.808576983337657e-55
23.609375 1.9999999999999996 24.0 2.0000011707252576 24.000008810186223 3.3931056550831865e-55
23.640625 1.9999999999999996 24.0 2.00000067110415 24.000005140426026 1.686011193240446e-55
23.671875 1.9999999999999996 24.0 1.999999984986265 24.000000062376188 8.352991740634592e-56
23.703125 1.9999999999999996 24.0 1.9999990705315573 23.99999315968433 4.126081146814488e-56
23.734375 1.9999999999999996 24.0 1.9999981326074154 23.999985515382242 2.0320867377757505e-56
23.765625 1.9999999999999996 24.0 1.9999977859864466 23.999983858624546 9.978129800561989e-57
23.796875 1.9999999999999996 24.0 1.9999980075594725 23.999985705469193 4.884848740431868e-57
23.828125 1.9999999999999996 24.0 1.9999984805531463 23.99998924483726 2.3841835575636754e-57
23.859375 1.9999999999999996 24.0 1.9999990161123717 23.999993252506115 1.1601261438237894e-57
23.890625 1.9999999999999996 24.0 1.9999995485828885 23.999997265626863 5.6277758939184945e-58
23.921875 1.9999999999999996 24.0 2.0000001107316283 24.000001548586035 2.7215866533612825e-58
23.953125 1.9999999999999996 24.0 2.000000794542117 24.000006758179005 1.3120415267055653e-58
23.984375 1.9999999999999996 24.0 2.000001616276385 24.000013635830204 6.305182608170241e-59
24.015625 1.9999999999999996 24.0 2.000002156066759 24.000017136285198 3.0203361416968546e-59
24.046875 1.9999999999999996 24.0 2.000002133940205 24.00001663556607 1.442119640701555e-59
24.078125 1.9999999999999996 24.0 2.000001811224551 24.000014174013156 6.863006283915339e-60
24.109375 1.9999999999999996 24.0 2.0000013670417847 24.000010802795757 3.2551487659220895e-60
24.140625 1.9999999999999996 24.0 2.000000875531433 24.000007067728834 1.5386651948267813e-60
24.171875 1.9999999999999996 24.0 2.00000036207601 24.00000315433728 7.247774453020917e-61
24.203125 1.9999999999999996 24.0 1.9999998118938451 23.99999893791545 3.401882857024736e-61
24.234375 1.9999999999999996 24.0 1.999999178314983 23.999994072823526 1.590929990931295e-61
24.265625 1.9999999999999996 24.0 1.9999984119336038 23.999988210919796 7.4123871613528855e-62
24.296875 1.9999999999999996 24.0 1.9999974655118278 23.999980967180093 3.4402769321153487e-62
24.328125 1.9999999999999996 24.0 1.9999964497761138 23.999972346140368 1.5903905636321816e-62
24.359375 1.9999999999999996 24.0 1.9999959480656586 23.999969297977074 7.321984942534789e-63
24.390625 1.9999999999999996 24.0 1.9999960943499926 23.99997054191808 3.356600044717967e-63
24.421875 1.9999999999999996 24.0 1.9999965832639353 23.99997411695235 1.5319234162033377e-63
24.453125 1.9999999999999996 24.0 1.9999972265134374 23.999978848949624 6.959052145299416e-64
24.484375 1.9999999999999996 24.0 1.9999979362322793 23.999984071297646 3.145813634902412e-64
24.515625 1.9999999999999996 24.0 1.999998669922643 23.99998949898474 1.414693107295441e-64
24.546875 1.9999999999999996 24.0 1.9999993991721665 23.999994897614677 6.326920398120275e-65
24.578125 1.9999999999999996 24.0 2.0000001159564507 24.00000022640846 2.8128757645194546e-65
24.609375 1.9999999999999996 24.0 2.000000815837754 24.00000546152332 1.2425942366207413e-65
24.640625 1.9999999999999996 24.0 2.0000014639191566 24.00001022647959 5.451008665905134e-66
24.671875 1.9999999999999996 24.0 2.0000020860608583 24.00001495862147 2.372921497325267e-66
24.703125 1.9999999999999996 24.0 2.0000026864967975 24.000020129507092 1.0241461876918614e-66
24.734375 1.9999999999999996 24.0 2.0000029658701646 24.000021731150227 4.377446861968469e-67
24.765625 1.9999999999999996 24.0 2.0000028475894878 24.000020796442517 1.8502142513491473e-67
24.796875 1.9999999999999996 24.0 2.000002603165541 24.000019023085024 7.718206623049324e-68
24.828125 1.9999999999999996 24.0 2.0000023546759955 24.000017272434533 3.1691289287035775e-68
24.859375 1.9999999999999996 24.0 2.0000020964642005 24.00001540527262 1.275954546258792e-68
24.890625 1.9999999999999996 24.0 2.0000017309085196 24.000012745023717 5.008720464462768e-69
24.921875 1.9999999999999996 24.0 2.0000012056416443 24.000008955146466 1.8996549218085223e-69
24.953125 1.9999999999999996 24.0 2.000000616446974 24.00000441325744 6.85218368134225e-70
24.984375 1.9999999999999996 24.0 1.9999992768660246 23.999994506331852 2.27822078484169e-70
