-0.996 0.40020420191564543 0.4003336960228706
-0.988 0.4109515482189157 0.41168834065597354
-0.98 0.39745966855070874 0.3982995656230669
-0.972 0.37127054825093714 0.3714394166687995
-0.964 0.3507897850213654 0.35067557230229646
-0.956 0.34867301236325726 0.3486882969713465
-0.948 0.36771103222979995 0.3677106842562285
-0.94 0.40032650535307923 0.4001593590019488
-0.9319999999999999 0.42939915067730755 0.4294435463927675
-0.9239999999999999 0.43700461431570903 0.43770015390251804
-0.916 0.4195379398342998 0.420190294939904
-0.908 0.3913540955520143 0.39129025129748884
-0.9 0.37179982798109584 0.37154395005433377
-0.892 0.37290626874808647 0.37279227335510656
-0.884 0.39606464807448694 0.3958855413935789
-0.876 0.4315624846954173 0.431208399165633
-0.868 0.46018017161467384 0.46013976361420017
-0.86 0.4641005000383212 0.4647283547846367
-0.852 0.4425566181621205 0.44297806619875685
-0.844 0.41269356356788234 0.4123859336185116
-0.836 0.39454871428068644 0.3941421763021633
-0.8280000000000001 0.3993374151424769 0.39906982992527934
-0.8200000000000001 0.4268498879228258 0.42646128265493977
-0.812 0.46500963603459355 0.4644532446926522
-0.804 0.49255058639881594 0.4924236311188596
-0.796 0.49225644327727325 0.49278192023588113
-0.788 0.4666040732425952 0.46675153247486323
-0.78 0.43544019031026315 0.43487984888827214
-0.772 0.41922638504027876 0.41865645789411593
-0.764 0.42816662983066256 0.42771671927794586
-0.756 0.4602245430090222 0.4595933444598179
-0.748 0.5007331307222004 0.499960802108401
-0.74 0.5265102754900515 0.5262915974057485
-0.732 0.5215010844619882 0.5218799421797957
-0.724 0.4917879203360686 0.4916178710881949
-0.716 0.45976694698862364 0.4589417121858399
-0.708 0.446047671662799 0.4452886681034818
-0.7 0.45962121511872384 0.4589391141926412
-0.692 0.4963754550006119 0.49543582942393116
-0.6839999999999999 0.5388441014858114 0.5377876659152738
-0.6759999999999999 0.5621570507851626 0.5617358495028747
-0.6679999999999999 0.5520484061867699 0.5520537718162516
-0.6599999999999999 0.5185242589961998 0.5177031235837432
-0.6519999999999999 0.4863397496952631 0.4847580421163141
-0.644 0.47599986940346667 0.47425784367071655
-0.636 0.49510844177537106 0.492955425622818
-0.628 0.5372477801452182 0.5341440626382687
-0.62 0.5820215123178928 0.5779844368692951
-0.612 0.6032524174102263 0.5987493354777444
-0.604 0.5891745814620039 0.5833463358716157
-0.596 0.5539823968900328 0.5451369010230533
-0.588 0.5245266941352182 0.51249454489169
-0.5800000000000001 0.5208800698564713 0.5057242542815066
-0.5720000000000001 0.548925147437125 0.5298602067701994
-0.5640000000000001 0.5994577327524949 0.5756631540571399
-0.556 0.648753503500874 0.6203182120490889
-0.548 0.6694363904935636 0.637022285023563
-0.54 0.6525460257666464 0.6155344553546078
-0.532 0.6162153141149926 0.5738466119282293
-0.524 0.5887110680935673 0.5422071285573392
-0.516 0.5891076695761294 0.539874719086467
-0.508 0.6211774619340675 0.5699676576373975
-0.5 0.6726551064890118 0.6204116779355682
-0.492 0.7166759679505263 0.6653025491069566
-0.484 0.7257060486854225 0.6771905051986928
-0.476 0.6949595675602243 0.6493905973523793
-0.46799999999999997 0.6473769299872452 0.6046671927358238
-0.45999999999999996 0.6131540927759017 0.5747022981531716
-0.45199999999999996 0.6108992223828771 0.5774332962089846
-0.44399999999999995 0.6426686091400471 0.6138233682461871
-0.43599999999999994 0.6932347777644687 0.6686323928064027
-0.42799999999999994 0.7327441049032328 0.7128421174359718
-0.42 0.734014353478795 0.7189663254122267
-0.41200000000000003 0.6966519864473669 0.6846457099447454
-0.404 0.6476783785055391 0.6374274545461553
-0.396 0.6180059917408246 0.6099067265607789
-0.388 0.6246109127511726 0.6184145419694176
-0.38 0.6666980314066213 0.6614755558791705
-0.372 0.7250397580437236 0.7203469908589079
-0.364 0.7663989554825854 0.7629481351499818
-0.356 0.7644491754154588 0.7624521839071989
-0.348 0.723750559598411 0.7215457134510515
-0.33999999999999997 0.6753894728949893 0.6724348258642692
-0.33199999999999996 0.6508587824564799 0.6481037292701961
-0.32399999999999995 0.6655624918724488 0.6630354358053071
-0.31599999999999995 0.7158937566087071 0.7130099180643992
-0.30799999999999994 0.7786542562337907 0.7754560072741603
-0.3 0.8177682246167968 0.8153964791288875
-0.29200000000000004 0.8088942743762316 0.8074865634618642
-0.28400000000000003 0.762265297294342 0.7601335965379425
-0.276 0.712885372457196 0.7099201101601939
-0.268 0.6924400710256141 0.6896732071107413
-0.26 0.7144407928949281 0.7117638861998803
-0.252 0.7720387679233384 0.7688615940009894
-0.244 0.8376885579842975 0.8342544239541003
-0.236 0.8727794844661 0.8703518939774065
-0.22799999999999998 0.8558582584297444 0.8542207132762364
-0.21999999999999997 0.8032294543826193 0.8006043362696628
-0.21199999999999997 0.7534322956189301 0.7500817768989066
-0.20399999999999996 0.7378761489235524 0.734800409136088
-0.19599999999999995 0.7678227541057847 0.7647469430123754
-0.18799999999999994 0.8327294864612902 0.8290746737177237
-0.17999999999999994 0.9004134112855536 0.8966592809929617
-0.17199999999999993 0.9302424821069759 0.9277214962585103
-0.16399999999999998 0.904666119794806 0.9027499890215899
-0.15600000000000003 0.8463897185464803 0.8433029882667824
-0.14800000000000002 0.7970600908492136 0.7934135687631203
-0.14 0.7873670597339435 0.7840461211750278
-0.132 0.8259613061025214 0.8225151554918781
-0.124 0.8981307836685338 0.8940119649265241
-0.11599999999999999 0.966844947238101 0.9627859375278778
-0.10799999999999998 0.9901425295304995 0.9874609195996173
-0.09999999999999998 0.9554260723764191 0.9530570470922486
-0.09199999999999997 0.8920001382529666 0.8883093611293762
-0.08399999999999996 0.8441206107963337 0.8400590621988739
-0.07599999999999996 0.8413126172576659 0.8376081418796741
-0.06799999999999995 0.8892193507837597 0.8852714296311273
-0.05999999999999994 0.9684499743494225 0.9638011553292805
-0.051999999999999935 1.0370140372636427 1.0326870618255786
-0.043999999999999984 1.052491496691666 1.0497017923384178
-0.03600000000000003 1.008286186296351 1.005516576297813
-0.028000000000000025 0.9403540600436692 0.9362090063838497
-0.020000000000000018 0.8950016271335978 0.890702269517953
-0.01200000000000001 0.9001409573921666 0.8962045329765735
-0.0040000000000000036 0.9579671093402585 0.9536602474083277
0.0040000000000000036 1.0438771751659501 1.0388773215875884
0.01200000000000001 1.1109371168901578 1.1065551272624763
0.020000000000000018 1.1173164044435073 1.114544839709125
0.028000000000000025 1.063429236380987 1.060322440117068
0.03600000000000003 0.9917819103256905 0.9873102359769957
0.04400000000000004 0.950126441062313 0.9457384945978186
0.052000000000000046 0.9643071010289208 0.9603178513948446
0.06000000000000005 1.0325778579030611 1.0281978046847438
0.06800000000000006 1.124581914595762 1.1197282025154134
0.07600000000000007 1.1886188076669886 1.1849083089828447
0.08400000000000007 1.1846648301320484 1.1827478366724122
0.09200000000000008 1.1210760594259062 1.118624872466805
0.10000000000000009 1.0466534553664761 1.0431060171007687
0.1080000000000001 1.009955607577201 1.0069635481872734
0.1160000000000001 1.034292006031183 1.0320685991909144
0.12400000000000011 1.113423588394775 1.1112935911858899
0.13200000000000012 1.210710468652368 1.208964786743687
0.14000000000000012 1.2700556717958944 1.2705152045755528
0.14800000000000013 1.2546105513019121 1.2572678451783073
0.15600000000000003 1.1814888320246 1.1835431021141876
0.16399999999999992 1.1053801818459352 1.1067720431038524
0.17199999999999993 1.074988531763603 1.0776274338303635
0.17999999999999994 1.1106009612218974 1.1148397661447613
0.18799999999999994 1.2008701702878823 1.2064016466328251
0.19599999999999995 1.302383909912045 1.309948856232127
0.20399999999999996 1.3552409887774934 1.3665308741380757
0.21199999999999997 1.327259277256358 1.3410778152143807
0.21999999999999997 1.244974277512815 1.2579156024812703
0.22799999999999998 1.1684177982140045 1.1810359455148471
0.236 1.145764844867683 1.1604544344154453
0.244 1.1937612274498877 1.2113905779687273
0.252 1.2952721237581013 1.3161613092320468
0.26 1.3996970845728012 1.4249425117581043
0.268 1.4441705031750915 1.4747104654497258
0.276 1.402754373630796 1.4355171317833628
0.28400000000000003 1.311886840771658 1.3427678403373506
0.29200000000000004 1.2362688507053214 1.2666040832891352
0.30000000000000004 1.222865454024635 1.2558028150131322
0.30800000000000005 1.2843188443106872 1.3215636940903828
0.31600000000000006 1.3969671605806444 1.439596351629396
0.32400000000000007 1.5027187214763718 1.5519700345270107
0.3320000000000001 1.5368490535440102 1.5923450467533606
0.3400000000000001 1.4812825029968215 1.5378009712506553
0.3480000000000001 1.382631877144549 1.4357867903691608
0.3560000000000001 1.3094854308002126 1.3618734653833096
0.3640000000000001 1.3069131434702232 1.3628942618608146
0.3720000000000001 1.382834541497459 1.445388802506252
0.3800000000000001 1.5062706954359295 1.5774320285198047
0.3880000000000001 1.6114928530629653 1.6924021577327335
0.39600000000000013 1.6332979586796348 1.721579083344287
0.404 1.5630791272290674 1.6509574566328238
0.4119999999999999 1.4576689045739408 1.5406214155824092
0.41999999999999993 1.3886719311644238 1.4705697368602189
0.42799999999999994 1.3985725909886262 1.4848680962429752
0.43599999999999994 1.4898787233071666 1.5844484963794618
0.44399999999999995 1.623470574483026 1.7284685799265525
0.45199999999999996 1.7260416914675971 1.8412590153784432
0.45999999999999996 1.7335630114813159 1.8535025443608077
0.46799999999999997 1.6484338430341476 1.762735921830291
0.476 1.5375149658707306 1.6422512350429073
0.484 1.4744877849604758 1.5751946116401947
0.492 1.4985496526108204 1.6017762536473479
0.5 1.6060255341656744 1.7163398763887328
0.508 1.748822306560023 1.8685531944503389
0.516 1.846370054771515 1.9748120036021368
0.524 1.8377229151177175 1.9680079106412238
0.532 1.737695548529513 1.8591656337294342
0.54 1.6227481406271735 1.733400644085399
0.548 1.5676500993017355 1.6743370672477345
0.556 1.6075897627862503 1.7170560944695212
0.5640000000000001 1.731846062206836 1.848453080140529
0.5720000000000001 1.8825451113492608 2.008118780284955
0.5800000000000001 1.9724713813442964 2.1053020783125023
0.5880000000000001 1.9458979921643011 2.0774526190322837
0.5960000000000001 1.8312774639271558 1.9506254218649817
0.6040000000000001 1.714011233689236 1.8204767241872344
0.6120000000000001 1.668936068054921 1.7691863290037155
0.6200000000000001 1.7264752982558076 1.8255241949639878
0.6280000000000001 1.8679007962020078 1.9677581223530614
0.6360000000000001 2.02481911453971 2.125215037739625
0.6440000000000001 2.104335307866383 2.2023694336050426
0.6520000000000001 2.058259005311381 2.1452124645459207
0.6600000000000001 1.9296620512353324 1.9965644042889266
0.668 1.8120156494695503 1.8612504793076168
0.6759999999999999 1.7791850229249007 1.8178933928082175
0.6839999999999999 1.8560217636653848 1.8877904480893677
0.692 2.014731516788469 2.040821198296829
0.7 2.175784019136112 2.1981536628915395
0.708 2.241956723419135 2.2629815139714498
0.716 2.1750359474101035 2.1919803934049833
0.724 2.03340589474056 2.042232994721192
0.732 1.9175454389559026 1.9210436966648439
0.74 1.89929995577883 1.900735176435684
0.748 1.9970726776206664 1.9962131924581268
0.756 2.1728528732236017 2.168952693053096
0.764 2.335539562216617 2.330636844404305
0.772 2.3853461527918483 2.3824183540921053
0.78 2.296526687356809 2.2927159318436727
0.788 2.143144614540729 2.134914348847643
0.796 2.031461479375169 2.021519360804671
0.804 2.030248320816955 2.0203187269132017
0.812 2.1504930712932246 2.1390697280638173
0.8200000000000001 2.3427439679454642 2.3287949710552662
0.8280000000000001 2.5041480265500318 2.490342822875133
0.8360000000000001 2.534541271647375 2.523824177536766
0.8440000000000001 2.4231053941355998 2.4118549197790817
0.8520000000000001 2.259597888638119 2.2449215774824323
0.8600000000000001 2.1547057155034843 2.1396105397609344
0.8680000000000001 2.1730619041915733 2.1583778077150484
0.8760000000000001 2.3171615593645254 2.3007905808917872
0.8840000000000001 2.524840338216584 2.505977104752107
0.8920000000000001 2.6816390171106184 2.663703819556652
0.9000000000000001 2.6896193186265975 2.6751505429500835
0.9080000000000001 2.5552307012131186 2.539779046617069
0.916 2.3835746545234 2.365136653030456
0.9239999999999999 2.2883053570632583 2.2701544598635515
0.9319999999999999 2.328835533145937 2.3110417184461878
0.94 2.4979610058994766 2.478076470324942
0.948 2.719526781494695 2.697220707703528
0.956 2.8680166360514647 2.8474490161298425
0.964 2.8507101480708554 2.83368733559212
0.972 2.693453614112457 2.6747975784097404
0.98 2.5159785485817614 2.4947476104740485
0.988 2.4333768891589513 2.4129177163514655
0.996 2.498724389232622 2.478365026044708
