-0.996 0.40020420191564543 0.3998852145105726
-0.988 0.4109515482189157 0.41124409187407973
-0.98 0.39745966855070874 0.3986737968120906
-0.972 0.37127054825093714 0.37245447771046064
-0.964 0.3507897850213654 0.3514191978659851
-0.956 0.34867301236325726 0.3489727441930714
-0.948 0.36771103222979995 0.3677134841282539
-0.94 0.40032650535307923 0.3997678185883372
-0.9319999999999999 0.42939915067730755 0.428568235688945
-0.9239999999999999 0.43700461431570903 0.4369543163350564
-0.916 0.4195379398342998 0.4203951252470185
-0.908 0.3913540955520143 0.3920628919752314
-0.9 0.37179982798109584 0.3719520461945165
-0.892 0.37290626874808647 0.3727409671667353
-0.884 0.39606464807448694 0.3955206984896354
-0.876 0.4315624846954173 0.43036089894985663
-0.868 0.46018017161467384 0.45879346585373654
-0.86 0.4641005000383212 0.4636679255425409
-0.852 0.4425566181621205 0.4429865425709927
-0.844 0.41269356356788234 0.4128628764892518
-0.836 0.39454871428068644 0.3941714780466772
-0.8280000000000001 0.3993374151424769 0.398639823580466
-0.8200000000000001 0.4268498879228258 0.42566891961564224
-0.812 0.46500963603459355 0.46308196083189146
-0.804 0.49255058639881594 0.4905642993427546
-0.796 0.49225644327727325 0.4913938214623386
-0.788 0.4666040732425952 0.4665285688500799
-0.78 0.43544019031026315 0.43500305293072805
-0.772 0.41922638504027876 0.41826110114630427
-0.764 0.42816662983066256 0.42685841185807244
-0.756 0.4602245430090222 0.45830503674198875
-0.748 0.5007331307222004 0.49799339494684836
-0.74 0.5265102754900515 0.5238793415629709
-0.732 0.5215010844619882 0.5201496891573772
-0.724 0.4917879203360686 0.4911192446145583
-0.716 0.45976694698862364 0.45864883132601
-0.708 0.446047671662799 0.44441921562361075
-0.7 0.45962121511872384 0.4575950846924078
-0.692 0.4963754550006119 0.49357428713250917
-0.6839999999999999 0.5388441014858114 0.535148547628918
-0.6759999999999999 0.5621570507851626 0.5587340571123676
-0.6679999999999999 0.5520484061867699 0.5499642807220593
-0.6599999999999999 0.5185242589961998 0.5168747105651499
-0.6519999999999999 0.4863397496952631 0.4839819502508995
-0.644 0.47599986940346667 0.47285843414954376
-0.636 0.49510844177537106 0.49105699669471653
-0.628 0.5372477801452182 0.5316209813600709
-0.62 0.5820215123178928 0.5745957841519675
-0.612 0.6032524174102263 0.5951280514970221
-0.604 0.5891745814620039 0.58088362184503
-0.596 0.5539823968900328 0.543927924660763
-0.588 0.5245266941352182 0.5111841893311022
-0.5800000000000001 0.5208800698564713 0.5037583762093205
-0.5720000000000001 0.548925147437125 0.5273547154141598
-0.5640000000000001 0.5994577327524949 0.5723947405840712
-0.556 0.648753503500874 0.6160764427291399
-0.548 0.6694363904935636 0.6326546020798673
-0.54 0.6525460257666464 0.6124895030301731
-0.532 0.6162153141149926 0.5719541943815997
-0.524 0.5887110680935673 0.5400360199482563
-0.516 0.5891076695761294 0.5370001654154523
-0.508 0.6211774619340675 0.5664656304262938
-0.5 0.6726551064890118 0.6159773417780323
-0.492 0.7166759679505263 0.6598526771113689
-0.484 0.7257060486854225 0.6719105197515378
-0.476 0.6949595675602243 0.64578959686095
-0.46799999999999997 0.6473769299872452 0.6022385615011348
-0.45999999999999996 0.6131540927759017 0.5719425190253056
-0.45199999999999996 0.6108992223828771 0.5740135003504445
-0.44399999999999995 0.6426686091400471 0.6097543385843206
-0.43599999999999994 0.6932347777644687 0.6635347225907215
-0.42799999999999994 0.7327441049032328 0.7067664928653672
-0.42 0.734014353478795 0.7133549997836699
-0.41200000000000003 0.6966519864473669 0.6808950796609758
-0.404 0.6476783785055391 0.6346387814371337
-0.396 0.6180059917408246 0.6065883602967441
-0.388 0.6246109127511726 0.6143904159076754
-0.38 0.6666980314066213 0.6567223747925642
-0.372 0.7250397580437236 0.7144611127932167
-0.364 0.7663989554825854 0.7561840276110466
-0.356 0.7644491754154588 0.7565204961844142
-0.348 0.723750559598411 0.7176628545563364
-0.33999999999999997 0.6753894728949893 0.6693272369091408
-0.33199999999999996 0.6508587824564799 0.6443386930855824
-0.32399999999999995 0.6655624918724488 0.6585193671913033
-0.31599999999999995 0.7158937566087071 0.7076101802469185
-0.30799999999999994 0.7786542562337907 0.7687291551656265
-0.3 0.8177682246167968 0.8078432530808791
-0.29200000000000004 0.8088942743762316 0.8010860220735939
-0.28400000000000003 0.762265297294342 0.7558703578995862
-0.276 0.712885372457196 0.7062146233193373
-0.268 0.6924400710256141 0.6852405934960257
-0.26 0.7144407928949281 0.706588316405885
-0.252 0.7720387679233384 0.7627043349908159
-0.244 0.8376885579842975 0.826677567185236
-0.236 0.8727794844661 0.8621483750049129
-0.22799999999999998 0.8558582584297444 0.8475716429635984
-0.21999999999999997 0.8032294543826193 0.7961302145284845
-0.21199999999999997 0.7534322956189301 0.7458788145096547
-0.20399999999999996 0.7378761489235524 0.7297220705690078
-0.19599999999999995 0.7678227541057847 0.7588090312408081
-0.18799999999999994 0.8327294864612902 0.8219345228831466
-0.17999999999999994 0.9004134112855536 0.8879482430882993
-0.17199999999999993 0.9302424821069759 0.9186066028923204
-0.16399999999999998 0.904666119794806 0.8956016179708287
-0.15600000000000003 0.8463897185464803 0.8383466800429222
-0.14800000000000002 0.7970600908492136 0.7885224169036434
-0.14 0.7873670597339435 0.7782509425742763
-0.132 0.8259613061025214 0.8158191392198192
-0.124 0.8981307836685338 0.8859518238970593
-0.11599999999999999 0.966844947238101 0.9530944952975555
-0.10799999999999998 0.9901425295304995 0.9776835890639326
-0.09999999999999998 0.9554260723764191 0.9456158515097282
-0.09199999999999997 0.8920001382529666 0.8829053535588803
-0.08399999999999996 0.8441206107963337 0.8343946940371104
-0.07599999999999996 0.8413126172576659 0.8309201594942845
-0.06799999999999995 0.8892193507837597 0.8775325045882869
-0.05999999999999994 0.9684499743494225 0.9544510665455299
-0.051999999999999935 1.0370140372636427 1.0216505156136586
-0.043999999999999984 1.052491496691666 1.0389754343947009
-0.03600000000000003 1.008286186296351 0.9975259462115452
-0.028000000000000025 0.9403540600436692 0.9301306138109049
-0.020000000000000018 0.8950016271335978 0.8841750106448776
-0.01200000000000001 0.9001409573921666 0.8886540926086115
-0.0040000000000000036 0.9579671093402585 0.944976469764226
0.0040000000000000036 1.0438771751659501 1.02840524200856
0.01200000000000001 1.1109371168901578 1.094457824919844
0.020000000000000018 1.1173164044435073 1.1032391092739071
0.028000000000000025 1.063429236380987 1.0520621418924292
0.03600000000000003 0.9917819103256905 0.9806720780426764
0.04400000000000004 0.950126441062313 0.9383623306097486
0.052000000000000046 0.9643071010289208 0.9517999973686595
0.06000000000000005 1.0325778579030611 1.0183220759842766
0.06800000000000006 1.124581914595762 1.1077856883301673
0.07600000000000007 1.1886188076669886 1.1714028605360234
0.08400000000000007 1.1846648301320484 1.1705486457437488
0.09200000000000008 1.1210760594259062 1.1097312654158364
0.10000000000000009 1.0466534553664761 1.035544232108776
0.1080000000000001 1.009955607577201 0.9984883019318076
0.1160000000000001 1.034292006031183 1.0224280033212376
0.12400000000000011 1.113423588394775 1.1001551264315081
0.13200000000000012 1.210710468652368 1.1956272549346663
0.14000000000000012 1.2700556717958944 1.2559170567234894
0.14800000000000013 1.2546105513019121 1.2446899892775805
0.15600000000000003 1.1814888320246 1.1745645296169198
0.16399999999999992 1.1053801818459352 1.0988693840893662
0.17199999999999993 1.074988531763603 1.0687222641174605
0.17999999999999994 1.1106009612218974 1.104775267786391
0.18799999999999994 1.2008701702878823 1.1946806847294236
0.19599999999999995 1.302383909912045 1.2958702154785469
0.20399999999999996 1.3552409887774934 1.3514607230270956
0.21199999999999997 1.327259277256358 1.3285632095470707
0.21999999999999997 1.244974277512815 1.248921464266459
0.22799999999999998 1.1684177982140045 1.1725341405171894
0.236 1.145764844867683 1.15060231670512
0.244 1.1937612274498877 1.2000882602752685
0.252 1.2952721237581013 1.3027493261317618
0.26 1.3996970845728012 1.408843456097733
0.268 1.4441705031750915 1.4579239427669388
0.276 1.402754373630796 1.421933328246336
0.28400000000000003 1.311886840771658 1.3327343393396194
0.29200000000000004 1.2362688507053214 1.2567303151866729
0.30000000000000004 1.222865454024635 1.2445340570142536
0.30800000000000005 1.2843188443106872 1.308806604055546
0.31600000000000006 1.3969671605806444 1.4245336805079067
0.32400000000000007 1.5027187214763718 1.5342336977071571
0.3320000000000001 1.5368490535440102 1.5746019728533682
0.3400000000000001 1.4812825029968215 1.524063015880944
0.3480000000000001 1.382631877144549 1.4255455598113995
0.3560000000000001 1.3094854308002126 1.3514177901000028
0.3640000000000001 1.3069131434702232 1.3509657183985027
0.3720000000000001 1.382834541497459 1.4318375963836956
0.3800000000000001 1.5062706954359295 1.5612535664527503
0.3880000000000001 1.6114928530629653 1.6734603812584794
0.39600000000000013 1.6332979586796348 1.7031611369277717
0.404 1.5630791272290674 1.6369362541737424
0.4119999999999999 1.4576689045739408 1.5294461292135595
0.41999999999999993 1.3886719311644238 1.4582453965269924
0.42799999999999994 1.3985725909886262 1.470308811425831
0.43599999999999994 1.4898787233071666 1.5672507064254975
0.44399999999999995 1.623470574483026 1.7074044736480927
0.45199999999999996 1.7260416914675971 1.8167172454657239
0.45999999999999996 1.7335630114813159 1.829830104664788
0.46799999999999997 1.6484338430341476 1.743918668917499
0.476 1.5375149658707306 1.625996513621279
0.484 1.4744877849604758 1.5575653910543048
0.492 1.4985496526108204 1.5819073235603704
0.5 1.6060255341656744 1.693595981874401
0.508 1.748822306560023 1.8416791464944908
0.516 1.846370054771515 1.9449201139351908
0.524 1.8377229151177175 1.9403096140611198
0.532 1.737695548529513 1.8371982184934397
0.54 1.6227481406271735 1.7137827434481383
0.548 1.5676500993017355 1.653058013083244
0.556 1.6075897627862503 1.6931687031182483
0.5640000000000001 1.731846062206836 1.8207981410958376
0.5720000000000001 1.8825451113492608 1.9752134919275564
0.5800000000000001 1.9724713813442964 2.0689240377482467
0.5880000000000001 1.9458979921643011 2.043561563439363
0.5960000000000001 1.8312774639271558 1.9220596384594357
0.6040000000000001 1.714011233689236 1.7927510034260064
0.6120000000000001 1.668936068054921 1.737985778039744
0.6200000000000001 1.7264752982558076 1.7890887542494462
0.6280000000000001 1.8679007962020078 1.9237340604122761
0.6360000000000001 2.02481911453971 2.072010121366639
0.6440000000000001 2.104335307866383 2.1437858126413714
0.6520000000000001 2.058259005311381 2.0905380153635664
0.6600000000000001 1.9296620512353324 1.951292798413017
0.668 1.8120156494695503 1.8217986665150812
0.6759999999999999 1.7791850229249007 1.7801340436441664
0.6839999999999999 1.8560217636653848 1.8498570296532133
0.692 2.014731516788469 2.0004820269955417
0.7 2.175784019136112 2.1542963938237043
0.708 2.241956723419135 2.219335868717069
0.716 2.1750359474101035 2.1551957481967987
0.724 2.03340589474056 2.0127911246420824
0.732 1.9175454389559026 1.8932050289708853
0.74 1.89929995577883 1.8713622072761653
0.748 1.9970726776206664 1.9642981053904105
0.756 2.1728528732236017 2.132685354293944
0.764 2.335539562216617 2.2895577282469186
0.772 2.3853461527918483 2.341260555860904
0.78 2.296526687356809 2.258191168370884
0.788 2.143144614540729 2.1063892632701076
0.796 2.031461479375169 1.993169665342435
0.804 2.030248320816955 1.9896784793867013
0.812 2.1504930712932246 2.105176694554416
0.8200000000000001 2.3427439679454642 2.289766734982781
0.8280000000000001 2.5041480265500318 2.446352695425129
0.8360000000000001 2.534541271647375 2.4807366912072206
0.8440000000000001 2.4231053941355998 2.3762533614097507
0.8520000000000001 2.259597888638119 2.214796782215023
0.8600000000000001 2.1547057155034843 2.1089533350132
0.8680000000000001 2.1730619041915733 2.125109379009332
0.8760000000000001 2.3171615593645254 2.2637385314837783
0.8840000000000001 2.524840338216584 2.46313454163417
0.8920000000000001 2.6816390171106184 2.6160067238955182
0.9000000000000001 2.6896193186265975 2.6295927124691536
0.9080000000000001 2.5552307012131186 2.5024950360130447
0.916 2.3835746545234 2.332654285549535
0.9239999999999999 2.2883053570632583 2.2364416973975008
0.9319999999999999 2.328835533145937 2.274310133742138
0.94 2.4979610058994766 2.4368436809572467
0.948 2.719526781494695 2.6494342032454945
0.956 2.8680166360514647 2.7950344548075354
0.964 2.8507101480708554 2.7847844491372182
0.972 2.693453614112457 2.634816819958656
0.98 2.5159785485817614 2.4588001134111774
0.988 2.4333768891589513 2.3751358090909243
0.996 2.498724389232622 2.4371429856291913
