-0.996 0.40020420191564543 0.40045914401874655
-0.988 0.4109515482189157 0.4112915124187595
-0.98 0.39745966855070874 0.3972389038026114
-0.972 0.37127054825093714 0.37106511801207875
-0.964 0.3507897850213654 0.3511904462128405
-0.956 0.34867301236325726 0.3490077979818176
-0.948 0.36771103222979995 0.36780052498251364
-0.94 0.40032650535307923 0.4004224252413433
-0.9319999999999999 0.42939915067730755 0.429799411978822
-0.9239999999999999 0.43700461431570903 0.4373961487918649
-0.916 0.4195379398342998 0.4193055712981088
-0.908 0.3913540955520143 0.391310836562562
-0.9 0.37179982798109584 0.37233329936742543
-0.892 0.37290626874808647 0.3732902712209508
-0.884 0.39606464807448694 0.3962140323422331
-0.876 0.4315624846954173 0.43178008609048835
-0.868 0.46018017161467384 0.46073827779597537
-0.86 0.4641005000383212 0.4645280521213851
-0.852 0.4425566181621205 0.4423349156789742
-0.844 0.41269356356788234 0.41284336766424634
-0.836 0.39454871428068644 0.39520816973143535
-0.8280000000000001 0.3993374151424769 0.3997760849075731
-0.8200000000000001 0.4268498879228258 0.42707572983562947
-0.812 0.46500963603459355 0.4653744086682362
-0.804 0.49255058639881594 0.493275081449101
-0.796 0.49225644327727325 0.4927045745148254
-0.788 0.4666040732425952 0.4664250331987633
-0.78 0.43544019031026315 0.43580857434902087
-0.772 0.41922638504027876 0.42000503526369926
-0.764 0.42816662983066256 0.4286680799517141
-0.756 0.4602245430090222 0.4605467024562959
-0.748 0.5007331307222004 0.5012723312165961
-0.74 0.5265102754900515 0.5274043700090123
-0.732 0.5215010844619882 0.5219552789285901
-0.724 0.4917879203360686 0.4916906490117393
-0.716 0.45976694698862364 0.4603682031757916
-0.708 0.446047671662799 0.44693160686710787
-0.7 0.45962121511872384 0.4601799020198094
-0.692 0.4963754550006119 0.4967865280171795
-0.6839999999999999 0.5388441014858114 0.5395296213184307
-0.6759999999999999 0.5621570507851626 0.5631175405999598
-0.6679999999999999 0.5520484061867699 0.5523247622794892
-0.6599999999999999 0.5185242589961998 0.5182627057908423
-0.6519999999999999 0.4863397496952631 0.48670134351742267
-0.644 0.47599986940346667 0.47621381808846497
-0.636 0.49510844177537106 0.4945365346992034
-0.628 0.5372477801452182 0.5359540774096408
-0.62 0.5820215123178928 0.5801946803772087
-0.612 0.6032524174102263 0.6004107888606797
-0.604 0.5891745814620039 0.5838788564765924
-0.596 0.5539823968900328 0.5462875767853295
-0.588 0.5245266941352182 0.5149965848559624
-0.5800000000000001 0.5208800698564713 0.5080718664412155
-0.5720000000000001 0.548925147437125 0.5319283268777945
-0.5640000000000001 0.5994577327524949 0.5781345475987261
-0.556 0.648753503500874 0.6232123588343583
-0.548 0.6694363904935636 0.6391767918689093
-0.54 0.6525460257666464 0.6165951799627568
-0.532 0.6162153141149926 0.5758307181590676
-0.524 0.5887110680935673 0.545382965847534
-0.516 0.5891076695761294 0.5426852680328421
-0.508 0.6211774619340675 0.5725220204008901
-0.5 0.6726551064890118 0.6234090754424373
-0.492 0.7166759679505263 0.6685626164820099
-0.484 0.7257060486854225 0.6794061258106785
-0.476 0.6949595675602243 0.6505992109976686
-0.46799999999999997 0.6473769299872452 0.6071246765324709
-0.45999999999999996 0.6131540927759017 0.5781818346810115
-0.45199999999999996 0.6108992223828771 0.580448364909363
-0.44399999999999995 0.6426686091400471 0.6167252204989354
-0.43599999999999994 0.6932347777644687 0.6721208426114322
-0.42799999999999994 0.7327441049032328 0.7165016749022867
-0.42 0.734014353478795 0.7213625850981041
-0.41200000000000003 0.6966519864473669 0.6862386149536124
-0.404 0.6476783785055391 0.640536351136845
-0.396 0.6180059917408246 0.6137550263904483
-0.388 0.6246109127511726 0.6216711094973701
-0.38 0.6666980314066213 0.6647132348950755
-0.372 0.7250397580437236 0.7242346704114522
-0.364 0.7663989554825854 0.7668199642438659
-0.356 0.7644491754154588 0.7648497228334007
-0.348 0.723750559598411 0.7234676050365719
-0.33999999999999997 0.6753894728949893 0.676147455115578
-0.33199999999999996 0.6508587824564799 0.6523244179103971
-0.32399999999999995 0.6655624918724488 0.6666693102329365
-0.31599999999999995 0.7158937566087071 0.7168014970226588
-0.30799999999999994 0.7786542562337907 0.7799668584685095
-0.3 0.8177682246167968 0.8196440596644793
-0.29200000000000004 0.8088942743762316 0.8100382351070448
-0.28400000000000003 0.762265297294342 0.7625463002330705
-0.276 0.712885372457196 0.7142342907579984
-0.268 0.6924400710256141 0.6941764993887627
-0.26 0.7144407928949281 0.7156835846680678
-0.252 0.7720387679233384 0.7731107463076703
-0.244 0.8376885579842975 0.8392691191315984
-0.236 0.8727794844661 0.8748521300827258
-0.22799999999999998 0.8558582584297444 0.8569435956081589
-0.21999999999999997 0.8032294543826193 0.8036856494999514
-0.21199999999999997 0.7534322956189301 0.7551360102372539
-0.20399999999999996 0.7378761489235524 0.739760587811814
-0.19599999999999995 0.7678227541057847 0.7691786982286726
-0.18799999999999994 0.8327294864612902 0.8339968492355725
-0.17999999999999994 0.9004134112855536 0.9022978111874985
-0.17199999999999993 0.9302424821069759 0.9324747196799634
-0.16399999999999998 0.904666119794806 0.9056494138007172
-0.15600000000000003 0.8463897185464803 0.8470436737192579
-0.14800000000000002 0.7970600908492136 0.7990529303565855
-0.14 0.7873670597339435 0.7893311719045527
-0.132 0.8259613061025214 0.8273976988078736
-0.124 0.8981307836685338 0.8996034448570552
-0.11599999999999999 0.966844947238101 0.9690667315122322
-0.10799999999999998 0.9901425295304995 0.992538019496797
-0.09999999999999998 0.9554260723764191 0.9563788325413661
-0.09199999999999997 0.8920001382529666 0.8930029463045626
-0.08399999999999996 0.8441206107963337 0.8464620016444853
-0.07599999999999996 0.8413126172576659 0.8434159185347412
-0.06799999999999995 0.8892193507837597 0.8908024910220792
-0.05999999999999994 0.9684499743494225 0.9701946959926786
-0.051999999999999935 1.0370140372636427 1.0396010818367118
-0.043999999999999984 1.052491496691666 1.054995318424273
-0.03600000000000003 1.008286186296351 1.0092181045349422
-0.028000000000000025 0.9403540600436692 0.9417668533023944
-0.020000000000000018 0.8950016271335978 0.8976808655633816
-0.01200000000000001 0.9001409573921666 0.9024314767966044
-0.0040000000000000036 0.9579671093402585 0.9598205755973754
0.0040000000000000036 1.0438771751659501 1.0460982654236508
0.01200000000000001 1.1109371168901578 1.1141223114296284
0.020000000000000018 1.1173164044435073 1.1201476197251823
0.028000000000000025 1.063429236380987 1.0646932431167366
0.03600000000000003 0.9917819103256905 0.9940036103304566
0.04400000000000004 0.950126441062313 0.9535061322912006
0.052000000000000046 0.9643071010289208 0.9672588243241287
0.06000000000000005 1.0325778579030611 1.0353224489064716
0.06800000000000006 1.124581914595762 1.1280742437930122
0.07600000000000007 1.1886188076669886 1.1933095412325332
0.08400000000000007 1.1846648301320484 1.1888025439157939
0.09200000000000008 1.1210760594259062 1.1238561896559844
0.10000000000000009 1.0466534553664761 1.050931167516673
0.1080000000000001 1.009955607577201 1.0153623099973976
0.1160000000000001 1.034292006031183 1.0395244586884487
0.12400000000000011 1.113423588394775 1.1190819791117885
0.13200000000000012 1.210710468652368 1.2179559443981187
0.14000000000000012 1.2700556717958944 1.2790711661205991
0.14800000000000013 1.2546105513019121 1.2630960744417552
0.15600000000000003 1.1814888320246 1.1891001203761857
0.16399999999999992 1.1053801818459352 1.1151346069677337
0.17199999999999993 1.074988531763603 1.0861401191669562
0.17999999999999994 1.1106009612218974 1.1224847570125411
0.18799999999999994 1.2008701702878823 1.2147044959587694
0.19599999999999995 1.302383909912045 1.3195758577968708
0.20399999999999996 1.3552409887774934 1.375372417964126
0.21199999999999997 1.327259277256358 1.3471145734536787
0.21999999999999997 1.244974277512815 1.2645189416302562
0.22799999999999998 1.1684177982140045 1.1906350439761906
0.236 1.145764844867683 1.1698761150539523
0.244 1.1937612274498877 1.2201460981322385
0.252 1.2952721237581013 1.3259423433799027
0.26 1.3996970845728012 1.4360581212704289
0.268 1.4441705031750915 1.4844726825103192
0.276 1.402754373630796 1.4423053788847786
0.28400000000000003 1.311886840771658 1.350818971693719
0.29200000000000004 1.2362688507053214 1.2774725756183796
0.30000000000000004 1.222865454024635 1.2660164013593382
0.30800000000000005 1.2843188443106872 1.3312261693628553
0.31600000000000006 1.3969671605806444 1.4505425098747524
0.32400000000000007 1.5027187214763718 1.5640942027361984
0.3320000000000001 1.5368490535440102 1.6024702308015288
0.3400000000000001 1.4812825029968215 1.5450267175107886
0.3480000000000001 1.382631877144549 1.4451435832641435
0.3560000000000001 1.3094854308002126 1.3738165003512766
0.3640000000000001 1.3069131434702232 1.3738800732924275
0.3720000000000001 1.382834541497459 1.4561237336965809
0.3800000000000001 1.5062706954359295 1.5898304193307289
0.3880000000000001 1.6114928530629653 1.7058401078318144
0.39600000000000013 1.6332979586796348 1.7324506060774418
0.404 1.5630791272290674 1.6593236571901422
0.4119999999999999 1.4576689045739408 1.552107468571713
0.41999999999999993 1.3886719311644238 1.4844420499072766
0.42799999999999994 1.3985725909886262 1.4978171830832863
0.43599999999999994 1.4898787233071666 1.597810962368147
0.44399999999999995 1.623470574483026 1.7441539703855788
0.45199999999999996 1.7260416914675971 1.8579217000545625
0.45999999999999996 1.7335630114813159 1.8670617885757141
0.46799999999999997 1.6484338430341476 1.7743068832781597
0.476 1.5375149658707306 1.6576354460776712
0.484 1.4744877849604758 1.592259778951211
0.492 1.4985496526108204 1.6176659421312958
0.5 1.6060255341656744 1.7330087806155892
0.508 1.748822306560023 1.8877823165565992
0.516 1.846370054771515 1.994424451745651
0.524 1.8377229151177175 1.9837273027226043
0.532 1.737695548529513 1.8734790983756398
0.54 1.6227481406271735 1.7518839935658153
0.548 1.5676500993017355 1.6937193126434718
0.556 1.6075897627862503 1.7353393419232033
0.5640000000000001 1.731846062206836 1.8682028371644552
0.5720000000000001 1.8825451113492608 2.030923427712356
0.5800000000000001 1.9724713813442964 2.1281903438706364
0.5880000000000001 1.9458979921643011 2.0962773667231613
0.5960000000000001 1.8312774639271558 1.9693255959224185
0.6040000000000001 1.714011233689236 1.8440126302124216
0.6120000000000001 1.668936068054921 1.7934826275210751
0.6200000000000001 1.7264752982558076 1.8497786425902416
0.6280000000000001 1.8679007962020078 1.9952388147753894
0.6360000000000001 2.02481911453971 2.157170218137356
0.6440000000000001 2.104335307866383 2.2346675549103345
0.6520000000000001 2.058259005311381 2.173527114622436
0.6600000000000001 1.9296620512353324 2.02517633574484
0.668 1.8120156494695503 1.8921067391266064
0.6759999999999999 1.7791850229249007 1.8454352947103396
0.6839999999999999 1.8560217636653848 1.9126382337633854
0.692 2.014731516788469 2.066834592170392
0.7 2.175784019136112 2.226137634876813
0.708 2.241956723419135 2.2885092671078113
0.716 2.1750359474101035 2.212401889693228
0.724 2.03340589474056 2.0640391953154893
0.732 1.9175454389559026 1.9464121654518463
0.74 1.89929995577883 1.9247610112038827
0.748 1.9970726776206664 2.0197419646046564
0.756 2.1728528732236017 2.1951061123897917
0.764 2.335539562216617 2.3590563691178805
0.772 2.3853461527918483 2.4077661451076375
0.78 2.296526687356809 2.313295158145367
0.788 2.143144614540729 2.1580831576736323
0.796 2.031461479375169 2.047762068445418
0.804 2.030248320816955 2.044810551587079
0.812 2.1504930712932246 2.1634834439015815
0.8200000000000001 2.3427439679454642 2.356218385547672
0.8280000000000001 2.5041480265500318 2.519577761238317
0.8360000000000001 2.534541271647375 2.5490246751497603
0.8440000000000001 2.4231053941355998 2.4328745461956185
0.8520000000000001 2.259597888638119 2.269820744490952
0.8600000000000001 2.1547057155034843 2.1670738811724157
0.8680000000000001 2.1730619041915733 2.1840258569685385
0.8760000000000001 2.3171615593645254 2.327102715693626
0.8840000000000001 2.524840338216584 2.5358919972344443
0.8920000000000001 2.6816390171106184 2.695000457009511
0.9000000000000001 2.6896193186265975 2.701571286648446
0.9080000000000001 2.5552307012131186 2.562917036810445
0.916 2.3835746545234 2.3931984206186927
0.9239999999999999 2.2883053570632583 2.3000005339879266
0.9319999999999999 2.328835533145937 2.3390916118828313
0.94 2.4979610058994766 2.507561728574207
0.948 2.719526781494695 2.730774335710594
0.956 2.8680166360514647 2.881662192628233
0.964 2.8507101480708554 2.8621225794994145
0.972 2.693453614112457 2.701009250083658
0.98 2.5159785485817614 2.526532511703844
0.988 2.4333768891589513 2.445508904550493
0.996 2.498724389232622 2.509290313223121
