-0.996 0.40020420191564543 0.4002436211849687
-0.988 0.4109515482189157 0.41068375008761104
-0.98 0.39745966855070874 0.3969604039596225
-0.972 0.37127054825093714 0.37162190977255083
-0.964 0.3507897850213654 0.35095194971341154
-0.956 0.34867301236325726 0.3481401011190388
-0.948 0.36771103222979995 0.36735273420435327
-0.94 0.40032650535307923 0.40030144567082737
-0.9319999999999999 0.42939915067730755 0.4293835806381294
-0.9239999999999999 0.43700461431570903 0.43657384688481593
-0.916 0.4195379398342998 0.4190402276506042
-0.908 0.3913540955520143 0.39177947430931237
-0.9 0.37179982798109584 0.37177342785300105
-0.892 0.37290626874808647 0.3722812404409014
-0.884 0.39606464807448694 0.39569151436215727
-0.876 0.4315624846954173 0.431513153331404
-0.868 0.46018017161467384 0.460070466648979
-0.86 0.4641005000383212 0.46350928940507374
-0.852 0.4425566181621205 0.44208882065431465
-0.844 0.41269356356788234 0.41315976274136795
-0.836 0.39454871428068644 0.3943100770375161
-0.8280000000000001 0.3993374151424769 0.39863161851075063
-0.8200000000000001 0.4268498879228258 0.4264617479838617
-0.812 0.46500963603459355 0.46492182470921783
-0.804 0.49255058639881594 0.492322497346243
-0.796 0.49225644327727325 0.49149906790014075
-0.788 0.4666040732425952 0.4662039088618482
-0.78 0.43544019031026315 0.4358964597539107
-0.772 0.41922638504027876 0.4187639407988988
-0.764 0.42816662983066256 0.4273884395213463
-0.756 0.4602245430090222 0.45981949661923077
-0.748 0.5007331307222004 0.5005895902609866
-0.74 0.5265102754900515 0.5261358412331458
-0.732 0.5215010844619882 0.5205801214731061
-0.724 0.4917879203360686 0.49148681911581915
-0.716 0.45976694698862364 0.46014660901175597
-0.708 0.446047671662799 0.4453521840338673
-0.7 0.45962121511872384 0.458759920400883
-0.692 0.4963754550006119 0.49591747066611336
-0.6839999999999999 0.5388441014858114 0.5385680260554904
-0.6759999999999999 0.5621570507851626 0.5615051481385203
-0.6679999999999999 0.5520484061867699 0.5508042338826942
-0.6599999999999999 0.5185242589961998 0.5180520477098756
-0.6519999999999999 0.4863397496952631 0.48609125211324705
-0.644 0.47599986940346667 0.4743074397620295
-0.636 0.49510844177537106 0.4929645357331298
-0.628 0.5372477801452182 0.5349028292584961
-0.62 0.5820215123178928 0.5788951775194032
-0.612 0.6032524174102263 0.5984226933077463
-0.604 0.5891745814620039 0.5822345115663091
-0.596 0.5539823968900328 0.5460234780097897
-0.588 0.5245266941352182 0.5139350606898245
-0.5800000000000001 0.5208800698564713 0.5058809155333002
-0.5720000000000001 0.548925147437125 0.5302459330302325
-0.5640000000000001 0.5994577327524949 0.5769507508942362
-0.556 0.648753503500874 0.6216559924353156
-0.548 0.6694363904935636 0.6369674061939454
-0.54 0.6525460257666464 0.6150496467473887
-0.532 0.6162153141149926 0.5756489030490366
-0.524 0.5887110680935673 0.5440226166913191
-0.516 0.5891076695761294 0.5404525947922931
-0.508 0.6211774619340675 0.570965769470626
-0.5 0.6726551064890118 0.622321321737264
-0.492 0.7166759679505263 0.6669801721421336
-0.484 0.7257060486854225 0.6772272601989224
-0.476 0.6949595675602243 0.6493842338227094
-0.46799999999999997 0.6473769299872452 0.6070728994399008
-0.45999999999999996 0.6131540927759017 0.5765406066194008
-0.45199999999999996 0.6108992223828771 0.5781593898534436
-0.44399999999999995 0.6426686091400471 0.6151503377210361
-0.43599999999999994 0.6932347777644687 0.6708528684015073
-0.42799999999999994 0.7327441049032328 0.7145465836536468
-0.42 0.734014353478795 0.7188940293684687
-0.41200000000000003 0.6966519864473669 0.6850699541144281
-0.404 0.6476783785055391 0.6402621630251055
-0.396 0.6180059917408246 0.6116456555124204
-0.388 0.6246109127511726 0.6192601666759747
-0.38 0.6666980314066213 0.6631109427364574
-0.372 0.7250397580437236 0.722817589281736
-0.364 0.7663989554825854 0.7645840372723184
-0.356 0.7644491754154588 0.7622604247848669
-0.348 0.723750559598411 0.7224768263579034
-0.33999999999999997 0.6753894728949893 0.6756049437482066
-0.33199999999999996 0.6508587824564799 0.6497466205888656
-0.32399999999999995 0.6655624918724488 0.6640743128443878
-0.31599999999999995 0.7158937566087071 0.7150283202142285
-0.30799999999999994 0.7786542562337907 0.7782002122491056
-0.3 0.8177682246167968 0.816956405570436
-0.29200000000000004 0.8088942743762316 0.8072717012878986
-0.28400000000000003 0.762265297294342 0.7616924076971927
-0.276 0.712885372457196 0.7133357524560602
-0.268 0.6924400710256141 0.6912335043380458
-0.26 0.7144407928949281 0.7130313311600189
-0.252 0.7720387679233384 0.7712754155159539
-0.244 0.8376885579842975 0.8372210344396733
-0.236 0.8727794844661 0.8717708023471461
-0.22799999999999998 0.8558582584297444 0.8540675282487749
-0.21999999999999997 0.8032294543826193 0.8028812366012903
-0.21199999999999997 0.7534322956189301 0.753660161973567
-0.20399999999999996 0.7378761489235524 0.7363434021613819
-0.19599999999999995 0.7678227541057847 0.7663237921709994
-0.18799999999999994 0.8327294864612902 0.8319356320334977
-0.17999999999999994 0.9004134112855536 0.8998278355372495
-0.17199999999999993 0.9302424821069759 0.9289705772126065
-0.16399999999999998 0.904666119794806 0.9027796947475315
-0.15600000000000003 0.8463897185464803 0.8463358866302627
-0.14800000000000002 0.7970600908492136 0.7970407658355156
-0.14 0.7873670597339435 0.785616863467831
-0.132 0.8259613061025214 0.8244548885335254
-0.124 0.8981307836685338 0.897345081441393
-0.11599999999999999 0.966844947238101 0.966124425156827
-0.10799999999999998 0.9901425295304995 0.988541656284788
-0.09999999999999998 0.9554260723764191 0.9534505388011224
-0.09199999999999997 0.8920001382529666 0.8921375811872632
-0.08399999999999996 0.8441206107963337 0.8436729441012254
-0.07599999999999996 0.8413126172576659 0.8392891497195795
-0.06799999999999995 0.8892193507837597 0.8876399481376503
-0.05999999999999994 0.9684499743494225 0.9676049302745269
-0.051999999999999935 1.0370140372636427 1.0361090408306297
-0.043999999999999984 1.052491496691666 1.0505661168853175
-0.03600000000000003 1.008286186296351 1.0063865566767631
-0.028000000000000025 0.9403540600436692 0.9407435743960425
-0.020000000000000018 0.8950016271335978 0.8942040014854915
-0.01200000000000001 0.9001409573921666 0.8980544079521786
-0.0040000000000000036 0.9579671093402585 0.9565377767676847
0.0040000000000000036 1.0438771751659501 1.0432053911534602
0.01200000000000001 1.1109371168901578 1.1100926675615639
0.020000000000000018 1.1173164044435073 1.1153540842389862
0.028000000000000025 1.063429236380987 1.0620065120705444
0.03600000000000003 0.9917819103256905 0.9926378766599757
0.04400000000000004 0.950126441062313 0.9492584202600595
0.052000000000000046 0.9643071010289208 0.962557970941752
0.06000000000000005 1.0325778579030611 1.0317694867723624
0.06800000000000006 1.124581914595762 1.1246512321928814
0.07600000000000007 1.1886188076669886 1.1885225866375997
0.08400000000000007 1.1846648301320484 1.1835313590202976
0.09200000000000008 1.1210760594259062 1.1211990696579708
0.10000000000000009 1.0466534553664761 1.048957448601743
0.1080000000000001 1.009955607577201 1.0103106412224057
0.1160000000000001 1.034292006031183 1.034532853526635
0.12400000000000011 1.113423588394775 1.1153222054789276
0.13200000000000012 1.210710468652368 1.2141110258432148
0.14000000000000012 1.2700556717958944 1.2737636708399336
0.14800000000000013 1.2546105513019121 1.2577663608984282
0.15600000000000003 1.1814888320246 1.1868556121523632
0.16399999999999992 1.1053801818459352 1.1127884799929575
0.17199999999999993 1.074988531763603 1.0807207799490202
0.17999999999999994 1.1106009612218974 1.1175958224119829
0.18799999999999994 1.2008701702878823 1.2110554342405822
0.19599999999999995 1.302383909912045 1.3155314579224195
0.20399999999999996 1.3552409887774934 1.3697191794737602
0.21199999999999997 1.327259277256358 1.3418948672882114
0.21999999999999997 1.244974277512815 1.2626097426284686
0.22799999999999998 1.1684177982140045 1.1876071877519618
0.236 1.145764844867683 1.1638780772547874
0.244 1.1937612274498877 1.215012260014959
0.252 1.2952721237581013 1.3219302801242863
0.26 1.3996970845728012 1.431254702870687
0.268 1.4441705031750915 1.4779691550846108
0.276 1.402754373630796 1.4368704842653957
0.28400000000000003 1.311886840771658 1.3488337738521246
0.29200000000000004 1.2362688507053214 1.2733655972248177
0.30000000000000004 1.222865454024635 1.259312150460921
0.30800000000000005 1.2843188443106872 1.3257431516334623
0.31600000000000006 1.3969671605806444 1.4460711454921291
0.32400000000000007 1.5027187214763718 1.558467921563712
0.3320000000000001 1.5368490535440102 1.5951944119670436
0.3400000000000001 1.4812825029968215 1.5396159920966497
0.3480000000000001 1.382631877144549 1.4430892594583278
0.3560000000000001 1.3094854308002126 1.3686653119029408
0.3640000000000001 1.3069131434702232 1.366716481633134
0.3720000000000001 1.382834541497459 1.4505224023918022
0.3800000000000001 1.5062706954359295 1.5851008002132123
0.3880000000000001 1.6114928530629653 1.6996068282403114
0.39600000000000013 1.6332979586796348 1.724713149557554
0.404 1.5630791272290674 1.654235815344069
0.4119999999999999 1.4576689045739408 1.5498214515527917
0.41999999999999993 1.3886719311644238 1.4779338113060871
0.42799999999999994 1.3985725909886262 1.4896550284006977
0.43599999999999994 1.4898787233071666 1.5910803193855871
0.44399999999999995 1.623470574483026 1.7376288339397141
0.45199999999999996 1.7260416914675971 1.8491572195303159
0.45999999999999996 1.7335630114813159 1.856875105455987
0.46799999999999997 1.6484338430341476 1.7676616442224313
0.476 1.5375149658707306 1.6530763512339965
0.484 1.4744877849604758 1.5828369740744512
0.492 1.4985496526108204 1.6074695802103214
0.5 1.6060255341656744 1.7244878923693077
0.508 1.748822306560023 1.8791407112637417
0.516 1.846370054771515 1.9832880452932322
0.524 1.8377229151177175 1.9718686466169335
0.532 1.737695548529513 1.866180794947351
0.54 1.6227481406271735 1.7456352737615124
0.548 1.5676500993017355 1.6823317846449113
0.556 1.6075897627862503 1.7239280895584979
0.5640000000000001 1.731846062206836 1.8583586362201152
0.5720000000000001 1.8825451113492608 2.0202505289194805
0.5800000000000001 1.9724713813442964 2.114512527355515
0.5880000000000001 1.9458979921643011 2.082360691849069
0.5960000000000001 1.8312774639271558 1.9604248949107093
0.6040000000000001 1.714011233689236 1.83443877400374
0.6120000000000001 1.668936068054921 1.7782781058529389
0.6200000000000001 1.7264752982558076 1.8344754239155612
0.6280000000000001 1.8679007962020078 1.9803077885270755
0.6360000000000001 2.02481911453971 2.1395029551373055
0.6440000000000001 2.104335307866383 2.2126297919775872
0.6520000000000001 2.058259005311381 2.151516975604604
0.6600000000000001 1.9296620512353324 2.0089029522751054
0.668 1.8120156494695503 1.8752658833453288
0.6759999999999999 1.7791850229249007 1.826241061568092
0.6839999999999999 1.8560217636653848 1.8967115053737662
0.692 2.014731516788469 2.053363230203372
0.7 2.175784019136112 2.2114656739468543
0.708 2.241956723419135 2.2715443846565218
0.716 2.1750359474101035 2.1978716564097187
0.724 2.03340589474056 2.055292387300798
0.732 1.9175454389559026 1.93452477497924
0.74 1.89929995577883 1.9092428666971601
0.748 1.9970726776206664 2.0060607053440394
0.756 2.1728528732236017 2.18254640490171
0.764 2.335539562216617 2.3443074609245844
0.772 2.3853461527918483 2.390578977723976
0.78 2.296526687356809 2.299474637226279
0.788 2.143144614540729 2.149622645144883
0.796 2.031461479375169 2.034785484859219
0.804 2.030248320816955 2.029126062431591
0.812 2.1504930712932246 2.150006598566134
0.8200000000000001 2.3427439679454642 2.3435737242965637
0.8280000000000001 2.5041480265500318 2.504286957626359
0.8360000000000001 2.534541271647375 2.5316324273791397
0.8440000000000001 2.4231053941355998 2.420007840575015
0.8520000000000001 2.259597888638119 2.2613978014323344
0.8600000000000001 2.1547057155034843 2.152791594146981
0.8680000000000001 2.1730619041915733 2.1679101651276236
0.8760000000000001 2.3171615593645254 2.3132726017276513
0.8840000000000001 2.524840338216584 2.522272928683976
0.8920000000000001 2.6816390171106184 2.67810077265399
0.9000000000000001 2.6896193186265975 2.6830009247736504
0.9080000000000001 2.5552307012131186 2.5500271087965376
0.916 2.3835746545234 2.3834126661504467
0.9239999999999999 2.2883053570632583 2.2834098083685204
0.9319999999999999 2.328835533145937 2.3216536376848604
0.94 2.4979610058994766 2.492411968004402
0.948 2.719526781494695 2.7151322584218542
0.956 2.8680166360514647 2.862243341557794
0.964 2.8507101480708554 2.8418464574087228
0.972 2.693453614112457 2.6876222149314026
0.98 2.5159785485817614 2.5146079632904668
0.988 2.4333768891589513 2.4263858702465946
0.996 2.498724389232622 2.4903690769645292
