-0.996 0.40020420191564543 0.4117783647746295
-0.988 0.4109515482189157 0.4098367193133069
-0.98 0.39745966855070874 0.39498695183162685
-0.972 0.37127054825093714 0.3728306123539125
-0.964 0.3507897850213654 0.34369631494878394
-0.956 0.34867301236325726 0.3523761096006919
-0.948 0.36771103222979995 0.3738543089082238
-0.94 0.40032650535307923 0.40399981694940534
-0.9319999999999999 0.42939915067730755 0.44522216647060414
-0.9239999999999999 0.43700461431570903 0.43930883909531976
-0.916 0.4195379398342998 0.4207235757947343
-0.908 0.3913540955520143 0.39659454112700865
-0.9 0.37179982798109584 0.3671167112295434
-0.892 0.37290626874808647 0.3794710258840824
-0.884 0.39606464807448694 0.40508464134859823
-0.876 0.4315624846954173 0.4376802498618812
-0.868 0.46018017161467384 0.4797173900178847
-0.86 0.4641005000383212 0.4696946721438114
-0.852 0.4425566181621205 0.44698704386443455
-0.844 0.41269356356788234 0.4210051778618618
-0.836 0.39454871428068644 0.39285221558126837
-0.8280000000000001 0.3993374151424769 0.40882594259570704
-0.8200000000000001 0.4268498879228258 0.438737486846839
-0.812 0.46500963603459355 0.4734697697467101
-0.804 0.49255058639881594 0.5151139718784132
-0.796 0.49225644327727325 0.5009015878519616
-0.788 0.4666040732425952 0.4751246279333152
-0.78 0.43544019031026315 0.43632269346121894
-0.772 0.41922638504027876 0.431659268226408
-0.764 0.42816662983066256 0.44533982717234516
-0.756 0.4602245430090222 0.4773492265873851
-0.748 0.5007331307222004 0.5135274863365418
-0.74 0.5265102754900515 0.55296393909651
-0.732 0.5215010844619882 0.5345172216625154
-0.724 0.4917879203360686 0.5051466715701238
-0.716 0.45976694698862364 0.46306092265151994
-0.708 0.446047671662799 0.4625453589283115
-0.7 0.45962121511872384 0.48093030224736966
-0.692 0.4963754550006119 0.5176341959728976
-0.6839999999999999 0.5388441014858114 0.5573855708465815
-0.6759999999999999 0.5621570507851626 0.5907062670334056
-0.6679999999999999 0.5520484061867699 0.5688509042797416
-0.6599999999999999 0.5185242589961998 0.5364700727134402
-0.6519999999999999 0.4863397496952631 0.49187103893785555
-0.644 0.47599986940346667 0.4959609170777838
-0.636 0.49510844177537106 0.5195353667876901
-0.628 0.5372477801452182 0.5600358396517077
-0.62 0.5820215123178928 0.6204630074062839
-0.612 0.6032524174102263 0.6222982692677631
-0.604 0.5891745814620039 0.6028756098244867
-0.596 0.5539823968900328 0.5699040317400244
-0.588 0.5245266941352182 0.5242270914387581
-0.5800000000000001 0.5208800698564713 0.5331446050844242
-0.5720000000000001 0.548925147437125 0.5621088805734469
-0.5640000000000001 0.5994577327524949 0.6066901744157747
-0.556 0.648753503500874 0.6703734271539956
-0.548 0.6694363904935636 0.6661825114966546
-0.54 0.6525460257666464 0.6413803390264805
-0.532 0.6162153141149926 0.6052768380203382
-0.524 0.5887110680935673 0.5583951659369625
-0.516 0.5891076695761294 0.5734518481794527
-0.508 0.6211774619340675 0.6092012616696588
-0.5 0.6726551064890118 0.6584634678653222
-0.492 0.7166759679505263 0.7252122111097522
-0.484 0.7257060486854225 0.7144522948675901
-0.476 0.6949595675602243 0.6832002945893885
-0.46799999999999997 0.6473769299872452 0.6434304139889131
-0.45999999999999996 0.6131540927759017 0.5952615464461011
-0.45199999999999996 0.6108992223828771 0.6152768009466147
-0.44399999999999995 0.6426686091400471 0.65654559305207
-0.43599999999999994 0.6932347777644687 0.7085409368574912
-0.42799999999999994 0.7327441049032328 0.7750431888470932
-0.42 0.734014353478795 0.757692391299553
-0.41200000000000003 0.6966519864473669 0.7200956595817882
-0.404 0.6476783785055391 0.6779503592255567
-0.396 0.6180059917408246 0.6337645136323412
-0.388 0.6246109127511726 0.6600263388822637
-0.38 0.6666980314066213 0.7087262143548284
-0.372 0.7250397580437236 0.7644677890491731
-0.364 0.7663989554825854 0.8303043879075188
-0.356 0.7644491754154588 0.8062797687907006
-0.348 0.723750559598411 0.763890293069926
-0.33999999999999997 0.6753894728949893 0.7006854272066417
-0.33199999999999996 0.6508587824564799 0.6937041853270862
-0.32399999999999995 0.6655624918724488 0.7160218201520243
-0.31599999999999995 0.7158937566087071 0.7675430684623981
-0.30799999999999994 0.7786542562337907 0.825180681442981
-0.3 0.8177682246167968 0.8865814681587457
-0.29200000000000004 0.8088942743762316 0.8562444407726291
-0.28400000000000003 0.762265297294342 0.8087255514435685
-0.276 0.712885372457196 0.7412035813474086
-0.268 0.6924400710256141 0.7412855625480714
-0.26 0.7144407928949281 0.7714373946980708
-0.252 0.7720387679233384 0.8298727615584599
-0.244 0.8376885579842975 0.8978840899359501
-0.236 0.8727794844661 0.9422042016285602
-0.22799999999999998 0.8558582584297444 0.9079472812986411
-0.21999999999999997 0.8032294543826193 0.8560679845477636
-0.21199999999999997 0.7534322956189301 0.7846556082917473
-0.20399999999999996 0.7378761489235524 0.7915883856762636
-0.19599999999999995 0.7678227541057847 0.829424663923699
-0.18799999999999994 0.8327294864612902 0.8936979249798659
-0.17999999999999994 0.9004134112855536 0.9891974955381603
-0.17199999999999993 0.9302424821069759 0.9903253292234364
-0.16399999999999998 0.904666119794806 0.9582016589463734
-0.15600000000000003 0.8463897185464803 0.9052682415279674
-0.14800000000000002 0.7970600908492136 0.8327702041320617
-0.14 0.7873670597339435 0.8482052720392927
-0.132 0.8259613061025214 0.8953476986484666
-0.124 0.8981307836685338 0.9666522545500044
-0.11599999999999999 0.966844947238101 1.0677726304933675
-0.10799999999999998 0.9901425295304995 1.059558519967199
-0.09999999999999998 0.9554260723764191 1.0189435544892604
-0.09199999999999997 0.8920001382529666 0.961044426939546
-0.08399999999999996 0.8441206107963337 0.8865319323689335
-0.07599999999999996 0.8413126172576659 0.9110317062840109
-0.06799999999999995 0.8892193507837597 0.9681763520579938
-0.05999999999999994 0.9684499743494225 1.0460414965357638
-0.051999999999999935 1.0370140372636427 1.1507959432914394
-0.043999999999999984 1.052491496691666 1.132459473173086
-0.03600000000000003 1.008286186296351 1.0821229424194798
-0.028000000000000025 0.9403540600436692 1.019444587810117
-0.020000000000000018 0.8950016271335978 0.9448882047365637
-0.01200000000000001 0.9001409573921666 0.9784496194344826
-0.0040000000000000036 0.9579671093402585 1.045730932118494
0.0040000000000000036 1.0438771751659501 1.129002867863009
0.01200000000000001 1.1109371168901578 1.23425011514731
0.020000000000000018 1.1173164044435073 1.2053728038802047
0.028000000000000025 1.063429236380987 1.1445160022226724
0.03600000000000003 0.9917819103256905 1.077005106969804
0.04400000000000004 0.950126441062313 1.008427023112286
0.052000000000000046 0.9643071010289208 1.050857636901071
0.06000000000000005 1.0325778579030611 1.1290354059335235
0.06800000000000006 1.124581914595762 1.217552721429401
0.07600000000000007 1.1886188076669886 1.3208944166567331
0.08400000000000007 1.1846648301320484 1.2818532625334174
0.09200000000000008 1.1210760594259062 1.2142364426967922
0.10000000000000009 1.0466534553664761 1.114007221375162
0.1080000000000001 1.009955607577201 1.105306237148903
0.1160000000000001 1.034292006031183 1.142688990561492
0.12400000000000011 1.113423588394775 1.2261943486199682
0.13200000000000012 1.210710468652368 1.3183101654577982
0.14000000000000012 1.2700556717958944 1.4136785495681452
0.14800000000000013 1.2546105513019121 1.3642558902557926
0.15600000000000003 1.1814888320246 1.2879524800841486
0.16399999999999992 1.1053801818459352 1.1801595057102539
0.17199999999999993 1.074988531763603 1.1821840898719849
0.17999999999999994 1.1106009612218974 1.2321182196896134
0.18799999999999994 1.2008701702878823 1.3261156642121472
0.19599999999999995 1.302383909912045 1.4690471999889465
0.20399999999999996 1.3552409887774934 1.4864330969532698
0.21199999999999997 1.327259277256358 1.4472359153802457
0.21999999999999997 1.244974277512815 1.3719178397594627
0.22799999999999998 1.1684177982140045 1.2629408688263366
0.236 1.145764844867683 1.2784591363534406
0.244 1.1937612274498877 1.3437198497229486
0.252 1.2952721237581013 1.4511645878107182
0.26 1.3996970845728012 1.608824858172978
0.268 1.4441705031750915 1.611050438031815
0.276 1.402754373630796 1.5596489406625742
0.28400000000000003 1.311886840771658 1.4754782633436339
0.29200000000000004 1.2362688507053214 1.3603011768759155
0.30000000000000004 1.222865454024635 1.3898138652128422
0.30800000000000005 1.2843188443106872 1.4711860407078747
0.31600000000000006 1.3969671605806444 1.5912884875632851
0.32400000000000007 1.5027187214763718 1.7596819169865086
0.3320000000000001 1.5368490535440102 1.746253659818169
0.3400000000000001 1.4812825029968215 1.6800705844105117
0.3480000000000001 1.382631877144549 1.5867082837705073
0.3560000000000001 1.3094854308002126 1.4673301242302372
0.3640000000000001 1.3069131434702232 1.512176323494312
0.3720000000000001 1.382834541497459 1.6113378450192588
0.3800000000000001 1.5062706954359295 1.7438202044627613
0.3880000000000001 1.6114928530629653 1.9201458074196318
0.39600000000000013 1.6332979586796348 1.889916530330991
0.404 1.5630791272290674 1.8070768749566568
0.4119999999999999 1.4576689045739408 1.70499990469891
0.41999999999999993 1.3886719311644238 1.5862322479933924
0.42799999999999994 1.3985725909886262 1.6469278977230402
0.43599999999999994 1.4898787233071666 1.7649538257021404
0.44399999999999995 1.623470574483026 1.9086076987703997
0.45199999999999996 1.7260416914675971 2.0882754313438916
0.45999999999999996 1.7335630114813159 2.0399477112282582
0.46799999999999997 1.6484338430341476 1.9387661071334494
0.476 1.5375149658707306 1.8246672437070712
0.484 1.4744877849604758 1.7199522811185477
0.492 1.4985496526108204 1.7937928350310695
0.5 1.6060255341656744 1.9301181628277602
0.508 1.748822306560023 2.0829017853433647
0.516 1.846370054771515 2.25920263444712
0.524 1.8377229151177175 2.191951334397014
0.532 1.737695548529513 2.0768878452437356
0.54 1.6227481406271735 1.9068040267854203
0.548 1.5676500993017355 1.8965140135885408
0.556 1.6075897627862503 1.9647895499018002
0.5640000000000001 1.731846062206836 2.1117450923630843
0.5720000000000001 1.8825451113492608 2.271715533330713
0.5800000000000001 1.9724713813442964 2.4333010433280218
0.5880000000000001 1.9458979921643011 2.3472666007126737
0.5960000000000001 1.8312774639271558 2.21583711552151
0.6040000000000001 1.714011233689236 2.0311763319924383
0.6120000000000001 1.668936068054921 2.0373155555214244
0.6200000000000001 1.7264752982558076 2.1251169927006934
0.6280000000000001 1.8679007962020078 2.2869657012393265
0.6360000000000001 2.02481911453971 2.533957862401489
0.6440000000000001 2.104335307866383 2.554172327298917
0.6520000000000001 2.058259005311381 2.4822554775284233
0.6600000000000001 1.9296620512353324 2.3488440294465143
0.668 1.8120156494695503 2.158664979638317
0.6759999999999999 1.7791850229249007 2.1829039343268253
0.6839999999999999 1.8560217636653848 2.2908049495388116
0.692 2.014731516788469 2.4678120402839685
0.7 2.175784019136112 2.7278084518210317
0.708 2.241956723419135 2.71994968432176
0.716 2.1750359474101035 2.62328252881223
0.724 2.03340589474056 2.47265624190913
0.732 1.9175454389559026 2.2713291454664457
0.74 1.89929995577883 2.313962559903975
0.748 1.9970726776206664 2.4409918521682403
0.756 2.1728528732236017 2.6289407586785853
0.764 2.335539562216617 2.8928261260417334
0.772 2.3853461527918483 2.855891750451852
0.78 2.296526687356809 2.7338101130754184
0.788 2.143144614540729 2.569799899985874
0.796 2.031461479375169 2.364678352175358
0.804 2.030248320816955 2.4287947947403947
0.812 2.1504930712932246 2.577873731611126
0.8200000000000001 2.3427439679454642 2.77725357810233
0.8280000000000001 2.5041480265500318 3.041807566156656
0.8360000000000001 2.534541271647375 2.9807448406839008
0.8440000000000001 2.4231053941355998 2.836750298063839
0.8520000000000001 2.259597888638119 2.6667733680407366
0.8600000000000001 2.1547057155034843 2.4709339897368903
0.8680000000000001 2.1730619041915733 2.5611865106895726
0.8760000000000001 2.3171615593645254 2.738334988694265
0.8840000000000001 2.524840338216584 2.9522677469327103
0.8920000000000001 2.6816390171106184 3.217041037116511
0.9000000000000001 2.6896193186265975 3.13334397873334
0.9080000000000001 2.5552307012131186 2.9681602120597237
0.916 2.3835746545234 2.7885295683827076
0.9239999999999999 2.2883053570632583 2.6213870580039282
0.9319999999999999 2.328835533145937 2.733658950178898
0.94 2.4979610058994766 2.938698954994789
0.948 2.719526781494695 3.1654074187539774
0.956 2.8680166360514647 3.421631438477419
0.964 2.8507101480708554 3.313248325232883
0.972 2.693453614112457 3.1335853453325235
0.98 2.5159785485817614 2.871913238264098
0.988 2.4333768891589513 2.8566073348667
0.996 2.498724389232622 2.9710671928674355
