-0.996 0.40020420191564543 0.4002436211851792
-0.988 0.4109515482189157 0.4106837500877544
-0.98 0.39745966855070874 0.3969604039585863
-0.972 0.37127054825093714 0.37162190977306353
-0.964 0.3507897850213654 0.350951949715307
-0.956 0.34867301236325726 0.34814010111427446
-0.948 0.36771103222979995 0.3673527342046695
-0.94 0.40032650535307923 0.4003014456884306
-0.9319999999999999 0.42939915067730755 0.42938358062913856
-0.9239999999999999 0.43700461431570903 0.4365738468519256
-0.916 0.41953793983429977 0.4190402276589632
-0.908 0.3913540955520141 0.3917794743403681
-0.9 0.37179982798109523 0.3717734278704896
-0.892 0.3729062687480842 0.37228124039137495
-0.884 0.39606464807447916 0.39569151424804394
-0.876 0.43156248469539105 0.4315131534804373
-0.868 0.4601801716145875 0.4600704670412916
-0.86 0.4641005000380445 0.46350928923683965
-0.852 0.4425566181612559 0.4420888200160907
-0.844 0.41269356356524944 0.4131597626379885
-0.836 0.3945487142728711 0.394310077907724
-0.8280000000000001 0.3993374151198647 0.39863161925934
-0.8200000000000001 0.4268498878590554 0.4264617461113948
-0.812 0.4650096358592953 0.4649218211017429
-0.804 0.49255058592911843 0.49232249938195183
-0.796 0.49225644205056596 0.4914990767714473
-0.788 0.46660407011978416 0.4662039130596596
-0.78 0.43544018256149747 0.4358964503744803
-0.772 0.4192263662989053 0.4187639255196072
-0.764 0.42816658564795135 0.42738844340396176
-0.756 0.46022444148112973 0.45981953503121387
-0.748 0.5007329033169742 0.5005896233052796
-0.74 0.5265097790148362 0.5261358047454423
-0.732 0.5215000279443166 0.5205800405235506
-0.724 0.49178572885350513 0.49148677935918905
-0.716 0.45976251619691033 0.46014665943946625
-0.708 0.446038939803857 0.4453522604064475
-0.7 0.4596044419873287 0.45875988647615834
-0.692 0.4963440496498631 0.4959173294911574
-0.6839999999999999 0.5387867855736449 0.538568070890618
-0.6759999999999999 0.5620550910191705 0.561505649408071
-0.6679999999999999 0.5518716134116944 0.5508048020365726
-0.6599999999999999 0.5182254578514495 0.5180519507351578
-0.6519999999999999 0.4858475038464435 0.48608996140561805
-0.644 0.47520943846820457 0.4743054001009386
-0.636 0.49387127611511333 0.49296384258602555
-0.628 0.5353603371406532 0.5349057627086707
-0.62 0.579214774176186 0.5789018204254055
-0.612 0.599184126427 0.5984297892937401
-0.604 0.5834267479377021 0.5822376540099342
-0.596 0.5460668957589359 0.5460202493236659
-0.588 0.5139015529214671 0.5139258022029474
-0.5800000000000001 0.5069782048338116 0.5058706242892763
-0.5720000000000001 0.53119577000908 0.5302433339945374
-0.5640000000000001 0.5774185257122287 0.5769620872601227
-0.556 0.6220492461128982 0.6216805355341398
-0.548 0.6378974494661922 0.6369973914919382
-0.54 0.6162385739129619 0.6150744504165165
-0.532 0.5754748010065562 0.5756602197969813
-0.524 0.5441516736683581 0.544015527122906
-0.516 0.5416032378859981 0.5404270786250542
-0.508 0.571813383354553 0.5709287114990822
-0.5 0.6226551064890118 0.6222858755080385
-0.492 0.6673118893710118 0.66695946572104
-0.484 0.6782016169952912 0.6772286547542461
-0.476 0.6504001731350151 0.649406730274157
-0.46799999999999997 0.6066364168788088 0.607109026755698
-0.45999999999999996 0.5768466409222172 0.5765788589924201
-0.45199999999999996 0.5793602813555057 0.5781889549125894
-0.44399999999999995 0.6159643517520713 0.6151649012717614
-0.43599999999999994 0.6711955707242026 0.6708483568971572
-0.42799999999999994 0.7150147274751879 0.7145215212608318
-0.42 0.7201124884561353 0.7188530375115889
-0.41200000000000003 0.6860268452336158 0.6850236139602734
-0.404 0.6397628773744422 0.6402216587370186
-0.396 0.6122581582165229 0.6116202316407646
-0.388 0.6205426217679464 0.6192565287502858
-0.38 0.6638912932649146 0.6631325953167038
-0.372 0.7231523150391586 0.7228623791089628
-0.364 0.7651617898223277 0.7646422567625677
-0.356 0.7636587444801967 0.7623165427938035
-0.348 0.7232583137495914 0.7225190084081933
-0.33999999999999997 0.675090671750239 0.6756263365711945
-0.33199999999999996 0.6506819896814044 0.6497436656192244
-0.32399999999999995 0.6654605321064566 0.664047274402767
-0.31599999999999995 0.7158364406965406 0.7149801328730497
-0.30799999999999994 0.7786228508830418 0.7781380394076021
-0.3 0.8177514514854016 0.8168950097482589
-0.29200000000000004 0.8088855425172896 0.8072270702247168
-0.28400000000000003 0.7622608665026287 0.7616729253195982
-0.276 0.7128831809746325 0.7133461437573418
-0.268 0.6924390145079425 0.6912729959796745
-0.26 0.7144402964197129 0.7130910774878738
-0.252 0.7720385405181122 0.7713419903215574
-0.244 0.8376884564564051 0.837281484017276
-0.236 0.8727794402833888 0.8718134617309834
-0.22799999999999998 0.8558582396883709 0.8540840635868125
-0.21999999999999997 0.8032294466338536 0.8028699307520037
-0.21199999999999997 0.7534322924961191 0.7536229545751687
-0.20399999999999996 0.7378761476968451 0.7362855372583714
-0.19599999999999995 0.7678227536360872 0.7662536308313547
-0.18799999999999994 0.832729486285992 0.8318655158754528
-0.17999999999999994 0.9004134112217832 0.8997735375488756
-0.17199999999999993 0.9302424820843638 0.9289451358134244
-0.16399999999999998 0.9046661197869907 0.902788934858894
-0.15600000000000003 0.8463897185438474 0.8463777303374809
-0.14800000000000002 0.7970600908483491 0.7971078551197028
-0.14 0.7873670597336667 0.7856947880830494
-0.132 0.825961306102435 0.8245294336321428
-0.124 0.8981307836685076 0.8974069325015859
-0.11599999999999999 0.9668449472380932 0.966164876635146
-0.10799999999999998 0.9901425295304973 0.9885530831105067
-0.09999999999999998 0.9554260723764184 0.9534322498625902
-0.09199999999999997 0.8920001382529664 0.8920942555691203
-0.08399999999999996 0.8441206107963337 0.8436112494662278
-0.07599999999999996 0.8413126172576659 0.8392190094759402
-0.06799999999999995 0.8892193507837597 0.8875737222705952
-0.05999999999999994 0.9684499743494225 0.9675560013659386
-0.051999999999999935 1.0370140372636427 1.0360875504985037
-0.043999999999999984 1.052491496691666 1.0505744334898206
-0.03600000000000003 1.008286186296351 1.0064163401134412
-0.028000000000000025 0.9403540600436692 0.9407804391176129
-0.020000000000000018 0.8950016271335978 0.8942281023617095
-0.01200000000000001 0.9001409573921666 0.8980405170188749
-0.0040000000000000036 0.9579671093402585 0.9564621605998462
0.0040000000000000036 1.0438771751659501 1.0430459728017878
0.01200000000000001 1.1109371168901578 1.1098347230465198
0.020000000000000018 1.1173164044435073 1.1150007596737979
0.028000000000000025 1.063429236380987 1.0615737477130658
0.03600000000000003 0.9917819103256905 0.992131335069814
0.04400000000000004 0.950126441062313 0.9486626431753992
0.052000000000000046 0.9643071010289208 0.9618346540858158
0.06000000000000005 1.0325778579030611 1.030865498058155
0.06800000000000006 1.124581914595762 1.1235231309592575
0.07600000000000007 1.1886188076669886 1.187167953412715
0.08400000000000007 1.1846648301320484 1.1819946851986494
0.09200000000000008 1.1210760594259062 1.119519588111773
0.10000000000000009 1.0466534553664761 1.0471036800877958
0.1080000000000001 1.009955607577201 1.008153368821446
0.1160000000000001 1.034292006031183 1.0318486433234397
0.12400000000000011 1.113423588394775 1.111846451420368
0.13200000000000012 1.210710468652368 1.2096475213508717
0.14000000000000012 1.2700556717958944 1.268322946031198
0.14800000000000013 1.2546105513019121 1.2515798152754312
0.15600000000000003 1.1814888320246 1.1801419586043136
0.16399999999999992 1.1053801818459352 1.1055048751335257
0.17199999999999993 1.074988531763603 1.0725133651953915
0.17999999999999994 1.1106009612218974 1.107838421125735
0.18799999999999994 1.2008701702878823 1.1990736166061302
0.19599999999999995 1.302383909912045 1.3009941952587014
0.20399999999999996 1.3552409887774934 1.3529984095728949
0.21199999999999997 1.327259277256358 1.3239015171598418
0.21999999999999997 1.244974277512815 1.2440104429237686
0.22799999999999998 1.1684177982140045 1.1682945963826117
0.236 1.145764844867683 1.1429659371814416
0.244 1.1937612274498877 1.1910559176784046
0.252 1.2952721237581013 1.2936093980482042
0.26 1.3996970845728012 1.3982595586564561
0.268 1.4441705031750915 1.4415797425890322
0.276 1.402754373630796 1.3992409361652536
0.28400000000000003 1.311886840771658 1.311267909881348
0.29200000000000004 1.2362688507053214 1.2355639552855706
0.30000000000000004 1.222865454024635 1.2195038850243591
0.30800000000000005 1.2843188443106872 1.281331345923801
0.31600000000000006 1.3969671605806444 1.3950261474139711
0.32400000000000007 1.5027187214763718 1.5007961034818567
0.3320000000000001 1.5368490535440102 1.5335321163067825
0.3400000000000001 1.4812825029968215 1.4775204647185445
0.3480000000000001 1.382631877144549 1.382251817758604
0.3560000000000001 1.3094854308002126 1.3081342478614035
0.3640000000000001 1.3069131434702232 1.303232031976514
0.3720000000000001 1.382834541497459 1.379878051880225
0.3800000000000001 1.5062706954359295 1.5044058365582995
0.3880000000000001 1.6114928530629653 1.6094533647616058
0.39600000000000013 1.6332979586796348 1.629620082948593
0.404 1.5630791272290674 1.5595298655104968
0.4119999999999999 1.4576689045739408 1.4576386654065838
0.41999999999999993 1.3886719311644238 1.3866347430083823
0.42799999999999994 1.3985725909886262 1.3945340449332762
0.43599999999999994 1.4898787233071666 1.486738374765534
0.44399999999999995 1.623470574483026 1.6212929398441656
0.45199999999999996 1.7260416914675971 1.7233739290008163
0.45999999999999996 1.7335630114813159 1.729032000787652
0.46799999999999997 1.6484338430341476 1.6448139805234034
0.476 1.5375149658707306 1.5373344778025415
0.484 1.4744877849604758 1.4714571119868478
0.492 1.4985496526108204 1.4940616541984895
0.5 1.6060255341656744 1.6027002038472216
0.508 1.748822306560023 1.7464173281745476
0.516 1.846370054771515 1.8432593637683983
0.524 1.8377229151177175 1.832712485818244
0.532 1.737695548529513 1.7345666963844886
0.54 1.6227481406271735 1.6226492746638175
0.548 1.5676500993017355 1.5640147901851469
0.556 1.6075897627862503 1.603037756939097
0.5640000000000001 1.731846062206836 1.7286014793062745
0.5720000000000001 1.8825451113492608 1.8800060930110996
0.5800000000000001 1.9724713813442964 1.9688234675954734
0.5880000000000001 1.9458979921643011 1.9402941257259263
0.5960000000000001 1.8312774639271558 1.828473673346361
0.6040000000000001 1.714011233689236 1.7133827491730473
0.6120000000000001 1.668936068054921 1.6642767457668945
0.6200000000000001 1.7264752982558076 1.7214130388316318
0.6280000000000001 1.8679007962020078 1.8642414086574324
0.6360000000000001 2.02481911453971 2.021621517974577
0.6440000000000001 2.104335307866383 2.099663927484996
0.6520000000000001 2.058259005311381 2.0518774461512606
0.6600000000000001 1.9296620512353324 1.9271191500754017
0.668 1.8120156494695503 1.8106106494067054
0.6759999999999999 1.7791850229249007 1.7736810559884408
0.6839999999999999 1.8560217636653848 1.8507274235709184
0.692 2.014731516788469 2.0110210145592613
0.7 2.175784019136112 2.172365576752465
0.708 2.241956723419135 2.2367535478367504
0.716 2.1750359474101035 2.168607238460817
0.724 2.03340589474056 2.031674384432447
0.732 1.9175454389559026 1.9155698573797393
0.74 1.89929995577883 1.893327478161512
0.748 1.9970726776206664 1.9917252740593914
0.756 2.1728528732236017 2.169047364048679
0.764 2.335539562216617 2.331626530100305
0.772 2.3853461527918483 2.379162472313598
0.78 2.296526687356809 2.2897464203164666
0.788 2.143144614540729 2.1416077417804793
0.796 2.031461479375169 2.0281464787362586
0.804 2.030248320816955 2.0233172698186555
0.812 2.1504930712932246 2.1445598744722707
0.8200000000000001 2.3427439679454642 2.338272802068912
0.8280000000000001 2.5041480265500318 2.499187195867934
0.8360000000000001 2.534541271647375 2.5269639258146293
0.8440000000000001 2.4231053941355998 2.4159689955299877
0.8520000000000001 2.259597888638119 2.2580133095222132
0.8600000000000001 2.1547057155034843 2.149941015869626
0.8680000000000001 2.1730619041915733 2.165393455742346
0.8760000000000001 2.3171615593645254 2.3109317227408197
0.8840000000000001 2.524840338216584 2.5200567381228987
0.8920000000000001 2.6816390171106184 2.67606448182315
0.9000000000000001 2.6896193186265975 2.6812467131828166
0.9080000000000001 2.5552307012131186 2.548614124975928
0.916 2.3835746545234 2.3823245316624466
0.9239999999999999 2.2883053570632583 2.28257639738335
0.9319999999999999 2.328835533145937 2.320981551857824
0.94 2.4979610058994766 2.4918349734991865
0.948 2.719526781494695 2.7146224533558927
0.956 2.8680166360514647 2.8618001654611946
0.964 2.8507101480708554 2.841475216064623
0.972 2.693453614112457 2.6873217416416804
0.98 2.5159785485817614 2.514359956836598
0.988 2.4333768891589513 2.4261664231360864
0.996 2.498724389232622 2.490145261864889
