-0.996 0.40020420191564543 0.40033369602290164
-0.988 0.4109515482189157 0.4116883406554803
-0.98 0.39745966855070874 0.39829956562317154
-0.972 0.37127054825093714 0.3714394166697999
-0.964 0.3507897850213654 0.3506755723013459
-0.956 0.34867301236325726 0.34868829697046716
-0.948 0.36771103222979995 0.3677106842588815
-0.94 0.40032650535307923 0.4001593590029582
-0.9319999999999999 0.42939915067730755 0.4294435463881294
-0.9239999999999999 0.43700461431570903 0.43770015389833494
-0.916 0.4195379398342998 0.42019029494244764
-0.908 0.3913540955520143 0.39129025130727396
-0.9 0.37179982798109584 0.37154395005482893
-0.892 0.37290626874808647 0.3727922733332144
-0.884 0.39606464807448694 0.3958855413919257
-0.876 0.4315624846954173 0.4312083992189977
-0.868 0.46018017161467384 0.46013976364435416
-0.86 0.4641005000383212 0.46472835472122254
-0.852 0.4425566181621205 0.4429780660916234
-0.844 0.41269356356788234 0.4123859335836917
-0.836 0.39454871428068644 0.3941421765325206
-0.8280000000000001 0.3993374151424769 0.39906983024182907
-0.8200000000000001 0.4268498879228258 0.4264612822397077
-0.812 0.46500963603459355 0.4644532433958782
-0.804 0.49255058639881594 0.49242363035411435
-0.796 0.49225644327727325 0.4927819216104322
-0.788 0.4666040732425952 0.4667515362361555
-0.78 0.43544019031026315 0.4348798515903419
-0.772 0.41922638504027876 0.41865645341305735
-0.764 0.42816662983066256 0.4277167085347137
-0.756 0.4602245430090222 0.4595933396024806
-0.748 0.5007331307222004 0.4999608144615789
-0.74 0.5265102754900515 0.5262916248725793
-0.732 0.5215010844619882 0.521879970886864
-0.724 0.4917879203360686 0.4916178815358232
-0.716 0.45976694698862364 0.45894169366233517
-0.708 0.446047671662799 0.4452886190770739
-0.7 0.45962121511872384 0.45893901271124304
-0.692 0.4963754550006119 0.49543567497304514
-0.6839999999999999 0.5388441014858114 0.5377875864425233
-0.6759999999999999 0.5621570507851626 0.5617360951050323
-0.6679999999999999 0.5520484061867699 0.5520545670546402
-0.6599999999999999 0.5185242589961998 0.517704400641232
-0.6519999999999999 0.4863397496952631 0.48475903480160676
-0.644 0.47599986940346667 0.47425701793502917
-0.636 0.49510844177537106 0.49295132841476313
-0.628 0.5372477801452182 0.5341369386788234
-0.62 0.5820215123178928 0.5779775044999241
-0.612 0.6032524174102263 0.5987484168628165
-0.604 0.5891745814620039 0.5833573705753783
-0.596 0.5539823968900328 0.5451638713279671
-0.588 0.5245266941352182 0.5125404924781877
-0.5800000000000001 0.5208800698564713 0.5057919624550113
-0.5720000000000001 0.548925147437125 0.5299477773406662
-0.5640000000000001 0.5994577327524949 0.5757522765707577
-0.556 0.648753503500874 0.6203706161977063
-0.548 0.6694363904935636 0.6369996234482125
-0.54 0.6525460257666464 0.6154231442044171
-0.532 0.6162153141149926 0.57366445204667
-0.524 0.5887110680935673 0.5419923227494421
-0.516 0.5891076695761294 0.53967577504156
-0.508 0.6211774619340675 0.5698301628185505
-0.5 0.6726551064890118 0.6203679977594871
-0.492 0.7166759679505263 0.6653641772738048
-0.484 0.7257060486854225 0.677343784379157
-0.476 0.6949595675602243 0.6495973921047162
-0.46799999999999997 0.6473769299872452 0.604863699862804
-0.45999999999999996 0.6131540927759017 0.5748461090792683
-0.45199999999999996 0.6108992223828771 0.5775030747987991
-0.44399999999999995 0.6426686091400471 0.6138059052607858
-0.43599999999999994 0.6932347777644687 0.6685251370328542
-0.42799999999999994 0.7327441049032328 0.7126601096634986
-0.42 0.734014353478795 0.7187443686382782
-0.41200000000000003 0.6966519864473669 0.6844364231025574
-0.404 0.6476783785055391 0.6372871671841274
-0.396 0.6180059917408246 0.6098647195876332
-0.388 0.6246109127511726 0.6184817434392836
-0.38 0.6666980314066213 0.6616429311140144
-0.372 0.7250397580437236 0.720580659901066
-0.364 0.7663989554825854 0.7631917619247224
-0.356 0.7644491754154588 0.7626472767030074
-0.348 0.723750559598411 0.7216546569730464
-0.33999999999999997 0.6753894728949893 0.6724465136024241
-0.33199999999999996 0.6508587824564799 0.648024072585017
-0.32399999999999995 0.6655624918724488 0.6628772187457055
-0.31599999999999995 0.7158937566087071 0.7127940048334925
-0.30799999999999994 0.7786542562337907 0.7752179751589667
-0.3 0.8177682246167968 0.8151965778739294
-0.29200000000000004 0.8088942743762316 0.8073807274725793
-0.28400000000000003 0.762265297294342 0.7601435527579206
-0.276 0.712885372457196 0.7100400327792905
-0.268 0.6924400710256141 0.6898726657563352
-0.26 0.7144407928949281 0.7119954424284236
-0.252 0.7720387679233384 0.7690804727536271
-0.244 0.8376885579842975 0.8344217845911137
-0.236 0.8727794844661 0.8704340023114396
-0.22799999999999998 0.8558582584297444 0.8542013770340702
-0.21999999999999997 0.8032294543826193 0.8004926500097002
-0.21199999999999997 0.7534322956189301 0.7499013223974226
-0.20399999999999996 0.7378761489235524 0.7345776792756565
-0.19599999999999995 0.7678227541057847 0.7645148442155106
-0.18799999999999994 0.8327294864612902 0.8288813116070687
-0.17999999999999994 0.9004134112855536 0.8965547762932927
-0.17199999999999993 0.9302424821069759 0.9277360076367943
-0.16399999999999998 0.904666119794806 0.9028826674157103
-0.15600000000000003 0.8463897185464803 0.8435231722358494
-0.14800000000000002 0.7970600908492136 0.7936658944199928
-0.14 0.7873670597339435 0.7842802473502122
-0.132 0.8259613061025214 0.8227001253045133
-0.124 0.8981307836685338 0.894120826492633
-0.11599999999999999 0.966844947238101 0.9627964295107523
-0.10799999999999998 0.9901425295304995 0.9873665498732578
-0.09999999999999998 0.9554260723764191 0.9528754555150873
-0.09199999999999997 0.8920001382529666 0.8880734790113246
-0.08399999999999996 0.8441206107963337 0.8398036147213704
-0.07599999999999996 0.8413126172576659 0.8373729894085578
-0.06799999999999995 0.8892193507837597 0.8851069467069249
-0.05999999999999994 0.9684499743494225 0.9637513646728482
-0.051999999999999935 1.0370140372636427 1.0327714025578425
-0.043999999999999984 1.052491496691666 1.0499026267336529
-0.03600000000000003 1.008286186296351 1.005782800344639
-0.028000000000000025 0.9403540600436692 0.9364701317390653
-0.020000000000000018 0.8950016271335978 0.8909159535045232
-0.01200000000000001 0.9001409573921666 0.8963567262670047
-0.0040000000000000036 0.9579671093402585 0.9537373846151951
0.0040000000000000036 1.0438771751659501 1.0388636509840214
0.01200000000000001 1.1109371168901578 1.106440001562087
0.020000000000000018 1.1173164044435073 1.114332521200427
0.028000000000000025 1.063429236380987 1.0600314179991455
0.03600000000000003 0.9917819103256905 0.9869587698152399
0.04400000000000004 0.950126441062313 0.9453337216243809
0.052000000000000046 0.9643071010289208 0.9598662514373801
0.06000000000000005 1.0325778579030611 1.027729910540491
0.06800000000000006 1.124581914595762 1.1193086542308774
0.07600000000000007 1.1886188076669886 1.1846146235406398
0.08400000000000007 1.1846648301320484 1.1826338029404087
0.09200000000000008 1.1210760594259062 1.1186921031853427
0.10000000000000009 1.0466534553664761 1.0433086881363118
0.1080000000000001 1.009955607577201 1.0072353060216532
0.1160000000000001 1.034292006031183 1.0323339571850316
0.12400000000000011 1.113423588394775 1.1114640964013325
0.13200000000000012 1.210710468652368 1.2089419522277187
0.14000000000000012 1.2700556717958944 1.2702121581504375
0.14800000000000013 1.2546105513019121 1.256641673659144
0.15600000000000003 1.1814888320246 1.1826091664377845
0.16399999999999992 1.1053801818459352 1.105580896743118
0.17199999999999993 1.074988531763603 1.0762284480342084
0.17999999999999994 1.1106009612218974 1.11328183490982
0.18799999999999994 1.2008701702878823 1.2047668557655646
0.19599999999999995 1.302383909912045 1.308383484766872
0.20399999999999996 1.3552409887774934 1.3652333098973755
0.21199999999999997 1.327259277256358 1.3402230055858315
0.21999999999999997 1.244974277512815 1.2575789529677222
0.22799999999999998 1.1684177982140045 1.1812030652640428
0.236 1.145764844867683 1.161089662598406
0.244 1.1937612274498877 1.2124792747711566
0.252 1.2952721237581013 1.3176990324421396
0.26 1.3996970845728012 1.4268795527642868
0.268 1.4441705031750915 1.476895573167256
0.276 1.402754373630796 1.4377196324970662
0.28400000000000003 1.311886840771658 1.344789687206085
0.29200000000000004 1.2362688507053214 1.2683477612777498
0.30000000000000004 1.222865454024635 1.2572104929796857
0.30800000000000005 1.2843188443106872 1.3225425303750533
0.31600000000000006 1.3969671605806444 1.4400026472995884
0.32400000000000007 1.5027187214763718 1.5516464935017509
0.3320000000000001 1.5368490535440102 1.5911967024489715
0.3400000000000001 1.4812825029968215 1.535851506469868
0.3480000000000001 1.382631877144549 1.433136649205468
0.3560000000000001 1.3094854308002126 1.3585634125154742
0.3640000000000001 1.3069131434702232 1.358815180020055
0.3720000000000001 1.382834541497459 1.4403391265384369
0.3800000000000001 1.5062706954359295 1.5712796326412812
0.3880000000000001 1.6114928530629653 1.6852749276602244
0.39600000000000013 1.6332979586796348 1.7139294386027182
0.404 1.5630791272290674 1.6433616611107622
0.4119999999999999 1.4576689045739408 1.5334791132491263
0.41999999999999993 1.3886719311644238 1.4640356773511924
0.42799999999999994 1.3985725909886262 1.4790100944473286
0.43599999999999994 1.4898787233071666 1.579449810623258
0.44399999999999995 1.623470574483026 1.7247503115965743
0.45199999999999996 1.7260416914675971 1.83943067061466
0.45999999999999996 1.7335630114813159 1.8540686680760772
0.46799999999999997 1.6484338430341476 1.7658709241534831
0.476 1.5375149658707306 1.6479042847607568
0.484 1.4744877849604758 1.58335605099752
0.492 1.4985496526108204 1.6126474027782405
0.5 1.6060255341656744 1.7301480562004259
0.508 1.748822306560023 1.8850696980473016
0.516 1.846370054771515 1.9929249107702316
0.524 1.8377229151177175 1.9858250305412801
0.532 1.737695548529513 1.8748002952732756
0.54 1.6227481406271735 1.745853362673547
0.548 1.5676500993017355 1.683450622736273
0.556 1.6075897627862503 1.722941476571965
0.5640000000000001 1.731846062206836 1.8512038491070222
0.5720000000000001 1.8825451113492608 2.007857381107674
0.5800000000000001 1.9724713813442964 2.1024227697910693
0.5880000000000001 1.9458979921643011 2.072881472682303
0.5960000000000001 1.8312774639271558 1.9456497081591813
0.6040000000000001 1.714011233689236 1.8162817262560815
0.6120000000000001 1.668936068054921 1.7668221641033615
0.6200000000000001 1.7264752982558076 1.825939662927931
0.6280000000000001 1.8679007962020078 1.9716702480846122
0.6360000000000001 2.02481911453971 2.1324791001897934
0.6440000000000001 2.104335307866383 2.210653306033323
0.6520000000000001 2.058259005311381 2.1502839189499623
0.6600000000000001 1.9296620512353324 1.9959696900951376
0.668 1.8120156494695503 1.8547937179309837
0.6759999999999999 1.7791850229249007 1.8073232728068063
0.6839999999999999 1.8560217636653848 1.8762395960667964
0.692 2.014731516788469 2.0305217291736612
0.7 2.175784019136112 2.1901731638050643
0.708 2.241956723419135 2.257839198820351
0.716 2.1750359474101035 2.1896074174661924
0.724 2.03340589474056 2.0419459912022337
0.732 1.9175454389559026 1.9219657801397834
0.74 1.89929995577883 1.9021833124713527
0.748 1.9970726776206664 1.9977247559827516
0.756 2.1728528732236017 2.170187814301233
0.764 2.335539562216617 2.3313255548187106
0.772 2.3853461527918483 2.382398519484573
0.78 2.296526687356809 2.291997475188894
0.788 2.143144614540729 2.133652156607969
0.796 2.031461479375169 2.019902513302216
0.804 2.030248320816955 2.0184900812013815
0.812 2.1504930712932246 2.137118844537188
0.8200000000000001 2.3427439679454642 2.326795131598164
0.8280000000000001 2.5041480265500318 2.4884005806727947
0.8360000000000001 2.534541271647375 2.5220804753393167
0.8440000000000001 2.4231053941355998 2.4104184473579466
0.8520000000000001 2.259597888638119 2.243807624622172
0.8600000000000001 2.1547057155034843 2.138763458168127
0.8680000000000001 2.1730619041915733 2.1577314384422754
0.8760000000000001 2.3171615593645254 2.300300405211362
0.8840000000000001 2.524840338216584 2.505626365015746
0.8920000000000001 2.6816390171106184 2.663494269743951
0.9000000000000001 2.6896193186265975 2.6750828564419997
0.9080000000000001 2.5552307012131186 2.539836947601396
0.916 2.3835746545234 2.365291794046413
0.9239999999999999 2.2883053570632583 2.2703847865939135
0.9319999999999999 2.328835533145937 2.3113371297525482
0.94 2.4979610058994766 2.4784296693946573
0.948 2.719526781494695 2.6976130414444848
0.956 2.8680166360514647 2.84784128491859
0.964 2.8507101480708554 2.8340252970399016
0.972 2.693453614112457 2.6750366519411033
0.98 2.5159785485817614 2.49486246560485
0.988 2.4333768891589513 2.41289942584994
0.996 2.498724389232622 2.478194595701327
