-0.996 0.40020420191564543 0.40024362118517914
-0.988 0.4109515482189157 0.4106837500877544
-0.98 0.39745966855070874 0.3969604039585861
-0.972 0.37127054825093714 0.3716219097730636
-0.964 0.3507897850213654 0.350951949715307
-0.956 0.34867301236325726 0.3481401011142747
-0.948 0.36771103222979995 0.3673527342046695
-0.94 0.40032650535307923 0.40030144568843085
-0.9319999999999999 0.42939915067730755 0.42938358062913873
-0.9239999999999999 0.43700461431570903 0.43657384685192596
-0.916 0.4195379398342998 0.41904022765896365
-0.908 0.3913540955520143 0.3917794743403683
-0.9 0.37179982798109584 0.3717734278704897
-0.892 0.37290626874808647 0.3722812403913749
-0.884 0.39606464807448694 0.39569151424804433
-0.876 0.4315624846954173 0.43151315348043817
-0.868 0.46018017161467384 0.4600704670412922
-0.86 0.4641005000383212 0.46350928923683987
-0.852 0.4425566181621205 0.44208882001609023
-0.844 0.41269356356788234 0.4131597626379875
-0.836 0.39454871428068644 0.39431007790772327
-0.8280000000000001 0.3993374151424769 0.3986316192593403
-0.8200000000000001 0.4268498879228258 0.4264617461113957
-0.812 0.46500963603459355 0.4649218211017438
-0.804 0.49255058639881594 0.49232249938195244
-0.796 0.49225644327727325 0.4914990767714472
-0.788 0.4666040732425952 0.46620391305965925
-0.78 0.43544019031026315 0.4358964503744802
-0.772 0.41922638504027876 0.4187639255196071
-0.764 0.42816662983066256 0.42738844340396204
-0.756 0.4602245430090222 0.4598195350312153
-0.748 0.5007331307222004 0.5005896233052805
-0.74 0.5265102754900515 0.5261358047454414
-0.732 0.5215010844619882 0.5205800405235479
-0.724 0.4917879203360686 0.49148677935918683
-0.716 0.45976694698862364 0.4601466594394672
-0.708 0.446047671662799 0.4453522604064515
-0.7 0.45962121511872384 0.45875988647615973
-0.692 0.4963754550006119 0.49591732949115064
-0.6839999999999999 0.5388441014858114 0.5385680708906062
-0.6759999999999999 0.5621570507851626 0.5615056494080691
-0.6679999999999999 0.5520484061867699 0.5508048020365867
-0.6599999999999999 0.5185242589961998 0.5180519507351774
-0.6519999999999999 0.4863397496952631 0.48608996140562466
-0.644 0.47599986940346667 0.47430540010091554
-0.636 0.49510844177537106 0.4929638425859883
-0.628 0.5372477801452182 0.5349057627086625
-0.62 0.5820215123178928 0.5789018204254515
-0.612 0.6032524174102263 0.5984297892938149
-0.604 0.5891745814620039 0.5822376540099984
-0.596 0.5539823968900328 0.546020249323701
-0.588 0.5245266941352182 0.5139258022029157
-0.5800000000000001 0.5208800698564713 0.5058706242891159
-0.5720000000000001 0.548925147437125 0.5302433339943874
-0.5640000000000001 0.5994577327524949 0.5769620872601499
-0.556 0.648753503500874 0.6216805355343076
-0.548 0.6694363904935636 0.6369973914921483
-0.54 0.6525460257666464 0.6150744504166346
-0.532 0.6162153141149926 0.5756602197970129
-0.524 0.5887110680935673 0.5440155271228831
-0.516 0.5891076695761294 0.5404270786249243
-0.508 0.6211774619340675 0.5709287114989295
-0.5 0.6726551064890118 0.6222858755082405
-0.492 0.7166759679505263 0.6669594657212985
-0.484 0.7257060486854225 0.6772286547542229
-0.476 0.6949595675602243 0.6494067302741852
-0.46799999999999997 0.6473769299872452 0.6071090267557124
-0.45999999999999996 0.6131540927759017 0.5765788589916239
-0.45199999999999996 0.6108992223828771 0.5781889549122095
-0.44399999999999995 0.6426686091400471 0.6151649012737541
-0.43599999999999994 0.6932347777644687 0.6708483569028985
-0.42799999999999994 0.7327441049032328 0.7145215212687239
-0.42 0.734014353478795 0.7188530375107092
-0.41200000000000003 0.6966519864473669 0.6850236139396955
-0.404 0.6476783785055391 0.6402216587158843
-0.396 0.6180059917408246 0.6116202316631847
-0.388 0.6246109127511726 0.6192565288464172
-0.38 0.6666980314066213 0.6631325954293625
-0.372 0.7250397580437236 0.7228623790866673
-0.364 0.7663989554825854 0.7646422565256104
-0.356 0.7644491754154588 0.7623165425789937
-0.348 0.723750559598411 0.7225190084499846
-0.33999999999999997 0.6753894728949893 0.6756263369686685
-0.33199999999999996 0.6508587824564799 0.649743666202246
-0.32399999999999995 0.6655624918724488 0.6640472746167727
-0.31599999999999995 0.7158937566087071 0.7149801321378786
-0.30799999999999994 0.7786542562337907 0.7781380374366507
-0.3 0.8177682246167968 0.8168950084669007
-0.29200000000000004 0.8088942743762316 0.807227073096669
-0.28400000000000003 0.762265297294342 0.7616729316191263
-0.276 0.712885372457196 0.7133461504412719
-0.268 0.6924400710256141 0.6912729979473518
-0.26 0.7144407928949281 0.7130910703816196
-0.252 0.7720387679233384 0.7713419792534454
-0.244 0.8376885579842975 0.8372814816660747
-0.236 0.8727794844661 0.871813471772048
-0.22799999999999998 0.8558582584297444 0.8540840817710558
-0.21999999999999997 0.8032294543826193 0.8028699498757992
-0.21199999999999997 0.7534322956189301 0.753622963502123
-0.20399999999999996 0.7378761489235524 0.7362855264687609
-0.19599999999999995 0.7678227541057847 0.7662536058931662
-0.18799999999999994 0.8327294864612902 0.8318655253492752
-0.17999999999999994 0.9004134112855536 0.8997736768284378
-0.17199999999999993 0.9302424821069759 0.9289454246104076
-0.16399999999999998 0.904666119794806 0.9027892613774408
-0.15600000000000003 0.8463897185464803 0.8463779511627259
-0.14800000000000002 0.7970600908492136 0.7971078321102455
-0.14 0.7873670597339435 0.7856944241638196
-0.132 0.8259613061025214 0.8245290665967808
-0.124 0.8981307836685338 0.8974069994746425
-0.11599999999999999 0.966844947238101 0.9661656931840027
-0.10799999999999998 0.9901425295304995 0.9885548895329868
-0.09999999999999998 0.9554260723764191 0.953435156975037
-0.09199999999999997 0.8920001382529666 0.8920983361502361
-0.08399999999999996 0.8441206107963337 0.843616870234916
-0.07599999999999996 0.8413126172576659 0.8392269784849564
-0.06799999999999995 0.8892193507837597 0.8875851416422655
-0.05999999999999994 0.9684499743494225 0.9675707521504222
-0.051999999999999935 1.0370140372636427 1.0361039873122038
-0.043999999999999984 1.052491496691666 1.0505905294463083
-0.03600000000000003 1.008286186296351 1.0064315160291035
-0.028000000000000025 0.9403540600436692 0.9407966272398134
-0.020000000000000018 0.8950016271335978 0.8942516845539981
-0.01200000000000001 0.9001409573921666 0.8980839500895683
-0.0040000000000000036 0.9579671093402585 0.9565400058246816
0.0040000000000000036 1.0438771751659501 1.0431729919674724
0.01200000000000001 1.1109371168901578 1.110020950322487
0.020000000000000018 1.1173164044435073 1.115244149278525
0.028000000000000025 1.063429236380987 1.061863860659049
0.03600000000000003 0.9917819103256905 0.9924642068400414
0.04400000000000004 0.950126441062313 0.9490472361657531
0.052000000000000046 0.9643071010289208 0.9622978700399942
0.06000000000000005 1.0325778579030611 1.0314545486073143
0.06800000000000006 1.124581914595762 1.1242982293234964
0.07600000000000007 1.1886188076669886 1.1881789330324457
0.08400000000000007 1.1846648301320484 1.1832492904172973
0.09200000000000008 1.1210760594259062 1.1210006992743953
0.10000000000000009 1.0466534553664761 1.0488346314408865
0.1080000000000001 1.009955607577201 1.0102240749888607
0.1160000000000001 1.034292006031183 1.0344162940752897
0.12400000000000011 1.113423588394775 1.1151022019386054
0.13200000000000012 1.210710468652368 1.2137240445044966
0.14000000000000012 1.2700556717958944 1.2731775549751714
0.14800000000000013 1.2546105513019121 1.2569961444343458
0.15600000000000003 1.1814888320246 1.1859431655199282
0.16399999999999992 1.1053801818459352 1.1117654074615764
0.17199999999999993 1.074988531763603 1.079606982908608
0.17999999999999994 1.1106009612218974 1.1164070317486168
0.18799999999999994 1.2008701702878823 1.2098346772124031
0.19599999999999995 1.302383909912045 1.3143844839928338
0.20399999999999996 1.3552409887774934 1.3688053038770716
0.21199999999999997 1.327259277256358 1.3413465317208788
0.21999999999999997 1.244974277512815 1.2624817468534277
0.22799999999999998 1.1684177982140045 1.1879205602854055
0.236 1.145764844867683 1.164631038857769
0.244 1.1937612274498877 1.2162028631096347
0.252 1.2952721237581013 1.3235633005163598
0.26 1.3996970845728012 1.433278963373579
0.268 1.4441705031750915 1.4802092825272652
0.276 1.402754373630796 1.4390713241238156
0.28400000000000003 1.311886840771658 1.3507979262526444
0.29200000000000004 1.2362688507053214 1.2749729706462944
0.30000000000000004 1.222865454024635 1.2604730008853444
0.30800000000000005 1.2843188443106872 1.3263568027357566
0.31600000000000006 1.3969671605806444 1.4459942615036987
0.32400000000000007 1.5027187214763718 1.5575654233300207
0.3320000000000001 1.5368490535440102 1.593440726727631
0.3400000000000001 1.4812825029968215 1.537123218874302
0.3480000000000001 1.382631877144549 1.439980497962684
0.3560000000000001 1.3094854308002126 1.3649635695049183
0.3640000000000001 1.3069131434702232 1.3623085361021
0.3720000000000001 1.382834541497459 1.4451823377048774
0.3800000000000001 1.5062706954359295 1.5786680510877518
0.3880000000000001 1.6114928530629653 1.6922153566669373
0.39600000000000013 1.6332979586796348 1.7168559754992223
0.404 1.5630791272290674 1.646506641694608
0.4119999999999999 1.4576689045739408 1.5426014859469521
0.41999999999999993 1.3886719311644238 1.4714398783173812
0.42799999999999994 1.3985725909886262 1.4840109591346269
0.43599999999999994 1.4898787233071666 1.5864749780929104
0.44399999999999995 1.623470574483026 1.7345022765319962
0.45199999999999996 1.7260416914675971 1.84810985480427
0.45999999999999996 1.7335630114813159 1.8583188381118547
0.46799999999999997 1.6484338430341476 1.7716203608601377
0.476 1.5375149658707306 1.6594565358135867
0.484 1.4744877849604758 1.591662622769013
0.492 1.4985496526108204 1.6188536732888175
0.5 1.6060255341656744 1.738590386145134
0.508 1.748822306560023 1.8957056835428627
0.516 1.846370054771515 2.0011622240245415
0.524 1.8377229151177175 1.9891520940373968
0.532 1.737695548529513 1.8812734310358237
0.54 1.6227481406271735 1.7577416596654265
0.548 1.5676500993017355 1.6912240301369814
0.556 1.6075897627862503 1.7297905094643256
0.5640000000000001 1.731846062206836 1.8613108607557696
0.5720000000000001 1.8825451113492608 2.0203173989025833
0.5800000000000001 1.9724713813442964 2.111959061578161
0.5880000000000001 1.9458979921643011 2.0780642444025594
0.5960000000000001 1.8312774639271558 1.9555330243003246
0.6040000000000001 1.714011233689236 1.8300097086560132
0.6120000000000001 1.668936068054921 1.7755160300247605
0.6200000000000001 1.7264752982558076 1.8344710308785686
0.6280000000000001 1.8679007962020078 1.9839634872966976
0.6360000000000001 2.02481911453971 2.147045730839373
0.6440000000000001 2.104335307866383 2.22171438557159
0.6520000000000001 2.058259005311381 2.1566175866160737
0.6600000000000001 1.9296620512353324 2.0077488780518262
0.668 1.8120156494695503 1.8676432809754357
0.6759999999999999 1.7791850229249007 1.8149288543264954
0.6839999999999999 1.8560217636653848 1.886344852803564
0.692 2.014731516788469 2.0449970073638752
0.7 2.175784019136112 2.204827361386137
0.708 2.241956723419135 2.2667598374211284
0.716 2.1750359474101035 2.1949664319491116
0.724 2.03340589474056 2.0538900339237403
0.732 1.9175454389559026 1.9342749640850543
0.74 1.89929995577883 1.9096588260680194
0.748 1.9970726776206664 2.006759499144202
0.756 2.1728528732236017 2.1832162806033772
0.764 2.335539562216617 2.3446973012627477
0.772 2.3853461527918483 2.3905154798100674
0.78 2.296526687356809 2.2989369518070704
0.788 2.143144614540729 2.148690147772828
0.796 2.031461479375169 2.0335612668122502
0.804 2.030248320816955 2.0277309837982793
0.812 2.1504930712932246 2.148512794080646
0.8200000000000001 2.3427439679454642 2.342018615293452
0.8280000000000001 2.5041480265500318 2.5027309257868215
0.8360000000000001 2.534541271647375 2.5301756186610076
0.8440000000000001 2.4231053941355998 2.4187295304169343
0.8520000000000001 2.259597888638119 2.2603195662801236
0.8600000000000001 2.1547057155034843 2.1518925001286293
0.8680000000000001 2.1730619041915733 2.167147772636105
0.8760000000000001 2.3171615593645254 2.3126176522253576
0.8840000000000001 2.524840338216584 2.5217234805002775
0.8920000000000001 2.6816390171106184 2.6776764756622193
0.9000000000000001 2.6896193186265975 2.6827211521510512
0.9080000000000001 2.5552307012131186 2.5498909360175883
0.916 2.3835746545234 2.3834044746331906
0.9239999999999999 2.2883053570632583 2.283509556561427
0.9319999999999999 2.328835533145937 2.3218450136388866
0.94 2.4979610058994766 2.4926876609102253
0.948 2.719526781494695 2.7154799068223525
0.956 2.8680166360514647 2.8626318808349502
0.964 2.8507101480708554 2.8422283442646474
0.972 2.693453614112457 2.6879599658449598
0.98 2.5159785485817614 2.5148782815411774
0.988 2.4333768891589513 2.4265832907291296
0.996 2.498724389232622 2.4904887581333774
