-0.996 0.40020420191564543 0.40045914401860855
-0.988 0.4109515482189157 0.4112915124184757
-0.98 0.39745966855070874 0.39723890380336063
-0.972 0.37127054825093714 0.3710651180123531
-0.964 0.3507897850213654 0.3511904462107658
-0.956 0.34867301236325726 0.34900779798346543
-0.948 0.36771103222979995 0.3678005249879206
-0.94 0.40032650535307923 0.4004224252315234
-0.9319999999999999 0.42939915067730755 0.4297994119661814
-0.9239999999999999 0.43700461431570903 0.4373961488130286
-0.916 0.41953793983429977 0.41930557131542356
-0.908 0.3913540955520141 0.3913108365421931
-0.9 0.37179982798109523 0.3723332993504047
-0.892 0.3729062687480842 0.3732902712361849
-0.884 0.39606464807447916 0.3962140323862736
-0.876 0.43156248469539105 0.43178008607526575
-0.868 0.4601801716145875 0.4607382776711545
-0.86 0.4641005000380445 0.46452805213185505
-0.852 0.4425566181612559 0.442334915836022
-0.844 0.41269356356524944 0.41284336759514906
-0.836 0.3945487142728711 0.3952081696424352
-0.8280000000000001 0.3993374151198647 0.3997760851986425
-0.8200000000000001 0.4268498878590554 0.4270757300152227
-0.812 0.4650096358592953 0.4653744078248516
-0.804 0.49255058592911843 0.49327507967597717
-0.796 0.49225644205056596 0.4927045744478058
-0.788 0.46660407011978416 0.46642503768841687
-0.78 0.43544018256149747 0.43580857863530803
-0.772 0.4192263662989053 0.4200050302401258
-0.764 0.42816658564795135 0.4286680675161795
-0.756 0.46022444148112973 0.46054669861360165
-0.748 0.5007329033169742 0.5012723507489092
-0.74 0.5265097790148362 0.5274044029486002
-0.732 0.5215000279443166 0.5219552903069978
-0.724 0.49178572885350513 0.4916906266538179
-0.716 0.45976251619691033 0.4603681856472928
-0.708 0.446038939803857 0.4469316210415867
-0.7 0.4596044419873287 0.4601798735956498
-0.692 0.4963440496498631 0.49678634868424276
-0.6839999999999999 0.5387867855736449 0.5395293444470515
-0.6759999999999999 0.5620550910191705 0.5631175253678548
-0.6679999999999999 0.5518716134116944 0.552325491669877
-0.6599999999999999 0.5182254578514495 0.5182641399327902
-0.6519999999999999 0.4858475038464435 0.4867025688859714
-0.644 0.47520943846820457 0.47621324372717494
-0.636 0.49387127611511333 0.4945329025214183
-0.628 0.5353603371406532 0.5359481127905428
-0.62 0.579214774176186 0.5801895399113253
-0.612 0.599184126427 0.6004105266777432
-0.604 0.5834267479377021 0.5838856252890278
-0.596 0.5460668957589359 0.5462995952766985
-0.588 0.5139015529214671 0.5150086848747244
-0.5800000000000001 0.5069782048338116 0.5080774838826145
-0.5720000000000001 0.53119577000908 0.5319226809450862
-0.5640000000000001 0.5774185257122287 0.5781175336392594
-0.556 0.6220492461128982 0.6231895121800883
-0.548 0.6378974494661922 0.6391575733076102
-0.54 0.6162385739129619 0.6165877498392065
-0.532 0.5754748010065562 0.5758380584292434
-0.524 0.5441516736683581 0.5454043074790053
-0.516 0.5416032378859981 0.5427165118247494
-0.508 0.571813383354553 0.5725546127720378
-0.5 0.6226551064890118 0.6234318685632337
-0.492 0.6673118893710118 0.6685659230370092
-0.484 0.6782016169952912 0.6793861876440301
-0.476 0.6504001731350151 0.6505612916451611
-0.46799999999999997 0.6066364168788088 0.6070810969171012
-0.45999999999999996 0.5768466409222172 0.5781443722149232
-0.45199999999999996 0.5793602813555057 0.5804250040297374
-0.44399999999999995 0.6159643517520713 0.616721140935332
-0.43599999999999994 0.6711955707242026 0.6721385091531004
-0.42799999999999994 0.7150147274751879 0.7165394489633372
-0.42 0.7201124884561353 0.7214130433250635
-0.41200000000000003 0.6860268452336158 0.6862886381187987
-0.404 0.6397628773744422 0.6405741417707302
-0.396 0.6122581582165229 0.6137739413121045
-0.388 0.6205426217679464 0.6216663664370552
-0.38 0.6638912932649146 0.6646832536954179
-0.372 0.7231523150391586 0.7241840132106989
-0.364 0.7651617898223277 0.7667607020581912
-0.356 0.7636587444801967 0.7647981561092483
-0.348 0.7232583137495914 0.7234342692752851
-0.33999999999999997 0.675090671750239 0.6761362496587708
-0.33199999999999996 0.6506819896814044 0.6523361599985384
-0.32399999999999995 0.6654605321064566 0.66670266024464
-0.31599999999999995 0.7158364406965406 0.7168524146352693
-0.30799999999999994 0.7786228508830418 0.7800268994631934
-0.3 0.8177514514854016 0.8196983683795257
-0.29200000000000004 0.8088855425172896 0.8100727990591978
-0.28400000000000003 0.7622608665026287 0.7625549165640453
-0.276 0.7128831809746325 0.7142157302364083
-0.268 0.6924390145079425 0.6941342097581469
-0.26 0.7144402964197129 0.7156271994004149
-0.252 0.7720385405181122 0.7730531620580077
-0.244 0.8376884564564051 0.8392220034131187
-0.236 0.8727794402833888 0.8748250015003824
-0.22799999999999998 0.8558582396883709 0.8569413957146916
-0.21999999999999997 0.8032294466338536 0.803707128263518
-0.21199999999999997 0.7534322924961191 0.755176911010509
-0.20399999999999996 0.7378761476968451 0.7398154737845268
-0.19599999999999995 0.7678227536360872 0.7692394529584334
-0.18799999999999994 0.832729486285992 0.834051294215222
-0.17999999999999994 0.9004134112217832 0.9023324930914011
-0.17199999999999993 0.9302424820843638 0.9324800625040025
-0.16399999999999998 0.9046661197869907 0.9056230031957749
-0.15600000000000003 0.8463897185438474 0.8469914894061574
-0.14800000000000002 0.7970600908483491 0.7989865454731329
-0.14 0.7873670597336667 0.7892641525786521
-0.132 0.825961306102435 0.8273405837676959
-0.124 0.8981307836685076 0.8995641554764243
-0.11599999999999999 0.9668449472380932 0.9690520730607441
-0.10799999999999998 0.9901425295304973 0.9925513032799129
-0.09999999999999998 0.9554260723764184 0.9564170167769335
-0.09199999999999997 0.8920001382529664 0.8930590447682656
-0.08399999999999996 0.8441206107963337 0.8465287468348497
-0.07599999999999996 0.8413126172576659 0.8434838973943474
-0.06799999999999995 0.8892193507837597 0.8908572523183839
-0.05999999999999994 0.9684499743494225 0.9702184833356582
-0.051999999999999935 1.0370140372636427 1.039579028079665
-0.043999999999999984 1.052491496691666 1.054923299654979
-0.03600000000000003 1.008286186296351 1.0091057422351144
-0.028000000000000025 0.9403540600436692 0.9416301735580481
-0.020000000000000018 0.8950016271335978 0.8975320979899745
-0.01200000000000001 0.9001409573921666 0.9022736540080912
-0.0040000000000000036 0.9579671093402585 0.9596487928705675
0.0040000000000000036 1.0438771751659501 1.0459054510533765
0.01200000000000001 1.1109371168901578 1.113904724775803
0.020000000000000018 1.1173164044435073 1.1199054957739738
0.028000000000000025 1.063429236380987 1.0644244647471406
0.03600000000000003 0.9917819103256905 0.993693729202971
0.04400000000000004 0.950126441062313 0.9531194186853558
0.052000000000000046 0.9643071010289208 0.9667336726290137
0.06000000000000005 1.0325778579030611 1.0345782672717099
0.06800000000000006 1.124581914595762 1.1270379945262803
0.07600000000000007 1.1886188076669886 1.1919561858399645
0.08400000000000007 1.1846648301320484 1.187174885154625
0.09200000000000008 1.1210760594259062 1.1220204160176603
0.10000000000000009 1.0466534553664761 1.048893225931666
0.1080000000000001 1.009955607577201 1.0130272190622667
0.1160000000000001 1.034292006031183 1.0367037174871223
0.12400000000000011 1.113423588394775 1.1155431611977944
0.13200000000000012 1.210710468652368 1.213533130316578
0.14000000000000012 1.2700556717958944 1.2737922080664559
0.14800000000000013 1.2546105513019121 1.2571874974349349
0.15600000000000003 1.1814888320246 1.1827741437521773
0.16399999999999992 1.1053801818459352 1.1083375698485374
0.17199999999999993 1.074988531763603 1.0784953504173627
0.17999999999999994 1.1106009612218974 1.11337000429011
0.18799999999999994 1.2008701702878823 1.2034473450148284
0.19599999999999995 1.302383909912045 1.3058116491657425
0.20399999999999996 1.3552409887774934 1.359391331697489
0.21199999999999997 1.327259277256358 1.3297591235642547
0.21999999999999997 1.244974277512815 1.24646996115327
0.22799999999999998 1.1684177982140045 1.171780197609361
0.236 1.145764844867683 1.1493235949419582
0.244 1.1937612274498877 1.1965352946870704
0.252 1.2952721237581013 1.2980185578939545
0.26 1.3996970845728012 1.40352342027839
0.268 1.4441705031750915 1.4485693678706253
0.276 1.402754373630796 1.4051981333020553
0.28400000000000003 1.311886840771658 1.3138840422142868
0.29200000000000004 1.2362688507053214 1.2403164597554728
0.30000000000000004 1.222865454024635 1.2268370766703125
0.30800000000000005 1.2843188443106872 1.287543584475792
0.31600000000000006 1.3969671605806444 1.400369687105967
0.32400000000000007 1.5027187214763718 1.5073763014801727
0.3320000000000001 1.5368490535440102 1.541730178294198
0.3400000000000001 1.4812825029968215 1.4838329821976428
0.3480000000000001 1.382631877144549 1.3852441786841552
0.3560000000000001 1.3094854308002126 1.3140530324716657
0.3640000000000001 1.3069131434702232 1.3110298164143068
0.3720000000000001 1.382834541497459 1.386177088329458
0.3800000000000001 1.5062706954359295 1.5099531223576086
0.3880000000000001 1.6114928530629653 1.6165447222639047
0.39600000000000013 1.6332979586796348 1.6381639980577487
0.404 1.5630791272290674 1.5654671953690789
0.4119999999999999 1.4576689045739408 1.460838183106255
0.41999999999999993 1.3886719311644238 1.3937191511904636
0.42799999999999994 1.3985725909886262 1.4029904974064533
0.43599999999999994 1.4898787233071666 1.4936850282798617
0.44399999999999995 1.623470574483026 1.6279405236166071
0.45199999999999996 1.7260416914675971 1.732027260592249
0.45999999999999996 1.7335630114813159 1.7388678614264057
0.46799999999999997 1.6484338430341476 1.6512086171553486
0.476 1.5375149658707306 1.5417006427137816
0.484 1.4744877849604758 1.4802294113130174
0.492 1.4985496526108204 1.5034060127220066
0.5 1.6060255341656744 1.6103335987849192
0.508 1.748822306560023 1.753997182262732
0.516 1.846370054771515 1.8529912838247626
0.524 1.8377229151177175 1.8429896197376263
0.532 1.737695548529513 1.7405240551493089
0.54 1.6227481406271735 1.6275698195911468
0.548 1.5676500993017355 1.5736339573812381
0.556 1.6075897627862503 1.6125506941692525
0.5640000000000001 1.731846062206836 1.7364568373038602
0.5720000000000001 1.8825451113492608 1.8883738885720498
0.5800000000000001 1.9724713813442964 1.9797335863179253
0.5880000000000001 1.9458979921643011 1.9512460634007014
0.5960000000000001 1.8312774639271558 1.8346192319734822
0.6040000000000001 1.714011233689236 1.7199134561357332
0.6120000000000001 1.668936068054921 1.6755932556681876
0.6200000000000001 1.7264752982558076 1.7320585817536136
0.6280000000000001 1.8679007962020078 1.8733790181539234
0.6360000000000001 2.02481911453971 2.0318440073535644
0.6440000000000001 2.104335307866383 2.1125773327356474
0.6520000000000001 2.058259005311381 2.0639069908161782
0.6600000000000001 1.9296620512353324 1.93381500011545
0.668 1.8120156494695503 1.8190131137797203
0.6759999999999999 1.7791850229249007 1.7863791739091694
0.6839999999999999 1.8560217636653848 1.8620346291540693
0.692 2.014731516788469 2.0208124986403933
0.7 2.175784019136112 2.183622459172926
0.708 2.241956723419135 2.2505776431310967
0.716 2.1750359474101035 2.1804308776449437
0.724 2.03340589474056 2.0380657855243154
0.732 1.9175454389559026 1.9252352448577694
0.74 1.89929995577883 1.9067547312990252
0.748 1.9970726776206664 2.0034387386247925
0.756 2.1728528732236017 2.179668746369458
0.764 2.335539562216617 2.344466819409937
0.772 2.3853461527918483 2.3946204490613994
0.78 2.296526687356809 2.3021723816551574
0.788 2.143144614540729 2.149015524969862
0.796 2.031461479375169 2.0403412598754764
0.804 2.030248320816955 2.0384843686455043
0.812 2.1504930712932246 2.157766803145612
0.8200000000000001 2.3427439679454642 2.3508580898355835
0.8280000000000001 2.5041480265500318 2.514602104659218
0.8360000000000001 2.534541271647375 2.5446425667140593
0.8440000000000001 2.4231053941355998 2.4292430834146694
0.8520000000000001 2.259597888638119 2.266897565736958
0.8600000000000001 2.1547057155034843 2.164684445494669
0.8680000000000001 2.1730619041915733 2.181958542529268
0.8760000000000001 2.3171615593645254 2.3251792055481797
0.8840000000000001 2.524840338216584 2.5340200806398214
0.8920000000000001 2.6816390171106184 2.693190003869458
0.9000000000000001 2.6896193186265975 2.699899387647833
0.9080000000000001 2.5552307012131186 2.56144614412835
0.916 2.3835746545234 2.391923070640556
0.9239999999999999 2.2883053570632583 2.298866842988546
0.9319999999999999 2.328835533145937 2.338031614652383
0.94 2.4979610058994766 2.5065220045943155
0.948 2.719526781494695 2.729739456551383
0.956 2.8680166360514647 2.880664930891558
0.964 2.8507101480708554 2.8612229196214543
0.972 2.693453614112457 2.7002464995578803
0.98 2.5159785485817614 2.525903524202314
0.988 2.4333768891589513 2.444985924503283
0.996 2.498724389232622 2.5088418035078135
