-0.996 0.40020420191564543 0.40045914401860866
-0.988 0.4109515482189157 0.4112915124184756
-0.98 0.39745966855070874 0.3972389038033608
-0.972 0.37127054825093714 0.3710651180123531
-0.964 0.3507897850213654 0.3511904462107657
-0.956 0.34867301236325726 0.3490077979834652
-0.948 0.36771103222979995 0.36780052498792026
-0.94 0.40032650535307923 0.4004224252315228
-0.9319999999999999 0.42939915067730755 0.4297994119661813
-0.9239999999999999 0.43700461431570903 0.43739614881302874
-0.916 0.4195379398342998 0.4193055713154236
-0.908 0.3913540955520143 0.3913108365421928
-0.9 0.37179982798109584 0.37233329935040477
-0.892 0.37290626874808647 0.37329027123618486
-0.884 0.39606464807448694 0.3962140323862736
-0.876 0.4315624846954173 0.43178008607526586
-0.868 0.46018017161467384 0.4607382776711546
-0.86 0.4641005000383212 0.4645280521318549
-0.852 0.4425566181621205 0.4423349158360218
-0.844 0.41269356356788234 0.4128433675951483
-0.836 0.39454871428068644 0.39520816964243455
-0.8280000000000001 0.3993374151424769 0.3997760851986425
-0.8200000000000001 0.4268498879228258 0.4270757300152225
-0.812 0.46500963603459355 0.4653744078248517
-0.804 0.49255058639881594 0.49327507967597783
-0.796 0.49225644327727325 0.4927045744478059
-0.788 0.4666040732425952 0.4664250376884169
-0.78 0.43544019031026315 0.4358085786353083
-0.772 0.41922638504027876 0.42000503024012603
-0.764 0.42816662983066256 0.4286680675161799
-0.756 0.4602245430090222 0.4605466986136027
-0.748 0.5007331307222004 0.5012723507489102
-0.74 0.5265102754900515 0.5274044029486014
-0.732 0.5215010844619882 0.5219552903069979
-0.724 0.4917879203360686 0.4916906266538178
-0.716 0.45976694698862364 0.4603681856472932
-0.708 0.446047671662799 0.44693162104158735
-0.7 0.45962121511872384 0.46017987359565116
-0.692 0.4963754550006119 0.4967863486842442
-0.6839999999999999 0.5388441014858114 0.5395293444470508
-0.6759999999999999 0.5621570507851626 0.5631175253678502
-0.6679999999999999 0.5520484061867699 0.5523254916698722
-0.6599999999999999 0.5185242589961998 0.5182641399327899
-0.6519999999999999 0.4863397496952631 0.48670256888597435
-0.644 0.47599986940346667 0.4762132437271783
-0.636 0.49510844177537106 0.4945329025214176
-0.628 0.5372477801452182 0.5359481127905343
-0.62 0.5820215123178928 0.5801895399113117
-0.612 0.6032524174102263 0.6004105266777333
-0.604 0.5891745814620039 0.583885625289026
-0.596 0.5539823968900328 0.5462995952767079
-0.588 0.5245266941352182 0.5150086848747462
-0.5800000000000001 0.5208800698564713 0.5080774838826334
-0.5720000000000001 0.548925147437125 0.531922680945087
-0.5640000000000001 0.5994577327524949 0.5781175336392271
-0.556 0.648753503500874 0.6231895121800515
-0.548 0.6694363904935636 0.6391575733076378
-0.54 0.6525460257666464 0.6165877498392128
-0.532 0.6162153141149926 0.5758380584291665
-0.524 0.5887110680935673 0.5454043074789948
-0.516 0.5891076695761294 0.542716511824986
-0.508 0.6211774619340675 0.572554612772229
-0.5 0.6726551064890118 0.6234318685629269
-0.492 0.7166759679505263 0.6685659230362989
-0.484 0.7257060486854225 0.679386187643237
-0.476 0.6949595675602243 0.6505612916447604
-0.46799999999999997 0.6473769299872452 0.6070810969177479
-0.45999999999999996 0.6131540927759017 0.5781443722158632
-0.45199999999999996 0.6108992223828771 0.5804250040294704
-0.44399999999999995 0.6426686091400471 0.6167211409334608
-0.43599999999999994 0.6932347777644687 0.6721385091506467
-0.42799999999999994 0.7327441049032328 0.7165394489618422
-0.42 0.734014353478795 0.7214130433266142
-0.41200000000000003 0.6966519864473669 0.6862886381240596
-0.404 0.6476783785055391 0.6405741417767279
-0.396 0.6180059917408246 0.6137739413101722
-0.388 0.6246109127511726 0.6216663664064708
-0.38 0.6666980314066213 0.6646832536326376
-0.372 0.7250397580437236 0.7241840131697905
-0.364 0.7663989554825854 0.7667607021202487
-0.356 0.7644491754154588 0.7647981562361439
-0.348 0.723750559598411 0.7234342693798668
-0.33999999999999997 0.6753894728949893 0.6761362496450577
-0.33199999999999996 0.6508587824564799 0.6523361597576576
-0.32399999999999995 0.6655624918724488 0.6667026598882432
-0.31599999999999995 0.7158937566087071 0.7168524145636344
-0.30799999999999994 0.7786542562337907 0.7800269002159981
-0.3 0.8177682246167968 0.8196983700656328
-0.29200000000000004 0.8088942743762316 0.8100727999545623
-0.28400000000000003 0.762265297294342 0.7625549142538914
-0.276 0.712885372457196 0.714215724185314
-0.268 0.6924400710256141 0.6941342030179974
-0.26 0.7144407928949281 0.7156271989465572
-0.252 0.7720387679233384 0.773053172959222
-0.244 0.8376885579842975 0.8392220213957373
-0.236 0.8727794844661 0.8748250173854947
-0.22799999999999998 0.8558582584297444 0.8569414012455818
-0.21999999999999997 0.8032294543826193 0.8037071197254911
-0.21199999999999997 0.7534322956189301 0.7551768885052932
-0.20399999999999996 0.7378761489235524 0.7398154488074788
-0.19599999999999995 0.7678227541057847 0.7692394652011457
-0.18799999999999994 0.8327294864612902 0.8340513872164361
-0.17999999999999994 0.9004134112855536 0.902332644380145
-0.17199999999999993 0.9302424821069759 0.9324802040580329
-0.16399999999999998 0.904666119794806 0.905623022415786
-0.15600000000000003 0.8463897185464803 0.8469913251826814
-0.14800000000000002 0.7970600908492136 0.798986347070696
-0.14 0.7873670597339435 0.7892642496303754
-0.132 0.8259613061025214 0.8273413203549647
-0.124 0.8981307836685338 0.8995657890568992
-0.11599999999999999 0.966844947238101 0.9690545347456831
-0.10799999999999998 0.9901425295304995 0.9925541177159558
-0.09999999999999998 0.9554260723764191 0.9564195623221644
-0.09199999999999997 0.8920001382529666 0.8930605312931932
-0.08399999999999996 0.8441206107963337 0.846528223076128
-0.07599999999999996 0.8413126172576659 0.8434814631032158
-0.06799999999999995 0.8892193507837597 0.8908565288605835
-0.05999999999999994 0.9684499743494225 0.9702253533272599
-0.051999999999999935 1.0370140372636427 1.0395980368172633
-0.043999999999999984 1.052491496691666 1.0549550018010256
-0.03600000000000003 1.008286186296351 1.0091464295944368
-0.028000000000000025 0.9403540600436692 0.9416736686813656
-0.020000000000000018 0.8950016271335978 0.8975735839176784
-0.01200000000000001 0.9001409573921666 0.9023156139927209
-0.0040000000000000036 0.9579671093402585 0.9597021416380697
0.0040000000000000036 1.0438771751659501 1.0459867692553342
0.01200000000000001 1.1109371168901578 1.1140313949139218
0.020000000000000018 1.1173164044435073 1.1200899193378588
0.028000000000000025 1.063429236380987 1.0646722270151825
0.03600000000000003 0.9917819103256905 0.9940121644565951
0.04400000000000004 0.950126441062313 0.9535307044890432
0.052000000000000046 0.9643071010289208 0.9672788472413971
0.06000000000000005 1.0325778579030611 1.0353098127456413
0.06800000000000006 1.124581914595762 1.1279970952852283
0.07600000000000007 1.1886188076669886 1.1931415903443905
0.08400000000000007 1.1846648301320484 1.1885344609903798
0.09200000000000008 1.1210760594259062 1.1234980173361426
0.10000000000000009 1.0466534553664761 1.0504961647737932
0.1080000000000001 1.009955607577201 1.0148506044148067
0.1160000000000001 1.034292006031183 1.038921983990003
0.12400000000000011 1.113423588394775 1.1183689859895791
0.13200000000000012 1.210710468652368 1.21712866936819
0.14000000000000012 1.2700556717958944 1.2781635153504736
0.14800000000000013 1.2546105513019121 1.2621733944447102
0.15600000000000003 1.1814888320246 1.188220707546419
0.16399999999999992 1.1053801818459352 1.1143222203547667
0.17199999999999993 1.074988531763603 1.0853934293767313
0.17999999999999994 1.1106009612218974 1.1217988492588336
0.18799999999999994 1.2008701702878823 1.21409486265288
0.19599999999999995 1.302383909912045 1.319092281997343
0.20399999999999996 1.3552409887774934 1.3750830987159335
0.21199999999999997 1.327259277256358 1.3470628131322722
0.21999999999999997 1.244974277512815 1.2647050369489585
0.22799999999999998 1.1684177982140045 1.1910497936675033
0.236 1.145764844867683 1.1705241642608932
0.244 1.1937612274498877 1.2210455951420565
0.252 1.2952721237581013 1.3271149902077515
0.26 1.3996970845728012 1.4374905842534096
0.268 1.4441705031750915 1.486071993456333
0.276 1.402754373630796 1.4439138708122032
0.28400000000000003 1.311886840771658 1.352304548244506
0.29200000000000004 1.2362688507053214 1.278766241375848
0.30000000000000004 1.222865454024635 1.2670561663033066
0.30800000000000005 1.2843188443106872 1.3319146809113316
0.31600000000000006 1.3969671605806444 1.4507420716220578
0.32400000000000007 1.5027187214763718 1.5636617989740116
0.3320000000000001 1.5368490535440102 1.6013277065996006
0.3400000000000001 1.4812825029968215 1.5432086884368923
0.3480000000000001 1.382631877144549 1.442736207740376
0.3560000000000001 1.3094854308002126 1.3708262727103768
0.3640000000000001 1.3069131434702232 1.3701852023284604
0.3720000000000001 1.382834541497459 1.4515188734466729
0.3800000000000001 1.5062706954359295 1.5841597556411198
0.3880000000000001 1.6114928530629653 1.6991837036667923
0.39600000000000013 1.6332979586796348 1.7251999082782046
0.404 1.5630791272290674 1.6519808070188984
0.4119999999999999 1.4576689045739408 1.5449888720766145
0.41999999999999993 1.3886719311644238 1.4776462395891081
0.42799999999999994 1.3985725909886262 1.4913979722023278
0.43599999999999994 1.4898787233071666 1.5919274932819434
0.44399999999999995 1.623470574483026 1.7392163295215317
0.45199999999999996 1.7260416914675971 1.854594495764943
0.45999999999999996 1.7335630114813159 1.865968433005055
0.46799999999999997 1.6484338430341476 1.775739210795985
0.476 1.5375149658707306 1.6616173410962296
0.484 1.4744877849604758 1.5988851427713167
0.492 1.4985496526108204 1.6271902647930034
0.5 1.6060255341656744 1.7457125359510823
0.508 1.748822306560023 1.903558957724278
0.516 1.846370054771515 2.0122882785182403
0.524 1.8377229151177175 2.001860938024718
0.532 1.737695548529513 1.8900583100027188
0.54 1.6227481406271735 1.7659285217341179
0.548 1.5676500993017355 1.7049272402213926
0.556 1.6075897627862503 1.743663945401233
0.5640000000000001 1.731846062206836 1.8735996808227335
0.5720000000000001 1.8825451113492608 2.033291924741032
0.5800000000000001 1.9724713813442964 2.127597574486628
0.5880000000000001 1.9458979921643011 2.0933098344298973
0.5960000000000001 1.8312774639271558 1.9650763057917733
0.6040000000000001 1.714011233689236 1.8395614287956383
0.6120000000000001 1.668936068054921 1.7898579304956943
0.6200000000000001 1.7264752982558076 1.8480848925255653
0.6280000000000001 1.8679007962020078 1.9965233912356382
0.6360000000000001 2.02481911453971 2.162138644143848
0.6440000000000001 2.104335307866383 2.2429934829884486
0.6520000000000001 2.058259005311381 2.182177227981319
0.6600000000000001 1.9296620512353324 2.0297927005282284
0.668 1.8120156494695503 1.8908701000657375
0.6759999999999999 1.7791850229249007 1.8380007440202104
0.6839999999999999 1.8560217636653848 1.9012783118447603
0.692 2.014731516788469 2.055497465350461
0.7 2.175784019136112 2.216892218415349
0.708 2.241956723419135 2.2820069958214
0.716 2.1750359474101035 2.2085066460449276
0.724 2.03340589474056 2.062007408406201
0.732 1.9175454389559026 1.94538228635736
0.74 1.89929995577883 1.9240281877267973
0.748 1.9970726776206664 2.018851919367169
0.756 2.1728528732236017 2.193847090068668
0.764 2.335539562216617 2.357407073623098
0.772 2.3853461527918483 2.405871223201882
0.78 2.296526687356809 2.311387631687337
0.788 2.143144614540729 2.156344633213857
0.796 2.031461479375169 2.046277757072561
0.804 2.030248320816955 2.043607758707709
0.812 2.1504930712932246 2.162558181471025
0.8200000000000001 2.3427439679454642 2.3555593528740264
0.8280000000000001 2.5041480265500318 2.519172107326163
0.8360000000000001 2.534541271647375 2.54883904791214
0.8440000000000001 2.4231053941355998 2.4328389285263743
0.8520000000000001 2.259597888638119 2.269850380314373
0.8600000000000001 2.1547057155034843 2.1670951545183197
0.8680000000000001 2.1730619041915733 2.1839775067822123
0.8760000000000001 2.3171615593645254 2.326938438818969
0.8840000000000001 2.524840338216584 2.53558277569566
0.8920000000000001 2.6816390171106184 2.6945462980837256
0.9000000000000001 2.6896193186265975 2.7010121209724565
0.9080000000000001 2.5552307012131186 2.562315126140472
0.916 2.3835746545234 2.3926006865776586
0.9239999999999999 2.2883053570632583 2.2994264558255595
0.9319999999999999 2.328835533145937 2.3385410606071027
0.94 2.4979610058994766 2.507024704964707
0.948 2.719526781494695 2.730249306491677
0.956 2.8680166360514647 2.8811675558796006
0.964 2.8507101480708554 2.8616880961546958
0.972 2.693453614112457 2.7006527919175856
0.98 2.5159785485817614 2.5262510017796016
0.988 2.4333768891589513 2.44528894842552
0.996 2.498724389232622 2.5091181630467507
