-0.996 0.40020420191564543 0.4003336960229014
-0.988 0.4109515482189157 0.4116883406554803
-0.98 0.39745966855070874 0.39829956562317126
-0.972 0.37127054825093714 0.37143941666979974
-0.964 0.3507897850213654 0.3506755723013457
-0.956 0.34867301236325726 0.3486882969704675
-0.948 0.36771103222979995 0.367710684258882
-0.94 0.40032650535307923 0.4001593590029583
-0.9319999999999999 0.42939915067730755 0.4294435463881295
-0.9239999999999999 0.43700461431570903 0.4377001538983353
-0.916 0.41953793983429977 0.4201902949424477
-0.908 0.3913540955520141 0.3912902513072741
-0.9 0.37179982798109523 0.37154395005482893
-0.892 0.3729062687480842 0.3727922733332142
-0.884 0.39606464807447916 0.3958855413919255
-0.876 0.43156248469539105 0.43120839921899773
-0.868 0.4601801716145875 0.46013976364435466
-0.86 0.4641005000380445 0.46472835472122315
-0.852 0.4425566181612559 0.4429780660916235
-0.844 0.41269356356524944 0.4123859335836916
-0.836 0.3945487142728711 0.3941421765325207
-0.8280000000000001 0.3993374151198647 0.39906983024182946
-0.8200000000000001 0.4268498878590554 0.426461282239708
-0.812 0.4650096358592953 0.46445324339587823
-0.804 0.49255058592911843 0.49242363035411385
-0.796 0.49225644205056596 0.49278192161043133
-0.788 0.46660407011978416 0.4667515362361552
-0.78 0.43544018256149747 0.4348798515903418
-0.772 0.4192263662989053 0.41865645341305696
-0.764 0.42816658564795135 0.4277167085347131
-0.756 0.46022444148112973 0.4595933396024805
-0.748 0.5007329033169742 0.4999608144615787
-0.74 0.5265097790148362 0.5262916248725793
-0.732 0.5215000279443166 0.5218799708868636
-0.724 0.49178572885350513 0.4916178815358228
-0.716 0.45976251619691033 0.4589416936623356
-0.708 0.446038939803857 0.4452886190770743
-0.7 0.4596044419873287 0.4589390127112418
-0.692 0.4963440496498631 0.49543567497304253
-0.6839999999999999 0.5387867855736449 0.5377875864425226
-0.6759999999999999 0.5620550910191705 0.5617360951050354
-0.6679999999999999 0.5518716134116944 0.5520545670546475
-0.6599999999999999 0.5182254578514495 0.5177044006412372
-0.6519999999999999 0.4858475038464435 0.4847590348016017
-0.644 0.47520943846820457 0.47425701793501546
-0.636 0.49387127611511333 0.4929513284147512
-0.628 0.5353603371406532 0.5341369386788273
-0.62 0.579214774176186 0.5779775044999591
-0.612 0.599184126427 0.598748416862865
-0.604 0.5834267479377021 0.5833573705754004
-0.596 0.5460668957589359 0.5451638713279849
-0.588 0.5139015529214671 0.5125404924782587
-0.5800000000000001 0.5069782048338116 0.5057919624551346
-0.5720000000000001 0.53119577000908 0.5299477773405896
-0.5640000000000001 0.5774185257122287 0.57575227657008
-0.556 0.6220492461128982 0.6203706161972408
-0.548 0.6378974494661922 0.6369996234481052
-0.54 0.6162385739129619 0.615423144204309
-0.532 0.5754748010065562 0.5736644520467598
-0.524 0.5441516736683581 0.5419923227501692
-0.516 0.5416032378859981 0.5396757750421315
-0.508 0.571813383354553 0.5698301628179101
-0.5 0.6226551064890118 0.620367997758157
-0.492 0.6673118893710118 0.6653641772730879
-0.484 0.6782016169952912 0.677343784379588
-0.476 0.6504001731350151 0.6495973921059541
-0.46799999999999997 0.6066364168788088 0.6048636998633015
-0.45999999999999996 0.5768466409222172 0.574846109077601
-0.45199999999999996 0.5793602813555057 0.5775030747966359
-0.44399999999999995 0.6159643517520713 0.6138059052603186
-0.43599999999999994 0.6711955707242026 0.6685251370336358
-0.42799999999999994 0.7150147274751879 0.7126601096620585
-0.42 0.7201124884561353 0.7187443686297952
-0.41200000000000003 0.6860268452336158 0.6844364230774408
-0.404 0.6397628773744422 0.6372871671525717
-0.396 0.6122581582165229 0.609864719577196
-0.388 0.6205426217679464 0.6184817434575991
-0.38 0.6638912932649146 0.661642931145566
-0.372 0.7231523150391586 0.7205806599282529
-0.364 0.7651617898223277 0.7631917619327865
-0.356 0.7636587444801967 0.7626472766932948
-0.348 0.7232583137495914 0.721654656945751
-0.33999999999999997 0.675090671750239 0.6724465135647812
-0.33199999999999996 0.6506819896814044 0.6480240725838492
-0.32399999999999995 0.6654605321064566 0.6628772187905323
-0.31599999999999995 0.7158364406965406 0.7127940048043904
-0.30799999999999994 0.7786228508830418 0.7752179747499137
-0.3 0.8177514514854016 0.8151965763910933
-0.29200000000000004 0.8088855425172896 0.8073807251876779
-0.28400000000000003 0.7622608665026287 0.7601435515956574
-0.276 0.7128831809746325 0.7100400346581102
-0.268 0.6924390145079425 0.6898726700789481
-0.26 0.7144402964197129 0.7119954460784814
-0.252 0.7720385405181122 0.769080474500995
-0.244 0.8376884564564051 0.8344217865221807
-0.236 0.8727794402833888 0.8704340075912318
-0.22799999999999998 0.8558582396883709 0.8542013864431078
-0.21999999999999997 0.8032294466338536 0.8004926614599249
-0.21199999999999997 0.7534322924961191 0.7499013304567118
-0.20399999999999996 0.7378761476968451 0.73457766708289
-0.19599999999999995 0.7678227536360872 0.7645147803349599
-0.18799999999999994 0.832729486285992 0.8288812077141419
-0.17999999999999994 0.9004134112217832 0.8965547180894706
-0.17199999999999993 0.9302424820843638 0.9277360499723442
-0.16399999999999998 0.9046661197869907 0.9028828198718224
-0.15600000000000003 0.8463897185438474 0.8435233347489316
-0.14800000000000002 0.7970600908483491 0.7936657940372143
-0.14 0.7873670597336667 0.7842797167303491
-0.132 0.825961306102435 0.8226990928791018
-0.124 0.8981307836685076 0.8941192684421393
-0.11599999999999999 0.9668449472380932 0.962794423115712
-0.10799999999999998 0.9901425295304973 0.9873642637747697
-0.09999999999999998 0.9554260723764184 0.9528730378542158
-0.09199999999999997 0.8920001382529664 0.8880709057727056
-0.08399999999999996 0.8441206107963337 0.8398005197772521
-0.07599999999999996 0.8413126172576659 0.8373675514700958
-0.06799999999999995 0.8892193507837597 0.8850938722164456
-0.05999999999999994 0.9684499743494225 0.9637264016093882
-0.051999999999999935 1.0370140372636427 1.0327361477775108
-0.043999999999999984 1.052491496691666 1.0498636186372634
-0.03600000000000003 1.008286186296351 1.0057487220962629
-0.028000000000000025 0.9403540600436692 0.9364478817486341
-0.020000000000000018 0.8950016271335978 0.8908888169496125
-0.01200000000000001 0.9001409573921666 0.8963019813817917
-0.0040000000000000036 0.9579671093402585 0.9536342591150149
0.0040000000000000036 1.0438771751659501 1.038695833787425
0.01200000000000001 1.1109371168901578 1.106202501250488
0.020000000000000018 1.1173164044435073 1.1140380471519942
0.028000000000000025 1.063429236380987 1.0597048467958945
0.03600000000000003 0.9917819103256905 0.9866204933199012
0.04400000000000004 0.950126441062313 0.9449903622603143
0.052000000000000046 0.9643071010289208 0.9595068554554422
0.06000000000000005 1.0325778579030611 1.027306736787916
0.06800000000000006 1.124581914595762 1.11873787415967
0.07600000000000007 1.1886188076669886 1.1838122950213985
0.08400000000000007 1.1846648301320484 1.1815494430157951
0.09200000000000008 1.1210760594259062 1.1173056205262553
0.10000000000000009 1.0466534553664761 1.0415752137020438
0.1080000000000001 1.009955607577201 1.0050450133918187
0.1160000000000001 1.034292006031183 1.0295144952126858
0.12400000000000011 1.113423588394775 1.107817617006157
0.13200000000000012 1.210710468652368 1.2043529165783986
0.14000000000000012 1.2700556717958944 1.2647683343537737
0.14800000000000013 1.2546105513019121 1.2506293207474772
0.15600000000000003 1.1814888320246 1.1762962090230662
0.16399999999999992 1.1053801818459352 1.098944958828721
0.17199999999999993 1.074988531763603 1.0688789455729162
0.17999999999999994 1.1106009612218974 1.1045680592268485
0.18799999999999994 1.2008701702878823 1.1939888002571237
0.19599999999999995 1.302383909912045 1.295122993971835
0.20399999999999996 1.3552409887774934 1.3496735493623795
0.21199999999999997 1.327259277256358 1.323078784949974
0.21999999999999997 1.244974277512815 1.23948250659131
0.22799999999999998 1.1684177982140045 1.1620404823165416
0.236 1.145764844867683 1.1398901604348826
0.244 1.1937612274498877 1.1877841604446449
0.252 1.2952721237581013 1.2881921788171076
0.26 1.3996970845728012 1.3922538426990365
0.268 1.4441705031750915 1.4384501484591778
0.276 1.402754373630796 1.3977903586736315
0.28400000000000003 1.311886840771658 1.3050576256614228
0.29200000000000004 1.2362688507053214 1.2286041116716637
0.30000000000000004 1.222865454024635 1.2156294949589554
0.30800000000000005 1.2843188443106872 1.2766965933256018
0.31600000000000006 1.3969671605806444 1.3880904545763872
0.32400000000000007 1.5027187214763718 1.4938414686224826
0.3320000000000001 1.5368490535440102 1.5301592221012335
0.3400000000000001 1.4812825029968215 1.4752340275990612
0.3480000000000001 1.382631877144549 1.374847922737477
0.3560000000000001 1.3094854308002126 1.3014517892026733
0.3640000000000001 1.3069131434702232 1.2995816269482612
0.3720000000000001 1.382834541497459 1.375107714157255
0.3800000000000001 1.5062706954359295 1.4973567597828932
0.3880000000000001 1.6114928530629653 1.6029854918920896
0.39600000000000013 1.6332979586796348 1.627059430150732
0.404 1.5630791272290674 1.5567423467156913
0.4119999999999999 1.4576689045739408 1.4491855339118045
0.41999999999999993 1.3886719311644238 1.379914063089509
0.42799999999999994 1.3985725909886262 1.3901564558922113
0.43599999999999994 1.4898787233071666 1.4805101944596837
0.44399999999999995 1.623470574483026 1.6126134871092264
0.45199999999999996 1.7260416914675971 1.7158365703733824
0.45999999999999996 1.7335630114813159 1.7256695203666446
0.46799999999999997 1.6484338430341476 1.639990062876334
0.476 1.5375149658707306 1.527126568279285
0.484 1.4744877849604758 1.4643430285462022
0.492 1.4985496526108204 1.4888956131455118
0.5 1.6060255341656744 1.5954320541591291
0.508 1.748822306560023 1.737096583363002
0.516 1.846370054771515 1.8361001348931074
0.524 1.8377229151177175 1.8299892793049135
0.532 1.737695548529513 1.7289917966686295
0.54 1.6227481406271735 1.6122564766332528
0.548 1.5676500993017355 1.5575937075692643
0.556 1.6075897627862503 1.5977242461025363
0.5640000000000001 1.731846062206836 1.7205684013028955
0.5720000000000001 1.8825451113492608 1.870003688346369
0.5800000000000001 1.9724713813442964 1.9615902342629203
0.5880000000000001 1.9458979921643011 1.9370572293757427
0.5960000000000001 1.8312774639271558 1.8206498525137538
0.6040000000000001 1.714011233689236 1.701634029136172
0.6120000000000001 1.668936068054921 1.6570553470920046
0.6200000000000001 1.7264752982558076 1.7144291454404614
0.6280000000000001 1.8679007962020078 1.8540602667919373
0.6360000000000001 2.02481911453971 2.0098981947043186
0.6440000000000001 2.104335307866383 2.0916653669699894
0.6520000000000001 2.058259005311381 2.0475055964064612
0.6600000000000001 1.9296620512353324 1.9169318210299189
0.668 1.8120156494695503 1.7981870375085165
0.6759999999999999 1.7791850229249007 1.7663100763673614
0.6839999999999999 1.8560217636653848 1.8430044564616348
0.692 2.014731516788469 1.999979785848411
0.7 2.175784019136112 2.1605849360381706
0.708 2.241956723419135 2.2297043217380907
0.716 2.1750359474101035 2.1642763457133363
0.724 2.03340589474056 2.020186439701277
0.732 1.9175454389559026 1.9034400761268464
0.74 1.89929995577883 1.8859860306987826
0.748 1.9970726776206664 1.9830135570182197
0.756 2.1728528732236017 2.1565493130588025
0.764 2.335539562216617 2.318921298889013
0.772 2.3853461527918483 2.371775280472019
0.78 2.296526687356809 2.283573184691411
0.788 2.143144614540729 2.1273027104181206
0.796 2.031461479375169 2.015064484880888
0.804 2.030248320816955 2.014522469588337
0.812 2.1504930712932246 2.133520406433737
0.8200000000000001 2.3427439679454642 2.3232872859102893
0.8280000000000001 2.5041480265500318 2.4849419343098815
0.8360000000000001 2.534541271647375 2.5188058955876764
0.8440000000000001 2.4231053941355998 2.4074959267185423
0.8520000000000001 2.259597888638119 2.241296189384791
0.8600000000000001 2.1547057155034843 2.1365971162478474
0.8680000000000001 2.1730619041915733 2.155799974990443
0.8760000000000001 2.3171615593645254 2.298517477357603
0.8840000000000001 2.524840338216584 2.503967340431431
0.8920000000000001 2.6816390171106184 2.662004841091484
0.9000000000000001 2.6896193186265975 2.673840597461062
0.9080000000000001 2.5552307012131186 2.538881378006643
0.916 2.3835746545234 2.364589179435289
0.9239999999999999 2.2883053570632583 2.2698562459223384
0.9319999999999999 2.328835533145937 2.310901599089685
0.94 2.4979610058994766 2.4780268118755515
0.948 2.719526781494695 2.6972111028314067
0.956 2.8680166360514647 2.847437562349513
0.964 2.8507101480708554 2.8336370635084744
0.972 2.693453614112457 2.6746821399214444
0.98 2.5159785485817614 2.4945455099736167
0.988 2.4333768891589513 2.412610176790386
0.996 2.498724389232622 2.477919391305309
