-0.996 0.40020420191564543 0.3991823878189749
-0.988 0.4109515482189157 0.4109624843237044
-0.98 0.39745966855070874 0.3952671818354065
-0.972 0.37127054825093714 0.36896487695212643
-0.964 0.3507897850213654 0.3496516371702169
-0.956 0.34867301236325726 0.3479988576311478
-0.948 0.36771103222979995 0.36613757287372495
-0.94 0.40032650535307923 0.40070227332516567
-0.9319999999999999 0.42939915067730755 0.4284796726758942
-0.9239999999999999 0.43700461431570903 0.43732675074514155
-0.916 0.41953793983429977 0.41753164708572194
-0.908 0.3913540955520141 0.389477206912932
-0.9 0.37179982798109523 0.3711642688156715
-0.892 0.3729062687480842 0.3724886817568055
-0.884 0.39606464807447916 0.394962225363052
-0.876 0.43156248469539105 0.43266258471638464
-0.868 0.4601801716145875 0.45946425203317104
-0.86 0.4641005000380445 0.4646131176441941
-0.852 0.4425566181612559 0.4408124336201545
-0.844 0.41269356356524944 0.4113315840711093
-0.836 0.3945487142728711 0.39444377134048675
-0.8280000000000001 0.3993374151198647 0.3991279895997563
-0.8200000000000001 0.4268498878590554 0.4263539806699975
-0.812 0.4650096358592953 0.4668062001305226
-0.804 0.49255058592911843 0.4921565179170907
-0.796 0.49225644205056596 0.4928731865341534
-0.788 0.46660407011978416 0.46520392964910273
-0.78 0.43544018256149747 0.43468486999574174
-0.772 0.4192263662989053 0.4196998067969645
-0.764 0.42816658564795135 0.428131336545421
-0.756 0.46022444148112973 0.4605364375086206
-0.748 0.5007329033169742 0.5030913066741464
-0.74 0.5265097790148362 0.5267875738971538
-0.732 0.5215000279443166 0.5221068547314727
-0.724 0.49178572885350513 0.49081832872446723
-0.716 0.45976251619691033 0.45971104147906866
-0.708 0.446038939803857 0.447179927598045
-0.7 0.4596044419873287 0.4597654815755625
-0.692 0.4963440496498631 0.49780593766710246
-0.6839999999999999 0.5387867855736449 0.5413692691089269
-0.6759999999999999 0.5620550910191705 0.5639696517273407
-0.6679999999999999 0.5518716134116944 0.5525638226857691
-0.6599999999999999 0.5182254578514495 0.517817862858213
-0.6519999999999999 0.4858475038464435 0.48661667228767314
-0.644 0.47520943846820457 0.47708586120758456
-0.636 0.49387127611511333 0.49445063653624155
-0.628 0.5353603371406532 0.5382266039186063
-0.62 0.579214774176186 0.581938398989053
-0.612 0.599184126427 0.6032611006039642
-0.604 0.5834267479377021 0.584488021367334
-0.596 0.5460668957589359 0.5463543377416583
-0.588 0.5139015529214671 0.5156053178667774
-0.5800000000000001 0.5069782048338116 0.5096323893192334
-0.5720000000000001 0.53119577000908 0.5325943845874771
-0.5640000000000001 0.5774185257122287 0.5818809900052995
-0.556 0.6220492461128982 0.6256990544230114
-0.548 0.6378974494661922 0.643770339687443
-0.54 0.6162385739129619 0.6186531270227492
-0.532 0.5754748010065562 0.5776919316834381
-0.524 0.5441516736683581 0.5482759469266143
-0.516 0.5416032378859981 0.5467137252436005
-0.508 0.571813383354553 0.5761983375102528
-0.5 0.6226551064890118 0.6309087769360879
-0.492 0.6673118893710118 0.6739523821522966
-0.484 0.6782016169952912 0.6867356068524326
-0.476 0.6504001731350151 0.6547209799629239
-0.46799999999999997 0.6066364168788088 0.6103899768252079
-0.45999999999999996 0.5768466409222172 0.5818479848930181
-0.45199999999999996 0.5793602813555057 0.5843799084260549
-0.44399999999999995 0.6159643517520713 0.6201785504875565
-0.43599999999999994 0.6711955707242026 0.6794047098560074
-0.42799999999999994 0.7150147274751879 0.7208641592244585
-0.42 0.7201124884561353 0.7281465787444623
-0.41200000000000003 0.6860268452336158 0.6904886914547637
-0.404 0.6397628773744422 0.6446098282692372
-0.396 0.6122581582165229 0.6188936042641563
-0.388 0.6205426217679464 0.6269864566204795
-0.38 0.6638912932649146 0.6703158704487361
-0.372 0.7231523150391586 0.7333964020729903
-0.364 0.7651617898223277 0.7719914136921304
-0.356 0.7636587444801967 0.7715228469862708
-0.348 0.7232583137495914 0.7274553966486705
-0.33999999999999997 0.675090671750239 0.6797699539535565
-0.33199999999999996 0.6506819896814044 0.6570177585649608
-0.32399999999999995 0.6654605321064566 0.671150125399376
-0.31599999999999995 0.7158364406965406 0.7229196741703843
-0.30799999999999994 0.7786228508830418 0.789614426762895
-0.3 0.8177514514854016 0.8262770932830554
-0.29200000000000004 0.8088855425172896 0.8177868547862125
-0.28400000000000003 0.7622608665026287 0.7684132467257185
-0.276 0.7128831809746325 0.7199195872676067
-0.268 0.6924390145079425 0.7008626123742432
-0.26 0.7144402964197129 0.7210544699679556
-0.252 0.7720385405181122 0.7810007932585212
-0.244 0.8376884564564051 0.8482173554778264
-0.236 0.8727794402833888 0.882842309791699
-0.22799999999999998 0.8558582396883709 0.8632584317722638
-0.21999999999999997 0.8032294466338536 0.8086503804812423
-0.21199999999999997 0.7534322924961191 0.7605276828810201
-0.20399999999999996 0.7378761476968451 0.7467837838869672
-0.19599999999999995 0.7678227536360872 0.7752473239474811
-0.18799999999999994 0.832729486285992 0.8447244111664214
-0.17999999999999994 0.9004134112217832 0.9127656611584165
-0.17199999999999993 0.9302424820843638 0.9452568173405138
-0.16399999999999998 0.9046661197869907 0.9144167537284715
-0.15600000000000003 0.8463897185438474 0.8542418220774104
-0.14800000000000002 0.7970600908483491 0.8062967216156708
-0.14 0.7873670597336667 0.7974335506831178
-0.132 0.825961306102435 0.8338388295295229
-0.124 0.8981307836685076 0.9108585748966427
-0.11599999999999999 0.9668449472380932 0.9781312114832104
-0.10799999999999998 0.9901425295304973 1.0046011396672108
-0.09999999999999998 0.9554260723764184 0.9640411747193751
-0.09199999999999997 0.8920001382529664 0.899818379813914
-0.08399999999999996 0.8441206107963337 0.8544177447939638
-0.07599999999999996 0.8413126172576659 0.8528223072792076
-0.06799999999999995 0.8892193507837597 0.8996952390152755
-0.05999999999999994 0.9684499743494225 0.9852269678504674
-0.051999999999999935 1.0370140372636427 1.0513910069137682
-0.043999999999999984 1.052491496691666 1.0699585059335055
-0.03600000000000003 1.008286186296351 1.0192221787106108
-0.028000000000000025 0.9403540600436692 0.9503648983892932
-0.020000000000000018 0.8950016271335978 0.9068404720700658
-0.01200000000000001 0.9001409573921666 0.9118707071018237
-0.0040000000000000036 0.9579671093402585 0.9686461860101294
0.0040000000000000036 1.0438771751659501 1.060781873371191
0.01200000000000001 1.1109371168901578 1.1238842479291289
0.020000000000000018 1.1173164044435073 1.1332124277696898
0.028000000000000025 1.063429236380987 1.0734910572901988
0.03600000000000003 0.9917819103256905 1.0022406157399786
0.04400000000000004 0.950126441062313 0.9633443077297799
0.052000000000000046 0.9643071010289208 0.9775071189763338
0.06000000000000005 1.0325778579030611 1.0467187825795423
0.06800000000000006 1.124581914595762 1.1456266004602134
0.07600000000000007 1.1886188076669886 1.2052454574524925
0.08400000000000007 1.1846648301320484 1.203167189336094
0.09200000000000008 1.1210760594259062 1.1338493933039
0.10000000000000009 1.0466534553664761 1.0597396503371985
0.1080000000000001 1.009955607577201 1.0249712284556776
0.1160000000000001 1.034292006031183 1.0475483296639392
0.12400000000000011 1.113423588394775 1.1286279644754558
0.13200000000000012 1.210710468652368 1.231134525379594
0.14000000000000012 1.2700556717958944 1.2865030685101688
0.14800000000000013 1.2546105513019121 1.2706583860009697
0.15600000000000003 1.1814888320246 1.1933101208237349
0.16399999999999992 1.1053801818459352 1.1188411944728698
0.17199999999999993 1.074988531763603 1.0911515268729666
0.17999999999999994 1.1106009612218974 1.1248575784404906
0.18799999999999994 1.2008701702878823 1.2204863806692472
0.19599999999999995 1.302383909912045 1.3252648896760326
0.20399999999999996 1.3552409887774934 1.379114399815262
0.21199999999999997 1.327259277256358 1.3464087279862706
0.21999999999999997 1.244974277512815 1.260610890401582
0.22799999999999998 1.1684177982140045 1.1858254967806365
0.236 1.145764844867683 1.1650704810422612
0.244 1.1937612274498877 1.210018377741051
0.252 1.2952721237581013 1.3182407567099201
0.26 1.3996970845728012 1.4223497618929934
0.268 1.4441705031750915 1.4707350837920128
0.276 1.402754373630796 1.4206346665635738
0.28400000000000003 1.311886840771658 1.3269426075673865
0.29200000000000004 1.2362688507053214 1.253921304168787
0.30000000000000004 1.222865454024635 1.2424435478095903
0.30800000000000005 1.2843188443106872 1.3016829378359789
0.31600000000000006 1.3969671605806444 1.4233114026256302
0.32400000000000007 1.5027187214763718 1.5276565676657117
0.3320000000000001 1.5368490535440102 1.5673022352485213
0.3400000000000001 1.4812825029968215 1.5023713464557416
0.3480000000000001 1.382631877144549 1.4019747015040973
0.3560000000000001 1.3094854308002126 1.3319824598050194
0.3640000000000001 1.3069131434702232 1.3306623997994675
0.3720000000000001 1.382834541497459 1.4048760380920804
0.3800000000000001 1.5062706954359295 1.5381037540648588
0.3880000000000001 1.6114928530629653 1.6392165145626112
0.39600000000000013 1.6332979586796348 1.6655107002273728
0.404 1.5630791272290674 1.5849442969642134
0.4119999999999999 1.4576689045739408 1.4780236503262043
0.41999999999999993 1.3886719311644238 1.4119575771935062
0.42799999999999994 1.3985725909886262 1.4219974876124541
0.43599999999999994 1.4898787233071666 1.512723936970308
0.44399999999999995 1.623470574483026 1.6569700320988732
0.45199999999999996 1.7260416914675971 1.7539142595109138
0.45999999999999996 1.7335630114813159 1.7660660985725154
0.46799999999999997 1.6484338430341476 1.6716352968375785
0.476 1.5375149658707306 1.5608938198469136
0.484 1.4744877849604758 1.5017022673352378
0.492 1.4985496526108204 1.5254974009915294
0.5 1.6060255341656744 1.6351110430070732
0.508 1.748822306560023 1.7890414061631104
0.516 1.846370054771515 1.8802251527606484
0.524 1.8377229151177175 1.8742671199423504
0.532 1.737695548529513 1.7654266129481948
0.54 1.6227481406271735 1.6509227066183447
0.548 1.5676500993017355 1.598912589197714
0.556 1.6075897627862503 1.6364026570007555
0.5640000000000001 1.731846062206836 1.7650807330637672
0.5720000000000001 1.8825451113492608 1.9242327191302957
0.5800000000000001 1.9724713813442964 2.009058446872988
0.5880000000000001 1.9458979921643011 1.9806549372359057
0.5960000000000001 1.8312774639271558 1.8588508369136438
0.6040000000000001 1.714011233689236 1.74325259683244
0.6120000000000001 1.668936068054921 1.7016357948237664
0.6200000000000001 1.7264752982558076 1.7558345929965902
0.6280000000000001 1.8679007962020078 1.906347186628279
0.6360000000000001 2.02481911453971 2.067957716102198
0.6440000000000001 2.104335307866383 2.150613049249306
0.6520000000000001 2.058259005311381 2.096123802151957
0.6600000000000001 1.9296620512353324 1.9621834435877972
0.668 1.8120156494695503 1.8476215864754217
0.6759999999999999 1.7791850229249007 1.8183422308651822
0.6839999999999999 1.8560217636653848 1.8918454938160603
0.692 2.014731516788469 2.0631757249595473
0.7 2.175784019136112 2.225075809012882
0.708 2.241956723419135 2.298734987939181
0.716 2.1750359474101035 2.2177450220113046
0.724 2.03340589474056 2.070972781514254
0.732 1.9175454389559026 1.9581374721186595
0.74 1.89929995577883 1.9420173284997684
0.748 1.9970726776206664 2.0362253202505602
0.756 2.1728528732236017 2.226163186435455
0.764 2.335539562216617 2.3859710838085357
0.772 2.3853461527918483 2.4433740687157877
0.78 2.296526687356809 2.338836419097201
0.788 2.143144614540729 2.18171988338852
0.796 2.031461479375169 2.0741740493123295
0.804 2.030248320816955 2.074710882101504
0.812 2.1504930712932246 2.193290169511777
0.8200000000000001 2.3427439679454642 2.402307790811359
0.8280000000000001 2.5041480265500318 2.5585119424403113
0.8360000000000001 2.534541271647375 2.5971180247264622
0.8440000000000001 2.4231053941355998 2.470188099173395
0.8520000000000001 2.259597888638119 2.304759899067179
0.8600000000000001 2.1547057155034843 2.2049667230602745
0.8680000000000001 2.1730619041915733 2.224337989862265
0.8760000000000001 2.3171615593645254 2.3696042935003594
0.8840000000000001 2.524840338216584 2.5957496115233396
0.8920000000000001 2.6816390171106184 2.744705668455689
0.9000000000000001 2.6896193186265975 2.759487770576391
0.9080000000000001 2.5552307012131186 2.609513329101234
0.916 2.3835746545234 2.4365836033444728
0.9239999999999999 2.2883053570632583 2.345816414001691
0.9319999999999999 2.328835533145937 2.3850218521953357
0.94 2.4979610058994766 2.5580906163534003
0.948 2.719526781494695 2.797121142084414
0.956 2.8680166360514647 2.9354777549959317
0.964 2.8507101480708554 2.9215238677172017
0.972 2.693453614112457 2.7476434287735625
0.98 2.5159785485817614 2.5770810777154063
0.988 2.4333768891589513 2.4744081584301156
0.996 2.498724389232622 2.5933128548685893
