-0.996 0.40020420191564543 0.3991823878189749
-0.988 0.4109515482189157 0.4109624843237046
-0.98 0.39745966855070874 0.3952671818354065
-0.972 0.37127054825093714 0.36896487695212643
-0.964 0.3507897850213654 0.3496516371702169
-0.956 0.34867301236325726 0.34799885763114813
-0.948 0.36771103222979995 0.36613757287372517
-0.94 0.40032650535307923 0.4007022733251657
-0.9319999999999999 0.42939915067730755 0.42847967267589426
-0.9239999999999999 0.43700461431570903 0.4373267507451414
-0.916 0.4195379398342998 0.41753164708572155
-0.908 0.3913540955520143 0.3894772069129319
-0.9 0.37179982798109584 0.3711642688156716
-0.892 0.37290626874808647 0.3724886817568057
-0.884 0.39606464807448694 0.39496222536305237
-0.876 0.4315624846954173 0.4326625847163853
-0.868 0.46018017161467384 0.4594642520331721
-0.86 0.4641005000383212 0.46461311764419533
-0.852 0.4425566181621205 0.44081243362015565
-0.844 0.41269356356788234 0.4113315840711102
-0.836 0.39454871428068644 0.3944437713404873
-0.8280000000000001 0.3993374151424769 0.3991279895997567
-0.8200000000000001 0.4268498879228258 0.42635398066999797
-0.812 0.46500963603459355 0.4668062001305228
-0.804 0.49255058639881594 0.49215651791709025
-0.796 0.49225644327727325 0.4928731865341527
-0.788 0.4666040732425952 0.46520392964910234
-0.78 0.43544019031026315 0.43468486999574146
-0.772 0.41922638504027876 0.41969980679696584
-0.764 0.42816662983066256 0.42813133654541935
-0.756 0.4602245430090222 0.46053643750861883
-0.748 0.5007331307222004 0.5030913066741642
-0.74 0.5265102754900515 0.5267875738971588
-0.732 0.5215010844619882 0.5221068547314186
-0.724 0.4917879203360686 0.49081832872460274
-0.716 0.45976694698862364 0.45971104147890884
-0.708 0.446047671662799 0.4471799275968885
-0.7 0.45962121511872384 0.4597654815815134
-0.692 0.4963754550006119 0.49780593765825887
-0.6839999999999999 0.5388441014858114 0.541369269087717
-0.6759999999999999 0.5621570507851626 0.5639696518215904
-0.6679999999999999 0.5520484061867699 0.5525638226810556
-0.6599999999999999 0.5185242589961998 0.5178178627852482
-0.6519999999999999 0.4863397496952631 0.4866166722474498
-0.644 0.47599986940346667 0.47708586126621444
-0.636 0.49510844177537106 0.49445063659745736
-0.628 0.5372477801452182 0.5382266038700918
-0.62 0.5820215123178928 0.5819383988882718
-0.612 0.6032524174102263 0.6032611004503139
-0.604 0.5891745814620039 0.5844880215980326
-0.596 0.5539823968900328 0.5463543379309048
-0.588 0.5245266941352182 0.5156053178064268
-0.5800000000000001 0.5208800698564713 0.5096323890178538
-0.5720000000000001 0.548925147437125 0.5325943845818328
-0.5640000000000001 0.5994577327524949 0.581880990380728
-0.556 0.648753503500874 0.6256990546731998
-0.548 0.6694363904935636 0.6437703395443972
-0.54 0.6525460257666464 0.6186531265014278
-0.532 0.6162153141149926 0.5776919314607452
-0.524 0.5887110680935673 0.5482759471829494
-0.516 0.5891076695761294 0.5467137258842545
-0.508 0.6211774619340675 0.5761983374322575
-0.5 0.6726551064890118 0.6309087760965361
-0.492 0.7166759679505263 0.6739523815657957
-0.484 0.7257060486854225 0.686735607107156
-0.476 0.6949595675602243 0.6547209809663952
-0.46799999999999997 0.6473769299872452 0.610389977409231
-0.45999999999999996 0.6131540927759017 0.5818479846174046
-0.45199999999999996 0.6108992223828771 0.5843799070054281
-0.44399999999999995 0.6426686091400471 0.6201785498662754
-0.43599999999999994 0.6932347777644687 0.6794047114003865
-0.42799999999999994 0.7327441049032328 0.7208641615127582
-0.42 0.734014353478795 0.7281465798448394
-0.41200000000000003 0.6966519864473669 0.6904886899810357
-0.404 0.6476783785055391 0.6446098258055193
-0.396 0.6180059917408246 0.618893602678739
-0.388 0.6246109127511726 0.6269864580656654
-0.38 0.6666980314066213 0.6703158752439098
-0.372 0.7250397580437236 0.7333964041632843
-0.364 0.7663989554825854 0.7719914107671181
-0.356 0.7644491754154588 0.7715228396463819
-0.348 0.723750559598411 0.7274553919675083
-0.33999999999999997 0.6753894728949893 0.6797699557298014
-0.33199999999999996 0.6508587824564799 0.6570177655193999
-0.32399999999999995 0.6655624918724488 0.6711501345658075
-0.31599999999999995 0.7158937566087071 0.7229196714121905
-0.30799999999999994 0.7786542562337907 0.7896144144758444
-0.3 0.8177682246167968 0.8262770756319344
-0.29200000000000004 0.8088942743762316 0.8177868494006958
-0.28400000000000003 0.762265297294342 0.7684132583384387
-0.276 0.712885372457196 0.7199196054150829
-0.268 0.6924400710256141 0.700862625384713
-0.26 0.7144407928949281 0.7210544589252226
-0.252 0.7720387679233384 0.7810007561771581
-0.244 0.8376885579842975 0.8482173351011415
-0.236 0.8727794844661 0.8828422931769201
-0.22799999999999998 0.8558582584297444 0.8632584704122006
-0.21999999999999997 0.8032294543826193 0.8086504390072029
-0.21199999999999997 0.7534322956189301 0.7605277218613224
-0.20399999999999996 0.7378761489235524 0.7467837810144193
-0.19599999999999995 0.7678227541057847 0.7752472576907693
-0.18799999999999994 0.8327294864612902 0.8447243399737414
-0.17999999999999994 0.9004134112855536 0.9127656610002568
-0.17199999999999993 0.9302424821069759 0.9452568922924756
-0.16399999999999998 0.904666119794806 0.9144169049256411
-0.15600000000000003 0.8463897185464803 0.8542419391550953
-0.14800000000000002 0.7970600908492136 0.8062967446458361
-0.14 0.7873670597339435 0.7974334958955065
-0.132 0.8259613061025214 0.8338387437190822
-0.124 0.8981307836685338 0.9108586495912439
-0.11599999999999999 0.966844947238101 0.978131545014045
-0.10799999999999998 0.9901425295304995 1.0046017861040355
-0.09999999999999998 0.9554260723764191 0.9640419915956022
-0.09199999999999997 0.8920001382529666 0.8998192687906754
-0.08399999999999996 0.8441206107963337 0.8544188817638023
-0.07599999999999996 0.8413126172576659 0.852824121099156
-0.06799999999999995 0.8892193507837597 0.8996982743020583
-0.05999999999999994 0.9684499743494225 0.9852324819492575
-0.051999999999999935 1.0370140372636427 1.0513999052079384
-0.043999999999999984 1.052491496691666 1.069971624254616
-0.03600000000000003 1.008286186296351 1.019238260966129
-0.028000000000000025 0.9403540600436692 0.950384353749353
-0.020000000000000018 0.8950016271335978 0.9068655475951113
-0.01200000000000001 0.9001409573921666 0.911905585327194
-0.0040000000000000036 0.9579671093402585 0.968694806726886
0.0040000000000000036 1.0438771751659501 1.0608527345379066
0.01200000000000001 1.1109371168901578 1.1239831228823447
0.020000000000000018 1.1173164044435073 1.1333445110408311
0.028000000000000025 1.063429236380987 1.0736482589052734
0.03600000000000003 0.9917819103256905 1.0024331877341859
0.04400000000000004 0.950126441062313 0.963594501027006
0.052000000000000046 0.9643071010289208 0.9778651567381806
0.06000000000000005 1.0325778579030611 1.0472142482683688
0.06800000000000006 1.124581914595762 1.1463480025129043
0.07600000000000007 1.1886188076669886 1.206220030031256
0.08400000000000007 1.1846648301320484 1.2044202899147831
0.09200000000000008 1.1210760594259062 1.135287938569611
0.10000000000000009 1.0466534553664761 1.0614077256055372
0.1080000000000001 1.009955607577201 1.0269532521303124
0.1160000000000001 1.034292006031183 1.0500230338353926
0.12400000000000011 1.113423588394775 1.131698337000659
0.13200000000000012 1.210710468652368 1.2350130929658043
0.14000000000000012 1.2700556717958944 1.2910556226467327
0.14800000000000013 1.2546105513019121 1.2757897410355412
0.15600000000000003 1.1814888320246 1.1986986533780677
0.16399999999999992 1.1053801818459352 1.1246545297609576
0.17199999999999993 1.074988531763603 1.0977121557603078
0.17999999999999994 1.1106009612218974 1.1327874428595932
0.18799999999999994 1.2008701702878823 1.2303149225236176
0.19599999999999995 1.302383909912045 1.3375919370361902
0.20399999999999996 1.3552409887774934 1.3936796283330461
0.21199999999999997 1.327259277256358 1.3626115024943983
0.21999999999999997 1.244974277512815 1.2776892956546575
0.22799999999999998 1.1684177982140045 1.204245707055955
0.236 1.145764844867683 1.1856458636014988
0.244 1.1937612274498877 1.234038985284001
0.252 1.2952721237581013 1.3471280272515505
0.26 1.3996970845728012 1.4561299276837276
0.268 1.4441705031750915 1.5086803555508783
0.276 1.402754373630796 1.4592545510222286
0.28400000000000003 1.311886840771658 1.3649111742889506
0.29200000000000004 1.2362688507053214 1.2917966227829272
0.30000000000000004 1.222865454024635 1.2817541353620698
0.30800000000000005 1.2843188443106872 1.3445141953997743
0.31600000000000006 1.3969671605806444 1.4717942376110331
0.32400000000000007 1.5027187214763718 1.5813214426820128
0.3320000000000001 1.5368490535440102 1.62444852493907
0.3400000000000001 1.4812825029968215 1.5587114091657774
0.3480000000000001 1.382631877144549 1.4563795472434866
0.3560000000000001 1.3094854308002126 1.3860914496096832
0.3640000000000001 1.3069131434702232 1.3874116492767887
0.3720000000000001 1.382834541497459 1.4677210838811052
0.3800000000000001 1.5062706954359295 1.6103706615671944
0.3880000000000001 1.6114928530629653 1.720007932453967
0.39600000000000013 1.6332979586796348 1.7519333947438267
0.404 1.5630791272290674 1.670545083274931
0.4119999999999999 1.4576689045739408 1.5614741919259265
0.41999999999999993 1.3886719311644238 1.4958165824128806
0.42799999999999994 1.3985725909886262 1.510494817008274
0.43599999999999994 1.4898787233071666 1.6106333525417709
0.44399999999999995 1.623470574483026 1.768121344035818
0.45199999999999996 1.7260416914675971 1.8753066213459457
0.45999999999999996 1.7335630114813159 1.8920584302051866
0.46799999999999997 1.6484338430341476 1.79358726224026
0.476 1.5375149658707306 1.6775301321717713
0.484 1.4744877849604758 1.616769975185139
0.492 1.4985496526108204 1.644973353526416
0.5 1.6060255341656744 1.7653520493455634
0.508 1.748822306560023 1.9335714133896
0.516 1.846370054771515 2.033683948421438
0.524 1.8377229151177175 2.0284505603106093
0.532 1.737695548529513 1.9111268101776089
0.54 1.6227481406271735 1.787177410704786
0.548 1.5676500993017355 1.7303582562009998
0.556 1.6075897627862503 1.7696619379146168
0.5640000000000001 1.731846062206836 1.9072675574365463
0.5720000000000001 1.8825451113492608 2.077040903710223
0.5800000000000001 1.9724713813442964 2.1666682450700696
0.5880000000000001 1.9458979921643011 2.133698306389998
0.5960000000000001 1.8312774639271558 2.0007556127741912
0.6040000000000001 1.714011233689236 1.8744439295113753
0.6120000000000001 1.668936068054921 1.8278361767554796
0.6200000000000001 1.7264752982558076 1.8835656803210896
0.6280000000000001 1.8679007962020078 2.0424103894727677
0.6360000000000001 2.02481911453971 2.2108908185184215
0.6440000000000001 2.104335307866383 2.2921593559788898
0.6520000000000001 2.058259005311381 2.2257586302653696
0.6600000000000001 1.9296620512353324 2.0732737026860644
0.668 1.8120156494695503 1.938736071677207
0.6759999999999999 1.7791850229249007 1.8938052109817611
0.6839999999999999 1.8560217636653848 1.9559599329316923
0.692 2.014731516788469 2.1209884126556156
0.7 2.175784019136112 2.2779380973866727
0.708 2.241956723419135 2.3446205079247915
0.716 2.1750359474101035 2.2577463904951935
0.724 2.03340589474056 2.104584755743314
0.732 1.9175454389559026 1.9863297764593577
0.74 1.89929995577883 1.9669576955635735
0.748 1.9970726776206664 2.0596138945539026
0.756 2.1728528732236017 2.2490112350063454
0.764 2.335539562216617 2.4078097769031412
0.772 2.3853461527918483 2.4628642896866024
0.78 2.296526687356809 2.3555474357287003
0.788 2.143144614540729 2.19537701166495
0.796 2.031461479375169 2.085133076668084
0.804 2.030248320816955 2.083936812370624
0.812 2.1504930712932246 2.2015408101777396
0.8200000000000001 2.3427439679454642 2.410000314707805
0.8280000000000001 2.5041480265500318 2.565539575901733
0.8360000000000001 2.534541271647375 2.6031788440023336
0.8440000000000001 2.4231053941355998 2.475289545854019
0.8520000000000001 2.259597888638119 2.308900317431969
0.8600000000000001 2.1547057155034843 2.2083299763472293
0.8680000000000001 2.1730619041915733 2.227245551561128
0.8760000000000001 2.3171615593645254 2.37231241318625
0.8840000000000001 2.524840338216584 2.5983620859133505
0.8920000000000001 2.6816390171106184 2.747161054850375
0.9000000000000001 2.6896193186265975 2.761674161667788
0.9080000000000001 2.5552307012131186 2.6113933130848275
0.916 2.3835746545234 2.4381531348423424
0.9239999999999999 2.2883053570632583 2.347143082505463
0.9319999999999999 2.328835533145937 2.3862016918565514
0.94 2.4979610058994766 2.5592157615368807
0.948 2.719526781494695 2.798207193647256
0.956 2.8680166360514647 2.9364911763617867
0.964 2.8507101480708554 2.922406537645031
0.972 2.693453614112457 2.7483884019117757
0.98 2.5159785485817614 2.5776729077560816
0.988 2.4333768891589513 2.474960520345808
0.996 2.498724389232622 2.593869887459924
