1.250000000000000000e-01 2.329999999999982307e+00 -6.341643040091519386e-15 3.300000000000000155e-01
3.750000000000000000e-01 2.329999999999981419e+00 -3.100956056897336817e-15 3.300000000000000155e-01
6.250000000000000000e-01 2.329999999999981419e+00 -5.487188792480320828e-15 3.300000000000000155e-01
8.750000000000000000e-01 2.329999999999980087e+00 -3.127024471839480513e-15 3.300000000000000155e-01
1.125000000000000000e+00 2.329999999999980087e+00 6.750769186331854565e-16 3.300000000000000155e-01
1.375000000000000000e+00 2.329999999999979643e+00 8.923015467450006745e-15 3.300000000000000155e-01
1.625000000000000000e+00 2.329999999999979643e+00 1.285951388636633536e-14 3.300000000000000155e-01
1.875000000000000000e+00 2.329999999999978755e+00 1.128097608059675874e-14 3.300000000000000155e-01
2.125000000000000000e+00 2.329999999999977867e+00 9.678330580508055141e-15 3.300000000000000155e-01
2.375000000000000000e+00 2.329999999999977423e+00 1.156251352992949197e-14 3.300000000000000155e-01
2.625000000000000000e+00 2.329999999999977423e+00 1.646814218103046200e-14 3.300000000000000155e-01
2.875000000000000000e+00 2.329999999999976090e+00 2.007611036780897934e-14 3.300000000000000155e-01
3.125000000000000000e+00 2.329999999999975202e+00 2.054567779929256867e-14 3.300000000000000155e-01
3.375000000000000000e+00 2.329999999999974314e+00 1.844274169410403159e-14 3.300000000000000155e-01
3.625000000000000000e+00 2.329999999999973870e+00 1.800486091734950417e-14 3.300000000000000155e-01
3.875000000000000000e+00 2.329999999999973870e+00 2.293724824842664498e-14 3.300000000000000155e-01
4.125000000000000000e+00 2.329999999999974314e+00 2.773240402685383656e-14 3.300000000000000155e-01
4.375000000000000000e+00 2.329999999999974314e+00 3.166901430673931115e-14 3.300000000000000155e-01
4.625000000000000000e+00 2.329999999999974314e+00 3.448517814650266914e-14 3.300000000000000155e-01
4.875000000000000000e+00 2.329999999999973870e+00 3.518122609261803988e-14 3.300000000000000155e-01
5.125000000000000000e+00 2.329999999999973426e+00 3.725343627233788122e-14 3.300000000000000155e-01
5.375000000000000000e+00 2.329999999999972982e+00 3.760953720167977346e-14 3.300000000000000155e-01
5.625000000000000000e+00 2.329999999999972538e+00 3.406233679126165937e-14 3.300000000000000155e-01
5.875000000000000000e+00 2.329999999999972093e+00 3.412491921203724915e-14 3.300000000000000155e-01
6.125000000000000000e+00 2.329999999999972093e+00 3.814030794038504644e-14 3.300000000000000155e-01
6.375000000000000000e+00 2.329999999999972538e+00 4.040822957216754045e-14 3.300000000000000155e-01
6.625000000000000000e+00 2.329999999999972538e+00 4.160296766954854878e-14 3.300000000000000155e-01
6.875000000000000000e+00 2.329999999999973426e+00 4.212022375865464391e-14 3.300000000000000155e-01
7.125000000000000000e+00 2.329999999999974314e+00 4.060344065189449920e-14 3.300000000000000155e-01
7.375000000000000000e+00 2.329999999999974314e+00 3.890231054839924893e-14 3.300000000000000155e-01
7.625000000000000000e+00 2.329999999999974314e+00 3.793119687346896506e-14 3.300000000000000155e-01
7.875000000000000000e+00 2.329999999999974314e+00 3.842479270240391206e-14 3.300000000000000155e-01
8.125000000000000000e+00 2.305781249999973248e+00 3.538166551938736404e-14 3.057812500000000044e-01
8.375000000000000000e+00 2.262031249999973515e+00 3.146141774176961653e-14 2.620312500000000488e-01
8.625000000000000000e+00 2.224531249999973426e+00 3.229668014601123371e-14 2.245312500000000155e-01
8.875000000000000000e+00 2.193281249999971649e+00 3.373248547479510129e-14 1.932812500000000155e-01
9.125000000000000000e+00 2.168281249999970406e+00 3.544389104192796813e-14 1.682812499999999933e-01
9.375000000000000000e+00 2.149531249999970584e+00 3.670038537029433585e-14 1.495312500000000044e-01
9.625000000000000000e+00 2.137031249999972626e+00 3.626414686195386605e-14 1.370312499999999933e-01
9.875000000000000000e+00 2.130781249999974314e+00 3.625314422100802744e-14 1.307812500000000155e-01
1.012500000000000000e+01 2.130781249999974314e+00 3.704599146374807659e-14 1.307812500000000155e-01
1.037500000000000000e+01 2.137031249999974847e+00 3.834849028856701919e-14 1.370312499999999933e-01
1.062500000000000000e+01 2.149531249999974136e+00 3.828339800814199984e-14 1.495312500000000044e-01
1.087500000000000000e+01 2.168281249999973959e+00 3.721074941699907919e-14 1.682812499999999933e-01
1.112500000000000000e+01 2.193281249999973426e+00 3.861801468050336396e-14 1.932812500000000155e-01
1.137500000000000000e+01 2.224531249999975646e+00 4.158114248676950631e-14 2.245312500000000155e-01
1.162500000000000000e+01 2.262031249999974847e+00 4.451817089909592162e-14 2.620312500000000488e-01
1.187500000000000000e+01 2.305781249999974136e+00 4.127292593763888000e-14 3.057812500000000044e-01
1.212500000000000000e+01 2.329999999999974314e+00 3.859235425475585945e-14 3.300000000000000155e-01
1.237500000000000000e+01 2.329999999999974314e+00 3.796420259541567429e-14 3.300000000000000155e-01
1.262500000000000000e+01 2.329999999999973426e+00 3.812591606829254133e-14 3.300000000000000155e-01
1.287500000000000000e+01 2.329999999999970317e+00 4.070100300711979976e-14 3.300000000000000155e-01
1.312500000000000000e+01 2.329999999999971205e+00 4.242860216843828853e-14 3.300000000000000155e-01
1.337500000000000000e+01 2.329999999999972538e+00 4.537096972728381995e-14 3.300000000000000155e-01
1.362500000000000000e+01 2.329999999999972538e+00 4.738370249465519122e-14 3.300000000000000155e-01
1.387500000000000000e+01 2.329999999999971649e+00 4.435734344727025416e-14 3.300000000000000155e-01
1.412500000000000000e+01 2.329999999999971649e+00 4.301418722706127524e-14 3.300000000000000155e-01
1.437500000000000000e+01 2.329999999999972538e+00 4.564620426903213403e-14 3.300000000000000155e-01
1.462500000000000000e+01 2.329999999999972538e+00 4.542740978643489417e-14 3.300000000000000155e-01
1.487500000000000000e+01 2.329999999999972538e+00 4.491792327881644457e-14 3.300000000000000155e-01
1.512500000000000000e+01 2.329999999999972538e+00 4.466935325696407215e-14 3.300000000000000155e-01
1.537500000000000000e+01 2.329999999999972538e+00 4.422546349186125020e-14 3.300000000000000155e-01
1.562500000000000000e+01 2.329999999999972538e+00 4.315193990787759544e-14 3.300000000000000155e-01
1.587500000000000000e+01 2.329999999999972982e+00 4.417398301902170700e-14 3.300000000000000155e-01
1.612500000000000000e+01 2.329999999999972538e+00 4.323246196673671521e-14 3.300000000000000155e-01
1.637500000000000000e+01 2.329999999999972538e+00 3.972755144608732778e-14 3.300000000000000155e-01
1.662500000000000000e+01 2.329999999999972538e+00 3.906608894843868326e-14 3.300000000000000155e-01
1.687500000000000000e+01 2.329999999999972538e+00 3.866556982809229936e-14 3.300000000000000155e-01
1.712500000000000000e+01 2.329999999999972538e+00 3.775439376147500684e-14 3.300000000000000155e-01
1.737500000000000000e+01 2.329999999999972538e+00 3.793422846642846676e-14 3.300000000000000155e-01
1.762500000000000000e+01 2.329999999999972538e+00 3.887610640492173593e-14 3.300000000000000155e-01
1.787500000000000000e+01 2.329999999999972538e+00 3.893881516922036523e-14 3.300000000000000155e-01
1.812500000000000000e+01 2.329999999999972538e+00 3.863983905477724908e-14 3.300000000000000155e-01
1.837500000000000000e+01 2.329999999999972538e+00 4.008435005393845653e-14 3.300000000000000155e-01
1.862500000000000000e+01 2.329999999999972538e+00 4.000924143143608402e-14 3.300000000000000155e-01
1.887500000000000000e+01 2.329999999999971649e+00 3.770209563940107256e-14 3.300000000000000155e-01
1.912500000000000000e+01 2.329999999999971649e+00 3.551354111122139631e-14 3.300000000000000155e-01
1.937500000000000000e+01 2.329999999999971649e+00 3.303369886363935510e-14 3.300000000000000155e-01
1.962500000000000000e+01 2.329999999999970761e+00 2.948296552886017679e-14 3.300000000000000155e-01
1.987500000000000000e+01 2.329999999999970761e+00 2.516233888085991712e-14 3.300000000000000155e-01
2.012500000000000000e+01 2.329999999999970761e+00 2.524818240415158754e-14 3.300000000000000155e-01
2.037500000000000000e+01 2.329999999999971205e+00 2.732487577305912840e-14 3.300000000000000155e-01
2.062500000000000000e+01 2.329999999999971649e+00 2.986244447835433531e-14 3.300000000000000155e-01
2.087500000000000000e+01 2.329999999999972538e+00 3.269566159200642884e-14 3.300000000000000155e-01
2.112500000000000000e+01 2.329999999999972538e+00 3.247130960061092895e-14 3.300000000000000155e-01
2.137500000000000000e+01 2.329999999999972538e+00 3.131500692924174746e-14 3.300000000000000155e-01
2.162500000000000000e+01 2.329999999999972538e+00 3.027910074272355723e-14 3.300000000000000155e-01
2.187500000000000000e+01 2.329999999999972538e+00 2.990162491460387747e-14 3.300000000000000155e-01
2.212500000000000000e+01 2.329999999999971649e+00 2.676932346625877298e-14 3.300000000000000155e-01
2.237500000000000000e+01 2.329999999999971649e+00 2.276182800240025889e-14 3.300000000000000155e-01
2.262500000000000000e+01 2.329999999999971649e+00 2.045769324055831861e-14 3.300000000000000155e-01
2.287500000000000000e+01 2.329999999999971649e+00 1.692432224867982397e-14 3.300000000000000155e-01
2.312500000000000000e+01 2.329999999999971205e+00 1.605085231554890565e-14 3.300000000000000155e-01
2.337500000000000000e+01 2.329999999999970761e+00 1.855938225572999318e-14 3.300000000000000155e-01
2.362500000000000000e+01 2.329999999999969873e+00 1.631790259264583384e-14 3.300000000000000155e-01
2.387500000000000000e+01 2.329999999999968985e+00 9.959057025508286255e-15 3.300000000000000155e-01
2.412500000000000000e+01 2.329999999999968985e+00 6.836364714227288318e-15 3.300000000000000155e-01
2.437500000000000000e+01 2.329999999999968985e+00 5.317510387569679521e-15 3.300000000000000155e-01
2.462500000000000000e+01 2.329999999999968985e+00 3.923988923184286235e-15 3.300000000000000155e-01
2.487500000000000000e+01 2.329999999999968985e+00 7.218686804903893416e-16 3.300000000000000155e-01
