1.250000000000000000e-01 2.329999999999979643e+00 5.789015229089253493e-17 3.300000000000000155e-01
3.750000000000000000e-01 2.329999999999979643e+00 -6.060717660091177558e-16 3.300000000000000155e-01
6.250000000000000000e-01 2.329999999999979643e+00 -8.802926606473948404e-16 3.300000000000000155e-01
8.750000000000000000e-01 2.329999999999979643e+00 -1.194749856811423791e-15 3.300000000000000155e-01
1.125000000000000000e+00 2.329999999999979643e+00 -4.959257604951384557e-15 3.300000000000000155e-01
1.375000000000000000e+00 2.329999999999980531e+00 -7.653591010900998670e-15 3.300000000000000155e-01
1.625000000000000000e+00 2.329999999999980531e+00 -9.774285687037983990e-15 3.300000000000000155e-01
1.875000000000000000e+00 2.329999999999980975e+00 -1.201793534269268189e-14 3.300000000000000155e-01
2.125000000000000000e+00 2.329999999999980087e+00 -8.822410652549551507e-15 3.300000000000000155e-01
2.375000000000000000e+00 2.329999999999979643e+00 -6.315284873643627284e-15 3.300000000000000155e-01
2.625000000000000000e+00 2.329999999999979643e+00 -7.091800849057102593e-15 3.300000000000000155e-01
2.875000000000000000e+00 2.329999999999979643e+00 -8.161499273786721598e-15 3.300000000000000155e-01
3.125000000000000000e+00 2.329999999999979643e+00 -9.222979361394662646e-15 3.300000000000000155e-01
3.375000000000000000e+00 2.329999999999980087e+00 -7.415797188869462174e-15 3.300000000000000155e-01
3.625000000000000000e+00 2.329999999999980531e+00 -5.280527813141566215e-15 3.300000000000000155e-01
3.875000000000000000e+00 2.329999999999979643e+00 -7.223878178363033636e-15 3.300000000000000155e-01
4.125000000000000000e+00 2.329999999999979643e+00 -7.782965785824616323e-15 3.300000000000000155e-01
4.375000000000000000e+00 2.329999999999978755e+00 -8.288401050879953190e-15 3.300000000000000155e-01
4.625000000000000000e+00 2.329999999999978755e+00 -7.612202203464119882e-15 3.300000000000000155e-01
4.875000000000000000e+00 2.329999999999978755e+00 -5.480948743421979486e-15 3.300000000000000155e-01
5.125000000000000000e+00 2.329999999999978755e+00 -4.238647809232236349e-15 3.300000000000000155e-01
5.375000000000000000e+00 2.329999999999978311e+00 -6.062456873028254865e-15 3.300000000000000155e-01
5.625000000000000000e+00 2.329999999999978755e+00 -7.539350617583257185e-15 3.300000000000000155e-01
5.875000000000000000e+00 2.329999999999978755e+00 -7.597712117803437880e-15 3.300000000000000155e-01
6.125000000000000000e+00 2.329999999999979199e+00 -8.682214840536361757e-15 3.300000000000000155e-01
6.375000000000000000e+00 2.329999999999979643e+00 -8.008848505407437427e-15 3.300000000000000155e-01
6.625000000000000000e+00 2.329999999999981419e+00 -6.085237271431602635e-15 3.300000000000000155e-01
6.875000000000000000e+00 2.329999999999981863e+00 7.770008027885600510e-16 3.300000000000000155e-01
7.125000000000000000e+00 2.329999999999981419e+00 4.503277504612682446e-15 3.300000000000000155e-01
7.375000000000000000e+00 2.329999999999980531e+00 3.101721120164805701e-15 3.300000000000000155e-01
7.625000000000000000e+00 2.329999999999980087e+00 4.177699471166721453e-15 3.300000000000000155e-01
7.875000000000000000e+00 2.329999999999980531e+00 6.846863173145027120e-15 3.300000000000000155e-01
8.125000000000000000e+00 2.305781249999981242e+00 9.599330236379771055e-15 3.057812500000000044e-01
8.375000000000000000e+00 2.262031249999981064e+00 7.010275628175850656e-15 2.620312500000000488e-01
8.625000000000000000e+00 2.224531249999981419e+00 4.772631356286916286e-15 2.245312500000000155e-01
8.875000000000000000e+00 2.193281249999981419e+00 1.610784017211142390e-15 1.932812500000000155e-01
9.125000000000000000e+00 2.168281249999982840e+00 -1.920015840198004430e-15 1.682812499999999933e-01
9.375000000000000000e+00 2.149531249999982574e+00 -2.049148546022520759e-15 1.495312500000000044e-01
9.625000000000000000e+00 2.137031249999981952e+00 -1.842930345168905068e-15 1.370312499999999933e-01
9.875000000000000000e+00 2.130781249999981863e+00 1.537817226640533988e-15 1.307812500000000155e-01
1.012500000000000000e+01 2.130781249999981419e+00 1.791272807748997144e-15 1.307812500000000155e-01
1.037500000000000000e+01 2.137031249999981064e+00 7.206655054414322196e-16 1.370312499999999933e-01
1.062500000000000000e+01 2.149531249999981242e+00 -1.839375390974325224e-15 1.495312500000000044e-01
1.087500000000000000e+01 2.168281249999981952e+00 -3.715899479865688925e-15 1.682812499999999933e-01
1.112500000000000000e+01 2.193281249999982307e+00 -1.568710004031783683e-15 1.932812500000000155e-01
1.137500000000000000e+01 2.224531249999982307e+00 5.986573674262168829e-16 2.245312500000000155e-01
1.162500000000000000e+01 2.262031249999981952e+00 3.252400717765562948e-15 2.620312500000000488e-01
1.187500000000000000e+01 2.305781249999982130e+00 4.196691485104085159e-15 3.057812500000000044e-01
1.212500000000000000e+01 2.329999999999982307e+00 7.557205888689583252e-15 3.300000000000000155e-01
1.237500000000000000e+01 2.329999999999982307e+00 1.116777350637095879e-14 3.300000000000000155e-01
1.262500000000000000e+01 2.329999999999982307e+00 9.507121301411195952e-15 3.300000000000000155e-01
1.287500000000000000e+01 2.329999999999982307e+00 6.045396957029326275e-15 3.300000000000000155e-01
1.312500000000000000e+01 2.329999999999981863e+00 5.018210513930744653e-15 3.300000000000000155e-01
1.337500000000000000e+01 2.329999999999981419e+00 3.439784881367206354e-15 3.300000000000000155e-01
1.362500000000000000e+01 2.329999999999981863e+00 3.511262019119957243e-15 3.300000000000000155e-01
1.387500000000000000e+01 2.329999999999982307e+00 5.529352163807101314e-15 3.300000000000000155e-01
1.412500000000000000e+01 2.329999999999982307e+00 3.602424285599426894e-15 3.300000000000000155e-01
1.437500000000000000e+01 2.329999999999981863e+00 2.341135676484288341e-15 3.300000000000000155e-01
1.462500000000000000e+01 2.329999999999981419e+00 -3.630131910833523186e-16 3.300000000000000155e-01
1.487500000000000000e+01 2.329999999999981419e+00 -2.904179013364025120e-15 3.300000000000000155e-01
1.512500000000000000e+01 2.329999999999981419e+00 -3.604566470448919404e-15 3.300000000000000155e-01
1.537500000000000000e+01 2.329999999999981419e+00 -1.935610765735180667e-15 3.300000000000000155e-01
1.562500000000000000e+01 2.329999999999981419e+00 2.908424553588012742e-15 3.300000000000000155e-01
1.587500000000000000e+01 2.329999999999981419e+00 4.462982655576825459e-15 3.300000000000000155e-01
1.612500000000000000e+01 2.329999999999981419e+00 3.233456289845418924e-15 3.300000000000000155e-01
1.637500000000000000e+01 2.329999999999980975e+00 4.742712880614665806e-15 3.300000000000000155e-01
1.662500000000000000e+01 2.329999999999980531e+00 6.329802845022327828e-15 3.300000000000000155e-01
1.687500000000000000e+01 2.329999999999980531e+00 6.010725356390259074e-15 3.300000000000000155e-01
1.712500000000000000e+01 2.329999999999980531e+00 5.909577841783351490e-15 3.300000000000000155e-01
1.737500000000000000e+01 2.329999999999980531e+00 5.697820131559689966e-15 3.300000000000000155e-01
1.762500000000000000e+01 2.329999999999980531e+00 5.498695011620862348e-15 3.300000000000000155e-01
1.787500000000000000e+01 2.329999999999980531e+00 5.285111856846757367e-15 3.300000000000000155e-01
1.812500000000000000e+01 2.329999999999980531e+00 4.898955654759143634e-15 3.300000000000000155e-01
1.837500000000000000e+01 2.329999999999980531e+00 4.394693806444240758e-15 3.300000000000000155e-01
1.862500000000000000e+01 2.329999999999980531e+00 3.427830965690889264e-15 3.300000000000000155e-01
1.887500000000000000e+01 2.329999999999980531e+00 4.006218486428982996e-15 3.300000000000000155e-01
1.912500000000000000e+01 2.329999999999979643e+00 6.316316474814870021e-15 3.300000000000000155e-01
1.937500000000000000e+01 2.329999999999979643e+00 6.800669099814008183e-15 3.300000000000000155e-01
1.962500000000000000e+01 2.329999999999979643e+00 6.882574646880263463e-15 3.300000000000000155e-01
1.987500000000000000e+01 2.329999999999979199e+00 8.152877877943423497e-15 3.300000000000000155e-01
2.012500000000000000e+01 2.329999999999979199e+00 1.024246255933185130e-14 3.300000000000000155e-01
2.037500000000000000e+01 2.329999999999978755e+00 1.029046056557254842e-14 3.300000000000000155e-01
2.062500000000000000e+01 2.329999999999978311e+00 8.426474777700955377e-15 3.300000000000000155e-01
2.087500000000000000e+01 2.329999999999977867e+00 5.049673613780119706e-15 3.300000000000000155e-01
2.112500000000000000e+01 2.329999999999977867e+00 1.896322658486185322e-15 3.300000000000000155e-01
2.137500000000000000e+01 2.329999999999977867e+00 1.408301213052838856e-15 3.300000000000000155e-01
2.162500000000000000e+01 2.329999999999977867e+00 -9.638693558331035175e-16 3.300000000000000155e-01
2.187500000000000000e+01 2.329999999999978311e+00 -3.967194992454484273e-15 3.300000000000000155e-01
2.212500000000000000e+01 2.329999999999978755e+00 -5.765087443829274047e-15 3.300000000000000155e-01
2.237500000000000000e+01 2.329999999999979199e+00 -5.626821355420515661e-15 3.300000000000000155e-01
2.262500000000000000e+01 2.329999999999979199e+00 -2.749676755829468246e-15 3.300000000000000155e-01
2.287500000000000000e+01 2.329999999999979643e+00 -7.266787618997077476e-16 3.300000000000000155e-01
2.312500000000000000e+01 2.329999999999980531e+00 6.875905305798146388e-16 3.300000000000000155e-01
2.337500000000000000e+01 2.329999999999980531e+00 1.265833173976110730e-15 3.300000000000000155e-01
2.362500000000000000e+01 2.329999999999980531e+00 1.069012171843670136e-16 3.300000000000000155e-01
2.387500000000000000e+01 2.329999999999980531e+00 -8.529363288174153447e-16 3.300000000000000155e-01
2.412500000000000000e+01 2.329999999999980531e+00 -1.761877024357352382e-15 3.300000000000000155e-01
2.437500000000000000e+01 2.329999999999980531e+00 -2.983980089282324333e-15 3.300000000000000155e-01
2.462500000000000000e+01 2.329999999999980531e+00 -2.620772795921096944e-15 3.300000000000000155e-01
2.487500000000000000e+01 2.329999999999979643e+00 -7.589428544380995454e-16 3.300000000000000155e-01
