1.250000000000000000e-01 2.329999999999983196e+00 -3.745594850831998017e-17 3.300000000000000155e-01
3.750000000000000000e-01 2.329999999999983196e+00 -6.932993108452923370e-16 3.300000000000000155e-01
6.250000000000000000e-01 2.329999999999983640e+00 9.038818819232622767e-17 3.300000000000000155e-01
8.750000000000000000e-01 2.329999999999984084e+00 2.466185668568177557e-15 3.300000000000000155e-01
1.125000000000000000e+00 2.329999999999984084e+00 2.987318498909687407e-15 3.300000000000000155e-01
1.375000000000000000e+00 2.329999999999984084e+00 2.374097753300809064e-15 3.300000000000000155e-01
1.625000000000000000e+00 2.329999999999984084e+00 1.723805631829433814e-15 3.300000000000000155e-01
1.875000000000000000e+00 2.329999999999984084e+00 1.113794101765168130e-15 3.300000000000000155e-01
2.125000000000000000e+00 2.329999999999984084e+00 6.469323187935003731e-16 3.300000000000000155e-01
2.375000000000000000e+00 2.329999999999984084e+00 1.714175745684482436e-16 3.300000000000000155e-01
2.625000000000000000e+00 2.329999999999984084e+00 -8.623627951493689037e-16 3.300000000000000155e-01
2.875000000000000000e+00 2.329999999999984084e+00 -1.813316912568080484e-15 3.300000000000000155e-01
3.125000000000000000e+00 2.329999999999984084e+00 -1.309302433292998236e-15 3.300000000000000155e-01
3.375000000000000000e+00 2.329999999999984528e+00 5.913662180402950482e-16 3.300000000000000155e-01
3.625000000000000000e+00 2.329999999999984972e+00 2.463735057186502513e-15 3.300000000000000155e-01
3.875000000000000000e+00 2.329999999999984972e+00 2.585458702722739458e-15 3.300000000000000155e-01
4.125000000000000000e+00 2.329999999999984972e+00 1.868292478131587068e-15 3.300000000000000155e-01
4.375000000000000000e+00 2.329999999999984972e+00 9.341534633113645149e-16 3.300000000000000155e-01
4.625000000000000000e+00 2.329999999999985416e+00 2.903448046572056046e-15 3.300000000000000155e-01
4.875000000000000000e+00 2.329999999999985860e+00 4.835279153267080955e-15 3.300000000000000155e-01
5.125000000000000000e+00 2.329999999999985860e+00 3.785450606749653945e-15 3.300000000000000155e-01
5.375000000000000000e+00 2.329999999999985860e+00 3.562671767306588704e-15 3.300000000000000155e-01
5.625000000000000000e+00 2.329999999999985860e+00 3.313670711459112564e-15 3.300000000000000155e-01
5.875000000000000000e+00 2.329999999999985860e+00 2.430537061117452223e-15 3.300000000000000155e-01
6.125000000000000000e+00 2.329999999999985860e+00 3.029650168457593721e-15 3.300000000000000155e-01
6.375000000000000000e+00 2.329999999999984972e+00 3.845002259512167971e-15 3.300000000000000155e-01
6.625000000000000000e+00 2.329999999999985860e+00 3.217428677449312672e-15 3.300000000000000155e-01
6.875000000000000000e+00 2.329999999999985860e+00 2.481701833722253337e-15 3.300000000000000155e-01
7.125000000000000000e+00 2.329999999999984972e+00 -3.352915001864485049e-16 3.300000000000000155e-01
7.375000000000000000e+00 2.329999999999984972e+00 -3.790117408603671842e-15 3.300000000000000155e-01
7.625000000000000000e+00 2.329999999999985416e+00 -2.353278765565670143e-15 3.300000000000000155e-01
7.875000000000000000e+00 2.329999999999985860e+00 1.438618106248658976e-15 3.300000000000000155e-01
8.125000000000000000e+00 2.305781249999985683e+00 2.560276278909632258e-15 3.057812500000000044e-01
8.375000000000000000e+00 2.262031249999985505e+00 3.546740777874602315e-16 2.620312500000000488e-01
8.625000000000000000e+00 2.224531249999985860e+00 -1.329825859709966080e-16 2.245312500000000155e-01
8.875000000000000000e+00 2.193281249999985860e+00 -5.952192501260892329e-16 1.932812500000000155e-01
9.125000000000000000e+00 2.168281249999986393e+00 -2.280106150869977293e-15 1.682812499999999933e-01
9.375000000000000000e+00 2.149531249999986571e+00 -1.784580651447123700e-15 1.495312500000000044e-01
9.625000000000000000e+00 2.137031249999986393e+00 -2.181541992649575109e-15 1.370312499999999933e-01
9.875000000000000000e+00 2.130781249999986748e+00 -3.900114301338661653e-15 1.307812500000000155e-01
1.012500000000000000e+01 2.130781249999986748e+00 -1.554817244157506407e-15 1.307812500000000155e-01
1.037500000000000000e+01 2.137031249999987281e+00 1.970929564002992268e-16 1.370312499999999933e-01
1.062500000000000000e+01 2.149531249999986571e+00 2.939772044949895962e-15 1.495312500000000044e-01
1.087500000000000000e+01 2.168281249999985505e+00 8.494908347930634949e-15 1.682812499999999933e-01
1.112500000000000000e+01 2.193281249999984972e+00 6.701978728456970246e-15 1.932812500000000155e-01
1.137500000000000000e+01 2.224531249999984084e+00 6.770781967966990655e-15 2.245312500000000155e-01
1.162500000000000000e+01 2.262031249999984173e+00 8.330702811768337966e-15 2.620312500000000488e-01
1.187500000000000000e+01 2.305781249999984350e+00 5.643601662338365296e-15 3.057812500000000044e-01
1.212500000000000000e+01 2.329999999999984972e+00 5.427192750255747954e-15 3.300000000000000155e-01
1.237500000000000000e+01 2.329999999999984972e+00 7.003532406811282218e-15 3.300000000000000155e-01
1.262500000000000000e+01 2.329999999999984972e+00 7.370122482948561186e-15 3.300000000000000155e-01
1.287500000000000000e+01 2.329999999999984972e+00 7.453453093719322076e-15 3.300000000000000155e-01
1.312500000000000000e+01 2.329999999999984972e+00 7.304035835447181008e-15 3.300000000000000155e-01
1.337500000000000000e+01 2.329999999999984972e+00 6.644887066185068190e-15 3.300000000000000155e-01
1.362500000000000000e+01 2.329999999999984972e+00 6.119053133096242897e-15 3.300000000000000155e-01
1.387500000000000000e+01 2.329999999999984972e+00 5.490135984438839496e-15 3.300000000000000155e-01
1.412500000000000000e+01 2.329999999999984972e+00 4.361098595036893508e-15 3.300000000000000155e-01
1.437500000000000000e+01 2.329999999999984972e+00 3.111080871319542526e-15 3.300000000000000155e-01
1.462500000000000000e+01 2.329999999999984972e+00 2.466674854503314458e-15 3.300000000000000155e-01
1.487500000000000000e+01 2.329999999999984084e+00 -1.280339294676427739e-15 3.300000000000000155e-01
1.512500000000000000e+01 2.329999999999984084e+00 -3.888538437923455564e-15 3.300000000000000155e-01
1.537500000000000000e+01 2.329999999999984084e+00 -6.456343416689551605e-16 3.300000000000000155e-01
1.562500000000000000e+01 2.329999999999984084e+00 4.255910413857197017e-15 3.300000000000000155e-01
1.587500000000000000e+01 2.329999999999984084e+00 5.233377367644838740e-15 3.300000000000000155e-01
1.612500000000000000e+01 2.329999999999984084e+00 3.216027560417104252e-15 3.300000000000000155e-01
1.637500000000000000e+01 2.329999999999984084e+00 2.792329941791800681e-15 3.300000000000000155e-01
1.662500000000000000e+01 2.329999999999984084e+00 2.181715572654495143e-15 3.300000000000000155e-01
1.687500000000000000e+01 2.329999999999984084e+00 2.689727143178112104e-17 3.300000000000000155e-01
1.712500000000000000e+01 2.329999999999984084e+00 -1.043556076155986375e-15 3.300000000000000155e-01
1.737500000000000000e+01 2.329999999999984084e+00 8.111771975204372275e-16 3.300000000000000155e-01
1.762500000000000000e+01 2.329999999999984972e+00 2.819434398353577220e-15 3.300000000000000155e-01
1.787500000000000000e+01 2.329999999999984972e+00 3.297648050458656951e-15 3.300000000000000155e-01
1.812500000000000000e+01 2.329999999999984972e+00 2.223417186278955594e-15 3.300000000000000155e-01
1.837500000000000000e+01 2.329999999999984972e+00 -3.978991047945568364e-16 3.300000000000000155e-01
1.862500000000000000e+01 2.329999999999984528e+00 -2.222965348657847398e-15 3.300000000000000155e-01
1.887500000000000000e+01 2.329999999999984528e+00 -1.477161555424273299e-15 3.300000000000000155e-01
1.912500000000000000e+01 2.329999999999984972e+00 -6.104852368483736329e-16 3.300000000000000155e-01
1.937500000000000000e+01 2.329999999999984972e+00 -1.273564167024679129e-15 3.300000000000000155e-01
1.962500000000000000e+01 2.329999999999984972e+00 -2.671256148999717121e-15 3.300000000000000155e-01
1.987500000000000000e+01 2.329999999999984084e+00 -5.918507328145853924e-15 3.300000000000000155e-01
2.012500000000000000e+01 2.329999999999984084e+00 -7.668113286733987342e-15 3.300000000000000155e-01
2.037500000000000000e+01 2.329999999999984084e+00 -4.456648241173461235e-15 3.300000000000000155e-01
2.062500000000000000e+01 2.329999999999984528e+00 -5.654568348514624219e-16 3.300000000000000155e-01
2.087500000000000000e+01 2.329999999999984084e+00 -1.649759946817593132e-16 3.300000000000000155e-01
2.112500000000000000e+01 2.329999999999984084e+00 -1.993530357799725539e-15 3.300000000000000155e-01
2.137500000000000000e+01 2.329999999999984084e+00 -2.807232376185318364e-15 3.300000000000000155e-01
2.162500000000000000e+01 2.329999999999984084e+00 -3.336167652227847684e-15 3.300000000000000155e-01
2.187500000000000000e+01 2.329999999999984084e+00 -3.908487170971108531e-15 3.300000000000000155e-01
2.212500000000000000e+01 2.329999999999984084e+00 -4.319458589020246235e-15 3.300000000000000155e-01
2.237500000000000000e+01 2.329999999999984084e+00 -5.172312635934307279e-15 3.300000000000000155e-01
2.262500000000000000e+01 2.329999999999984084e+00 -4.742957869797638690e-15 3.300000000000000155e-01
2.287500000000000000e+01 2.329999999999982752e+00 -2.136656547342490237e-15 3.300000000000000155e-01
2.312500000000000000e+01 2.329999999999982307e+00 -6.097622489014904437e-17 3.300000000000000155e-01
2.337500000000000000e+01 2.329999999999982307e+00 1.005467590996815474e-15 3.300000000000000155e-01
2.362500000000000000e+01 2.329999999999982307e+00 1.092543689116339240e-15 3.300000000000000155e-01
2.387500000000000000e+01 2.329999999999982307e+00 -1.001275830370596729e-15 3.300000000000000155e-01
2.412500000000000000e+01 2.329999999999982307e+00 -9.455663461313756005e-16 3.300000000000000155e-01
2.437500000000000000e+01 2.329999999999983196e+00 1.264662006166923833e-15 3.300000000000000155e-01
2.462500000000000000e+01 2.329999999999983196e+00 1.028098469027714697e-15 3.300000000000000155e-01
2.487500000000000000e+01 2.329999999999983196e+00 1.741990059560102830e-16 3.300000000000000155e-01
