1.250000000000000000e-01 2.329999999999976978e+00 2.159271577102545244e-15 3.300000000000000155e-01
3.750000000000000000e-01 2.329999999999977867e+00 6.173590123367533389e-16 3.300000000000000155e-01
6.250000000000000000e-01 2.329999999999976978e+00 -3.046593592475761671e-15 3.300000000000000155e-01
8.750000000000000000e-01 2.329999999999977867e+00 -7.685552995882773092e-15 3.300000000000000155e-01
1.125000000000000000e+00 2.329999999999978755e+00 -7.711497494472263526e-15 3.300000000000000155e-01
1.375000000000000000e+00 2.329999999999979199e+00 -5.631109880561366959e-15 3.300000000000000155e-01
1.625000000000000000e+00 2.329999999999979643e+00 -3.103062674242276904e-15 3.300000000000000155e-01
1.875000000000000000e+00 2.329999999999979643e+00 -4.272831040130135488e-15 3.300000000000000155e-01
2.125000000000000000e+00 2.329999999999979643e+00 -5.097767781632209625e-15 3.300000000000000155e-01
2.375000000000000000e+00 2.329999999999979199e+00 -5.555193443268792304e-15 3.300000000000000155e-01
2.625000000000000000e+00 2.329999999999978311e+00 -8.855721975218188572e-15 3.300000000000000155e-01
2.875000000000000000e+00 2.329999999999977867e+00 -1.373914518731989013e-14 3.300000000000000155e-01
3.125000000000000000e+00 2.329999999999977867e+00 -1.561061353111409013e-14 3.300000000000000155e-01
3.375000000000000000e+00 2.329999999999977867e+00 -1.640010010858061280e-14 3.300000000000000155e-01
3.625000000000000000e+00 2.329999999999977867e+00 -1.590550966767294320e-14 3.300000000000000155e-01
3.875000000000000000e+00 2.329999999999978311e+00 -1.326587483596193251e-14 3.300000000000000155e-01
4.125000000000000000e+00 2.329999999999979199e+00 -1.125953946500011284e-14 3.300000000000000155e-01
4.375000000000000000e+00 2.329999999999979199e+00 -1.126638371251063660e-14 3.300000000000000155e-01
4.625000000000000000e+00 2.329999999999979199e+00 -1.121081787244506313e-14 3.300000000000000155e-01
4.875000000000000000e+00 2.329999999999979643e+00 -1.003837259788956376e-14 3.300000000000000155e-01
5.125000000000000000e+00 2.329999999999979643e+00 -1.011427784131691999e-14 3.300000000000000155e-01
5.375000000000000000e+00 2.329999999999979643e+00 -1.063539679777617725e-14 3.300000000000000155e-01
5.625000000000000000e+00 2.329999999999978755e+00 -8.895075488582625406e-15 3.300000000000000155e-01
5.875000000000000000e+00 2.329999999999978311e+00 -5.041238317557010738e-15 3.300000000000000155e-01
6.125000000000000000e+00 2.329999999999978311e+00 -3.517718212947566370e-15 3.300000000000000155e-01
6.375000000000000000e+00 2.329999999999978755e+00 -1.252125095597183079e-15 3.300000000000000155e-01
6.625000000000000000e+00 2.329999999999978755e+00 -1.970442568223118083e-15 3.300000000000000155e-01
6.875000000000000000e+00 2.329999999999979643e+00 -3.739108792379290033e-15 3.300000000000000155e-01
7.125000000000000000e+00 2.329999999999979643e+00 -6.555178545985249819e-15 3.300000000000000155e-01
7.375000000000000000e+00 2.329999999999979643e+00 -9.699985248944445869e-15 3.300000000000000155e-01
7.625000000000000000e+00 2.329999999999979643e+00 -8.236800757811321111e-15 3.300000000000000155e-01
7.875000000000000000e+00 2.329999999999979643e+00 -6.896681544772537873e-15 3.300000000000000155e-01
8.125000000000000000e+00 2.305781249999979021e+00 -4.817021171023728574e-15 3.057812500000000044e-01
8.375000000000000000e+00 2.262031249999979732e+00 -1.089150731619635395e-15 2.620312500000000488e-01
8.625000000000000000e+00 2.224531249999979643e+00 4.098685810492200111e-16 2.245312500000000155e-01
8.875000000000000000e+00 2.193281249999978755e+00 -1.678017151323291016e-15 1.932812500000000155e-01
9.125000000000000000e+00 2.168281249999978400e+00 -3.841231707671170578e-15 1.682812499999999933e-01
9.375000000000000000e+00 2.149531249999978577e+00 -6.424795063963612582e-15 1.495312500000000044e-01
9.625000000000000000e+00 2.137031249999979288e+00 -6.500698455858400952e-15 1.370312499999999933e-01
9.875000000000000000e+00 2.130781249999979199e+00 -2.847186505760148599e-15 1.307812500000000155e-01
1.012500000000000000e+01 2.130781249999979199e+00 2.805070978836760957e-15 1.307812500000000155e-01
1.037500000000000000e+01 2.137031249999979288e+00 2.292224239617183973e-15 1.370312499999999933e-01
1.062500000000000000e+01 2.149531249999979465e+00 -4.476941396726506574e-16 1.495312500000000044e-01
1.087500000000000000e+01 2.168281249999979288e+00 -3.191579600677204506e-15 1.682812499999999933e-01
1.112500000000000000e+01 2.193281249999978755e+00 -7.545005756423224074e-15 1.932812500000000155e-01
1.137500000000000000e+01 2.224531249999978755e+00 -6.683006389462264643e-15 2.245312500000000155e-01
1.162500000000000000e+01 2.262031249999977511e+00 -6.802679111312303736e-15 2.620312500000000488e-01
1.187500000000000000e+01 2.305781249999977689e+00 -1.039094745997515110e-14 3.057812500000000044e-01
1.212500000000000000e+01 2.329999999999976978e+00 -1.429484179067764636e-14 3.300000000000000155e-01
1.237500000000000000e+01 2.329999999999976978e+00 -1.662631415208587782e-14 3.300000000000000155e-01
1.262500000000000000e+01 2.329999999999976978e+00 -1.432195547035092215e-14 3.300000000000000155e-01
1.287500000000000000e+01 2.329999999999977867e+00 -1.258306002346955836e-14 3.300000000000000155e-01
1.312500000000000000e+01 2.329999999999977867e+00 -1.289756263447461706e-14 3.300000000000000155e-01
1.337500000000000000e+01 2.329999999999977423e+00 -7.929036383036009112e-15 3.300000000000000155e-01
1.362500000000000000e+01 2.329999999999976978e+00 -2.699900249131985093e-15 3.300000000000000155e-01
1.387500000000000000e+01 2.329999999999976978e+00 -1.138704941118723923e-15 3.300000000000000155e-01
1.412500000000000000e+01 2.329999999999977867e+00 8.098372589288861040e-16 3.300000000000000155e-01
1.437500000000000000e+01 2.329999999999977867e+00 1.977527406872858423e-15 3.300000000000000155e-01
1.462500000000000000e+01 2.329999999999977867e+00 2.005374043650594401e-15 3.300000000000000155e-01
1.487500000000000000e+01 2.329999999999977867e+00 1.000481173713395695e-15 3.300000000000000155e-01
1.512500000000000000e+01 2.329999999999977867e+00 -4.976168570799396163e-15 3.300000000000000155e-01
1.537500000000000000e+01 2.329999999999977867e+00 -1.189301673041627867e-14 3.300000000000000155e-01
1.562500000000000000e+01 2.329999999999979199e+00 -1.265025857273733871e-14 3.300000000000000155e-01
1.587500000000000000e+01 2.329999999999979643e+00 -1.057076392709980564e-14 3.300000000000000155e-01
1.612500000000000000e+01 2.329999999999979643e+00 -9.427953683011640411e-15 3.300000000000000155e-01
1.637500000000000000e+01 2.329999999999979643e+00 -1.050023902458294796e-14 3.300000000000000155e-01
1.662500000000000000e+01 2.329999999999979643e+00 -1.126548877809651669e-14 3.300000000000000155e-01
1.687500000000000000e+01 2.329999999999978755e+00 -6.407075052509723969e-15 3.300000000000000155e-01
1.712500000000000000e+01 2.329999999999977867e+00 -3.908285681479177542e-15 3.300000000000000155e-01
1.737500000000000000e+01 2.329999999999977867e+00 -5.387123770197546521e-15 3.300000000000000155e-01
1.762500000000000000e+01 2.329999999999977867e+00 -5.222660101240039969e-15 3.300000000000000155e-01
1.787500000000000000e+01 2.329999999999977867e+00 -7.540946115610882353e-15 3.300000000000000155e-01
1.812500000000000000e+01 2.329999999999978311e+00 -7.102749623887203386e-15 3.300000000000000155e-01
1.837500000000000000e+01 2.329999999999978755e+00 -2.093071605193848778e-15 3.300000000000000155e-01
1.862500000000000000e+01 2.329999999999978755e+00 3.956012757169458663e-15 3.300000000000000155e-01
1.887500000000000000e+01 2.329999999999978755e+00 5.105694469780600748e-15 3.300000000000000155e-01
1.912500000000000000e+01 2.329999999999978755e+00 3.202390027013178506e-15 3.300000000000000155e-01
1.937500000000000000e+01 2.329999999999978755e+00 5.797994896391397870e-16 3.300000000000000155e-01
1.962500000000000000e+01 2.329999999999979643e+00 -2.848016215734793928e-15 3.300000000000000155e-01
1.987500000000000000e+01 2.329999999999979643e+00 -3.382283602369153565e-15 3.300000000000000155e-01
2.012500000000000000e+01 2.329999999999979643e+00 -4.231399193761440490e-15 3.300000000000000155e-01
2.037500000000000000e+01 2.329999999999979199e+00 -2.557688248388227672e-15 3.300000000000000155e-01
2.062500000000000000e+01 2.329999999999979643e+00 3.334548964160233021e-16 3.300000000000000155e-01
2.087500000000000000e+01 2.329999999999979643e+00 2.237949358384331737e-15 3.300000000000000155e-01
2.112500000000000000e+01 2.329999999999979643e+00 3.508786666678952165e-15 3.300000000000000155e-01
2.137500000000000000e+01 2.329999999999979643e+00 1.973265392551023776e-15 3.300000000000000155e-01
2.162500000000000000e+01 2.329999999999980531e+00 3.409517776473524170e-15 3.300000000000000155e-01
2.187500000000000000e+01 2.329999999999979643e+00 2.142719678875699164e-15 3.300000000000000155e-01
2.212500000000000000e+01 2.329999999999979643e+00 -2.302917386662215947e-15 3.300000000000000155e-01
2.237500000000000000e+01 2.329999999999979643e+00 -1.939040102493120374e-15 3.300000000000000155e-01
2.262500000000000000e+01 2.329999999999979199e+00 1.359383934229543313e-15 3.300000000000000155e-01
2.287500000000000000e+01 2.329999999999979643e+00 4.805774489313392006e-15 3.300000000000000155e-01
2.312500000000000000e+01 2.329999999999980531e+00 5.608611741336300317e-15 3.300000000000000155e-01
2.337500000000000000e+01 2.329999999999980975e+00 7.591378798568298047e-15 3.300000000000000155e-01
2.362500000000000000e+01 2.329999999999981419e+00 1.018584205957244478e-14 3.300000000000000155e-01
2.387500000000000000e+01 2.329999999999981419e+00 9.810967919285172636e-15 3.300000000000000155e-01
2.412500000000000000e+01 2.329999999999981419e+00 6.633040740308362637e-15 3.300000000000000155e-01
2.437500000000000000e+01 2.329999999999981863e+00 3.717663819331738423e-15 3.300000000000000155e-01
2.462500000000000000e+01 2.329999999999982307e+00 2.233849904681372196e-15 3.300000000000000155e-01
2.487500000000000000e+01 2.329999999999982307e+00 9.310928882482674858e-16 3.300000000000000155e-01
