1.250000000000000000e-01 1.999999999999964029e+00 -1.840339642678801150e-16 -8.023378137447363988e-69
3.750000000000000000e-01 1.999999999999964029e+00 6.518996412748452413e-18 -8.237583357394522715e-66
6.250000000000000000e-01 1.999999999999963585e+00 1.675991377893879377e-16 -4.960217038783216562e-63
8.750000000000000000e-01 1.999999999999963585e+00 -1.255432697847789720e-15 -2.238951327798705257e-60
1.125000000000000000e+00 1.999999999999963141e+00 -5.451989785631603168e-16 -8.083295968589928611e-58
1.375000000000000000e+00 1.999999999999962697e+00 2.371661212147883795e-15 -2.392703374079241387e-55
1.625000000000000000e+00 1.999999999999962252e+00 3.304144429682048109e-15 -5.861267598663115703e-53
1.875000000000000000e+00 1.999999999999962252e+00 1.727892827062214978e-15 -1.188394390813471757e-50
2.125000000000000000e+00 1.999999999999962252e+00 1.021643345635458778e-15 -1.976589158084722107e-48
2.375000000000000000e+00 1.999999999999962252e+00 2.012460489320709387e-15 -2.632942317395744082e-46
2.625000000000000000e+00 1.999999999999961586e+00 6.786193419256852904e-16 -2.638888646042496896e-44
2.875000000000000000e+00 1.999999999999961586e+00 -1.729735087004849835e-15 -1.579641419157226237e-42
3.125000000000000000e+00 1.999999999999961364e+00 -4.156849325484442453e-15 4.567817789604014810e-41
3.375000000000000000e+00 1.999999999999961364e+00 -5.296346335263464590e-15 2.765275095680040351e-38
3.625000000000000000e+00 1.999999999999960920e+00 -6.101453834360897903e-15 4.404258009248602945e-36
3.875000000000000000e+00 1.999999999999960920e+00 -8.428643249643248538e-15 4.802503147034088949e-34
4.125000000000000000e+00 1.999999999999961364e+00 -7.621946103761156112e-15 4.071494094928458518e-32
4.375000000000000000e+00 1.999999999999962252e+00 -4.742442737580633127e-15 2.798298194819873101e-30
4.625000000000000000e+00 1.999999999999963585e+00 -2.182007767026454035e-15 1.585348771381702294e-28
4.875000000000000000e+00 1.999999999999963585e+00 -2.177935019845005551e-15 7.440898366819669321e-27
5.125000000000000000e+00 1.999999999999963585e+00 -2.237603402516875403e-15 2.883150281640901309e-25
5.375000000000000000e+00 1.999999999999962919e+00 -1.638551575543102220e-15 9.092577194644608559e-24
5.625000000000000000e+00 1.999999999999962919e+00 -1.762310110863635862e-15 2.252142269674822817e-22
5.875000000000000000e+00 1.999999999999962697e+00 -3.414390501836639922e-15 3.954656992153136193e-21
6.125000000000000000e+00 1.999999999999962697e+00 -5.016232959342108270e-15 2.789761923259548250e-20
6.375000000000000000e+00 1.999999999999962252e+00 -7.474177775768684904e-15 -1.090910186703771491e-18
6.625000000000000000e+00 1.999999999999962252e+00 -9.390348947667668267e-15 -5.521393082472215465e-17
6.875000000000000000e+00 1.999999999999960032e+00 -1.152663907268562020e-14 -1.508139528307749760e-15
7.125000000000000000e+00 1.999999999999930722e+00 -1.355544335259049716e-14 -3.040645920772998491e-14
7.375000000000000000e+00 1.999999999999473310e+00 -1.541737626577025991e-14 -4.877310751497740124e-13
7.625000000000000000e+00 1.999999999993561151e+00 -1.911021548328962173e-14 -6.400550420574791799e-12
7.875000000000000000e+00 1.999999999930495154e+00 -2.142374590597927165e-14 -6.946621751012237496e-11
8.125000000000000000e+00 1.999999999375658977e+00 -2.327137191460487039e-14 -6.243021272063907122e-10
8.375000000000000000e+00 1.999999995388913820e+00 -2.348128936133920134e-14 -4.611047172371882217e-09
8.625000000000000000e+00 1.999999972599979969e+00 -2.228441542967957985e-14 -2.739997998605907259e-08
8.875000000000000000e+00 1.999999875940881466e+00 -1.969780595336033252e-14 -1.240590773561188039e-07
9.125000000000000000e+00 1.999999644742733951e+00 -1.827804914797152132e-14 -3.552572240524588230e-07
9.375000000000000000e+00 2.000000129420541839e+00 -2.040841194875790881e-14 1.294205838031593677e-07
9.625000000000000000e+00 2.000009209599731719e+00 -2.064997380618510245e-14 9.209599773068000451e-06
9.875000000000000000e+00 2.000068290602810883e+00 -2.294438971763477071e-14 6.829060285179712659e-05
1.012500000000000000e+01 2.000334760723478489e+00 -2.887712061650324154e-14 3.347607235189022611e-04
1.037500000000000000e+01 2.001263967051407633e+00 -3.298263605698006116e-14 1.263967051447289526e-03
1.062500000000000000e+01 2.003855097550684583e+00 -3.730569498639319033e-14 3.855097550723615187e-03
1.087500000000000000e+01 2.009678706500964918e+00 -4.369772390672452380e-14 9.678706501005496232e-03
1.112500000000000000e+01 2.020127884974871613e+00 -4.715113785728525197e-14 2.012788497491367970e-02
1.137500000000000000e+01 2.034589628058387056e+00 -4.714364619012940778e-14 3.458962805843038280e-02
1.162500000000000000e+01 2.048513295031449744e+00 -4.474787565644405416e-14 4.851329503149329897e-02
1.187500000000000000e+01 2.053807929155738066e+00 -4.547325351833462199e-14 5.380792915578349461e-02
1.212500000000000000e+01 2.043251001870580730e+00 -4.981160318105229913e-14 4.325100187062740076e-02
1.237500000000000000e+01 2.016682344413043726e+00 -4.845800819539094589e-14 1.668234441309194085e-02
1.262500000000000000e+01 1.983317655586858574e+00 -5.061213610033975487e-14 -1.668234441309194085e-02
1.287500000000000000e+01 1.956748998129322903e+00 -5.520875472913583834e-14 -4.325100187062740076e-02
1.312500000000000000e+01 1.946192070844165567e+00 -5.986519149769109814e-14 -5.380792915578349461e-02
1.337500000000000000e+01 1.951486704968455665e+00 -6.312160003647207125e-14 -4.851329503149329897e-02
1.362500000000000000e+01 1.965410371941517464e+00 -6.603454286580750863e-14 -3.458962805843038280e-02
1.387500000000000000e+01 1.979872115025034240e+00 -7.184149148239131145e-14 -2.012788497491367970e-02
1.412500000000000000e+01 1.890321293498943067e+00 -7.703373998121276291e-14 -1.096787065010055018e-01
1.437500000000000000e+01 1.896144902449224290e+00 -7.833830449193219618e-14 -1.038550975507236268e-01
1.462500000000000000e+01 1.898736032948500796e+00 -8.249942979620124703e-14 -1.012639670514473011e-01
1.487500000000000000e+01 1.899665239276428386e+00 -8.149176753204882061e-14 -1.003347607235189065e-01
1.512500000000000000e+01 1.899931709397095769e+00 -8.219558041895173944e-14 -1.000682906028518004e-01
1.537500000000000000e+01 1.899990790400173601e+00 -9.103068702614730651e-14 -1.000092095997730801e-01
1.562500000000000000e+01 1.899999870579362149e+00 -9.400593045697852291e-14 -1.000001294205838109e-01
1.587500000000000000e+01 1.900000355257171591e+00 -9.447677588890940610e-14 -9.999964474277595050e-02
1.612500000000000000e+01 1.900000124059024742e+00 -9.273277283048604620e-14 -9.999987594092264731e-02
1.637500000000000000e+01 1.900000027399925795e+00 -9.631503460684139722e-14 -9.999997260002002619e-02
1.662500000000000000e+01 1.900000004610993276e+00 -1.003746515257539525e-13 -9.999999538895283646e-02
1.687500000000000000e+01 1.900000000624248564e+00 -1.010507910739758656e-13 -9.999999937569788167e-02
1.712500000000000000e+01 1.900000000069412831e+00 -1.037910857400198687e-13 -9.999999993053378111e-02
1.737500000000000000e+01 1.900000000006346390e+00 -1.072279343453377017e-13 -9.999999999359945879e-02
1.762500000000000000e+01 1.900000000000433786e+00 -1.102840285101861776e-13 -9.999999999951227070e-02
1.787500000000000000e+01 1.899999999999976374e+00 -1.126175722972452369e-13 -9.999999999996959932e-02
1.812500000000000000e+01 1.899999999999948397e+00 -1.124636803127165305e-13 -9.999999999999849287e-02
1.837500000000000000e+01 1.899999999999947287e+00 -1.113217116179080832e-13 -9.999999999999995004e-02
1.862500000000000000e+01 1.899999999999947953e+00 -1.102890020523581680e-13 -1.000000000000000056e-01
1.887500000000000000e+01 1.899999999999948619e+00 -1.071948905915630681e-13 -1.000000000000000056e-01
1.912500000000000000e+01 1.899999999999950617e+00 -1.047977332294913662e-13 -1.000000000000000056e-01
1.937500000000000000e+01 1.899999999999952616e+00 -1.040169939524320974e-13 -1.000000000000000056e-01
1.962500000000000000e+01 1.899999999999953282e+00 -1.027798934554824101e-13 -1.000000000000000056e-01
1.987500000000000000e+01 1.899999999999955946e+00 -1.009183146752712218e-13 -1.000000000000000056e-01
2.012500000000000000e+01 1.899999999999957945e+00 -9.887509582001491267e-14 -1.000000000000000056e-01
2.037500000000000000e+01 1.899999999999959277e+00 -9.623317093553682457e-14 -1.000000000000000056e-01
2.062500000000000000e+01 1.899999999999961275e+00 -9.088653735978185470e-14 -1.000000000000000056e-01
2.087500000000000000e+01 1.899999999999963274e+00 -8.514708922900798279e-14 -1.000000000000000056e-01
2.112500000000000000e+01 1.899999999999966160e+00 -7.829883609691642121e-14 -1.000000000000000056e-01
2.137500000000000000e+01 1.899999999999969269e+00 -7.246726493495754705e-14 -1.000000000000000056e-01
2.162500000000000000e+01 1.899999999999971934e+00 -6.821657210595181715e-14 -1.000000000000000056e-01
2.187500000000000000e+01 1.899999999999975042e+00 -6.408980334479021155e-14 -1.000000000000000056e-01
2.212500000000000000e+01 1.899999999999977263e+00 -6.312861254794894630e-14 -1.000000000000000056e-01
2.237500000000000000e+01 1.899999999999979927e+00 -6.051359178967742307e-14 -1.000000000000000056e-01
2.262500000000000000e+01 1.899999999999982592e+00 -5.382186906322520972e-14 -1.000000000000000056e-01
2.287500000000000000e+01 1.899999999999984368e+00 -4.879589464249009796e-14 -1.000000000000000056e-01
2.312500000000000000e+01 1.899999999999985034e+00 -4.244657126650511777e-14 -1.000000000000000056e-01
2.337500000000000000e+01 1.899999999999985922e+00 -3.262624824148837455e-14 -1.000000000000000056e-01
2.362500000000000000e+01 1.899999999999987477e+00 -2.338571801655901995e-14 -1.000000000000000056e-01
2.387500000000000000e+01 1.899999999999989253e+00 -1.765261901390574448e-14 -1.000000000000000056e-01
2.412500000000000000e+01 1.899999999999991918e+00 -1.425859396474765652e-14 -1.000000000000000056e-01
2.437500000000000000e+01 1.899999999999994582e+00 -9.177925459737116494e-15 -1.000000000000000056e-01
2.462500000000000000e+01 1.899999999999996581e+00 -6.579729957757404264e-15 -1.000000000000000056e-01
2.487500000000000000e+01 1.899999999999999245e+00 -1.083668692269435609e-16 -1.000000000000000056e-01
