1.250000000000000000e-01 1.999999999999960920e+00 -8.641949972783506299e-16 -8.023378137447363988e-69
3.750000000000000000e-01 1.999999999999960920e+00 1.928771029677098912e-15 -8.237583357394522715e-66
6.250000000000000000e-01 1.999999999999960254e+00 2.788124330132164614e-15 -4.960217038783216562e-63
8.750000000000000000e-01 1.999999999999960254e+00 1.764162661963808846e-15 -2.238951327798705257e-60
1.125000000000000000e+00 1.999999999999960254e+00 1.966464400008264112e-15 -8.083295968589928611e-58
1.375000000000000000e+00 1.999999999999960254e+00 1.344925315440916448e-15 -2.392703374079241387e-55
1.625000000000000000e+00 1.999999999999960032e+00 1.419686271975920732e-15 -5.861267598663115703e-53
1.875000000000000000e+00 1.999999999999960920e+00 -2.122333559914266267e-15 -1.188394390813471757e-50
2.125000000000000000e+00 1.999999999999960920e+00 -6.556192427113476005e-15 -1.976589158084722107e-48
2.375000000000000000e+00 1.999999999999960254e+00 -3.915152872218676821e-15 -2.632942317395744082e-46
2.625000000000000000e+00 1.999999999999959588e+00 4.266237594438338646e-16 -2.638888646042496896e-44
2.875000000000000000e+00 1.999999999999958922e+00 -5.549456453208586913e-16 -1.579641419157226237e-42
3.125000000000000000e+00 1.999999999999958922e+00 -1.430587035937853244e-15 4.567817789604014810e-41
3.375000000000000000e+00 1.999999999999958922e+00 -1.353703919002560694e-15 2.765275095680040351e-38
3.625000000000000000e+00 1.999999999999960254e+00 -3.362228432762153658e-16 4.404258009248602945e-36
3.875000000000000000e+00 1.999999999999961364e+00 6.001106027705578858e-16 4.802503147034088949e-34
4.125000000000000000e+00 1.999999999999962252e+00 -1.456875854349357067e-15 4.071494094928458518e-32
4.375000000000000000e+00 1.999999999999963585e+00 -5.464716651834523637e-15 2.798298194819873101e-30
4.625000000000000000e+00 1.999999999999964029e+00 -6.609516817732528926e-15 1.585348771381702294e-28
4.875000000000000000e+00 1.999999999999963585e+00 -7.445138125464949554e-15 7.440898366819669321e-27
5.125000000000000000e+00 1.999999999999962252e+00 -8.587120551725972927e-15 2.883150281640901309e-25
5.375000000000000000e+00 1.999999999999960032e+00 2.018136931599395077e-16 9.092577194644608559e-24
5.625000000000000000e+00 1.999999999999958922e+00 1.029025861354110071e-14 2.252142269674822817e-22
5.875000000000000000e+00 1.999999999999958700e+00 9.113216195867463891e-15 3.954656992153136193e-21
6.125000000000000000e+00 1.999999999999959810e+00 -2.545387658293162326e-15 2.789761923259548250e-20
6.375000000000000000e+00 1.999999999999960920e+00 -1.854886261804042864e-14 -1.090910186703771491e-18
6.625000000000000000e+00 1.999999999999960254e+00 -2.466750300833311210e-14 -5.521393082472215465e-17
6.875000000000000000e+00 1.999999999999957812e+00 -1.975871848478278124e-14 -1.508139528307749760e-15
7.125000000000000000e+00 1.999999999999929612e+00 -1.559981895888345152e-14 -3.040645920772998491e-14
7.375000000000000000e+00 1.999999999999474642e+00 -1.485305731872658887e-14 -4.877310751497740124e-13
7.625000000000000000e+00 1.999999999993562483e+00 -1.196711882345391043e-14 -6.400550420574791799e-12
7.875000000000000000e+00 1.999999999930494488e+00 -7.097685780861674678e-15 -6.946621751012237496e-11
8.125000000000000000e+00 1.999999999375656978e+00 -6.048614753240083091e-15 -6.243021272063907122e-10
8.375000000000000000e+00 1.999999995388913820e+00 -1.366279717057680246e-14 -4.611047172371882217e-09
8.625000000000000000e+00 1.999999972599983078e+00 -2.232735335876068808e-14 -2.739997998605907259e-08
8.875000000000000000e+00 1.999999875940885241e+00 -2.297417652011828610e-14 -1.240590773561188039e-07
9.125000000000000000e+00 1.999999644742736615e+00 -2.119922027391687476e-14 -3.552572240524588230e-07
9.375000000000000000e+00 2.000000129420544503e+00 -2.662496706316285868e-14 1.294205838031593677e-07
9.625000000000000000e+00 2.000009209599735271e+00 -3.634932066290642571e-14 9.209599773068000451e-06
9.875000000000000000e+00 2.000068290602813992e+00 -3.956987260464791139e-14 6.829060285179712659e-05
1.012500000000000000e+01 2.000334760723478489e+00 -2.754504516773822284e-14 3.347607235189022611e-04
1.037500000000000000e+01 2.001263967051404080e+00 -1.795519895641405896e-14 1.263967051447289526e-03
1.062500000000000000e+01 2.003855097550681030e+00 -2.162616088529673259e-14 3.855097550723615187e-03
1.087500000000000000e+01 2.009678706500964473e+00 -3.224267990958742138e-14 9.678706501005496232e-03
1.112500000000000000e+01 2.020127884974872501e+00 -3.539515072340254794e-14 2.012788497491367970e-02
1.137500000000000000e+01 2.034589628058386612e+00 -2.711830616269081813e-14 3.458962805843038280e-02
1.162500000000000000e+01 2.048513295031447079e+00 -2.145547973173978753e-14 4.851329503149329897e-02
1.187500000000000000e+01 2.053807929155737177e+00 -2.383771671641278770e-14 5.380792915578349461e-02
1.212500000000000000e+01 2.043251001870582950e+00 -3.426539490397006038e-14 4.325100187062740076e-02
1.237500000000000000e+01 2.016682344413047723e+00 -3.480794749669273456e-14 1.668234441309194085e-02
1.262500000000000000e+01 1.983317655586860573e+00 -2.838095833181876368e-14 -1.668234441309194085e-02
1.287500000000000000e+01 1.956748998129322903e+00 -2.710319018621328237e-14 -4.325100187062740076e-02
1.312500000000000000e+01 1.946192070844168454e+00 -3.489792709086673803e-14 -5.380792915578349461e-02
1.337500000000000000e+01 1.951486704968460995e+00 -4.713239439763100166e-14 -4.851329503149329897e-02
1.362500000000000000e+01 1.965410371941522572e+00 -4.335832754558488187e-14 -3.458962805843038280e-02
1.387500000000000000e+01 1.979872115025037349e+00 -3.840535354267523334e-14 -2.012788497491367970e-02
1.412500000000000000e+01 1.890321293498946842e+00 -4.146922085000179114e-14 -1.096787065010055018e-01
1.437500000000000000e+01 1.896144902449227398e+00 -5.185787080440957878e-14 -1.038550975507236268e-01
1.462500000000000000e+01 1.898736032948503683e+00 -5.211602464906348712e-14 -1.012639670514473011e-01
1.487500000000000000e+01 1.899665239276437045e+00 -4.824541384146579355e-14 -1.003347607235189065e-01
1.512500000000000000e+01 1.899931709397096435e+00 -7.574706891155217991e-14 -1.000682906028518004e-01
1.537500000000000000e+01 1.899990790400175378e+00 -8.334640624582836594e-14 -1.000092095997730801e-01
1.562500000000000000e+01 1.899999870579368366e+00 -5.267219572982679635e-14 -1.000001294205838109e-01
1.587500000000000000e+01 1.900000355257178253e+00 -5.049126340624678849e-14 -9.999964474277595050e-02
1.612500000000000000e+01 1.900000124059025630e+00 -8.089808525748195159e-14 -9.999987594092264731e-02
1.637500000000000000e+01 1.900000027399922242e+00 -9.881531209493573739e-14 -9.999997260002002619e-02
1.662500000000000000e+01 1.900000004610993498e+00 -8.581437479739578445e-14 -9.999999538895283646e-02
1.687500000000000000e+01 1.900000000624253227e+00 -6.368026380823239740e-14 -9.999999937569788167e-02
1.712500000000000000e+01 1.900000000069416828e+00 -7.468133517734577301e-14 -9.999999993053378111e-02
1.737500000000000000e+01 1.900000000006345946e+00 -1.064836079070217218e-13 -9.999999999359945879e-02
1.762500000000000000e+01 1.900000000000431566e+00 -1.214896828438481853e-13 -9.999999999951227070e-02
1.787500000000000000e+01 1.899999999999977707e+00 -1.030143259768769959e-13 -9.999999999996959932e-02
1.812500000000000000e+01 1.899999999999951950e+00 -8.702229799764340822e-14 -9.999999999999849287e-02
1.837500000000000000e+01 1.899999999999946398e+00 -1.092339834173190825e-13 -9.999999999999995004e-02
1.862500000000000000e+01 1.899999999999941958e+00 -1.325552306626061338e-13 -1.000000000000000056e-01
1.887500000000000000e+01 1.899999999999945954e+00 -1.206775154675319547e-13 -1.000000000000000056e-01
1.912500000000000000e+01 1.899999999999952616e+00 -9.605208059428153084e-14 -1.000000000000000056e-01
1.937500000000000000e+01 1.899999999999950617e+00 -9.838428456112922411e-14 -1.000000000000000056e-01
1.962500000000000000e+01 1.899999999999944844e+00 -1.196431720075484699e-13 -1.000000000000000056e-01
1.987500000000000000e+01 1.899999999999947953e+00 -1.224378617806517096e-13 -1.000000000000000056e-01
2.012500000000000000e+01 1.899999999999957057e+00 -1.022941463406335691e-13 -1.000000000000000056e-01
2.037500000000000000e+01 1.899999999999961720e+00 -8.671345044431353648e-14 -1.000000000000000056e-01
2.062500000000000000e+01 1.899999999999959499e+00 -8.942010063879977649e-14 -1.000000000000000056e-01
2.087500000000000000e+01 1.899999999999958611e+00 -9.166130582050268034e-14 -1.000000000000000056e-01
2.112500000000000000e+01 1.899999999999964828e+00 -7.537168454442356715e-14 -1.000000000000000056e-01
2.137500000000000000e+01 1.899999999999970157e+00 -5.630738750315933322e-14 -1.000000000000000056e-01
2.162500000000000000e+01 1.899999999999969713e+00 -5.688655099790399698e-14 -1.000000000000000056e-01
2.187500000000000000e+01 1.899999999999968825e+00 -6.645260850357779733e-14 -1.000000000000000056e-01
2.212500000000000000e+01 1.899999999999972600e+00 -6.812822780602730701e-14 -1.000000000000000056e-01
2.237500000000000000e+01 1.899999999999978151e+00 -5.604304278298840539e-14 -1.000000000000000056e-01
2.262500000000000000e+01 1.899999999999981259e+00 -4.843965477288043139e-14 -1.000000000000000056e-01
2.287500000000000000e+01 1.899999999999980593e+00 -5.012232591889630436e-14 -1.000000000000000056e-01
2.312500000000000000e+01 1.899999999999981037e+00 -4.530470059217821007e-14 -1.000000000000000056e-01
2.337500000000000000e+01 1.899999999999984812e+00 -2.739198622177627130e-14 -1.000000000000000056e-01
2.362500000000000000e+01 1.899999999999987033e+00 -1.046401863092296354e-14 -1.000000000000000056e-01
2.387500000000000000e+01 1.899999999999987921e+00 -9.138382332313630009e-15 -1.000000000000000056e-01
2.412500000000000000e+01 1.899999999999987255e+00 -1.821461882115229579e-14 -1.000000000000000056e-01
2.437500000000000000e+01 1.899999999999989919e+00 -8.684564900421541196e-15 -1.000000000000000056e-01
2.462500000000000000e+01 1.899999999999994138e+00 5.055703748746930550e-15 -1.000000000000000056e-01
2.487500000000000000e+01 1.899999999999999023e+00 5.664806600132590621e-15 -1.000000000000000056e-01
