1.250000000000000000e-01 1.999999999999962919e+00 2.678350454304351829e-16 -8.023378137447363988e-69
3.750000000000000000e-01 1.999999999999962919e+00 -8.950473700285065730e-16 -8.237583357394522715e-66
6.250000000000000000e-01 1.999999999999963585e+00 -1.023001007561177222e-15 -4.960217038783216562e-63
8.750000000000000000e-01 1.999999999999963585e+00 -3.475793914630928081e-16 -2.238951327798705257e-60
1.125000000000000000e+00 1.999999999999963585e+00 -1.345627859396753655e-15 -8.083295968589928611e-58
1.375000000000000000e+00 1.999999999999963585e+00 -2.123634533102388120e-15 -2.392703374079241387e-55
1.625000000000000000e+00 1.999999999999963585e+00 -2.967345611111064821e-15 -5.861267598663115703e-53
1.875000000000000000e+00 1.999999999999963585e+00 -4.050250376377121409e-15 -1.188394390813471757e-50
2.125000000000000000e+00 1.999999999999963585e+00 -5.158746788314212377e-15 -1.976589158084722107e-48
2.375000000000000000e+00 1.999999999999963585e+00 -6.126358282309865917e-15 -2.632942317395744082e-46
2.625000000000000000e+00 1.999999999999963585e+00 -6.996722156294268539e-15 -2.638888646042496896e-44
2.875000000000000000e+00 1.999999999999963585e+00 -7.539047357089988151e-15 -1.579641419157226237e-42
3.125000000000000000e+00 1.999999999999963585e+00 -8.116684569022506627e-15 4.567817789604014810e-41
3.375000000000000000e+00 1.999999999999963585e+00 -1.006133134152092885e-14 2.765275095680040351e-38
3.625000000000000000e+00 1.999999999999963585e+00 -8.851882719253027691e-15 4.404258009248602945e-36
3.875000000000000000e+00 1.999999999999963585e+00 -7.614921705343130810e-15 4.802503147034088949e-34
4.125000000000000000e+00 1.999999999999964251e+00 -6.318737085823693387e-15 4.071494094928458518e-32
4.375000000000000000e+00 1.999999999999965583e+00 -1.798494714098526935e-15 2.798298194819873101e-30
4.625000000000000000e+00 1.999999999999966915e+00 1.431192473801425881e-15 1.585348771381702294e-28
4.875000000000000000e+00 1.999999999999967137e+00 1.583861720571002520e-15 7.440898366819669321e-27
5.125000000000000000e+00 1.999999999999966693e+00 -7.126351443410380254e-16 2.883150281640901309e-25
5.375000000000000000e+00 1.999999999999966693e+00 -2.483441421420631719e-15 9.092577194644608559e-24
5.625000000000000000e+00 1.999999999999966693e+00 -1.886628709518960003e-15 2.252142269674822817e-22
5.875000000000000000e+00 1.999999999999966249e+00 -2.565738386746856794e-15 3.954656992153136193e-21
6.125000000000000000e+00 1.999999999999966249e+00 -5.494525558884320112e-15 2.789761923259548250e-20
6.375000000000000000e+00 1.999999999999966249e+00 -6.661462919306612015e-15 -1.090910186703771491e-18
6.625000000000000000e+00 1.999999999999966249e+00 -6.704645013872552801e-15 -5.521393082472215465e-17
6.875000000000000000e+00 1.999999999999964917e+00 -4.619596998590741914e-15 -1.508139528307749760e-15
7.125000000000000000e+00 1.999999999999936273e+00 -1.048911005889092325e-15 -3.040645920772998491e-14
7.375000000000000000e+00 1.999999999999480638e+00 4.986834857140796656e-16 -4.877310751497740124e-13
7.625000000000000000e+00 1.999999999993568700e+00 6.822303921938977583e-17 -6.400550420574791799e-12
7.875000000000000000e+00 1.999999999930502481e+00 -1.950595086173313333e-15 -6.946621751012237496e-11
8.125000000000000000e+00 1.999999999375666526e+00 -5.423692522691034818e-15 -6.243021272063907122e-10
8.375000000000000000e+00 1.999999995388922036e+00 -8.516043049452403203e-15 -4.611047172371882217e-09
8.625000000000000000e+00 1.999999972599989739e+00 -7.728406726306282156e-15 -2.739997998605907259e-08
8.875000000000000000e+00 1.999999875940892569e+00 -5.766019629724711834e-15 -1.240590773561188039e-07
9.125000000000000000e+00 1.999999644742747051e+00 -1.302822193395668862e-15 -3.552572240524588230e-07
9.375000000000000000e+00 2.000000129420555162e+00 1.103925828086196558e-15 1.294205838031593677e-07
9.625000000000000000e+00 2.000009209599744153e+00 -1.593227496913483212e-15 9.209599773068000451e-06
9.875000000000000000e+00 2.000068290602822874e+00 -1.833117516496580119e-15 6.829060285179712659e-05
1.012500000000000000e+01 2.000334760723489591e+00 -4.047240997330227753e-15 3.347607235189022611e-04
1.037500000000000000e+01 2.001263967051418291e+00 -6.333481224913084387e-15 1.263967051447289526e-03
1.062500000000000000e+01 2.003855097550694797e+00 -7.874794166782866225e-15 3.855097550723615187e-03
1.087500000000000000e+01 2.009678706500976464e+00 -6.342053910008529031e-15 9.678706501005496232e-03
1.112500000000000000e+01 2.020127884974884047e+00 -1.732487120271649381e-15 2.012788497491367970e-02
1.137500000000000000e+01 2.034589628058400379e+00 -3.539035934131760713e-15 3.458962805843038280e-02
1.162500000000000000e+01 2.048513295031463066e+00 -6.979720575140967511e-15 4.851329503149329897e-02
1.187500000000000000e+01 2.053807929155753609e+00 -6.799392658045805116e-15 5.380792915578349461e-02
1.212500000000000000e+01 2.043251001870597605e+00 -6.768707780191641825e-15 4.325100187062740076e-02
1.237500000000000000e+01 2.016682344413062822e+00 -3.043141758198080826e-15 1.668234441309194085e-02
1.262500000000000000e+01 1.983317655586879891e+00 2.470720678427712177e-15 -1.668234441309194085e-02
1.287500000000000000e+01 1.956748998129344219e+00 6.899124127377197652e-15 -4.325100187062740076e-02
1.312500000000000000e+01 1.946192070844187327e+00 1.011268210221935651e-14 -5.380792915578349461e-02
1.337500000000000000e+01 1.951486704968476538e+00 9.436396038703302771e-15 -4.851329503149329897e-02
1.362500000000000000e+01 1.965410371941539669e+00 8.166704323526391231e-15 -3.458962805843038280e-02
1.387500000000000000e+01 1.979872115025056445e+00 6.501516688699166582e-15 -2.012788497491367970e-02
1.412500000000000000e+01 1.890321293498964383e+00 6.003775340339440495e-15 -1.096787065010055018e-01
1.437500000000000000e+01 1.896144902449245828e+00 5.293824176839468759e-15 -1.038550975507236268e-01
1.462500000000000000e+01 1.898736032948522112e+00 4.067003352974023961e-15 -1.012639670514473011e-01
1.487500000000000000e+01 1.899665239276450368e+00 2.550136496624339052e-15 -1.003347607235189065e-01
1.512500000000000000e+01 1.899931709397117974e+00 5.781498310877020924e-16 -1.000682906028518004e-01
1.537500000000000000e+01 1.899990790400196250e+00 -1.328590829045245155e-16 -1.000092095997730801e-01
1.562500000000000000e+01 1.899999870579385686e+00 -6.003328552310727552e-16 -1.000001294205838109e-01
1.587500000000000000e+01 1.900000355257193352e+00 -1.066634044412999332e-15 -9.999964474277595050e-02
1.612500000000000000e+01 1.900000124059046280e+00 -1.941746780224484408e-15 -9.999987594092264731e-02
1.637500000000000000e+01 1.900000027399949332e+00 -1.987133146038406239e-15 -9.999997260002002619e-02
1.662500000000000000e+01 1.900000004611016147e+00 -2.903099123164496924e-15 -9.999999538895283646e-02
1.687500000000000000e+01 1.900000000624271213e+00 -3.971361066081983979e-15 -9.999999937569788167e-02
1.712500000000000000e+01 1.900000000069435035e+00 -5.837146388646126601e-15 -9.999999993053378111e-02
1.737500000000000000e+01 1.900000000006369927e+00 -7.162751311733420514e-15 -9.999999999359945879e-02
1.762500000000000000e+01 1.900000000000456879e+00 -7.857736082956708731e-15 -9.999999999951227070e-02
1.787500000000000000e+01 1.899999999999999245e+00 -1.054231420980238083e-14 -9.999999999996959932e-02
1.812500000000000000e+01 1.899999999999970601e+00 -1.182672946467454408e-14 -9.999999999999849287e-02
1.837500000000000000e+01 1.899999999999968603e+00 -1.239965128178993408e-14 -9.999999999999995004e-02
1.862500000000000000e+01 1.899999999999968603e+00 -1.223497096360515737e-14 -1.000000000000000056e-01
1.887500000000000000e+01 1.899999999999968603e+00 -1.080338722140965452e-14 -1.000000000000000056e-01
1.912500000000000000e+01 1.899999999999968603e+00 -9.803966142104408482e-15 -1.000000000000000056e-01
1.937500000000000000e+01 1.899999999999968381e+00 -1.094016474551363345e-14 -1.000000000000000056e-01
1.962500000000000000e+01 1.899999999999967937e+00 -1.025747329756579850e-14 -1.000000000000000056e-01
1.987500000000000000e+01 1.899999999999967271e+00 -7.815272252494248093e-15 -1.000000000000000056e-01
2.012500000000000000e+01 1.899999999999967271e+00 -7.470920500532859990e-15 -1.000000000000000056e-01
2.037500000000000000e+01 1.899999999999967271e+00 -8.377634219400220815e-15 -1.000000000000000056e-01
2.062500000000000000e+01 1.899999999999967271e+00 -9.183182830728028432e-15 -1.000000000000000056e-01
2.087500000000000000e+01 1.899999999999967271e+00 -1.041326244197067027e-14 -1.000000000000000056e-01
2.112500000000000000e+01 1.899999999999967937e+00 -1.032346682505835389e-14 -1.000000000000000056e-01
2.137500000000000000e+01 1.899999999999967937e+00 -1.193056671255812122e-14 -1.000000000000000056e-01
2.162500000000000000e+01 1.899999999999967937e+00 -1.322620578398640680e-14 -1.000000000000000056e-01
2.187500000000000000e+01 1.899999999999967937e+00 -1.143655564531552602e-14 -1.000000000000000056e-01
2.212500000000000000e+01 1.899999999999968603e+00 -9.803270385890537556e-15 -1.000000000000000056e-01
2.237500000000000000e+01 1.899999999999968603e+00 -6.612888046912233954e-15 -1.000000000000000056e-01
2.262500000000000000e+01 1.899999999999967937e+00 -3.544324020655357675e-15 -1.000000000000000056e-01
2.287500000000000000e+01 1.899999999999967271e+00 -2.834058010437422296e-15 -1.000000000000000056e-01
2.312500000000000000e+01 1.899999999999967271e+00 -3.115254736319992493e-15 -1.000000000000000056e-01
2.337500000000000000e+01 1.899999999999967271e+00 -4.365697978953604695e-15 -1.000000000000000056e-01
2.362500000000000000e+01 1.899999999999967271e+00 -4.919946244924285614e-15 -1.000000000000000056e-01
2.387500000000000000e+01 1.899999999999967271e+00 -2.652758432470051709e-15 -1.000000000000000056e-01
2.412500000000000000e+01 1.899999999999967271e+00 -2.922148627122038808e-15 -1.000000000000000056e-01
2.437500000000000000e+01 1.899999999999967271e+00 -5.388568617581290309e-15 -1.000000000000000056e-01
2.462500000000000000e+01 1.899999999999967271e+00 -6.562403846550562511e-15 -1.000000000000000056e-01
2.487500000000000000e+01 1.899999999999967271e+00 -3.320491738114413513e-15 -1.000000000000000056e-01
