1.250000000000000000e-01 1.999999999999972244e+00 1.698150371066626350e-16 -8.023378137447363988e-69
3.750000000000000000e-01 1.999999999999972244e+00 -1.033613416412452318e-15 -8.237583357394522715e-66
6.250000000000000000e-01 1.999999999999972244e+00 -2.235638120319510084e-15 -4.960217038783216562e-63
8.750000000000000000e-01 1.999999999999972244e+00 -2.940729705647489158e-15 -2.238951327798705257e-60
1.125000000000000000e+00 1.999999999999972022e+00 -2.760621927994191704e-15 -8.083295968589928611e-58
1.375000000000000000e+00 1.999999999999972244e+00 -1.880914449588493881e-15 -2.392703374079241387e-55
1.625000000000000000e+00 1.999999999999972911e+00 1.641319012627209930e-15 -5.861267598663115703e-53
1.875000000000000000e+00 1.999999999999972911e+00 6.782524697963687666e-15 -1.188394390813471757e-50
2.125000000000000000e+00 1.999999999999973355e+00 1.003627182546905093e-14 -1.976589158084722107e-48
2.375000000000000000e+00 1.999999999999973355e+00 1.256048330550943960e-14 -2.632942317395744082e-46
2.625000000000000000e+00 1.999999999999972244e+00 1.436968694903936380e-14 -2.638888646042496896e-44
2.875000000000000000e+00 1.999999999999972022e+00 1.474084185719461379e-14 -1.579641419157226237e-42
3.125000000000000000e+00 1.999999999999972244e+00 1.467656051239043422e-14 4.567817789604014810e-41
3.375000000000000000e+00 1.999999999999972244e+00 1.359388739100928853e-14 2.765275095680040351e-38
3.625000000000000000e+00 1.999999999999972244e+00 1.194525752941862294e-14 4.404258009248602945e-36
3.875000000000000000e+00 1.999999999999972244e+00 1.071186167185942421e-14 4.802503147034088949e-34
4.125000000000000000e+00 1.999999999999972244e+00 9.618539362890326812e-15 4.071494094928458518e-32
4.375000000000000000e+00 1.999999999999972022e+00 7.717633728275203809e-15 2.798298194819873101e-30
4.625000000000000000e+00 1.999999999999972244e+00 5.399779594534342929e-15 1.585348771381702294e-28
4.875000000000000000e+00 1.999999999999972244e+00 4.281828066881117670e-15 7.440898366819669321e-27
5.125000000000000000e+00 1.999999999999971578e+00 5.170807898947534603e-15 2.883150281640901309e-25
5.375000000000000000e+00 1.999999999999971134e+00 6.552048114286455574e-15 9.092577194644608559e-24
5.625000000000000000e+00 1.999999999999970912e+00 7.028102934645647841e-15 2.252142269674822817e-22
5.875000000000000000e+00 1.999999999999970690e+00 8.215862938935962732e-15 3.954656992153136193e-21
6.125000000000000000e+00 1.999999999999970690e+00 9.842819929013770118e-15 2.789761923259548250e-20
6.375000000000000000e+00 1.999999999999971134e+00 1.090648498314359293e-14 -1.090910186703771491e-18
6.625000000000000000e+00 1.999999999999972244e+00 1.179737819291141379e-14 -5.521393082472215465e-17
6.875000000000000000e+00 1.999999999999970912e+00 1.182978763530211452e-14 -1.508139528307749760e-15
7.125000000000000000e+00 1.999999999999942935e+00 1.160738799877913739e-14 -3.040645920772998491e-14
7.375000000000000000e+00 1.999999999999485967e+00 1.262645042284616816e-14 -4.877310751497740124e-13
7.625000000000000000e+00 1.999999999993573141e+00 1.281909113377268981e-14 -6.400550420574791799e-12
7.875000000000000000e+00 1.999999999930507588e+00 1.324431610241407345e-14 -6.946621751012237496e-11
8.125000000000000000e+00 1.999999999375671411e+00 1.378734858686620563e-14 -6.243021272063907122e-10
8.375000000000000000e+00 1.999999995388926699e+00 1.294556107085210258e-14 -4.611047172371882217e-09
8.625000000000000000e+00 1.999999972599993736e+00 1.054311001217797263e-14 -2.739997998605907259e-08
8.875000000000000000e+00 1.999999875940896565e+00 8.457650880727499677e-15 -1.240590773561188039e-07
9.125000000000000000e+00 1.999999644742749938e+00 8.941303514330085633e-15 -3.552572240524588230e-07
9.375000000000000000e+00 2.000000129420557826e+00 9.873214755567245506e-15 1.294205838031593677e-07
9.625000000000000000e+00 2.000009209599746818e+00 8.292875028466075822e-15 9.209599773068000451e-06
9.875000000000000000e+00 2.000068290602825982e+00 6.577834584552050659e-15 6.829060285179712659e-05
1.012500000000000000e+01 2.000334760723492700e+00 2.281033710773436341e-15 3.347607235189022611e-04
1.037500000000000000e+01 2.001263967051421844e+00 -8.269647484736404932e-16 1.263967051447289526e-03
1.062500000000000000e+01 2.003855097550697906e+00 -3.469520381651069261e-15 3.855097550723615187e-03
1.087500000000000000e+01 2.009678706500980461e+00 -7.555476037029631214e-15 9.678706501005496232e-03
1.112500000000000000e+01 2.020127884974888932e+00 -6.039458282391569925e-15 2.012788497491367970e-02
1.137500000000000000e+01 2.034589628058405264e+00 -5.287447884837377850e-15 3.458962805843038280e-02
1.162500000000000000e+01 2.048513295031468395e+00 -6.391888406583995728e-15 4.851329503149329897e-02
1.187500000000000000e+01 2.053807929155758494e+00 -6.355711963426839117e-15 5.380792915578349461e-02
1.212500000000000000e+01 2.043251001870602046e+00 -4.743028371086779333e-15 4.325100187062740076e-02
1.237500000000000000e+01 2.016682344413068151e+00 -2.315649624736669688e-15 1.668234441309194085e-02
1.262500000000000000e+01 1.983317655586884554e+00 -1.333492530256906988e-15 -1.668234441309194085e-02
1.287500000000000000e+01 1.956748998129349548e+00 -7.649654413206240704e-16 -4.325100187062740076e-02
1.312500000000000000e+01 1.946192070844193545e+00 -4.364170082463083636e-16 -5.380792915578349461e-02
1.337500000000000000e+01 1.951486704968483865e+00 -6.250848275304450129e-16 -4.851329503149329897e-02
1.362500000000000000e+01 1.965410371941546996e+00 -1.053914334225095040e-15 -3.458962805843038280e-02
1.387500000000000000e+01 1.979872115025063328e+00 -1.820646400008899899e-15 -2.012788497491367970e-02
1.412500000000000000e+01 1.890321293498971711e+00 -2.838088617899767675e-15 -1.096787065010055018e-01
1.437500000000000000e+01 1.896144902449253822e+00 -3.191322514616671481e-15 -1.038550975507236268e-01
1.462500000000000000e+01 1.898736032948529662e+00 -1.872273438372119379e-15 -1.012639670514473011e-01
1.487500000000000000e+01 1.899665239276457696e+00 -3.667651687910554513e-16 -1.003347607235189065e-01
1.512500000000000000e+01 1.899931709397125079e+00 4.731510267000903280e-16 -1.000682906028518004e-01
1.537500000000000000e+01 1.899990790400203133e+00 1.276762049412387658e-15 -1.000092095997730801e-01
1.562500000000000000e+01 1.899999870579392347e+00 2.830237242407676570e-15 -1.000001294205838109e-01
1.587500000000000000e+01 1.900000355257200235e+00 3.714175366764097283e-15 -9.999964474277595050e-02
1.612500000000000000e+01 1.900000124059053608e+00 4.114407635341392343e-15 -9.999987594092264731e-02
1.637500000000000000e+01 1.900000027399955993e+00 4.760344559424530237e-15 -9.999997260002002619e-02
1.662500000000000000e+01 1.900000004611022586e+00 1.900909604789409667e-15 -9.999999538895283646e-02
1.687500000000000000e+01 1.900000000624277208e+00 -1.227996423364183010e-15 -9.999999937569788167e-02
1.712500000000000000e+01 1.900000000069441031e+00 -2.059413990735400731e-15 -9.999999993053378111e-02
1.737500000000000000e+01 1.900000000006375478e+00 -2.605481896892775049e-15 -9.999999999359945879e-02
1.762500000000000000e+01 1.900000000000462208e+00 -2.962941659853846634e-15 -9.999999999951227070e-02
1.787500000000000000e+01 1.900000000000004574e+00 -4.104851241521794143e-15 -9.999999999996959932e-02
1.812500000000000000e+01 1.899999999999975264e+00 -5.195557676552896343e-15 -9.999999999999849287e-02
1.837500000000000000e+01 1.899999999999973932e+00 -6.219419749836155604e-15 -9.999999999999995004e-02
1.862500000000000000e+01 1.899999999999973932e+00 -6.993384241596236455e-15 -1.000000000000000056e-01
1.887500000000000000e+01 1.899999999999973932e+00 -7.942855389213733554e-15 -1.000000000000000056e-01
1.912500000000000000e+01 1.899999999999973932e+00 -8.869477876826614820e-15 -1.000000000000000056e-01
1.937500000000000000e+01 1.899999999999973932e+00 -9.714374824506972227e-15 -1.000000000000000056e-01
1.962500000000000000e+01 1.899999999999973932e+00 -1.037953222660304943e-14 -1.000000000000000056e-01
1.987500000000000000e+01 1.899999999999973932e+00 -1.089271632731286671e-14 -1.000000000000000056e-01
2.012500000000000000e+01 1.899999999999973932e+00 -1.136406220507159219e-14 -1.000000000000000056e-01
2.037500000000000000e+01 1.899999999999973932e+00 -1.219033018942233155e-14 -1.000000000000000056e-01
2.062500000000000000e+01 1.899999999999973266e+00 -1.097049264999718773e-14 -1.000000000000000056e-01
2.087500000000000000e+01 1.899999999999972600e+00 -8.183924500281828297e-15 -1.000000000000000056e-01
2.112500000000000000e+01 1.899999999999971934e+00 -6.383005407934185884e-15 -1.000000000000000056e-01
2.137500000000000000e+01 1.899999999999971267e+00 -5.471177266259160440e-15 -1.000000000000000056e-01
2.162500000000000000e+01 1.899999999999971267e+00 -6.052700113949455690e-15 -1.000000000000000056e-01
2.187500000000000000e+01 1.899999999999971489e+00 -5.981659143200891092e-15 -1.000000000000000056e-01
2.212500000000000000e+01 1.899999999999971489e+00 -3.622822012161945492e-15 -1.000000000000000056e-01
2.237500000000000000e+01 1.899999999999971267e+00 -3.496054113267951289e-16 -1.000000000000000056e-01
2.262500000000000000e+01 1.899999999999970601e+00 2.300684030682019368e-15 -1.000000000000000056e-01
2.287500000000000000e+01 1.899999999999969935e+00 4.155580522471341349e-15 -1.000000000000000056e-01
2.312500000000000000e+01 1.899999999999969935e+00 4.776080870203854218e-15 -1.000000000000000056e-01
2.337500000000000000e+01 1.899999999999969935e+00 4.825125451557011456e-15 -1.000000000000000056e-01
2.362500000000000000e+01 1.899999999999969269e+00 5.325343738058050843e-15 -1.000000000000000056e-01
2.387500000000000000e+01 1.899999999999969269e+00 5.629722762544017053e-15 -1.000000000000000056e-01
2.412500000000000000e+01 1.899999999999969269e+00 5.153167303239423947e-15 -1.000000000000000056e-01
2.437500000000000000e+01 1.899999999999969269e+00 3.715514050338647299e-15 -1.000000000000000056e-01
2.462500000000000000e+01 1.899999999999969269e+00 2.028255592398593855e-15 -1.000000000000000056e-01
2.487500000000000000e+01 1.899999999999969269e+00 6.082191868689240939e-16 -1.000000000000000056e-01
