1.250000000000000000e-01 1.999999999999966915e+00 2.694933279291749036e-16 -8.023378137447363988e-69
3.750000000000000000e-01 1.999999999999966915e+00 -9.871590436084152702e-17 -8.237583357394522715e-66
6.250000000000000000e-01 1.999999999999966693e+00 -2.057366713335994498e-15 -4.960217038783216562e-63
8.750000000000000000e-01 1.999999999999966915e+00 -2.703860742264808206e-15 -2.238951327798705257e-60
1.125000000000000000e+00 1.999999999999966693e+00 -2.878721051508979065e-15 -8.083295968589928611e-58
1.375000000000000000e+00 1.999999999999966693e+00 -3.622379554148687724e-15 -2.392703374079241387e-55
1.625000000000000000e+00 1.999999999999966693e+00 -3.565320141572747347e-15 -5.861267598663115703e-53
1.875000000000000000e+00 1.999999999999966249e+00 -3.338677680652510709e-15 -1.188394390813471757e-50
2.125000000000000000e+00 1.999999999999966249e+00 -3.995677249437323639e-15 -1.976589158084722107e-48
2.375000000000000000e+00 1.999999999999965583e+00 -2.858378985878655266e-15 -2.632942317395744082e-46
2.625000000000000000e+00 1.999999999999965583e+00 2.534113031630390424e-15 -2.638888646042496896e-44
2.875000000000000000e+00 1.999999999999966693e+00 5.563429542847375140e-15 -1.579641419157226237e-42
3.125000000000000000e+00 1.999999999999967581e+00 3.233952239170256785e-15 4.567817789604014810e-41
3.375000000000000000e+00 1.999999999999968026e+00 -7.886525125626444772e-16 2.765275095680040351e-38
3.625000000000000000e+00 1.999999999999968248e+00 -2.187115169866068883e-16 4.404258009248602945e-36
3.875000000000000000e+00 1.999999999999968026e+00 -1.549124132974336502e-16 4.802503147034088949e-34
4.125000000000000000e+00 1.999999999999968026e+00 -3.266945846570784887e-15 4.071494094928458518e-32
4.375000000000000000e+00 1.999999999999967581e+00 -3.140452645505881015e-15 2.798298194819873101e-30
4.625000000000000000e+00 1.999999999999967581e+00 -2.638106493770791048e-15 1.585348771381702294e-28
4.875000000000000000e+00 1.999999999999966915e+00 -7.433727862331778164e-16 7.440898366819669321e-27
5.125000000000000000e+00 1.999999999999966693e+00 5.296923385892894182e-16 2.883150281640901309e-25
5.375000000000000000e+00 1.999999999999966915e+00 -8.435917243145766838e-17 9.092577194644608559e-24
5.625000000000000000e+00 1.999999999999966915e+00 -4.040704893221763821e-16 2.252142269674822817e-22
5.875000000000000000e+00 1.999999999999966915e+00 -1.502498861393204550e-15 3.954656992153136193e-21
6.125000000000000000e+00 1.999999999999966915e+00 -2.702088580957082291e-15 2.789761923259548250e-20
6.375000000000000000e+00 1.999999999999966915e+00 -5.159112791056645085e-15 -1.090910186703771491e-18
6.625000000000000000e+00 1.999999999999966915e+00 -6.958166895599714727e-15 -5.521393082472215465e-17
6.875000000000000000e+00 1.999999999999965583e+00 -3.579247284162391857e-15 -1.508139528307749760e-15
7.125000000000000000e+00 1.999999999999937383e+00 1.714244195576408691e-15 -3.040645920772998491e-14
7.375000000000000000e+00 1.999999999999480416e+00 1.883890705749732420e-15 -4.877310751497740124e-13
7.625000000000000000e+00 1.999999999993567812e+00 -8.355116829982352145e-16 -6.400550420574791799e-12
7.875000000000000000e+00 1.999999999930501815e+00 -2.927934280676287544e-15 -6.946621751012237496e-11
8.125000000000000000e+00 1.999999999375665638e+00 -5.590033477509635546e-15 -6.243021272063907122e-10
8.375000000000000000e+00 1.999999995388920038e+00 -8.845667026555067073e-15 -4.611047172371882217e-09
8.625000000000000000e+00 1.999999972599987963e+00 -1.144702429256223323e-14 -2.739997998605907259e-08
8.875000000000000000e+00 1.999999875940890792e+00 -1.360696930727680761e-14 -1.240590773561188039e-07
9.125000000000000000e+00 1.999999644742743943e+00 -1.512569963289376633e-14 -3.552572240524588230e-07
9.375000000000000000e+00 2.000000129420551165e+00 -1.392061671461069003e-14 1.294205838031593677e-07
9.625000000000000000e+00 2.000009209599741045e+00 -1.043230656254259724e-14 9.209599773068000451e-06
9.875000000000000000e+00 2.000068290602820653e+00 -6.077949423978344065e-15 6.829060285179712659e-05
1.012500000000000000e+01 2.000334760723488259e+00 1.598386478451750100e-16 3.347607235189022611e-04
1.037500000000000000e+01 2.001263967051416515e+00 5.642759114774459512e-15 1.263967051447289526e-03
1.062500000000000000e+01 2.003855097550691688e+00 3.418775889257148086e-15 3.855097550723615187e-03
1.087500000000000000e+01 2.009678706500974243e+00 -3.149872797928702054e-15 9.678706501005496232e-03
1.112500000000000000e+01 2.020127884974884047e+00 -1.626996907162658204e-15 2.012788497491367970e-02
1.137500000000000000e+01 2.034589628058401267e+00 5.506141423582110590e-15 3.458962805843038280e-02
1.162500000000000000e+01 2.048513295031464843e+00 6.517250862510630087e-15 4.851329503149329897e-02
1.187500000000000000e+01 2.053807929155754941e+00 5.886712707787608890e-15 5.380792915578349461e-02
1.212500000000000000e+01 2.043251001870598493e+00 4.802905374054064883e-15 4.325100187062740076e-02
1.237500000000000000e+01 2.016682344413063266e+00 4.609566704123316275e-15 1.668234441309194085e-02
1.262500000000000000e+01 1.983317655586879225e+00 5.865974158344410699e-15 -1.668234441309194085e-02
1.287500000000000000e+01 1.956748998129343553e+00 4.191419546556206281e-15 -4.325100187062740076e-02
1.312500000000000000e+01 1.946192070844187327e+00 1.349547671793669756e-15 -5.380792915578349461e-02
1.337500000000000000e+01 1.951486704968477204e+00 1.327810988341131612e-15 -4.851329503149329897e-02
1.362500000000000000e+01 1.965410371941540335e+00 2.007738491779011934e-15 -3.458962805843038280e-02
1.387500000000000000e+01 1.979872115025057333e+00 1.173880009040669462e-15 -2.012788497491367970e-02
1.412500000000000000e+01 1.890321293498965050e+00 2.552738477780361974e-16 -1.096787065010055018e-01
1.437500000000000000e+01 1.896144902449247160e+00 -1.567803754321601187e-15 -1.038550975507236268e-01
1.462500000000000000e+01 1.898736032948523444e+00 -3.977469458549321498e-15 -1.012639670514473011e-01
1.487500000000000000e+01 1.899665239276451700e+00 -5.103454820910431913e-15 -1.003347607235189065e-01
1.512500000000000000e+01 1.899931709397118640e+00 -5.916464595781495963e-15 -1.000682906028518004e-01
1.537500000000000000e+01 1.899990790400197582e+00 -6.003665464452085633e-15 -1.000092095997730801e-01
1.562500000000000000e+01 1.899999870579386352e+00 -6.129400794675403873e-15 -1.000001294205838109e-01
1.587500000000000000e+01 1.900000355257194684e+00 -8.715528021652897301e-15 -9.999964474277595050e-02
1.612500000000000000e+01 1.900000124059048279e+00 -8.423509703243142410e-15 -9.999987594092264731e-02
1.637500000000000000e+01 1.900000027399950220e+00 -8.135713895260093662e-15 -9.999997260002002619e-02
1.662500000000000000e+01 1.900000004611016369e+00 -7.828156825973447615e-15 -9.999999538895283646e-02
1.687500000000000000e+01 1.900000000624269880e+00 -4.194057396059806062e-15 -9.999999937569788167e-02
1.712500000000000000e+01 1.900000000069432371e+00 2.599926903671508726e-15 -9.999999993053378111e-02
1.737500000000000000e+01 1.900000000006365042e+00 7.542938540118130068e-15 -9.999999999359945879e-02
1.762500000000000000e+01 1.900000000000450884e+00 9.265502989940623858e-15 -9.999999999951227070e-02
1.787500000000000000e+01 1.899999999999993250e+00 1.199385756537272421e-14 -9.999999999996959932e-02
1.812500000000000000e+01 1.899999999999964606e+00 1.263015133559849861e-14 -9.999999999999849287e-02
1.837500000000000000e+01 1.899999999999963940e+00 1.211162535881340094e-14 -9.999999999999995004e-02
1.862500000000000000e+01 1.899999999999963940e+00 1.252978874741748540e-14 -1.000000000000000056e-01
1.887500000000000000e+01 1.899999999999963940e+00 1.255862735324859547e-14 -1.000000000000000056e-01
1.912500000000000000e+01 1.899999999999964384e+00 1.208848914403601068e-14 -1.000000000000000056e-01
1.937500000000000000e+01 1.899999999999964384e+00 9.606332711778095979e-15 -1.000000000000000056e-01
1.962500000000000000e+01 1.899999999999964384e+00 8.731592768106288758e-15 -1.000000000000000056e-01
1.987500000000000000e+01 1.899999999999964384e+00 7.363506656200526614e-15 -1.000000000000000056e-01
2.012500000000000000e+01 1.899999999999963940e+00 5.469973994443637789e-15 -1.000000000000000056e-01
2.037500000000000000e+01 1.899999999999964384e+00 6.156289294494709172e-15 -1.000000000000000056e-01
2.062500000000000000e+01 1.899999999999965272e+00 8.907065998745786621e-15 -1.000000000000000056e-01
2.087500000000000000e+01 1.899999999999965938e+00 1.070128003969592983e-14 -1.000000000000000056e-01
2.112500000000000000e+01 1.899999999999965938e+00 9.900391433751112166e-15 -1.000000000000000056e-01
2.137500000000000000e+01 1.899999999999965938e+00 9.280834584693468908e-15 -1.000000000000000056e-01
2.162500000000000000e+01 1.899999999999965938e+00 8.331572268419963867e-15 -1.000000000000000056e-01
2.187500000000000000e+01 1.899999999999965938e+00 7.204311377909974820e-15 -1.000000000000000056e-01
2.212500000000000000e+01 1.899999999999965938e+00 6.244465789419404929e-15 -1.000000000000000056e-01
2.237500000000000000e+01 1.899999999999965938e+00 5.325927852701726859e-15 -1.000000000000000056e-01
2.262500000000000000e+01 1.899999999999965938e+00 4.962611717307762958e-15 -1.000000000000000056e-01
2.287500000000000000e+01 1.899999999999965938e+00 5.282402442823764255e-15 -1.000000000000000056e-01
2.312500000000000000e+01 1.899999999999964606e+00 7.922202563003651361e-15 -1.000000000000000056e-01
2.337500000000000000e+01 1.899999999999963940e+00 1.078183663225425040e-14 -1.000000000000000056e-01
2.362500000000000000e+01 1.899999999999963940e+00 1.013997852509008142e-14 -1.000000000000000056e-01
2.387500000000000000e+01 1.899999999999963940e+00 8.410720998571387242e-15 -1.000000000000000056e-01
2.412500000000000000e+01 1.899999999999963940e+00 6.381134566730347840e-15 -1.000000000000000056e-01
2.437500000000000000e+01 1.899999999999963940e+00 3.985353176517354411e-15 -1.000000000000000056e-01
2.462500000000000000e+01 1.899999999999963940e+00 2.339797381534698476e-15 -1.000000000000000056e-01
2.487500000000000000e+01 1.899999999999963940e+00 9.325394567669072834e-16 -1.000000000000000056e-01
