1.250000000000000000e-01 1.999999999999964029e+00 -5.303028750877602174e-17 -8.023378137447363988e-69
3.750000000000000000e-01 1.999999999999964029e+00 -1.626708118251810380e-15 -8.237583357394522715e-66
6.250000000000000000e-01 1.999999999999964029e+00 -2.146831371569871825e-15 -4.960217038783216562e-63
8.750000000000000000e-01 1.999999999999964029e+00 -5.104639935598246932e-15 -2.238951327798705257e-60
1.125000000000000000e+00 1.999999999999964029e+00 -7.315746727478008138e-15 -8.083295968589928611e-58
1.375000000000000000e+00 1.999999999999963585e+00 -8.651455590741401036e-15 -2.392703374079241387e-55
1.625000000000000000e+00 1.999999999999963141e+00 -7.357838313892964643e-15 -5.861267598663115703e-53
1.875000000000000000e+00 1.999999999999962697e+00 -4.583438151016084916e-15 -1.188394390813471757e-50
2.125000000000000000e+00 1.999999999999962252e+00 -5.698539428395119883e-15 -1.976589158084722107e-48
2.375000000000000000e+00 1.999999999999962252e+00 -8.154240997162926801e-15 -2.632942317395744082e-46
2.625000000000000000e+00 1.999999999999962919e+00 -6.350295836022097715e-15 -2.638888646042496896e-44
2.875000000000000000e+00 1.999999999999963585e+00 -4.949648713660842851e-15 -1.579641419157226237e-42
3.125000000000000000e+00 1.999999999999963585e+00 -6.926703445541651318e-15 4.567817789604014810e-41
3.375000000000000000e+00 1.999999999999963585e+00 -7.624583103660013226e-15 2.765275095680040351e-38
3.625000000000000000e+00 1.999999999999964251e+00 -6.225668289353485458e-15 4.404258009248602945e-36
3.875000000000000000e+00 1.999999999999964473e+00 -5.394238553892000022e-15 4.802503147034088949e-34
4.125000000000000000e+00 1.999999999999965583e+00 -2.726845981341810254e-15 4.071494094928458518e-32
4.375000000000000000e+00 1.999999999999967581e+00 2.364112190423667286e-15 2.798298194819873101e-30
4.625000000000000000e+00 1.999999999999968248e+00 4.300078405316139699e-15 1.585348771381702294e-28
4.875000000000000000e+00 1.999999999999968914e+00 4.914895411208692176e-15 7.440898366819669321e-27
5.125000000000000000e+00 1.999999999999968914e+00 5.445028322368919673e-15 2.883150281640901309e-25
5.375000000000000000e+00 1.999999999999968914e+00 4.594858540646039362e-15 9.092577194644608559e-24
5.625000000000000000e+00 1.999999999999968914e+00 3.803025362781924134e-15 2.252142269674822817e-22
5.875000000000000000e+00 1.999999999999968914e+00 3.123178784154209587e-15 3.954656992153136193e-21
6.125000000000000000e+00 1.999999999999968914e+00 2.434046353556150297e-15 2.789761923259548250e-20
6.375000000000000000e+00 1.999999999999968914e+00 1.530814994513777306e-15 -1.090910186703771491e-18
6.625000000000000000e+00 1.999999999999968914e+00 1.378480074448964539e-15 -5.521393082472215465e-17
6.875000000000000000e+00 1.999999999999966915e+00 2.801158936071825843e-15 -1.508139528307749760e-15
7.125000000000000000e+00 1.999999999999937605e+00 3.047572431601111827e-15 -3.040645920772998491e-14
7.375000000000000000e+00 1.999999999999480416e+00 2.438943752059440770e-15 -4.877310751497740124e-13
7.625000000000000000e+00 1.999999999993567812e+00 2.288820931802689376e-15 -6.400550420574791799e-12
7.875000000000000000e+00 1.999999999930501815e+00 3.843925099671599296e-16 -6.946621751012237496e-11
8.125000000000000000e+00 1.999999999375666082e+00 -1.474144273641455054e-15 -6.243021272063907122e-10
8.375000000000000000e+00 1.999999995388921370e+00 -3.811216600153385575e-15 -4.611047172371882217e-09
8.625000000000000000e+00 1.999999972599989295e+00 -5.666867049302517054e-15 -2.739997998605907259e-08
8.875000000000000000e+00 1.999999875940891680e+00 -8.296209330459012215e-15 -1.240590773561188039e-07
9.125000000000000000e+00 1.999999644742745275e+00 -1.057680167065787283e-14 -3.552572240524588230e-07
9.375000000000000000e+00 2.000000129420553385e+00 -8.906121526438880883e-15 1.294205838031593677e-07
9.625000000000000000e+00 2.000009209599742377e+00 -6.978374627145255747e-15 9.209599773068000451e-06
9.875000000000000000e+00 2.000068290602820653e+00 -1.120577743269368083e-14 6.829060285179712659e-05
1.012500000000000000e+01 2.000334760723487815e+00 -1.336401739782907239e-14 3.347607235189022611e-04
1.037500000000000000e+01 2.001263967051416515e+00 -9.257810398145993441e-15 1.263967051447289526e-03
1.062500000000000000e+01 2.003855097550692577e+00 -1.212731428206052545e-14 3.855097550723615187e-03
1.087500000000000000e+01 2.009678706500975132e+00 -1.747167482587028169e-14 9.678706501005496232e-03
1.112500000000000000e+01 2.020127884974883159e+00 -1.710984756177071326e-14 2.012788497491367970e-02
1.137500000000000000e+01 2.034589628058398603e+00 -1.469373049600422284e-14 3.458962805843038280e-02
1.162500000000000000e+01 2.048513295031460402e+00 -1.178610847478167684e-14 4.851329503149329897e-02
1.187500000000000000e+01 2.053807929155750944e+00 -8.792010547423558743e-15 5.380792915578349461e-02
1.212500000000000000e+01 2.043251001870594941e+00 -8.140427140542107727e-15 4.325100187062740076e-02
1.237500000000000000e+01 2.016682344413059269e+00 -8.189175447080507349e-15 1.668234441309194085e-02
1.262500000000000000e+01 1.983317655586875228e+00 -8.457651189085058084e-15 -1.668234441309194085e-02
1.287500000000000000e+01 1.956748998129339556e+00 -9.450409329510403525e-15 -4.325100187062740076e-02
1.312500000000000000e+01 1.946192070844183553e+00 -1.091340558779485291e-14 -5.380792915578349461e-02
1.337500000000000000e+01 1.951486704968473429e+00 -9.785295804603405540e-15 -4.851329503149329897e-02
1.362500000000000000e+01 1.965410371941536116e+00 -9.728237366057175541e-15 -3.458962805843038280e-02
1.387500000000000000e+01 1.979872115025052670e+00 -1.247657026119575839e-14 -2.012788497491367970e-02
1.412500000000000000e+01 1.890321293498961053e+00 -1.409260776381075082e-14 -1.096787065010055018e-01
1.437500000000000000e+01 1.896144902449242498e+00 -1.451498483623672146e-14 -1.038550975507236268e-01
1.462500000000000000e+01 1.898736032948519004e+00 -1.512305652062337198e-14 -1.012639670514473011e-01
1.487500000000000000e+01 1.899665239276447704e+00 -1.588451794943300778e-14 -1.003347607235189065e-01
1.512500000000000000e+01 1.899931709397115309e+00 -1.713986058129555248e-14 -1.000682906028518004e-01
1.537500000000000000e+01 1.899990790400194474e+00 -1.878098602782355864e-14 -1.000092095997730801e-01
1.562500000000000000e+01 1.899999870579383465e+00 -2.207854034633992360e-14 -1.000001294205838109e-01
1.587500000000000000e+01 1.900000355257191575e+00 -2.455202644901838858e-14 -9.999964474277595050e-02
1.612500000000000000e+01 1.900000124059044726e+00 -2.370631209824417121e-14 -9.999987594092264731e-02
1.637500000000000000e+01 1.900000027399946223e+00 -2.126340841804318716e-14 -9.999997260002002619e-02
1.662500000000000000e+01 1.900000004611012150e+00 -1.526497916669243318e-14 -9.999999538895283646e-02
1.687500000000000000e+01 1.900000000624265439e+00 -1.118490036919315850e-14 -9.999999937569788167e-02
1.712500000000000000e+01 1.900000000069428374e+00 -8.905818717009835616e-15 -9.999999993053378111e-02
1.737500000000000000e+01 1.900000000006362377e+00 -8.334336029643005317e-15 -9.999999999359945879e-02
1.762500000000000000e+01 1.900000000000450218e+00 -9.023422910655839700e-15 -9.999999999951227070e-02
1.787500000000000000e+01 1.899999999999993250e+00 -9.259526363019751531e-15 -9.999999999996959932e-02
1.812500000000000000e+01 1.899999999999964384e+00 -9.958989467380337921e-15 -9.999999999999849287e-02
1.837500000000000000e+01 1.899999999999963496e+00 -9.376888131039581754e-15 -9.999999999999995004e-02
1.862500000000000000e+01 1.899999999999963940e+00 -8.579837349046581808e-15 -1.000000000000000056e-01
1.887500000000000000e+01 1.899999999999964384e+00 -8.223602897080217556e-15 -1.000000000000000056e-01
1.912500000000000000e+01 1.899999999999964384e+00 -1.056547630780597245e-14 -1.000000000000000056e-01
1.937500000000000000e+01 1.899999999999964384e+00 -1.299001901957989191e-14 -1.000000000000000056e-01
1.962500000000000000e+01 1.899999999999964606e+00 -1.465955954854322910e-14 -1.000000000000000056e-01
1.987500000000000000e+01 1.899999999999965272e+00 -1.458355086442612887e-14 -1.000000000000000056e-01
2.012500000000000000e+01 1.899999999999965272e+00 -1.424907007211517374e-14 -1.000000000000000056e-01
2.037500000000000000e+01 1.899999999999965716e+00 -1.476050201097032846e-14 -1.000000000000000056e-01
2.062500000000000000e+01 1.899999999999965272e+00 -1.212397286143496870e-14 -1.000000000000000056e-01
2.087500000000000000e+01 1.899999999999963940e+00 -9.261117702653610269e-15 -1.000000000000000056e-01
2.112500000000000000e+01 1.899999999999963940e+00 -7.115306242267410211e-15 -1.000000000000000056e-01
2.137500000000000000e+01 1.899999999999963940e+00 -8.758282426519168960e-15 -1.000000000000000056e-01
2.162500000000000000e+01 1.899999999999964384e+00 -9.813423452419854681e-15 -1.000000000000000056e-01
2.187500000000000000e+01 1.899999999999964384e+00 -8.492926503351289754e-15 -1.000000000000000056e-01
2.212500000000000000e+01 1.899999999999964606e+00 -9.166628483042994550e-15 -1.000000000000000056e-01
2.237500000000000000e+01 1.899999999999964828e+00 -8.446133092683640192e-15 -1.000000000000000056e-01
2.262500000000000000e+01 1.899999999999964828e+00 -5.364188441568855395e-15 -1.000000000000000056e-01
2.287500000000000000e+01 1.899999999999963940e+00 -2.487908882968394875e-15 -1.000000000000000056e-01
2.312500000000000000e+01 1.899999999999963940e+00 -2.922185200592158376e-15 -1.000000000000000056e-01
2.337500000000000000e+01 1.899999999999964384e+00 -5.003564136857099702e-15 -1.000000000000000056e-01
2.362500000000000000e+01 1.899999999999964828e+00 -5.508803739898821505e-15 -1.000000000000000056e-01
2.387500000000000000e+01 1.899999999999965938e+00 -2.194431236689660599e-15 -1.000000000000000056e-01
2.412500000000000000e+01 1.899999999999966604e+00 1.374807342410212675e-15 -1.000000000000000056e-01
2.437500000000000000e+01 1.899999999999967049e+00 3.100676306526438360e-15 -1.000000000000000056e-01
2.462500000000000000e+01 1.899999999999966604e+00 1.119927167738411470e-15 -1.000000000000000056e-01
2.487500000000000000e+01 1.899999999999967049e+00 -6.737015213824920526e-16 -1.000000000000000056e-01
