1.9999999999999996 
1.9999999999999996 
1.9999999999999996 
1.9999999999999996 
1.9999999999999996 
1.9999999999999996 
1.9999999999999996 
1.9999999999999996 
1.9999999999999996 
1.9999999999999996 
1.9999999999999996 
1.9999999999999996 
1.9999999999999996 
1.9999999999999996 
1.9999999999999996 
1.9999999999999996 
1.9999999999999996 
1.9999999999999996 
1.9999999999999996 
1.9999999999999996 
1.9999999999999996 
1.9999999999999996 
1.9999999999999996 
1.9999999999999996 
1.9999999999999996 
1.9999999999999996 
1.9999999999999996 
1.9999999999999996 
1.9999999999999996 
1.9999999999999996 
1.9999999999999996 
1.9999999999999996 
1.9999999999999996 
1.9999999999999996 
1.9999999999999996 
1.9999999999999996 
1.9999999999999996 
1.9999999999999996 
1.9999999999999996 
1.9999999999999996 
1.9999999999999996 
1.9999999999999996 
1.9999999999999996 
1.9999999999999996 
1.9999999999999996 
1.9999999999999996 
1.9999999999999996 
1.9999999999999996 
1.9999999999999996 
1.9999999999999996 
1.9999999999999996 
1.9999999999999996 
1.9999999999999996 
1.9999999999999996 
1.9999999999999996 
1.9999999999999996 
1.9999999999999996 
1.9999999999999996 
1.9999999999999996 
1.9999999999999996 
1.9999999999999996 
1.9999999999999996 
1.9999999999999996 
1.9999999999999996 
1.9999999999999996 
1.9999999999999996 
1.9999999999999996 
1.9999999999999996 
1.9999999999999996 
1.9999999999999996 
1.9999999999999996 
1.9999999999999996 
1.9999999999999996 
1.9999999999999996 
1.9999999999999996 
1.9999999999999996 
1.9999999999999996 
1.9999999999999996 
1.9999999999999996 
1.9999999999999996 
1.9999999999999996 
1.9999999999999996 
1.9999999999999996 
1.9999999999999996 
1.9999999999999996 
1.9999999999999996 
1.9999999999999996 
1.9999999999999996 
1.9999999999999996 
1.9999999999999996 
1.9999999999999996 
1.9999999999999996 
1.9999999999999996 
1.9999999999999996 
1.9999999999999996 
1.9999999999999996 
1.9999999999999996 
1.9999999999999996 
1.9999999999999996 
1.9999999999999996 
1.9999999999999996 
1.9999999999999996 
1.9999999999999996 
1.9999999999999996 
1.9999999999999996 
1.9999999999999996 
1.9999999999999996 
1.9999999999999996 
1.9999999999999996 
1.9999999999999996 
2.0000000000000018 
1.9999999999999991 
2.0000000000000018 
2.0000000000000027 
2.0000000000000080 
2.0000000000000133 
2.0000000000000275 
2.0000000000000542 
2.0000000000001070 
2.0000000000002069 
2.0000000000003926 
2.0000000000007403 
2.0000000000013767 
2.0000000000025255 
2.0000000000045817 
2.0000000000082188 
2.0000000000145706 
2.0000000000255342 
2.0000000000442140 
2.0000000000756475 
2.0000000001278706 
2.0000000002135057 
2.0000000003520411 
2.0000000005730527 
2.0000000009205494 
2.0000000014586345 
2.0000000022784379 
2.0000000035058672 
2.0000000053089839 
2.0000000079023086 
2.0000000115430976 
2.0000000165108531 
2.0000000230554904 
2.0000000312909463 
2.0000000409984522 
2.0000000512860092 
2.0000000600263803 
2.0000000629637991 
2.0000000523381329 
2.0000000148235069 
1.9999999285163117 
1.9999997586360239 
1.9999994515243338 
1.9999989264493645 
1.9999980646510156 
1.9999966950132855 
1.9999945757373410 
1.9999913714357194 
1.9999866251992728 
1.9999797254303564 
1.9999698676160949 
1.9999560117556454 
1.9999368368697208 
1.9999106949066663 
1.9998755673951087 
1.9998290293272576 
1.9997682259067420 
1.9996898688416709 
1.9995902596546722 
1.9994653478371209 
1.9993108313993964 
1.9991223062736054 
1.9988954689522282 
1.9986263736025489 
1.9983117406874429 
1.9979493089816849 
1.9975382170847511 
1.9970793945364691 
1.9965759370229155 
1.9960334355940061 
1.9954602270085378 
1.9948675319225997 
1.9942694501313294 
1.9936827877001360 
1.9931266995036017 
1.9926221420097896 
1.9921911443667955 
1.9918559199774992 
1.9916378546518405 
1.9915564199409557 
1.9916280703116893 
1.9918651895195483 
1.9922751542241119 
1.9928595811572143 
1.9936138178433769 
1.9945267260619293 
1.9955807922437934 
1.9967525803796664 
1.9980135216422561 
1.9993310119959429 
2.0006697661458182 
2.0019933551516611 
2.0032658379854444 
2.0044533863004075 
2.0055257984298529 
2.0064578042001333 
2.0072300766200724 
2.0078298888735260 
2.0082513831765967 
2.0084954490056028 
2.0085692385770311 
2.0084853739893846 
2.0082609204483695 
2.0079162118039622 
2.0074736177037313 
2.0069563366052674 
2.0063872871819459 
2.0057881543504377 
2.0051786274890864 
2.0045758495192922 
2.0039940781395131 
2.0034445458961168 
2.0029354946873217 
2.0024723529859534 
2.0020580204012908 
2.0016932237598835 
2.0013769110681729 
2.0011066538375526 
2.0008790336057678 
2.0006899944260659 
2.0005351490563399 
2.0004100321174434 
2.0003102982835324 
2.0002318674233739 
2.0001710214523563 
2.0001244595003778 
2.0000893189461166 
2.0000631700596236 
2.0000439916050072 
2.0000301339608169 
2.0000202752835392 
2.0000133751113984 
2.0000086286935783 
2.0000054243137564 
2.0000033050056820 
2.0000019353554901 
2.0000010735526357 
2.0000005484761898 
2.0000002413640776 
2.0000000714836967 
1.9999999851764942 
1.9999999476618735 
1.9999999370362089 
1.9999999399736268 
1.9999999487139977 
1.9999999590015503 
1.9999999687090562 
1.9999999769445129 
1.9999999834891504 
1.9999999884569069 
1.9999999920976914 
1.9999999946910147 
1.9999999964941326 
1.9999999977215630 
1.9999999985413641 
1.9999999990794535 
1.9999999994269466 
1.9999999996479589 
1.9999999997864955 
1.9999999998721290 
1.9999999999243536 
1.9999999999557878 
1.9999999999744664 
1.9999999999854270 
1.9999999999917830 
1.9999999999954179 
1.9999999999974742 
1.9999999999986260 
1.9999999999992610 
1.9999999999996065 
1.9999999999997953 
1.9999999999998939 
1.9999999999999432 
1.9999999999999722 
1.9999999999999867 
1.9999999999999931 
1.9999999999999956 
1.9999999999999982 
1.9999999999999987 
2.0000000000000009 
1.9999999999999996 
1.9999999999999996 
1.9999999999999996 
1.9999999999999996 
1.9999999999999996 
1.9999999999999996 
1.9999999999999996 
1.9999999999999996 
1.9999999999999996 
1.9999999999999996 
1.9999999999999996 
1.9999999999999996 
1.9999999999999996 
1.9999999999999996 
1.9999999999999996 
1.9999999999999996 
1.9999999999999996 
1.9999999999999996 
1.9999999999999996 
1.9999999999999996 
1.9999999999999996 
1.9999999999999996 
1.9999999999999996 
1.9999999999999996 
1.9999999999999996 
1.9999999999999996 
1.9999999999999996 
1.9999999999999996 
1.9999999999999996 
1.9999999999999996 
1.9999999999999996 
1.9999999999999996 
1.9999999999999996 
1.9999999999999996 
1.9999999999999996 
1.9999999999999996 
1.9999999999999996 
1.9999999999999996 
1.9999999999999996 
1.9999999999999996 
1.9999999999999996 
1.9999999999999996 
1.9999999999999996 
1.9999999999999996 
1.9999999999999996 
1.9999999999999996 
1.9999999999999996 
1.9999999999999996 
1.9999999999999996 
1.9999999999999996 
1.9999999999999996 
1.9999999999999996 
1.9999999999999996 
1.9999999999999996 
1.9999999999999996 
1.9999999999999996 
1.9999999999999996 
1.9999999999999996 
1.9999999999999996 
1.9999999999999996 
1.9999999999999996 
1.9999999999999996 
1.9999999999999996 
1.9999999999999996 
1.9999999999999996 
1.9999999999999996 
1.9999999999999996 
1.9999999999999996 
1.9999999999999996 
1.9999999999999996 
1.9999999999999996 
1.9999999999999996 
1.9999999999999996 
1.9999999999999996 
1.9999999999999996 
1.9999999999999996 
1.9999999999999996 
1.9999999999999996 
1.9999999999999996 
1.9999999999999996 
1.9999999999999996 
1.9999999999999996 
1.9999999999999996 
1.9999999999999996 
1.9999999999999996 
1.9999999999999996 
1.9999999999999996 
1.9999999999999996 
1.9999999999999996 
1.9999999999999996 
1.9999999999999996 
1.9999999999999996 
1.9999999999999996 
1.9999999999999996 
1.9999999999999996 
1.9999999999999996 
1.9999999999999996 
1.9999999999999996 
1.9999999999999996 
1.9999999999999996 
1.9999999999999996 
1.9999999999999996 
1.9999999999999996 
1.9999999999999996 
1.9999999999999996 
1.9999999999999996 
1.9999999999999996 
1.9999999999999996 
1.9999999999999996 
1.9999999999999996 