1.9999999999999996 
1.9999999999999996 
1.9999999999999996 
1.9999999999999996 
1.9999999999999996 
1.9999999999999996 
1.9999999999999996 
1.9999999999999996 
1.9999999999999996 
1.9999999999999996 
1.9999999999999996 
1.9999999999999996 
1.9999999999999996 
1.9999999999999996 
1.9999999999999996 
1.9999999999999996 
1.9999999999999996 
1.9999999999999996 
1.9999999999999996 
1.9999999999999996 
1.9999999999999996 
1.9999999999999996 
1.9999999999999996 
1.9999999999999996 
1.9999999999999996 
1.9999999999999996 
1.9999999999999996 
2.0000000000000018 
2.0000000000000053 
2.0000000000000773 
2.0000000000010103 
2.0000000000109623 
2.0000000000985021 
2.0000000007275305 
2.0000000043231601 
2.0000000195739975 
2.0000000560523588 
1.9999999795800700 
1.9999985469145345 
1.9999892252343539 
1.9999471839972480 
1.9998006062665017 
1.9993920651653252 
1.9984749189029762 
1.9968329575959611 
1.9945681741525068 
1.9923960528264235 
1.9915722283871957 
1.9932160170480222 
1.9973738648186663 
2.0026381671618303 
2.0068648622820344 
2.0085529565497833 
2.0077057063291970 
2.0054835540711760 
2.0031845578423200 
2.0015291310969436 
2.0006085773596554 
2.0001994628036814 
2.0000528208476891 
2.0000107749672682 
2.0000014530891326 
2.0000000204199342 
1.9999999439476470 
1.9999999804260038 
1.9999999956768408 
1.9999999992724706 
1.9999999999014986 
1.9999999999890390 
1.9999999999989901 
1.9999999999999238 
1.9999999999999964 
1.9999999999999996 
1.9999999999999996 
1.9999999999999996 
1.9999999999999996 
1.9999999999999996 
1.9999999999999996 
1.9999999999999996 
1.9999999999999996 
1.9999999999999996 
1.9999999999999996 
1.9999999999999996 
1.9999999999999996 
1.9999999999999996 
1.9999999999999996 
1.9999999999999996 
1.9999999999999996 
1.9999999999999996 
1.9999999999999996 
1.9999999999999996 
1.9999999999999996 
1.9999999999999996 
1.9999999999999996 
1.9999999999999996 
1.9999999999999996 
1.9999999999999996 
1.9999999999999996 
1.9999999999999996 
1.9999999999999996 