1.014446798301019
1.014446798301019
1.014446798301019
1.014446798301019
1.014446798301019
1.014446798301019
1.014446798301019
1.014446798301019
1.014446798301019
1.014446798301019
1.014446798301019
1.014446798301019
1.014446798301019
1.014446798301019
1.014446798301019
1.014446798301019
1.014446798301019
1.014446798301019
1.014446798301019
1.014446798301019
1.014446798301019
1.014446798301019
1.014446798301019
1.014446798301019
1.014446798301019
1.014446798301019
1.014446798301019
1.014446798301019
1.014446798301019
1.014446798301019
1.014446798301019
1.014446798301019
1.014446798301019
1.014446798301019
1.014446798301019
1.014446798301019
1.014446798301019
1.014446798301019
1.014446798301019
1.014446798301019
1.014446798301019
1.014446798301019
1.014446798301019
1.014446798301019
1.014446798301019
1.014446798301019
1.014446798301019
1.014446798301019
1.014446798301019
1.014446798301019
1.014446798301019
1.014446798301019
1.014446798301019
1.014446798301019
1.014446798301019
1.014446798301019
1.014446798301019
1.014446798301019
1.014446798301019
1.014446798301019
1.014446798301019
1.014446798301019
1.014446798301019
1.014446798301019
1.014446798301019
1.014446798301019
1.014446798301019
1.014446798301019
1.014446798301019
1.014446798301019
1.014446798301019
1.014446798301019
1.014446798301019
1.014446798301019
1.014446798301019
1.014446798301019
1.014446798301019
1.014446798301019
1.014446798301019
1.014446798301019
1.014446798301019
1.014446798301019
1.014446798301019
1.014446798301019
1.014446798301019
1.014446798301019
1.014446798301019
1.014446798301019
1.014446798301019
1.014446798301019
1.014446798301019
1.014446798301019
1.014446798301019
1.014446798301019
1.014446798301019
1.014446798301019
1.014446798301019
1.014446798301019
1.014446798301019
1.014446798301019
1.014446798301019
1.014446798301019
1.014446798301019
1.014446798301019
1.014446798301019
1.014446798301019
1.014446798301019
1.014446798301019
1.014446798301019
1.014446798301019
1.014446798301019
1.014446798301019
1.014446798301019
1.014446798301019
1.014446798301019
1.014446798301019
1.014446798301019
1.014446798301019
1.014446798301019
1.014446798301019
1.014446798301019
1.014446798301019
1.014446798301019
1.014446798301019
1.014446798301019
1.014446798301019
1.014446798301019
1.014446798301019
1.014446798301019
1.014446798301019
1.014446798301019
1.014446798301019
1.014446798301019
1.014446798301019
1.014446798301019
1.014446798301019
1.014446798301019
1.014446798301019
1.014446798301019
1.014446798301019
1.014446798301019
1.014446798301019
1.014446798301019
1.014446798301019
1.014446798301019
1.014446798301019
1.014446798301019
1.014446798301019
1.014446798301019
1.014446798301019
1.014446798301019
1.014446798301019
1.014446798301019
1.014446798301019
1.014446798301019
1.014446798301019
1.014446798301019
1.014446798301019
1.014446798301019
1.014446798301019
1.014446798301019
1.014446798301019
1.014446798301012
1.014446798236227
1.014446787899016
1.014446534942721
1.014444332018443
1.014434081480946
1.014402230144738
1.014326864780023
1.0141795509277
1.013928799603573
1.013543710089453
1.012996845981996
1.01226601783387
1.011335048820088
1.010193772713125
1.008837538250334
1.007266449782379
1.005484510498206
1.00349877557903
1.001318576766194
0.998954847728297
0.9964195589517051
0.993725258660936
0.9908847098241669
0.987910610544896
0.984815384611927
0.9816110296890017
0.9783090119417628
0.9749201974392275
0.9714548122090882
0.9679224242544848
0.9643319421020032
0.9606916255314955
0.9570091050437068
0.953291407367616
0.949544984916133
0.9457757475871422
0.9419890956965289
0.9381899531382343
0.9343828001087733
0.9305717049227238
0.9267603545921623
0.9229520839555031
0.9191499032268353
0.9153565239013561
0.911574383000384
0.9078056656744518
0.9040523262079538
0.9003161074860746
0.8965985589960968
0.8929010534420454
0.8892248020551294
0.8855708686834478
0.8819401827436046
0.8783335511147434
0.8747516690525008
0.871195130196748
0.8676644357430111
0.8641600028433011
0.8606821722978539
0.8572312155951022
0.853807341353115
0.8504107012118312
0.8470413952216457
0.8436994767703911
0.8403849570874169
0.8370978093603529
0.8338379724972576
0.8306053545641446
0.8273998359253969
0.8242212721122781
0.8210694964426288
0.8179443224128784
0.8148455458817239
0.8117729470631658
0.8087262923450974
0.8057053359482547
0.8027098214390662
0.7997394831088001
0.7967940472303233
0.7938732332028472
0.7909767545941253
0.788104320088781
0.7852556343506893
0.782430398806673
0.7796283123581478
0.7768490720268004
0.7740923735398573
0.771357911860036
0.768645381664846
0.7659544777795078
0.7632848955674012
0.7606363312816294
0.7580084823809825
0.7554010478133076
0.7528137282690506
0.7502462264074934
0.7476982470580107
0.7451694973984726
0.742659687112744
0.74016852852907
0.7376957367409969
0.7352410297123269
0.7328041283674946
0.7303847566686417
0.7279826416805417
0.7255975136244597
0.7232291059219185
0.7208771552292841
0.7185414014639873
0.7162215878231544
0.7139174607953351
0.71162877016598
0.7093552690172455
0.7070967137226762
0.7048528639372593
0.7026234825833011
0.7004083358325579
0.6982071930849898
0.6960198269444997
0.6938460131919859
0.6916855307559862
0.689538161681213
0.6874036910952042
0.6852819071733343
0.6831726011023924
0.6810755670429169
0.6789906020904638
0.6769175062359721
0.674856082325374
0.6728061360185796
0.6707674757479686
0.668739912676494
0.6667232606555044
0.6647173361823782
0.6627219583580568
0.6607369488445534
0.6587621318225079
0.6567973339488555
0.6548423843146662
0.6528971144032087
0.650961358048286
0.6490349513928929
0.6471177328482265
0.6452095430530935
0.6433102248337419
0.6414196231641508
0.6395375851268009
0.6376639598739557
0.6357985985894712
0.6339413544511483
0.63209208259367
0.6302506400720886
0.628416885825964
0.6265906806440449
0.6247718871296479
0.6229603696666002
0.621155994385884
0.6193586291329261
0.6175681434354865
0.6157844084723461
0.6140072970425482
0.6122366835353961
0.6104724439011551
0.6087144556224056
0.6069625976861763
0.6052167505567287
0.6034767961491337
0.6017426178035373
0.6000141002602022
0.5982911296352902
0.5965735933974172
0.5948613803449845
0.5931543805842981
0.5914524855084906
0.5897555877772582
0.5880635812974282
0.5863763612043729
0.5846938238442899
0.5830158667573621
0.5813423886618212
0.5796732894389403
0.5780084701189728
0.5763478328680672
0.5746912809761882
0.5730387188460678
0.5713900519832293
0.5697451869871062
0.5681040315433075
0.5664664944170621
0.5648324854478901
0.5632019155455472
0.5615746966872959
0.5599507419165554
0.5583299653429944
0.556712282144127
0.5550976085684838
0.5534858619404258
0.5518769606666959
0.5502708242447697
0.5486673732731242
0.5470665294635044
0.5454682156552981
0.5438723558321413
0.542278875140865
0.5406876999129246
0.5390987576884475
0.5375119772430519
0.5359272886176064
0.5343446231510947
0.5327639135167861
0.5311850937619044
0.5296080993510224
0.5280328672134107
0.5264593357945954
0.5248874451123954
0.5233171368177362
0.5217483542605483
0.5201810425610928
0.5186151486870815
0.5170506215369823
0.5154874120299329
0.5139254732027255
0.5123647603143515
0.5108052309586397
0.509246845185565
0.5076895656318454
0.5061333576614997
0.5045781895170917
0.5030240324824395
0.5014708610576435
0.4999186531473454
0.4983673902632103
0.4968170577417093
0.4952676449783627
0.4937191456797054
0.4921715581343418
0.490624885504571
0.4890791361401913
0.4875343239162259
0.4859904685964658
0.4844475962248828
0.4829057395471508
0.4813649384646959
0.4798252405239173
0.4782867014434419
0.4767493856825312
0.47521336705403
0.4736787293855368
0.4721455672328118
0.4706139866497744
0.4690841060198324
0.467556056953693
0.4660299852592609
0.4645060519897001
0.4629844345762704
0.4614653280531072
0.4599489463817085
0.4584355238835516
0.4569253167899311
0.4554186049188398
0.4539156934894729
0.4524169150857145
0.450922631780779
0.4494332374359825
0.4479491601874211
0.4464708651350868
0.4449988572496287
0.4435336845125252
0.4420759413057893
0.4406262720674209
0.4391853752285158
0.4377540074471004
0.4363329881522012
0.434923204409111
0.4335256161129772
0.4321412615122872
0.4307712630560198
0.4294168335475103
0.428079282573532
0.426760023157624
0.4254605785608902
0.4241825891195172
0.4229278189638917
0.4216981624065844
0.4204956497121268
0.4193224518661702
0.418180883840143
0.4170734056939279
0.4160026206665609
0.4149712691663055
0.4139822172797758
0.4130384380699756
0.4121429835245594
0.4112989445566532
0.4105093959760944
0.4097773228921658
0.4091055246796432
0.408496492611181
0.4079522578132158
0.4074742077765959
0.4070628728828715
0.4067176901446928
0.4064367606011014
0.4062166304121302
0.4060521436570614
0.4059364348167641
0.4058611437413592
0.4058169304101965
0.4057943165424392
0.4057847604712715
0.4057816852370064
0.4057810243531023
0.4057809484656588
0.4057809453644737
0.4057809453450379
0.4057809453450358
0.4057809453450358
0.4057809453450358
0.4057809453450358
0.4057809453450358
0.4057809453450358
0.4057809453450358
0.4057809453450358
0.4057809453450358
0.4057809453450358
0.4057809453450358
0.4057809453450358
0.4057809453450358
0.4057809453450358
0.4057809453450358
0.4057809453450358
0.4057809453450358
0.4057809453450358
0.4057809453450358
0.4057809453450358
0.4057809453450358
0.4057809453450358
0.4057809453450358
0.4057809453450358
0.4057809453450358
0.4057809453450358
0.4057809453450358
0.4057809453450358
0.4057809453450358
0.4057809453450358
0.4057809453450358
0.4057809453450358
0.4057809453450358
0.4057809453450358
0.4057809453450358
0.4057809453450358
0.4057809453450358
0.4057809453450358
0.4057809453450358
0.4057809453450358
0.4057809453450358
0.4057809453450358
0.4057809453450358
0.4057809453450358
0.4057809453450358
0.4057809453450358
0.4057809453450358
0.4057809453450358
0.4057809453450358
0.4057809453450358
0.4057809453450358
0.4057809453450358
0.4057809453450358
0.4057809453450358
0.4057809453450358
0.4057809453450358
0.4057809453450358
0.4057809453450358
0.4057809453450358
0.4057809453450358
0.4057809453450358
0.4057809453450358
0.4057809453450358
0.4057809453450358
0.4057809453450358
0.4057809453450358
0.4057809453450358
0.4057809453450358
0.4057809453450358
0.4057809453450358
0.4057809453450358
0.4057809453450358
0.4057809453450358
0.4057809453450358
0.4057809453450358
0.4057809453450358
0.4057809453450358
0.4057809453450358
0.4057809453450358
0.4057809453450358
0.4057809453450358
0.4057809453450358
0.4057809453450358
0.4057809453450358
0.4057809453450358
0.4057809453450358
0.4057809453450358
0.4057809453450358
0.4057809453450358
0.4057809453450358
0.4057809453450358
0.4057809453450358
0.4057809453450358
0.4057809453450358
0.4057809453450358
0.4057809453450358
0.4057809453450358
0.4057809453450358
0.4057809453450358
0.4057809453450358
0.4057809453450358
0.4057809453450358
0.4057809453450358
0.4057809453450358
0.4057809453450358
0.4057809453450358
0.4057809453450358
0.4057809453450358
0.4057809453450358
0.4057809453450358
0.4057809453450358
0.4057809453450358
0.4057809453450358
0.4057809453450358
0.4057809453450358
0.4057809453450358
0.4057809453450358
0.4057809453450358
0.4057809453450358
0.4057809453450358
0.4057809453450358
0.4057809453450358
0.4057809453450358
0.4057809453450358
0.4057809453450358
0.4057809453450358
0.4057809453450358
0.4057809453450358
0.4057809453450358
0.4057809453450358
0.4057809453450358
0.4057809453450358
0.4057809453450358
0.4057809453450358
0.4057809453450358
0.4057809453450358
0.4057809453450358
0.4057809453450358
0.4057809453450358
0.4057809453450358
0.4057809453450358
0.4057809453450358
0.4057809453450358
0.4057809453450358
0.4057809453450358
0.4057809453450358
0.4057809453450358
0.4057809453450358
0.4057809453450358
0.4057809453450358
0.4057809453450358
0.4057809453450358
0.4057809453450358
0.4057809453450358
0.4057809453450358
0.4057809453450358
0.4057809453450358
0.4057809453450358
0.4057809453450358
0.4057809453450358
0.4057809453450358
0.4057809453450358
0.4057809453450358
0.4057809453450358
0.4057809453450358
0.4057809453450358
0.4057809453450358
0.4057809453450358
0.4057809453450358
0.4057809453450358
0.4057809453450358
0.4057809453450358
0.4057809453450358
0.4057809453450358
0.4057809453450358
0.4057809453450358
0.4057809453450358
0.4057809453450358
0.4057809453450358
0.4057809453450358
0.4057809453450358
0.4057809453450358
0.4057809453450358
0.4057809453450358
0.4057809453450358
0.4057809453450358
0.4057809453450358
0.4057809453450358
0.4057809453450358
0.4057809453450358
0.4057809453450358
0.4057809453450358
0.4057809453450358
0.4057809453450358
0.4057809453450358
0.4057809453450358
0.4057809453450358
0.4057809453450358
0.4057809453450358
0.4057809453450358
0.4057809453450358
0.4057809453450358
0.4057809453450358
0.4057809453450358
0.4057809453450358
0.4057809453450358
0.4057809453450358
0.4057809453450358
0.4057809453450358
0.4057809453450358
0.4057809453450358
0.4057809453450358
0.4057809453450358
0.4057809453450358
0.4057809453450358
0.4057809453450358
0.4057809453450358
0.4057809453450358
0.4057809453450358
0.4057809453450358
0.4057809453450358
0.4057809453450358
0.4057809453450358
0.4057809453450358
0.4057809453450358
0.4057809453450358
0.4057809453450358
0.4057809453450358
0.4057809453450358
0.4057809453450358
0.4057809453450358
0.4057809453450358
0.4057809453450358
0.4057809453450358
0.4057809453450358
0.4057809453450358
0.4057809453450358
0.4057809453450358
0.4057809453450358
0.4057809453450358
0.4057809453450358
0.4057809453450358
0.4057809453450358
0.4057809453450358
0.4057809453450358
0.4057809453450358
0.4057809453450358
0.4057809453450358
0.4057809453450358
0.4057809453450358
0.4057809453450358
0.4057809453450358
0.4057809453450358
0.4057809453450358
0.4057809453450358
0.4057809453450358
0.4057809453450358
0.4057809453450358
0.4057809453450358
0.4057809453450358
0.4057809453450358
0.4057809453450358
0.4057809453450358
0.4057809453450358
0.4057809453450358
0.4057809453450358
0.4057809453450358
0.4057809453450358
0.4057809453450358
0.4057809453450358
0.4057809453450358
0.4057809453450358
0.4057809453450358
0.4057809453450358
0.4057809453450358
0.4057809453450358
0.4057809453450358
0.4057809453450358
0.4057809453450358
0.4057809453450358
0.4057809453450358
0.4057809453450358
0.4057809453450358
0.4057809453450358
0.4057809453450358
0.4057809453450358
0.4057809453450358
0.4057809453450358
0.4057809453450358
0.4057809453450358
0.4057809453450358
0.4057809453450358
0.4057809453450358
0.4057809453450358
0.4057809453450358
0.4057809453450358
0.4057809453450358
0.4057809453450358
0.4057809453450358
0.4057809453450358
0.4057809453450358
0.4057809453450358
0.4057809453450358
0.4057809453450358
0.4057809453450358
0.4057809453450358
0.4057809453450358
0.4057809453450358
0.4057809453450358
0.4057809453450358
0.4057809453450358
0.4057809453450358
0.4057809453450358
0.4057809453450358
0.4057809453450358
0.4057809453450358
0.4057809453450358
0.4057809453450358
0.4057809453450358
0.4057809453450358
0.4057809453450358
0.4057809453450358