1.014446798301019
1.014446798301019
1.014446798301019
1.014446798301019
1.014446798301019
1.014446798301019
1.014446798301019
1.014446798301019
1.014446798301019
1.014446798301019
1.014422039346586
0.9950914889418955
0.9400907957176123
0.8801338141921762
0.8258071945917358
0.7782358554210049
0.7364661401443146
0.6993060282454222
0.6657189688421723
0.6348689709765554
0.6060889301846113
0.5788403509321842
0.5526810606913526
0.5272458927005789
0.5022473250318641
0.4775178862614661
0.4531657657470286
0.4300920226795135
0.4117143437777805
0.4057883732861232
0.4057809453450358
0.4057809453450358
0.4057809453450358
0.4057809453450358
0.4057809453450358
0.4057809453450358
0.4057809453450358
0.4057809453450358
0.4057809453450358
0.4057809453450358
0.4057809453450358
0.4057809453450358
0.4057809453450358
0.4057809453450358
0.4057809453450358
0.4057809453450358
0.4057809453450358
0.4057809453450358
0.4057809453450358
0.4057809453450358