   1.0144468e+00
   1.0144468e+00
   1.0144468e+00
   1.0144468e+00
   1.0144468e+00
   1.0144468e+00
   1.0144468e+00
   1.0144468e+00
   1.0144468e+00
   1.0144468e+00
   1.0144468e+00
   1.0144468e+00
   1.0144468e+00
   1.0144468e+00
   1.0144468e+00
   1.0144468e+00
   1.0144468e+00
   1.0144468e+00
   1.0144468e+00
   1.0144468e+00
   1.0144468e+00
   1.0144468e+00
   1.0144468e+00
   1.0144468e+00
   1.0144468e+00
   1.0144468e+00
   1.0144468e+00
   1.0144468e+00
   1.0144468e+00
   1.0144468e+00
   1.0144468e+00
   1.0144468e+00
   1.0144229e+00
   1.0126044e+00
   1.0015708e+00
   9.7160245e-01
   9.1712276e-01
   8.4050499e-01
   7.5128613e-01
   6.6176932e-01
   5.8214389e-01
   5.1797987e-01
   4.7055833e-01
   4.3851721e-01
   4.1927363e-01
   4.0969944e-01
   4.0633479e-01
   4.0578812e-01
   4.0578095e-01
   4.0578095e-01
   4.0578095e-01
   4.0578095e-01
   4.0578095e-01
   4.0578095e-01
   4.0578095e-01
   4.0578095e-01
   4.0578095e-01
   4.0578095e-01
   4.0578095e-01
   4.0578095e-01
   4.0578095e-01
   4.0578095e-01
   4.0578095e-01
   4.0578095e-01
   4.0578095e-01
   4.0578095e-01
   4.0578095e-01
   4.0578095e-01
   4.0578095e-01
   4.0578095e-01
   4.0578095e-01
   4.0578095e-01
   4.0578095e-01
   4.0578095e-01
   4.0578095e-01
   4.0578095e-01
   4.0578095e-01
   4.0578095e-01
   4.0578095e-01
   4.0578095e-01
   4.0578095e-01
   4.0578095e-01
   4.0578095e-01
   4.0578095e-01
   4.0578095e-01
   4.0578095e-01
   4.0578095e-01
   4.0578095e-01
   4.0578095e-01
   4.0578095e-01
   4.0578095e-01
   4.0578095e-01
   4.0578095e-01
   4.0578095e-01
   4.0578095e-01
   4.0578095e-01
   4.0578095e-01
   4.0578095e-01
   4.0578095e-01
   4.0578095e-01