1.014446798301019
1.014446798301019
1.014446798301019
1.014446798301019
1.014446798301019
1.014446798301019
1.014446798301019
1.014446798301019
1.014446798301019
1.014446798301019
1.014446798301019
1.014446798301019
1.014446798301019
1.014446798301019
1.014446798301019
1.014446798301019
1.014446798301019
1.014446798301019
1.014446798301019
1.014446798301019
1.014446798301019
1.014446798301019
1.014446798301019
1.014446798301019
1.014446798301019
1.014446798301019
1.014446798301019
1.014446798301019
1.014446798301019
1.014446798301019
1.014446798301019
1.014446798301019
1.014446798301019
1.014446798301019
1.014446798301019
1.014446798301019
1.014446798301019
1.014446798301019
1.014446798301019
1.014446798301019
1.014446798301019
1.014445913615806
1.014264142747344
1.012655582415046
1.008078681782886
1.000158923792617
0.9894135690422653
0.9766247998537424
0.962517521739086
0.9476628690375863
0.9324775062591203
0.9172519549146962
0.9021819755794931
0.8873949845224629
0.8729701983344837
0.8589533202756039
0.8453670109137801
0.8322182680273071
0.8195035965924589
0.8072126176506969
0.7953305802621025
0.7838401040717689
0.7727223821803173
0.7619580051242802
0.7515275186291575
0.7414117942309194
0.7315922684441729
0.7220510897812085
0.7127712014404428
0.7037363793965389
0.6949312399101263
0.6863412264222217
0.6779525829145381
0.6697523187591433
0.6617281686096966
0.6538685498335881
0.6461625192311284
0.6385997302504953
0.6311703915259204
0.6238652272990832
0.6166754400998069
0.6095926759405932
0.6026089922048474
0.5957168283717795
0.5889089797135391
0.5821785741201777
0.5755190522530369
0.5689241512985745
0.5623878926956782
0.5559045743459126
0.5494687679969278
0.5430753227273354
0.5367193757749806
0.5303963723652958
0.5241020967478816
0.5178327173875571
0.5115848502508388
0.5053556454790831
0.4991429045857834
0.4929452378580104
0.4867622751675507
0.4805949483171716
0.4744458699502244
0.4683198437729248
0.4622245545406612
0.4561715054929636
0.4501772975636607
0.4442653804676697
0.4384684505179273
0.4328317164917665
0.427417273880966
0.4223097278421484
0.4176227241380025
0.4135044792874543
0.4101359943867333
0.4077049037768878
0.406319376977302
0.4058357534288712
0.4057812107527191
0.4057809453450358
0.4057809453450358
0.4057809453450358
0.4057809453450358
0.4057809453450358
0.4057809453450358
0.4057809453450358
0.4057809453450358
0.4057809453450358
0.4057809453450358
0.4057809453450358
0.4057809453450358
0.4057809453450358
0.4057809453450358
0.4057809453450358
0.4057809453450358
0.4057809453450358
0.4057809453450358
0.4057809453450358
0.4057809453450358
0.4057809453450358
0.4057809453450358
0.4057809453450358
0.4057809453450358
0.4057809453450358
0.4057809453450358
0.4057809453450358
0.4057809453450358
0.4057809453450358
0.4057809453450358
0.4057809453450358
0.4057809453450358
0.4057809453450358
0.4057809453450358
0.4057809453450358
0.4057809453450358
0.4057809453450358
0.4057809453450358
0.4057809453450358
0.4057809453450358
0.4057809453450358
0.4057809453450358
0.4057809453450358
0.4057809453450358
0.4057809453450358
0.4057809453450358
0.4057809453450358
0.4057809453450358
0.4057809453450358
0.4057809453450358
0.4057809453450358
0.4057809453450358
0.4057809453450358
0.4057809453450358
0.4057809453450358
0.4057809453450358
0.4057809453450358
0.4057809453450358
0.4057809453450358
0.4057809453450358
0.4057809453450358
0.4057809453450358
0.4057809453450358
0.4057809453450358
0.4057809453450358
0.4057809453450358
0.4057809453450358
0.4057809453450358
0.4057809453450358
0.4057809453450358
0.4057809453450358
0.4057809453450358
0.4057809453450358
0.4057809453450358
0.4057809453450358
0.4057809453450358
0.4057809453450358
0.4057809453450358
0.4057809453450358
0.4057809453450358
0.4057809453450358