1.014446798301019
1.014446798301019
1.014446798301019
1.014446798301019
1.014446798301019
1.014446798301019
1.014446798301019
1.014446798301019
1.014446798301019
1.014446798301019
1.014446798301019
1.014446798301019
1.014446798301019
1.014446798301019
1.014446798301019
1.014446798301019
1.014446798301019
1.014446798301019
1.014446798301019
1.014446798301019
1.014446798301019
1.014446798301019
1.014446798301019
1.014446798301019
1.014446798301019
1.014446798301019
1.014446798301019
1.014446798301019
1.014446798301019
1.014446798301019
1.014446798301019
1.014446798301019
0.9825879691214269
0.9220903019859019
0.8657217184564405
0.8132792170178883
0.764554836471834
0.7193377875796081
0.6774166402589602
0.6385814722447112
0.6026258919827483
0.5693488624365396
0.5385562712102853
0.5100622133035847
0.483689973385644
0.4592727126862984
0.4366538801279242
0.415687377589462
0.4057809453450358
0.4057809453450358
0.4057809453450358
0.4057809453450358
0.4057809453450358
0.4057809453450358
0.4057809453450358
0.4057809453450358
0.4057809453450358
0.4057809453450358
0.4057809453450358
0.4057809453450358
0.4057809453450358
0.4057809453450358
0.4057809453450358
0.4057809453450358
0.4057809453450358
0.4057809453450358
0.4057809453450358
0.4057809453450358
0.4057809453450358
0.4057809453450358
0.4057809453450358
0.4057809453450358
0.4057809453450358
0.4057809453450358
0.4057809453450358
0.4057809453450358
0.4057809453450358
0.4057809453450358
0.4057809453450358
0.4057809453450358
0.4057809453450358
0.4057809453450358
0.4057809453450358
0.4057809453450358
0.4057809453450358
0.4057809453450358
0.4057809453450358
0.4057809453450358
0.4057809453450358
0.4057809453450358
0.4057809453450358
0.4057809453450358
0.4057809453450358
0.4057809453450358
0.4057809453450358
0.4057809453450358
0.4057809453450358
0.4057809453450358
0.4057809453450358
0.4057809453450358