1.014446798301019
1.014446798301019
1.014446798301019
1.014446798301019
1.014446798301019
1.014446798301019
1.014446798301019
1.014446798301019
1.014446798301019
1.014446798301019
1.014446798301019
1.014446798301019
1.014446798301019
1.014446798301019
1.014446798301019
1.014446798301019
1.014446798301019
1.014446798301019
1.014446798301019
1.014446798301019
1.014446798301019
1.014446798301019
1.014446798301019
1.014446798301019
1.014446798301019
1.014446798301019
1.014446798301019
1.014446798301019
1.014446798301019
1.014446798301019
1.014446798301019
1.014446798301019
1.014446798301019
1.014446798301019
1.014446798301019
1.014446798301019
1.014446798301019
1.014446798301019
1.014446798301019
1.014446798301019
1.014446798301019
1.014446798301019
1.014446798301019
1.014446798301019
1.014446798301019
1.014446798301019
1.014446798301019
1.014446798301019
1.014446798301019
1.014446798301019
1.014446798301019
1.014446798301019
1.014446798301019
1.014446798301019
1.014446798301019
1.014446798301019
1.014446798301019
1.014446798301019
1.014446798301019
1.014446798301019
1.014446798301019
1.014446798301019
1.014446798301019
1.014446798301019
1.014446798301019
1.014446798301019
1.014446798301019
1.014446798301019
1.014446798301019
1.014446798301019
1.014446798301019
1.014446798301019
1.014446798301019
1.014446798301019
1.014446798301019
1.014446798301019
1.014446798301019
1.014446798301019
1.014446798301019
1.014446798301019
1.014446798301019
1.014446798299583
1.014446736780321
1.014440859978162
1.0143716475627
1.01406908884829
1.013292023088977
1.011826323172671
1.009542620330526
1.006401457539569
1.002432331192176
0.9977078728905743
0.9923224673937661
0.9863773771325233
0.9799715348841125
0.973196462656404
0.966133913704512
0.9588551877860819
0.9514214050378916
0.9438842799394775
0.9362871143742719
0.9286658452998084
0.9210500561752113
0.9134639064264964
0.9059269600417024
0.898454909710322
0.8910602011900319
0.8837525666151271
0.8765394770150793
0.8694265244713122
0.8624177437620559
0.855515882419092
0.8487226270722148
0.8420387929127824
0.8354644821320114
0.8289992163121059
0.8226420469779911
0.816391647852055
0.8102463917860174
0.8042044148624118
0.7982636697522281
0.792421970074412
0.7866770272174597
0.7810264808447029
0.7754679241055433
0.7699989244085217
0.7646170404732031
0.7593198362619352
0.7541048922956665
0.7489698147771117
0.7439122428768429
0.7389298544812445
0.7340203706538108
0.7291815590214588
0.7244112362641364
0.7197072698579354
0.7150675791983223
0.7104901362102356
0.7059729655350655
0.7015141443704208
0.6971118020266817
0.6927641192542806
0.6884693273871655
0.6842257073407116
0.6800315884962692
0.6758853474994101
0.6717854069945717
0.6677302343151212
0.6637183401447679
0.659748277163583
0.6558186386897021
0.6519280573258824
0.6480752036185293
0.6442587847354471
0.6404775431674894
0.6367302554583514
0.633015730965949
0.6293328106582303
0.6256803659457533
0.6220572975529129
0.6184625344294259
0.6148950327033732
0.6113537746770827
0.6078377678667685
0.604346044087045
0.6008776585812963
0.5974316891989799
0.5940072356210215
0.5906034186346339
0.5872193794590924
0.5838542791242221
0.5805072979036787
0.5771776348054696
0.5738645071225499
0.5705671500468525
0.5672848163506455
0.5640167761397832
0.5607623166841338
0.557520742331341
0.5542913745110425
0.5510735518377908
0.5478666303222119
0.5446699837014125
0.5414830039013487
0.538305101645834
0.535135707229124
0.5319742714716351
0.5288202668813838
0.525673189047258
0.5225325582943088
0.5193979216360248
0.5162688550640964
0.5131449662226706
0.5100258975217015
0.5069113297529052
0.5038009862823107
0.5006946379057176
0.4975921084679074
0.4944932813636157
0.4913981070585633
0.4883066117928834
0.4852189076577744
0.4821352042700285
0.4790558223092531
0.4759812092303203
0.4729119575202519
0.4698488259360118
0.4667927642393462
0.4637449420389175
0.4607067824605984
0.457680001495928
0.4546666540278885
0.451669187702784
0.4486905060052273
0.4457340420941873
0.4428038451583981
0.4399046812233084
0.4370421504417289
0.4342228228430195
0.4314543941576699
0.4287458624332388
0.4261077243095636
0.4235521863590477
0.4210933807350734
0.4187475637671418
0.4165332583756977
0.4144712721848978
0.4125844773811725
0.4108971692901356
0.4094337248711369
0.4082161713849409
0.4072602076293864
0.4065693709260816
0.4061278218527714
0.4058943061671265
0.4058034925920801
0.4057827268660407
0.4057809638013761
0.4057809453454668
0.4057809453450358
0.4057809453450358
0.4057809453450358
0.4057809453450358
0.4057809453450358
0.4057809453450358
0.4057809453450358
0.4057809453450358
0.4057809453450358
0.4057809453450358
0.4057809453450358
0.4057809453450358
0.4057809453450358
0.4057809453450358
0.4057809453450358
0.4057809453450358
0.4057809453450358
0.4057809453450358
0.4057809453450358
0.4057809453450358
0.4057809453450358
0.4057809453450358
0.4057809453450358
0.4057809453450358
0.4057809453450358
0.4057809453450358
0.4057809453450358
0.4057809453450358
0.4057809453450358
0.4057809453450358
0.4057809453450358
0.4057809453450358
0.4057809453450358
0.4057809453450358
0.4057809453450358
0.4057809453450358
0.4057809453450358
0.4057809453450358
0.4057809453450358
0.4057809453450358
0.4057809453450358
0.4057809453450358
0.4057809453450358
0.4057809453450358
0.4057809453450358
0.4057809453450358
0.4057809453450358
0.4057809453450358
0.4057809453450358
0.4057809453450358
0.4057809453450358
0.4057809453450358
0.4057809453450358
0.4057809453450358
0.4057809453450358
0.4057809453450358
0.4057809453450358
0.4057809453450358
0.4057809453450358
0.4057809453450358
0.4057809453450358
0.4057809453450358
0.4057809453450358
0.4057809453450358
0.4057809453450358
0.4057809453450358
0.4057809453450358
0.4057809453450358
0.4057809453450358
0.4057809453450358
0.4057809453450358
0.4057809453450358
0.4057809453450358
0.4057809453450358
0.4057809453450358
0.4057809453450358
0.4057809453450358
0.4057809453450358
0.4057809453450358
0.4057809453450358
0.4057809453450358
0.4057809453450358
0.4057809453450358
0.4057809453450358
0.4057809453450358
0.4057809453450358
0.4057809453450358
0.4057809453450358
0.4057809453450358
0.4057809453450358
0.4057809453450358
0.4057809453450358
0.4057809453450358
0.4057809453450358
0.4057809453450358
0.4057809453450358
0.4057809453450358
0.4057809453450358
0.4057809453450358
0.4057809453450358
0.4057809453450358
0.4057809453450358
0.4057809453450358
0.4057809453450358
0.4057809453450358
0.4057809453450358
0.4057809453450358
0.4057809453450358
0.4057809453450358
0.4057809453450358
0.4057809453450358
0.4057809453450358
0.4057809453450358
0.4057809453450358
0.4057809453450358
0.4057809453450358
0.4057809453450358
0.4057809453450358
0.4057809453450358
0.4057809453450358
0.4057809453450358
0.4057809453450358
0.4057809453450358
0.4057809453450358
0.4057809453450358
0.4057809453450358
0.4057809453450358
0.4057809453450358
0.4057809453450358
0.4057809453450358
0.4057809453450358
0.4057809453450358
0.4057809453450358
0.4057809453450358
0.4057809453450358
0.4057809453450358
0.4057809453450358
0.4057809453450358
0.4057809453450358
0.4057809453450358
0.4057809453450358
0.4057809453450358
0.4057809453450358
0.4057809453450358
0.4057809453450358
0.4057809453450358
0.4057809453450358
0.4057809453450358
0.4057809453450358
0.4057809453450358
0.4057809453450358
0.4057809453450358
0.4057809453450358
0.4057809453450358
0.4057809453450358
0.4057809453450358
0.4057809453450358
0.4057809453450358
0.4057809453450358
0.4057809453450358
0.4057809453450358