0.08333333333333333 2.0 0.0 2.00000000000437 1.6849836422086233e-13 -2.2393696239451417e-69
0.25 2.0 0.0 2.0000000000032854 -9.649047213755341e-12 -2.850203213424424e-67
0.41666666666666663 2.0 0.0 1.9999999999941243 2.354535785367537e-11 -2.455912479307425e-65
0.5833333333333333 2.0 0.0 1.9999999999814775 8.016850463600467e-11 -1.7464337008905642e-63
0.75 2.0 0.0 1.9999999999952902 2.085748765533575e-11 -1.0864518245663961e-61
0.9166666666666666 2.0 0.0 2.0000000000623204 -2.756742027201839e-10 -6.062135519306023e-60
1.0833333333333333 2.0 0.0 2.00000000011141 -4.934480636595583e-10 -3.0725714358609898e-58
1.25 2.0 0.0 1.9999999999467541 2.357866738031301e-10 -1.4244864646060943e-56
1.4166666666666665 2.0 0.0 1.9999999995210453 2.121659863551598e-09 -6.0636642869503236e-55
1.5833333333333333 2.0 0.0 1.9999999994078452 2.6231753530615876e-09 -2.3739378149649954e-53
1.75 2.0 0.0 2.000000000649403 -2.8767964353045867e-09 -8.548289091174405e-52
1.9166666666666665 2.0 0.0 2.0000000031383256 -1.3902382483763674e-08 -2.826629179989026e-50
2.083333333333333 2.0 0.0 2.000000003623787 -1.6053071479486195e-08 -8.551735704348133e-49
2.25 2.0 0.0 1.999999997098544 1.285292532643726e-08 -2.351308388844086e-47
2.4166666666666665 2.0 0.0 1.9999999842788116 6.963206637384694e-08 -5.803765865629009e-46
2.583333333333333 2.0 0.0 1.9999999805550273 8.611091907503507e-08 -1.2555518197789163e-44
2.75 2.0 0.0 2.0000000145032324 -6.420116098878406e-08 -2.2523830569655327e-43
2.9166666666666665 2.0 0.0 2.000000108536895 -4.808043924519117e-07 -2.7918905336431368e-42
3.083333333333333 2.0 0.0 2.000000253457456 -1.1225215014773668e-06 3.4032188376674753e-42
3.25 2.0 0.0 2.0000004037888965 -1.78842219298651e-06 1.637631564719423e-39
3.4166666666666665 2.0 0.0 2.0000005053548278 -2.238641198542576e-06 6.69579852573674e-38
3.583333333333333 2.0 0.0 2.0000005349767864 -2.369766265154321e-06 1.954092408969167e-36
3.75 2.0 0.0 2.0000005155692335 -2.2839922856298117e-06 4.767397604445987e-35
3.9166666666666665 2.0 0.0 2.0000004904191844 -2.172514788713404e-06 1.0226604240371576e-33
4.083333333333333 2.0 0.0 2.0000004863003706 -2.1542564831509824e-06 1.972439459912412e-32
4.25 2.0 0.0 2.0000005015851716 -2.221951023661005e-06 3.4602839938301873e-31
4.416666666666666 2.0 0.0 2.000000519607062 -2.301779625236414e-06 5.5567186760349286e-30
4.583333333333333 2.0 0.0 2.0000005209527942 -2.3077410970776495e-06 8.196099066332122e-29
4.75 2.0 0.0 2.000000483779508 -2.1431057853296567e-06 1.111987969600823e-27
4.916666666666666 2.0 0.0 2.0000003901320533 -1.7282335889448383e-06 1.38743175398427e-26
5.083333333333333 2.0 0.0 2.000000247041123 -1.094589975630446e-06 1.5890168470825486e-25
5.25 2.0 0.0 2.000000097224308 -4.310059666785406e-07 1.6638083285143045e-24
5.416666666666666 2.0 0.0 1.9999999952881966 2.086008848532139e-08 1.5810269060098325e-23
5.583333333333333 2.0 0.0 1.9999999653261682 1.5348663067854603e-07 1.3451909996525538e-22
5.75 2.0 0.0 1.9999999835586797 7.292617470021524e-08 9.976476910669732e-22
5.916666666666666 2.0 0.0 2.0000000063465375 -2.8091328715449597e-08 6.048058075300206e-21
6.083333333333333 2.0 0.0 2.000000010114236 -4.4788203950966344e-08 2.3764166023539362e-20
6.25 2.0 0.0 2.000000001483094 -6.568902239591115e-09 -4.8921798420998234e-20
6.416666666666666 2.0 0.0 1.9999999961701864 1.697421000740619e-08 -2.2864741340931845e-18
6.583333333333333 2.0 0.0 1.999999998211563 7.93473949184282e-09 -3.049792409107363e-17
6.75 1.9999999999999998 0.0 2.0000000012207644 -5.4027610339765756e-09 -3.023468242913689e-16
6.916666666666666 1.9999999999999976 0.0 2.0000000009578573 -4.233431136860674e-09 -2.5333401633201316e-15
7.083333333333333 1.9999999999999813 0.0 1.9999999994522022 2.4510094571481413e-09 -1.8747527228524837e-14
7.25 1.999999999999875 0.0 1.9999999992876007 3.1606860101994696e-09 -1.250209723893004e-13
7.416666666666666 1.9999999999992408 0.0 1.999999999877918 5.350497860923807e-10 -7.592478361812659e-13
7.583333333333333 2.0000009999957764 0.0 1.9999999998483677 7.039989533499017e-10 -4.223508993071295e-12
7.75 2.0000009999784134 0.0 1.9999999993702726 2.7273506044069775e-09 -2.1586786279083474e-11
7.916666666666666 2.0000009998985067 0.0 1.9999999990870796 3.5368293570053313e-09 -1.0149337221417915e-10
8.083333333333332 2.0000009995612342 0.0 1.9999999987178132 3.785530341471414e-09 -4.3876588070022077e-10
8.25 2.0000009982596434 0.0 1.9999999971955993 4.900155980813387e-09 -1.7403567350686184e-09
8.416666666666666 2.000000993694318 0.0 1.999999992265633 6.23102819068376e-09 -6.3056820221045696e-09
8.583333333333332 2.0000009792975777 0.0 1.999999977591081 7.329128495427029e-09 -2.0702422360274937e-08
8.75 2.0000009393178213 0.0 1.999999937431673 8.788520868799577e-09 -6.068217856011783e-08
8.916666666666666 2.0000008459177048 0.0 1.9999998437420616 1.0123860626892618e-08 -1.540822954409375e-07
9.083333333333332 2.0000006856319414 0.0 1.9999996830356297 1.0615608947727673e-08 -3.1436805847154385e-07
9.25 2.00000061960329 0.0 1.9999996168387129 1.1593135495572385e-08 -3.803967102260639e-07
9.416666666666666 2.0000015882618483 0.0 2.0000005856910876 1.3593743686768762e-08 5.882618480584264e-07
9.583333333333332 2.0000061251530674 0.0 2.0000061224684815 1.3425738968766295e-08 6.1251530674769926e-06
9.75 2.0000269519530645 0.0 2.000026948684287 1.0029901071069356e-08 2.695195306443837e-05
9.916666666666666 2.0000909893714907 0.0 2.000090986435655 9.43444177692942e-09 9.098937149079526e-05
10.083333333333332 2.000262077677205 0.0 2.000262076585395 1.420736438731212e-08 0.00026207767720486466
10.25 2.000669374442667 0.0 2.0006693741221833 1.2829389033431292e-08 0.0006693744426668637
10.416666666666666 2.001543742210623 0.0 2.0015437395510847 -3.669054796982247e-09 0.0015437422106229165
10.583333333333332 2.0032458158338096 0.0 2.003245811939327 -1.6429879450093257e-08 0.003245815833809414
10.75 2.006254988727532 0.0 2.0062549910321135 2.890453154578793e-09 0.006254988727532051
10.916666666666666 2.011078429957128 0.0 2.0110784418361454 3.667973676304282e-08 0.011078429957127956
11.083333333333332 2.018050136662097 0.0 2.0180501459081803 1.615146485548559e-08 0.018050136662097052
11.25 2.0270357568521313 0.0 2.027035744647242 -8.801969434911832e-08 0.027035756852131283
11.416666666666666 2.037135562558247 0.0 2.0371355327666167 -1.7416911408755742e-07 0.03713556255824667
11.583333333333332 2.04655067641497 0.0 2.0465506749281115 -5.404669542990482e-08 0.04655067641497013
11.75 2.052787138212377 0.0 2.052787234634364 3.806844199618173e-07 0.05278713821237704
11.916666666666666 2.0532702614718277 0.0 2.0532705041197827 1.0342224323263817e-06 0.05327026147182771
12.083333333333332 2.0462396961242795 0.0 2.0462400816800064 1.6735276094974864e-06 0.04623969612427934
12.25 2.031588407111769 0.0 2.0315888892862404 2.1050941598707237e-06 0.03158840711176899
12.416666666666666 2.011234779011009 0.0 2.0112353019036857 2.2862352628222763e-06 0.011234779011009107
12.583333333333332 1.9887652209889912 0.0 1.9887657448579135 2.2910694709084437e-06 -0.011234779011008871
12.75 1.968411592888231 0.0 1.9684120992382503 2.2152371215159107e-06 -0.03158840711176899
12.916666666666666 1.9537603038757207 0.0 1.9537607936117838 2.144221124991445e-06 -0.04623969612427922
13.083333333333332 1.9467297385281723 0.0 1.9467302305600827 2.1562319455303772e-06 -0.05327026147182768
13.25 1.947212861787623 0.0 1.9472133785073615 2.266792141792244e-06 -0.05278713821237704
13.416666666666666 1.9534493235850299 0.0 1.953449860700149 2.3600663193111296e-06 -0.04655067641497021
13.583333333333332 1.9628644374417532 0.0 1.962864945436455 2.238026887921555e-06 -0.03713556255824678
13.75 1.9729642431478687 0.0 1.9729646491441954 1.791975313946373e-06 -0.027035756852131283
13.916666666666666 1.981949863337903 0.0 1.9819501187729989 1.121438100984496e-06 -0.01805013666209714
14.083333333333332 1.8889215700428719 0.0 1.8889216793002552 4.669923345310736e-07 -0.11107842995712802
14.25 1.8937450112724679 0.0 1.893745025691754 4.994508959241224e-08 -0.10625498872753206
14.416666666666666 1.8967541841661906 0.0 1.8967541622174948 -8.527783961725654e-08 -0.10324581583380944
14.583333333333332 1.898456257789377 0.0 1.8984562433573446 -6.279585315662008e-08 -0.10154374221062293
14.75 1.8993306255573332 0.0 1.8993306238863512 -8.52028905714499e-09 -0.10066937444266687
14.916666666666666 1.899737922322795 0.0 1.899737926110569 1.7146916960367618e-08 -0.10026207767720487
15.083333333333332 1.8999090106285093 0.0 1.8999090134784864 1.1928674743315727e-08 -0.1000909893714908
15.25 1.8999730480469355 0.0 1.8999730483619715 1.510760710603674e-09 -0.10002695195306445
15.416666666666666 1.8999938748469325 0.0 1.8999938742052884 -2.8201439343249706e-09 -0.10000612515306748
15.583333333333332 1.899999411738152 0.0 1.8999994113430398 -1.6937403956984945e-09 -0.10000058826184806
15.75 1.9000003803967103 0.0 1.9000003804050918 3.5018118518926624e-11 -0.09999961960328978
15.916666666666666 1.9000003143680584 0.0 1.9000003144800486 4.826286769966064e-10 -0.09999968563194153
16.083333333333332 1.9000001540822955 0.0 1.900000154124999 1.8517323994760274e-10 -0.09999984591770457
16.25 1.9000000606821785 0.0 1.9000000606691563 -5.6599869938878e-11 -0.09999993931782145
16.416666666666664 1.9000000207024224 0.0 1.9000000206865808 -6.824249694078084e-11 -0.09999997929757765
16.583333333333332 1.900000006305682 0.0 1.900000006303471 -9.572335673590398e-12 -0.09999999369431799
16.75 1.9000000017403567 0.0 1.9000000017435514 1.3811196708642627e-11 -0.09999999825964327
16.916666666666664 1.9000000004387658 0.0 1.9000000004403264 6.746914360163924e-12 -0.09999999956123412
17.083333333333332 1.9000000001014934 0.0 1.9000000001012007 -1.257382968190715e-12 -0.09999999989850664
17.25 1.9000000000215869 0.0 1.9000000000211286 -1.9692448097521098e-12 -0.09999999997841322
17.416666666666664 1.9000000000042234 0.0 1.9000000000041593 -2.7003907524602686e-13 -0.0999999999957765
17.583333333333332 1.9000000000007593 0.0 1.900000000000843 3.7207087386997076e-13 -0.09999999999924075
17.75 1.900000000000125 0.0 1.900000000000158 1.5060640043335458e-13 -0.09999999999987498
17.916666666666664 1.9000000000000188 0.0 1.9000000000000052 -5.152924765737284e-14 -0.09999999999998126
18.083333333333332 1.9000000000000026 0.0 1.8999999999999888 -5.2071986624434166e-14 -0.09999999999999747
18.25 1.9000000000000004 0.0 1.8999999999999968 -8.11413534557755e-15 -0.0999999999999997
18.416666666666664 1.9 0.0 1.899999999999999 2.202736499757035e-15 -0.09999999999999998
18.583333333333332 1.9 0.0 1.8999999999999975 -6.0905452831668525e-15 -0.1
18.75 1.9 0.0 1.8999999999999968 -9.89769593161074e-15 -0.1
18.916666666666664 1.9 0.0 1.8999999999999972 -7.729097221250932e-15 -0.1
19.083333333333332 1.9 0.0 1.899999999999998 -6.0669212863226004e-15 -0.1
19.25 1.9 0.0 1.899999999999998 -6.201419617168035e-15 -0.1
19.416666666666664 1.9 0.0 1.899999999999998 -6.511762011646017e-15 -0.1
19.583333333333332 1.9 0.0 1.899999999999998 -6.4456238643471735e-15 -0.1
19.75 1.9 0.0 1.899999999999998 -6.615734995081708e-15 -0.1
19.916666666666664 1.9 0.0 1.899999999999998 -6.3729139417355205e-15 -0.1
20.083333333333332 1.9 0.0 1.8999999999999984 -4.822595614825607e-15 -0.1
20.25 1.9 0.0 1.8999999999999986 -3.99164609676205e-15 -0.1
20.416666666666664 1.9 0.0 1.8999999999999986 -4.168236293269027e-15 -0.1
20.583333333333332 1.9 0.0 1.8999999999999986 -4.169100160612153e-15 -0.1
20.75 1.9 0.0 1.8999999999999986 -4.153851242444307e-15 -0.1
20.916666666666664 1.9 0.0 1.8999999999999986 -4.154899581913363e-15 -0.1
21.083333333333332 1.9 0.0 1.8999999999999986 -4.155151558352453e-15 -0.1
21.25 1.9 0.0 1.8999999999999986 -4.156011892474759e-15 -0.1
21.416666666666664 1.9 0.0 1.8999999999999986 -4.155260644999784e-15 -0.1
21.583333333333332 1.9 0.0 1.8999999999999986 -4.153925929791192e-15 -0.1
21.75 1.9 0.0 1.8999999999999986 -4.161987174946913e-15 -0.1
21.916666666666664 1.9 0.0 1.8999999999999986 -4.140240362385482e-15 -0.1
22.083333333333332 1.9 0.0 1.8999999999999986 -4.169194674439217e-15 -0.1
22.25 1.9 0.0 1.8999999999999986 -4.234687614591789e-15 -0.1
22.416666666666664 1.9 0.0 1.8999999999999986 -3.645429506812239e-15 -0.1
22.583333333333332 1.9 0.0 1.8999999999999992 -2.60756160117026e-15 -0.1
22.75 1.9 0.0 1.8999999999999992 -2.275703704539067e-15 -0.1
22.916666666666664 1.9 0.0 1.8999999999999992 -2.428033425192428e-15 -0.1
23.083333333333332 1.9 0.0 1.8999999999999992 -2.3107415284657814e-15 -0.1
23.25 1.9 0.0 1.8999999999999992 -2.4604086976087152e-15 -0.1
23.416666666666664 1.9 0.0 1.8999999999999992 -2.3550038086956295e-15 -0.1
23.583333333333332 1.9 0.0 1.8999999999999992 -1.6409348622190197e-15 -0.1
23.75 1.9 0.0 1.8999999999999997 -9.640721888113465e-16 -0.1
23.916666666666664 1.9 0.0 1.9 -1.8227936947463648e-16 -0.1
24.083333333333332 1.9 0.0 1.9 8.645884209864392e-17 -0.1
24.25 1.9 0.0 1.9 -2.4245382437648017e-17 -0.1
24.416666666666664 1.9 0.0 1.9 5.181233600006145e-19 -0.1
24.583333333333332 1.9 0.0 1.9 6.058910842557473e-19 -0.1
24.75 1.9 0.0 1.9 -1.3578556021531772e-19 -0.1
24.916666666666664 1.9 0.0 1.9 -1.2579434092838642e-20 -0.1
