0.08333333333333333 2.0 0.0 2.00000000000614 -6.326469766630742e-13 -2.2393696239451417e-69
0.25 2.0 0.0 2.0000000000051354 -1.0979420413218645e-11 -2.850203213424424e-67
0.41666666666666663 2.0 0.0 1.9999999999965734 1.7101398443417244e-11 -2.455912479307425e-65
0.5833333333333333 2.0 0.0 1.999999999973585 1.1577002511982472e-10 -1.7464337008905642e-63
0.75 2.0 0.0 1.9999999999420468 2.5562951909060095e-10 -1.0864518245663961e-61
0.9166666666666666 2.0 0.0 1.99999999994546 2.41234314144939e-10 -6.062135519306023e-60
1.0833333333333333 2.0 0.0 2.000000000075352 -3.3380215017366883e-10 -3.0725714358609898e-58
1.25 2.0 0.0 2.0000000004164233 -1.844654729030439e-09 -1.4244864646060943e-56
1.4166666666666665 2.0 0.0 2.0000000008785657 -3.891936496326816e-09 -6.0636642869503236e-55
1.5833333333333333 2.0 0.0 2.0000000009547985 -4.229670964682111e-09 -2.3739378149649954e-53
1.75 2.0 0.0 1.9999999996251177 1.6606532634375555e-09 -8.548289091174405e-52
1.9166666666666665 2.0 0.0 1.9999999957908408 1.8646027624930373e-08 -2.826629179989026e-50
2.083333333333333 2.0 0.0 1.9999999895340337 4.636314719561622e-08 -8.551735704348133e-49
2.25 2.0 0.0 1.9999999839490217 7.110378198602219e-08 -2.351308388844086e-47
2.4166666666666665 2.0 0.0 1.9999999864257014 6.013430084378747e-08 -5.803765865629009e-46
2.583333333333333 2.0 0.0 2.0000000077605735 -3.4328423493055656e-08 -1.2555518197789163e-44
2.75 2.0 0.0 2.0000000581844146 -2.5755592138369e-07 -2.2523830569655327e-43
2.9166666666666665 2.0 0.0 2.000000141277484 -6.255823305414066e-07 -2.7918905336431368e-42
3.083333333333333 2.0 0.0 2.0000002487846587 -1.1020113816468948e-06 3.4032188376674753e-42
3.25 2.0 0.0 2.0000003606706533 -1.5976868567597745e-06 1.637631564719423e-39
3.4166666666666665 2.0 0.0 2.000000453009312 -2.0064867487604767e-06 6.69579852573674e-38
3.583333333333333 2.0 0.0 2.0000005097640248 -2.2579098005250833e-06 1.954092408969167e-36
3.75 2.0 0.0 2.0000005301784123 -2.34854053233625e-06 4.767397604445987e-35
3.9166666666666665 2.0 0.0 2.0000005272087193 -2.33544607165914e-06 1.0226604240371576e-33
4.083333333333333 2.0 0.0 2.000000518159183 -2.29536354862816e-06 1.972439459912412e-32
4.25 2.0 0.0 2.0000005130416683 -2.272693958734026e-06 3.4602839938301873e-31
4.416666666666666 2.0 0.0 2.0000005082634194 -2.25152524983777e-06 5.5567186760349286e-30
4.583333333333333 2.0 0.0 2.0000004896369177 -2.1690470998194143e-06 8.196099066332122e-29
4.75 2.0 0.0 2.000000442096892 -1.958617458679438e-06 1.111987969600823e-27
4.916666666666666 2.0 0.0 2.0000003598344356 -1.5942934856654343e-06 1.38743175398427e-26
5.083333333333333 2.0 0.0 2.0000002516490203 -1.1148323619966968e-06 1.5890168470825486e-25
5.25 2.0 0.0 2.0000001388759574 -6.152215453578048e-07 1.6638083285143045e-24
5.416666666666666 2.0 0.0 2.0000000460396707 -2.0422188528963335e-07 1.5810269060098325e-23
5.583333333333333 2.0 0.0 1.999999989351695 4.6907058692933285e-08 1.3451909996525538e-22
5.75 2.0 0.0 1.999999970253046 1.3172077653428633e-07 9.976476910669732e-22
5.916666666666666 2.0 0.0 1.9999999769271608 1.0222489946128863e-07 6.048058075300206e-21
6.083333333333333 2.0 0.0 1.9999999921634415 3.473450956967564e-08 2.3764166023539362e-20
6.25 2.0 0.0 2.0000000028832394 -1.274713662848389e-08 -4.8921798420998234e-20
6.416666666666666 2.0 0.0 2.0000000052021063 -2.3019576011498877e-08 -2.2864741340931845e-18
6.583333333333333 2.0 0.0 2.0000000024778677 -1.0949568268821397e-08 -3.049792409107363e-17
6.75 1.9999999999999998 0.0 1.9999999996036295 1.7854370950481344e-09 -3.023468242913689e-16
6.916666666666666 1.9999999999999976 0.0 1.9999999988089083 5.3086657464047065e-09 -2.5333401633201316e-15
7.083333333333333 1.9999999999999813 0.0 1.999999999417284 2.61594569463347e-09 -1.8747527228524837e-14
7.25 1.999999999999875 0.0 1.9999999999890534 8.588162933692058e-11 -1.250209723893004e-13
7.416666666666666 1.9999999999992408 0.0 1.9999999999640097 1.9908527383009902e-10 -7.592478361812659e-13
7.583333333333333 2.0000009999957764 0.0 1.9999999996424156 1.6113331910626004e-09 -4.223508993071295e-12
7.75 2.0000009999784134 0.0 1.9999999993834625 2.6812005673683953e-09 -2.1586786279083474e-11
7.916666666666666 2.0000009998985067 0.0 1.9999999991738244 3.2644945370788407e-09 -1.0149337221417915e-10
8.083333333333332 2.0000009995612342 0.0 1.9999999986853054 3.954353170702254e-09 -4.3876588070022077e-10
8.25 2.0000009982596434 0.0 1.999999997150459 4.9828312475066665e-09 -1.7403567350686184e-09
8.416666666666666 2.000000993694318 0.0 1.9999999923064056 6.1784661213994045e-09 -6.3056820221045696e-09
8.583333333333332 2.0000009792975777 0.0 1.9999999776336146 7.429703781290563e-09 -2.0702422360274937e-08
8.75 2.0000009393178213 0.0 1.999999937391913 8.744986576110325e-09 -6.068217856011783e-08
8.916666666666666 2.0000008459177048 0.0 1.9999998437188065 9.977126083353772e-09 -1.540822954409375e-07
9.083333333333332 2.0000006856319414 0.0 1.9999996831358078 1.0886436780487093e-08 -3.1436805847154385e-07
9.25 2.00000061960329 0.0 1.9999996168697343 1.1610121132676655e-08 -3.803967102260639e-07
9.416666666666666 2.0000015882618483 0.0 2.000000585507319 1.2628383687749194e-08 5.882618480584264e-07
9.583333333333332 2.0000061251530674 0.0 2.00000612258063 1.3676663292704036e-08 6.1251530674769926e-06
9.75 2.0000269519530645 0.0 2.0000269494146536 1.2997851648931782e-08 2.695195306443837e-05
9.916666666666666 2.0000909893714907 0.0 2.0000909864310024 9.149396704294127e-09 9.098937149079526e-05
10.083333333333332 2.000262077677205 0.0 2.0002620744661925 4.542736840056459e-09 0.00026207767720486466
10.25 2.000669374442667 0.0 2.000669372531199 5.525529910479719e-09 0.0006693744426668637
10.416666666666666 2.001543742210623 0.0 2.001543743833258 1.510920755670532e-08 0.0015437422106229165
10.583333333333332 2.0032458158338096 0.0 2.0032458209765585 2.349923328515226e-08 0.003245815833809414
10.75 2.006254988727532 0.0 2.0062549924710273 9.199847705534221e-09 0.006254988727532051
10.916666666666666 2.011078429957128 0.0 2.011078424018841 -4.241896173840903e-08 0.011078429957127956
11.083333333333332 2.018050136662097 0.0 2.0180501165668057 -1.1416135531211574e-07 0.018050136662097052
11.25 2.0270357568521313 0.0 2.0270357308974956 -1.4870775084864994e-07 0.027035756852131283
11.416666666666666 2.037135562558247 0.0 2.037135555689382 -7.094887845446727e-08 0.03713556255824667
11.583333333333332 2.04655067641497 0.0 2.0465507249194594 1.7068305575036124e-07 0.04655067641497013
11.75 2.052787138212377 0.0 2.0527872771668303 5.716732592776173e-07 0.05278713821237704
11.916666666666666 2.0532702614718277 0.0 2.0532705109474163 1.0651891497040835e-06 0.05327026147182771
12.083333333333332 2.0462396961242795 0.0 2.046240053140992 1.5465545029746711e-06 0.04623969612427934
12.25 2.031588407111769 0.0 2.0315888478049535 1.920442597146792e-06 0.03158840711176899
12.416666666666666 2.011234779011009 0.0 2.0112352696275555 2.142765836679702e-06 0.011234779011009107
12.583333333333332 1.9887652209889912 0.0 1.9887657318827576 2.233195315101748e-06 -0.011234779011008871
12.75 1.968411592888231 0.0 1.968412108724808 2.256286763491683e-06 -0.03158840711176899
12.916666666666666 1.9537603038757207 0.0 1.9537608242676194 2.278399702940039e-06 -0.04623969612427922
13.083333333333332 1.9467297385281723 0.0 1.9467302678456966 2.3204141721920215e-06 -0.05327026147182768
13.25 1.947212861787623 0.0 1.9472133945894667 2.3391389684989046e-06 -0.05278713821237704
13.416666666666666 1.9534493235850299 0.0 1.9534498364171302 2.254841814708688e-06 -0.04655067641497021
13.583333333333332 1.9628644374417532 0.0 1.9628648933690518 2.006693135085086e-06 -0.03713556255824678
13.75 1.9729642431478687 0.0 1.9729646063477522 1.5966891417401789e-06 -0.027035756852131283
13.916666666666666 1.981949863337903 0.0 1.9819501147076983 1.095808344414379e-06 -0.01805013666209714
14.083333333333332 1.8889215700428719 0.0 1.8889217128022144 6.108811517489936e-07 -0.11107842995712802
14.25 1.8937450112724679 0.0 1.8937450683502415 2.419486381445526e-07 -0.10625498872753206
14.416666666666666 1.8967541841661906 0.0 1.8967541889742061 2.607258033327645e-08 -0.10324581583380944
14.583333333333332 1.898456257789377 0.0 1.898456243638309 -6.214523909639902e-08 -0.10154374221062293
14.75 1.8993306255573332 0.0 1.8993306097826967 -6.839450892213074e-08 -0.10066937444266687
14.916666666666666 1.899737922322795 0.0 1.8997379126020273 -4.184503861329097e-08 -0.10026207767720487
15.083333333333332 1.8999090106285093 0.0 1.899909007114785 -1.5208971852459882e-08 -0.1000909893714908
15.25 1.8999730480469355 0.0 1.8999730480285433 -6.918487407622461e-11 -0.10002695195306445
15.416666666666666 1.8999938748469325 0.0 1.8999938758627586 4.383945808654568e-09 -0.10000612515306748
15.583333333333332 1.899999411738152 0.0 1.8999994125385622 3.456308949609699e-09 -0.10000058826184806
15.75 1.9000003803967103 0.0 1.9000003807255978 1.4200247801884996e-09 -0.09999961960328978
15.916666666666666 1.9000003143680584 0.0 1.9000003143977375 1.2815661655276764e-10 -0.09999968563194153
16.083333333333332 1.9000001540822955 0.0 1.9000001540193427 -2.717936412429876e-10 -0.09999984591770457
16.25 1.9000000606821785 0.0 1.9000000606315561 -2.1856027491496113e-10 -0.09999993931782145
16.416666666666664 1.9000000207024224 0.0 1.9000000206837835 -8.046445720614988e-11 -0.09999997929757765
16.583333333333332 1.900000006305682 0.0 1.900000006305429 -1.0837705660816115e-12 -0.09999999369431799
16.75 1.9000000017403567 0.0 1.9000000017444327 1.7604920327674516e-11 -0.09999999825964327
16.916666666666664 1.9000000004387658 0.0 1.9000000004413202 1.1033267630129453e-11 -0.09999999956123412
17.083333333333332 1.9000000001014934 0.0 1.900000000102138 2.7889500918845433e-12 -0.09999999989850664
17.25 1.9000000000215869 0.0 1.9000000000214226 -7.014726902967484e-13 -0.09999999997841322
17.416666666666664 1.9000000000042234 0.0 1.9000000000039958 -9.748666724710417e-13 -0.0999999999957765
17.583333333333332 1.9000000000007593 0.0 1.9000000000006638 -4.043142593211845e-13 -0.09999999999924075
17.75 1.900000000000125 0.0 1.9000000000001156 -3.3764394605550385e-14 -0.09999999999987498
17.916666666666664 1.9000000000000188 0.0 1.90000000000003 5.3686652210657485e-14 -0.09999999999998126
18.083333333333332 1.9000000000000026 0.0 1.9000000000000083 2.987688519945638e-14 -0.09999999999999747
18.25 1.9000000000000004 0.0 1.899999999999999 2.7670661047333147e-16 -0.0999999999999997
18.416666666666664 1.9 0.0 1.8999999999999964 -1.0615926169510224e-14 -0.09999999999999998
18.583333333333332 1.9 0.0 1.8999999999999968 -1.0305852117341945e-14 -0.1
18.75 1.9 0.0 1.8999999999999972 -7.947709359497006e-15 -0.1
18.916666666666664 1.9 0.0 1.899999999999998 -6.165688535996052e-15 -0.1
19.083333333333332 1.9 0.0 1.8999999999999984 -4.693572354816192e-15 -0.1
19.25 1.9 0.0 1.8999999999999986 -3.762852951734418e-15 -0.1
19.416666666666664 1.9 0.0 1.8999999999999986 -3.8779190526410526e-15 -0.1
19.583333333333332 1.9 0.0 1.8999999999999986 -3.879902593243236e-15 -0.1
19.75 1.9 0.0 1.8999999999999986 -3.871917767247766e-15 -0.1
19.916666666666664 1.9 0.0 1.8999999999999986 -3.892133119272366e-15 -0.1
20.083333333333332 1.9 0.0 1.8999999999999986 -3.895164169089404e-15 -0.1
20.25 1.9 0.0 1.8999999999999986 -3.867419986283619e-15 -0.1
20.416666666666664 1.9 0.0 1.8999999999999986 -3.846868758732975e-15 -0.1
20.583333333333332 1.9 0.0 1.8999999999999986 -3.86850637588025e-15 -0.1
20.75 1.9 0.0 1.8999999999999986 -3.9101096887641106e-15 -0.1
20.916666666666664 1.9 0.0 1.8999999999999986 -3.9141141948357584e-15 -0.1
21.083333333333332 1.9 0.0 1.8999999999999986 -3.866381338232381e-15 -0.1
21.25 1.9 0.0 1.8999999999999986 -3.8260940104590104e-15 -0.1
21.416666666666664 1.9 0.0 1.8999999999999986 -3.85417632258703e-15 -0.1
21.583333333333332 1.9 0.0 1.8999999999999986 -3.924595257359479e-15 -0.1
21.75 1.9 0.0 1.8999999999999986 -3.941530822233766e-15 -0.1
21.916666666666664 1.9 0.0 1.8999999999999986 -3.868035886869177e-15 -0.1
22.083333333333332 1.9 0.0 1.8999999999999986 -3.797000964399441e-15 -0.1
22.25 1.9 0.0 1.8999999999999986 -3.828079663914583e-15 -0.1
22.416666666666664 1.9 0.0 1.8999999999999986 -3.9371275090076775e-15 -0.1
22.583333333333332 1.9 0.0 1.8999999999999986 -3.996811974406433e-15 -0.1
22.75 1.9 0.0 1.8999999999999986 -3.877245732811851e-15 -0.1
22.916666666666664 1.9 0.0 1.8999999999999986 -3.724896275755541e-15 -0.1
23.083333333333332 1.9 0.0 1.8999999999999986 -3.831466856330228e-15 -0.1
23.25 1.9 0.0 1.8999999999999986 -3.851376684389529e-15 -0.1
23.416666666666664 1.9 0.0 1.8999999999999988 -2.7768311771587526e-15 -0.1
23.583333333333332 1.9 0.0 1.8999999999999992 -1.9701642235948246e-15 -0.1
23.75 1.9 0.0 1.8999999999999995 -1.4513640858531468e-15 -0.1
23.916666666666664 1.9 0.0 1.8999999999999997 -6.426041017189915e-16 -0.1
24.083333333333332 1.9 0.0 1.9 -1.788574311084444e-16 -0.1
24.25 1.9 0.0 1.9 6.805008348916891e-17 -0.1
24.416666666666664 1.9 0.0 1.9 -3.4482317093541805e-18 -0.1
24.583333333333332 1.9 0.0 1.9 -9.833272549983639e-19 -0.1
24.75 1.9 0.0 1.9 8.713157140747077e-20 -0.1
24.916666666666664 1.9 0.0 1.9 3.2035917686041353e-20 -0.1
