0.08333333333333333 2.0 0.0 2.0000000000061697 3.758464975038038e-66 -2.2393696239451417e-69
0.25 2.0 0.0 2.000000000004703 -1.1074855155180524e-11 -2.850203213424424e-67
0.41666666666666663 2.0 0.0 1.9999999999964242 1.5793839279427554e-11 -2.455912479307425e-65
0.5833333333333333 2.0 0.0 1.9999999999743423 1.1156678992864769e-10 -1.7464337008905642e-63
0.75 2.0 0.0 1.9999999999438933 2.4734648380222514e-10 -1.0864518245663961e-61
0.9166666666666666 2.0 0.0 1.9999999999470637 2.3423986684470223e-10 -6.062135519306023e-60
1.0833333333333333 2.0 0.0 2.0000000000730007 -3.23307253349834e-10 -3.0725714358609898e-58
1.25 2.0 0.0 2.000000000405685 -1.7970618254402093e-09 -1.4244864646060943e-56
1.4166666666666665 2.0 0.0 2.000000000860813 -3.813297568654329e-09 -6.0636642869503236e-55
1.5833333333333333 2.0 0.0 2.000000000946329 -4.192158921009154e-09 -2.3739378149649954e-53
1.75 2.0 0.0 1.999999999656635 1.5210290756916574e-09 -8.548289091174405e-52
1.9166666666666665 2.0 0.0 1.9999999958780612 1.8259647001033244e-08 -2.826629179989026e-50
2.083333333333333 2.0 0.0 1.9999999896177094 4.599246534792719e-08 -8.551735704348133e-49
2.25 2.0 0.0 1.9999999838665872 7.14690113301361e-08 -2.351308388844086e-47
2.4166666666666665 2.0 0.0 1.9999999860592954 6.175725075936474e-08 -5.803765865629009e-46
2.583333333333333 2.0 0.0 2.0000000074651076 -3.301618740886222e-08 -1.2555518197789163e-44
2.75 2.0 0.0 2.000000059213023 -2.62087053109018e-07 -2.2523830569655327e-43
2.9166666666666665 2.0 0.0 2.000000145122446 -6.425997316045598e-07 -2.7918905336431368e-42
3.083333333333333 2.0 0.0 2.0000002538777233 -1.1246209996853363e-06 3.4032188376674753e-42
3.25 2.0 0.0 2.00000035725637 -1.5823826478633935e-06 1.637631564719423e-39
3.4166666666666665 2.0 0.0 2.000000423734118 -1.8766252220662974e-06 6.69579852573674e-38
3.583333333333333 2.0 0.0 2.0000004491804884 -1.9897463500870847e-06 1.954092408969167e-36
3.75 2.0 0.0 2.00000049152116 -2.1776686860082124e-06 4.767397604445987e-35
3.9166666666666665 2.0 0.0 2.000000690939341 -3.0036106094112673e-06 1.0226604240371576e-33
4.083333333333333 2.0 0.0 2.0000013259693894 -5.56977758860666e-06 1.972439459912412e-32
4.25 2.0 0.0 2.0000028662667573 -1.230111118211411e-05 3.4602839938301873e-31
4.416666666666666 2.0 0.0 2.0000063802542187 -2.8003678797429526e-05 5.5567186760349286e-30
4.583333333333333 2.0 0.0 2.000014368916687 -6.3506122361542e-05 8.196099066332122e-29
4.75 2.0 0.0 2.0000321563779124 -0.00014237551880053745 1.111987969600823e-27
4.916666666666666 2.0 0.0 2.0000707200201884 -0.0003132562594745469 1.38743175398427e-26
5.083333333333333 2.0 0.0 2.0001520237222854 -0.000673472141986399 1.5890168470825486e-25
5.25 2.0 0.0 2.0003187899574635 -0.0014123675347495184 1.6638083285143045e-24
5.416666666666666 2.0 0.0 2.0006519983631375 -0.0028889815000113163 1.5810269060098325e-23
5.583333333333333 2.0 0.0 2.0013016735221836 -0.005769052158331692 1.3451909996525538e-22
5.75 2.0 0.0 2.0025403359763354 -0.011263952069816572 9.976476910669732e-22
5.916666666666666 2.0 0.0 2.004854304218343 -0.02154240914260529 6.048058075300206e-21
6.083333333333333 2.0 0.0 2.0090946048885923 -0.040422462555543555 2.3764166023539362e-20
6.25 2.0 0.0 2.016702382975519 -0.07444175970515468 -4.8921798420998234e-20
6.416666666666666 2.0 0.0 2.030008098023983 -0.13439477444569325 -2.2864741340931845e-18
6.583333333333333 2.0 0.0 2.0480518389135645 -0.21677277851143972 -3.049792409107363e-17
6.75 1.9999999999999998 0.0 2.0613916560377064 -0.278245862790562 -3.023468242913689e-16
6.916666666666666 1.9999999999999976 0.0 2.0685910976161814 -0.31198594804737173 -2.5333401633201316e-15
7.083333333333333 1.9999999999999813 0.0 2.0717311762616983 -0.32602709713190836 -1.8747527228524837e-14
7.25 1.999999999999875 0.0 2.072346530914632 -0.3295597232321328 -1.250209723893004e-13
7.416666666666666 1.9999999999992408 0.0 2.071814690730325 -0.32678736539110464 -7.592478361812659e-13
7.583333333333333 2.0000009999957764 0.0 2.0673327878454737 -0.305747728745303 -4.223508993071295e-12
7.75 2.0000009999784134 0.0 2.0559710789679304 -0.25320387560246627 -2.1586786279083474e-11
7.916666666666666 2.0000009998985067 0.0 2.035444639733023 -0.15918558603383093 -1.0149337221417915e-10
8.083333333333332 2.0000009995612342 0.0 2.006541122630227 -0.029339065075948207 -4.3876588070022077e-10
8.25 2.0000009982596434 0.0 1.9778919602215952 0.09718128447784014 -1.7403567350686184e-09
8.416666666666666 2.000000993694318 0.0 1.954718105455154 0.19514083901257764 -6.3056820221045696e-09
8.583333333333332 2.0000009792975777 0.0 1.9388462186778384 0.26808882896500297 -2.0702422360274937e-08
8.75 2.0000009393178213 0.0 1.9272157732020785 0.3068812396202241 -6.068217856011783e-08
8.916666666666666 2.0000008459177048 0.0 1.9231547113463985 0.3369066800814171 -1.540822954409375e-07
9.083333333333332 2.0000006856319414 0.0 1.9197827074388836 0.33985213181951185 -3.1436805847154385e-07
9.25 2.00000061960329 0.0 1.9201892584111668 0.3430824574997338 -3.803967102260639e-07
9.416666666666666 2.0000015882618483 0.0 1.9218540019253274 0.33674604675736736 5.882618480584264e-07
9.583333333333332 2.0000061251530674 0.0 1.927540649673671 0.31193984320273627 6.1251530674769926e-06
9.75 2.0000269519530645 0.0 1.9342109332077366 0.28228851903667623 2.695195306443837e-05
9.916666666666666 2.0000909893714907 0.0 1.9385409013161048 0.26402937626801065 9.098937149079526e-05
10.083333333333332 2.000262077677205 0.0 1.9411779778588445 0.25202032841161326 0.00026207767720486466
10.25 2.000669374442667 0.0 1.9425839448471003 0.24389843834703354 0.0006693744426668637
10.416666666666666 2.001543742210623 0.0 1.942215598048472 0.22976935800901804 0.0015437422106229165
10.583333333333332 2.0032458158338096 0.0 1.9391300003921133 0.21992026629762293 0.003245815833809414
10.75 2.006254988727532 0.0 1.9320773929748956 0.2145948734940608 0.006254988727532051
10.916666666666666 2.011078429957128 0.0 1.9196668003851443 0.21384529219091583 0.011078429957127956
11.083333333333332 2.018050136662097 0.0 1.900809802050616 0.21500004246187848 0.018050136662097052
11.25 2.0270357568521313 0.0 1.8762012592281994 0.21514489832685457 0.027035756852131283
11.416666666666666 2.037135562558247 0.0 1.8492302904428592 0.2108781950282838 0.03713556255824667
11.583333333333332 2.04655067641497 0.0 1.8252888154958449 0.20237498594060777 0.04655067641497013
11.75 2.052787138212377 0.0 1.809761484286886 0.1956052888012954 0.05278713821237704
11.916666666666666 2.0532702614718277 0.0 1.807494532358306 0.23571233503695363 0.05327026147182771
12.083333333333332 2.0462396961242795 0.0 1.826126071219247 0.23795577131916296 0.04623969612427934
12.25 2.031588407111769 0.0 1.8656703750404833 0.23256260355868927 0.03158840711176899
12.416666666666666 2.011234779011009 0.0 1.920224683187678 0.2270821011514828 0.011234779011009107
12.583333333333332 1.9887652209889912 0.0 1.9811990754049322 0.22561363695170178 -0.011234779011008871
12.75 1.968411592888231 0.0 2.0348972845005657 0.2306351488706539 -0.03158840711176899
12.916666666666666 1.9537603038757207 0.0 2.0738103089222677 0.23915779108437768 -0.04623969612427922
13.083333333333332 1.9467297385281723 0.0 2.092351838525665 0.23951336462278638 -0.05327026147182768
13.25 1.947212861787623 0.0 2.0908016235040625 0.19715980595286395 -0.05278713821237704
13.416666666666666 1.9534493235850299 0.0 2.074580914258176 0.204954844714383 -0.04655067641497021
13.583333333333332 1.9628644374417532 0.0 2.0496333789809364 0.21109793386792047 -0.03713556255824678
13.75 1.9729642431478687 0.0 2.0218779938106892 0.21048272815986763 -0.027035756852131283
13.916666666666666 1.981949863337903 0.0 1.9974343052824044 0.20810996587734115 -0.01805013666209714
14.083333333333332 1.8889215700428719 0.0 1.9785356117009518 0.2091969745669511 -0.11107842995712802
14.25 1.8937450112724679 0.0 1.9653534756007032 0.21106130186843064 -0.10625498872753206
14.416666666666666 1.8967541841661906 0.0 1.9578247727314926 0.21349678345947032 -0.10324581583380944
14.583333333333332 1.898456257789377 0.0 1.954538798040147 0.21833238664512977 -0.10154374221062293
14.75 1.8993306255573332 0.0 1.953510802631234 0.23115244770420412 -0.10066937444266687
14.916666666666666 1.899737922322795 0.0 1.9552682056437019 0.2413766177374746 -0.10026207767720487
15.083333333333332 1.8999090106285093 0.0 1.958262042802629 0.25831185126812733 -0.1000909893714908
15.25 1.8999730480469355 0.0 1.9630574359030188 0.2807426770709963 -0.10002695195306445
15.416666666666666 1.8999938748469325 0.0 1.9700694137860189 0.3094809097544883 -0.10000612515306748
15.583333333333332 1.899999411738152 0.0 1.9785158882783596 0.35289127373493834 -0.10000058826184806
15.75 1.9000003803967103 0.0 1.9914660741967718 0.408259259082117 -0.09999961960328978
15.916666666666666 1.9000003143680584 0.0 2.0063443878265175 0.47841928839824094 -0.09999968563194153
16.083333333333332 1.9000001540822955 0.0 2.014858858731468 0.5203774625713031 -0.09999984591770457
16.25 1.9000000606821785 0.0 2.0169497488424932 0.5309657140936612 -0.09999993931782145
16.416666666666664 1.9000000207024224 0.0 2.017008319567 0.5257265754992155 -0.09999997929757765
16.583333333333332 1.900000006305682 0.0 2.0119536494733814 0.508035960625354 -0.09999999369431799
16.75 1.9000000017403567 0.0 1.9999199199173359 0.44815650273998453 -0.09999999825964327
16.916666666666664 1.9000000004387658 0.0 1.9729641836257537 0.32489769264640933 -0.09999999956123412
17.083333333333332 1.9000000001014934 0.0 1.9296048107205035 0.1292900812726664 -0.09999999989850664
17.25 1.9000000000215869 0.0 1.8984452787300914 -0.006630719959594304 -0.09999999997841322
17.416666666666664 1.9000000000042234 0.0 1.8855353435837894 -0.06206944482015663 -0.0999999999957765
17.583333333333332 1.9000000000007593 0.0 1.8818094892044044 -0.07796802711754922 -0.09999999999924075
17.75 1.900000000000125 0.0 1.8816125010559577 -0.07880731025334906 -0.09999999999987498
17.916666666666664 1.9000000000000188 0.0 1.8825995599903709 -0.07460703770058369 -0.09999999999998126
18.083333333333332 1.9000000000000026 0.0 1.885387346198318 -0.06272465394071117 -0.09999999999999747
18.25 1.9000000000000004 0.0 1.889330592768486 -0.04587510918348171 -0.0999999999999997
18.416666666666664 1.9 0.0 1.8923064318695024 -0.03311888315521088 -0.09999999999999998
18.583333333333332 1.9 0.0 1.8943739371743211 -0.02423830006878594 -0.1
18.75 1.9 0.0 1.8960026094224156 -0.017232715949224466 -0.1
18.916666666666664 1.9 0.0 1.8973140303670673 -0.011585221774255503 -0.1
19.083333333333332 1.9 0.0 1.8983052192288032 -0.007312834794138889 -0.1
19.25 1.9 0.0 1.8989916660006527 -0.004352031913977385 -0.1
19.416666666666664 1.9 0.0 1.8994314241325898 -0.0024544206224756194 -0.1
19.583333333333332 1.9 0.0 1.8996948803094769 -0.0013172642258917613 -0.1
19.75 1.9 0.0 1.899843625939273 -0.0006751252286471752 -0.1
19.916666666666664 1.9 0.0 1.899923229189484 -0.000331434011958231 -0.1
20.083333333333332 1.9 0.0 1.8999637952170485 -0.00015625201870576465 -0.1
20.25 1.9 0.0 1.899983562995862 -7.083719430407724e-05 -0.1
20.416666666666664 1.9 0.0 1.8999928218032798 -3.075638220063147e-05 -0.1
20.583333333333332 1.9 0.0 1.899997027964455 -1.2460924465580986e-05 -0.1
20.75 1.9 0.0 1.8999989172176848 -4.3369584462419604e-06 -0.1
20.916666666666664 1.9 0.0 1.8999997341314838 -1.0421761261062382e-06 -0.1
21.083333333333332 1.9 0.0 1.9000000162706365 7.186755566006487e-08 -0.1
21.25 1.9 0.0 1.9000000661658312 2.8557629660805743e-07 -0.1
21.416666666666664 1.9 0.0 1.9000000387380973 1.6725655753833616e-07 -0.1
21.583333333333332 1.9 0.0 1.9000000082124033 3.544584008066552e-08 -0.1
21.75 1.9 0.0 1.8999999955414029 -1.925090193706403e-08 -0.1
21.916666666666664 1.9 0.0 1.8999999951974216 -2.0736234022021053e-08 -0.1
22.083333333333332 1.9 0.0 1.8999999981237785 -8.100994352897819e-09 -0.1
22.25 1.9 0.0 1.900000000006148 2.6559136076268097e-11 -0.1
22.416666666666664 1.9 0.0 1.9000000004438764 1.916549683872135e-09 -0.1
22.583333333333332 1.9 0.0 1.9000000002616688 1.129824227857975e-09 -0.1
22.75 1.9 0.0 1.9000000000531228 2.293794573929359e-10 -0.1
22.916666666666664 1.9 0.0 1.8999999999731734 -1.1582311000184776e-10 -0.1
23.083333333333332 1.9 0.0 1.8999999999734976 -1.1442533939322568e-10 -0.1
23.25 1.9 0.0 1.8999999999908965 -3.929942300952303e-11 -0.1
23.416666666666664 1.9 0.0 1.9000000000004338 1.881518237969848e-12 -0.1
23.583333333333332 1.9 0.0 1.9000000000020367 8.804152293237786e-12 -0.1
23.75 1.9 0.0 1.9000000000009818 4.246935252011873e-12 -0.1
23.916666666666664 1.9 0.0 1.9000000000001176 5.128324117741505e-13 -0.1
24.083333333333332 1.9 0.0 1.8999999999998756 -5.330872748545138e-13 -0.1
24.25 1.9 0.0 1.899999999999915 -3.6192966636493513e-13 -0.1
24.416666666666664 1.9 0.0 1.899999999999979 -8.592997804945556e-14 -0.1
24.583333333333332 1.9 0.0 1.9000000000000032 1.997757229077093e-14 -0.1
24.75 1.9 0.0 1.9000000000000035 2.4355858751591826e-14 -0.1
24.916666666666664 1.9 0.0 1.9000000000000001 7.658690152087654e-15 -0.1
