0.08333333333333333 2.0 0.0 2.00000000000437 1.6849836337448975e-13 -2.2393696239451417e-69
0.25 2.0 0.0 2.0000000000032854 -9.64904721506615e-12 -2.850203213424424e-67
0.41666666666666663 2.0 0.0 1.9999999999941243 2.3545357873808374e-11 -2.455912479307425e-65
0.5833333333333333 2.0 0.0 1.9999999999814775 8.016850463050627e-11 -1.7464337008905642e-63
0.75 2.0 0.0 1.9999999999952902 2.0857487386566664e-11 -1.0864518245663961e-61
0.9166666666666666 2.0 0.0 2.0000000000623204 -2.7567420225018556e-10 -6.062135519306023e-60
1.0833333333333333 2.0 0.0 2.00000000011141 -4.93448060629228e-10 -3.0725714358609898e-58
1.25 2.0 0.0 1.9999999999467541 2.357866621943072e-10 -1.4244864646060943e-56
1.4166666666666665 2.0 0.0 1.9999999995210453 2.1216598428026017e-09 -6.0636642869503236e-55
1.5833333333333333 2.0 0.0 1.9999999994078452 2.6231754530641485e-09 -2.3739378149649954e-53
1.75 2.0 0.0 2.000000000649403 -2.876796377830439e-09 -8.548289091174405e-52
1.9166666666666665 2.0 0.0 2.000000003138326 -1.3902383658157503e-08 -2.826629179989026e-50
2.083333333333333 2.0 0.0 2.000000003623788 -1.6053074763915108e-08 -8.551735704348133e-49
2.25 2.0 0.0 1.9999999970985447 1.2852922380669755e-08 -2.351308388844086e-47
2.4166666666666665 2.0 0.0 1.9999999842788114 6.963206486141795e-08 -5.803765865629009e-46
2.583333333333333 2.0 0.0 1.9999999805550273 8.611091962351249e-08 -1.2555518197789163e-44
2.75 2.0 0.0 2.0000000145032324 -6.42011604858939e-08 -2.2523830569655327e-43
2.9166666666666665 2.0 0.0 2.000000108536895 -4.808043921882809e-07 -2.7918905336431368e-42
3.083333333333333 2.0 0.0 2.000000253457456 -1.1225215000336076e-06 3.4032188376674753e-42
3.25 2.0 0.0 2.0000004037888974 -1.7884221906221676e-06 1.637631564719423e-39
3.4166666666666665 2.0 0.0 2.000000505354828 -2.2386411957492685e-06 6.69579852573674e-38
3.583333333333333 2.0 0.0 2.0000005349767864 -2.3697662626973927e-06 1.954092408969167e-36
3.75 2.0 0.0 2.0000005155692335 -2.283992287134434e-06 4.767397604445987e-35
3.9166666666666665 2.0 0.0 2.0000004904191844 -2.172514792457453e-06 1.0226604240371576e-33
4.083333333333333 2.0 0.0 2.000000486300371 -2.1542564858637698e-06 1.972439459912412e-32
4.25 2.0 0.0 2.000000501585172 -2.221951024881744e-06 3.4602839938301873e-31
4.416666666666666 2.0 0.0 2.0000005196070596 -2.301779617690348e-06 5.5567186760349286e-30
4.583333333333333 2.0 0.0 2.0000005209527885 -2.307741068749771e-06 8.196099066332122e-29
4.75 2.0 0.0 2.000000483779499 -2.1431057449102863e-06 1.111987969600823e-27
4.916666666666666 2.0 0.0 2.000000390132048 -1.7282335682554114e-06 1.38743175398427e-26
5.083333333333333 2.0 0.0 2.0000002470411293 -1.0945900054823574e-06 1.5890168470825486e-25
5.25 2.0 0.0 2.00000009722433 -4.3100606205818047e-07 1.6638083285143045e-24
5.416666666666666 2.0 0.0 1.999999995288231 2.0859935041087654e-08 1.5810269060098325e-23
5.583333333333333 2.0 0.0 1.999999965326209 1.53486448529218e-07 1.3451909996525538e-22
5.75 2.0 0.0 1.9999999835587232 7.292598680052616e-08 9.976476910669732e-22
5.916666666666666 2.0 0.0 2.0000000063465837 -2.809153338550554e-08 6.048058075300206e-21
6.083333333333333 2.0 0.0 2.000000010114289 -4.47884398274725e-08 2.3764166023539362e-20
6.25 2.0 0.0 2.0000000014831514 -6.5691596836044e-09 -4.8921798420998234e-20
6.416666666666666 2.0 0.0 1.9999999961702386 1.697397364624368e-08 -2.2864741340931845e-18
6.583333333333333 2.0 0.0 1.9999999982115957 7.934592878774716e-09 -3.049792409107363e-17
6.75 1.9999999999999998 0.0 2.0000000012207586 -5.402739781530493e-09 -3.023468242913689e-16
6.916666666666666 1.9999999999999976 0.0 2.0000000009577934 -4.233146259604875e-09 -2.5333401633201316e-15
7.083333333333333 1.9999999999999813 0.0 1.9999999994520543 2.4516675114320456e-09 -1.8747527228524837e-14
7.25 1.999999999999875 0.0 1.9999999992873454 3.1618192007275665e-09 -1.250209723893004e-13
7.416666666666666 1.9999999999992408 0.0 1.9999999998775402 5.367251358546302e-10 -7.592478361812659e-13
7.583333333333333 2.0000009999957764 0.0 1.999999999847867 7.062171149266022e-10 -4.223508993071295e-12
7.75 2.0000009999784134 0.0 1.9999999993696687 2.7300258010957685e-09 -2.1586786279083474e-11
7.916666666666666 2.0000009998985067 0.0 1.9999999990864175 3.5397575083096048e-09 -1.0149337221417915e-10
8.083333333333332 2.0000009995612342 0.0 1.9999999987171715 3.7883713108124176e-09 -4.3876588070022077e-10
8.25 2.0000009982596434 0.0 1.9999999971950846 4.902435820257934e-09 -1.7403567350686184e-09
8.416666666666666 2.000000993694318 0.0 1.9999999922653733 6.232182207478068e-09 -6.3056820221045696e-09
8.583333333333332 2.0000009792975777 0.0 1.9999999775912078 7.328568272505652e-09 -2.0702422360274937e-08
8.75 2.0000009393178213 0.0 1.9999999374323036 8.785724111850255e-09 -6.068217856011783e-08
8.916666666666666 2.0000008459177048 0.0 1.999999843743275 1.0118483174298152e-08 -1.540822954409375e-07
9.083333333333332 2.0000006856319414 0.0 1.9999996830374354 1.0607609352704985e-08 -3.1436805847154385e-07
9.25 2.00000061960329 0.0 1.9999996168410283 1.1582876115601868e-08 -3.803967102260639e-07
9.416666666666666 2.0000015882618483 0.0 2.000000585693729 1.358203530717591e-08 5.882618480584264e-07
9.583333333333332 2.0000061251530674 0.0 2.0000061224711754 1.341380684994787e-08 6.1251530674769926e-06
9.75 2.0000269519530645 0.0 2.000026948686684 1.0019283843420288e-08 2.695195306443837e-05
9.916666666666666 2.0000909893714907 0.0 2.0000909864373675 9.4268439881731e-09 9.098937149079526e-05
10.083333333333332 2.000262077677205 0.0 2.0002620765860613 1.420440201787175e-08 0.00026207767720486466
10.25 2.000669374442667 0.0 2.0006693741215464 1.283234466425879e-08 0.0006693744426668637
10.416666666666666 2.001543742210623 0.0 2.0015437395490023 -3.6595770768952745e-09 0.0015437422106229165
10.583333333333332 2.0032458158338096 0.0 2.0032458119355416 -1.6414904394898695e-08 0.003245815833809414
10.75 2.006254988727532 0.0 2.0062549910270704 2.910863624654128e-09 0.006254988727532051
10.916666666666666 2.011078429957128 0.0 2.0110784418321597 3.670968038150195e-08 0.011078429957127956
11.083333333333332 2.018050136662097 0.0 2.0180501459041573 1.6181013772118563e-08 0.018050136662097052
11.25 2.0270357568521313 0.0 2.0270357446356067 -8.801997898979401e-08 0.027035756852131283
11.416666666666666 2.037135562558247 0.0 2.0371355327539904 -1.7417492735726818e-07 0.03713556255824667
11.583333333333332 2.04655067641497 0.0 2.0465506749410167 -5.397582766811885e-08 0.04655067641497013
11.75 2.052787138212377 0.0 2.0527872346623535 3.8077396531731037e-07 0.05278713821237704
11.916666666666666 2.0532702614718277 0.0 2.053270504107301 1.0341482668811827e-06 0.05327026147182771
12.083333333333332 2.0462396961242795 0.0 2.0462400816369284 1.673368141055526e-06 0.04623969612427934
12.25 2.031588407111769 0.0 2.0315888892929257 2.105127597068695e-06 0.03158840711176899
12.416666666666666 2.011234779011009 0.0 2.011235301953124 2.2863834199426587e-06 0.011234779011009107
12.583333333333332 1.9887652209889912 0.0 1.9887657448732337 2.2910482157059586e-06 -0.011234779011008871
12.75 1.968411592888231 0.0 1.968412099236938 2.2151074982646365e-06 -0.03158840711176899
12.916666666666666 1.9537603038757207 0.0 1.953760793631037 2.1440836513497793e-06 -0.04623969612427922
13.083333333333332 1.9467297385281723 0.0 1.946730230563007 2.1561333524739724e-06 -0.05327026147182768
13.25 1.947212861787623 0.0 1.9472133784369703 2.2670085499424e-06 -0.05278713821237704
13.416666666666666 1.9534493235850299 0.0 1.9534498605800348 2.361044521256735e-06 -0.04655067641497021
13.583333333333332 1.9628644374417532 0.0 1.9628649452091649 2.2388037047052476e-06 -0.03713556255824678
13.75 1.9729642431478687 0.0 1.9729646491688921 1.792023122832651e-06 -0.027035756852131283
13.916666666666666 1.981949863337903 0.0 1.9819501190864437 1.1192892758391727e-06 -0.01805013666209714
14.083333333333332 1.8889215700428719 0.0 1.8889216801397923 4.648569712081559e-07 -0.11107842995712802
14.25 1.8937450112724679 0.0 1.8937450253412234 5.243020366310472e-08 -0.10625498872753206
14.416666666666666 1.8967541841661906 0.0 1.896754157297475 -7.487798531271307e-08 -0.10324581583380944
14.583333333333332 1.898456257789377 0.0 1.898456249121223 -6.107834339839652e-08 -0.10154374221062293
14.75 1.8993306255573332 0.0 1.8993306226221627 -9.914144704207355e-09 -0.10066937444266687
14.916666666666666 1.899737922322795 0.0 1.899737925949232 1.9693028340473657e-08 -0.10026207767720487
15.083333333333332 1.8999090106285093 0.0 1.8999090137240997 1.0451330467745515e-08 -0.1000909893714908
15.25 1.8999730480469355 0.0 1.899973048190839 1.9614777912606696e-09 -0.10002695195306445
15.416666666666666 1.8999938748469325 0.0 1.8999938742606866 -3.062318404890233e-09 -0.10000612515306748
15.583333333333332 1.899999411738152 0.0 1.8999994113319865 -1.5724021257388062e-09 -0.10000058826184806
15.75 1.9000003803967103 0.0 1.9000003804147614 2.7540012973114837e-11 -0.09999961960328978
15.916666666666666 1.9000003143680584 0.0 1.9000003144784672 4.859608832319516e-10 -0.09999968563194153
16.083333333333332 1.9000001540822955 0.0 1.9000001541239695 1.805742914780081e-10 -0.09999984591770457
16.25 1.9000000606821785 0.0 1.9000000606690488 -5.82786174182075e-11 -0.09999993931782145
16.416666666666664 1.9000000207024224 0.0 1.9000000206866483 -6.713332308231201e-11 -0.09999997929757765
16.583333333333332 1.900000006305682 0.0 1.9000000063036113 -9.31331672720144e-12 -0.09999999369431799
16.75 1.9000000017403567 0.0 1.9000000017435248 1.38246141104078e-11 -0.09999999825964327
16.916666666666664 1.9000000004387658 0.0 1.9000000004403026 6.627450386167282e-12 -0.09999999956123412
17.083333333333332 1.9000000001014934 0.0 1.900000000101197 -1.263521720588575e-12 -0.09999999989850664
17.25 1.9000000000215869 0.0 1.9000000000211328 -1.9407068589598147e-12 -0.09999999997841322
17.416666666666664 1.9000000000042234 0.0 1.9000000000041606 -2.6125188398248215e-13 -0.0999999999957765
17.583333333333332 1.9000000000007593 0.0 1.9000000000008415 3.69844093945991e-13 -0.09999999999924075
17.75 1.900000000000125 0.0 1.9000000000001571 1.4993023360655068e-13 -0.09999999999987498
17.916666666666664 1.9000000000000188 0.0 1.9000000000000048 -4.9396649913673847e-14 -0.09999999999998126
18.083333333333332 1.9000000000000026 0.0 1.8999999999999884 -5.128143254963491e-14 -0.09999999999999747
18.25 1.9000000000000004 0.0 1.899999999999996 -8.417265654434683e-15 -0.0999999999999997
18.416666666666664 1.9 0.0 1.8999999999999981 -4.58827806930046e-17 -0.09999999999999998
18.583333333333332 1.9 0.0 1.8999999999999966 -7.171522797972192e-15 -0.1
18.75 1.9 0.0 1.899999999999996 -1.1971326906613527e-14 -0.1
18.916666666666664 1.9 0.0 1.8999999999999964 -1.1235729085972323e-14 -0.1
19.083333333333332 1.9 0.0 1.899999999999997 -7.789777717267524e-15 -0.1
19.25 1.9 0.0 1.8999999999999977 -5.248474498329389e-15 -0.1
19.416666666666664 1.9 0.0 1.8999999999999984 -2.1958436246826814e-15 -0.1
19.583333333333332 1.9 0.0 1.8999999999999981 -1.7951146602067873e-15 -0.1
19.75 1.9 0.0 1.899999999999998 -3.159482796837589e-15 -0.1
19.916666666666664 1.9 0.0 1.899999999999998 -4.056003768385475e-15 -0.1
20.083333333333332 1.9 0.0 1.899999999999998 -3.4785385298900038e-15 -0.1
20.25 1.9 0.0 1.8999999999999977 -4.132600582668379e-15 -0.1
20.416666666666664 1.9 0.0 1.8999999999999977 -6.990658720829155e-15 -0.1
20.583333333333332 1.9 0.0 1.8999999999999977 -7.567083234575587e-15 -0.1
20.75 1.9 0.0 1.8999999999999972 -8.32044225467942e-15 -0.1
20.916666666666664 1.9 0.0 1.8999999999999977 -7.54429702802598e-15 -0.1
21.083333333333332 1.9 0.0 1.8999999999999984 -4.771178599601173e-15 -0.1
21.25 1.9 0.0 1.8999999999999986 -3.919165575200816e-15 -0.1
21.416666666666664 1.9 0.0 1.8999999999999986 -4.197291060186218e-15 -0.1
21.583333333333332 1.9 0.0 1.8999999999999986 -4.1660464694369e-15 -0.1
21.75 1.9 0.0 1.8999999999999986 -4.151454476190796e-15 -0.1
21.916666666666664 1.9 0.0 1.8999999999999986 -4.158556557640879e-15 -0.1
22.083333333333332 1.9 0.0 1.8999999999999986 -4.145686368526574e-15 -0.1
22.25 1.9 0.0 1.8999999999999986 -4.1811693315819e-15 -0.1
22.416666666666664 1.9 0.0 1.8999999999999986 -4.105200415004561e-15 -0.1
22.583333333333332 1.9 0.0 1.8999999999999986 -4.264218390436978e-15 -0.1
22.75 1.9 0.0 1.8999999999999986 -3.3473393620212523e-15 -0.1
22.916666666666664 1.9 0.0 1.8999999999999992 -2.244558050233105e-15 -0.1
23.083333333333332 1.9 0.0 1.8999999999999992 -2.368968934124976e-15 -0.1
23.25 1.9 0.0 1.8999999999999992 -2.3859349543714936e-15 -0.1
23.416666666666664 1.9 0.0 1.8999999999999992 -2.373536076037993e-15 -0.1
23.583333333333332 1.9 0.0 1.8999999999999992 -2.3752937535734832e-15 -0.1
23.75 1.9 0.0 1.8999999999999992 -2.374440969740422e-15 -0.1
23.916666666666664 1.9 0.0 1.8999999999999992 -2.37016567692662e-15 -0.1
24.083333333333332 1.9 0.0 1.8999999999999992 -2.390132415304395e-15 -0.1
24.25 1.9 0.0 1.8999999999999992 -2.3290623521161766e-15 -0.1
24.416666666666664 1.9 0.0 1.8999999999999992 -2.476050349953908e-15 -0.1
24.583333333333332 1.9 0.0 1.8999999999999992 -2.2653328248585753e-15 -0.1
24.75 1.9 0.0 1.8999999999999992 -1.771359208678008e-15 -0.1
24.916666666666664 1.9 0.0 1.8999999999999992 -8.570925326518234e-16 -0.1
