0.08333333333333333 2.0 0.0 2.00000000000614 -6.326469767439454e-13 -2.2393696239451417e-69
0.25 2.0 0.0 2.0000000000051354 -1.0979420413140105e-11 -2.850203213424424e-67
0.41666666666666663 2.0 0.0 1.9999999999965734 1.7101398444496207e-11 -2.455912479307425e-65
0.5833333333333333 2.0 0.0 1.999999999973585 1.1577002512289902e-10 -1.7464337008905642e-63
0.75 2.0 0.0 1.9999999999420468 2.5562951909480375e-10 -1.0864518245663961e-61
0.9166666666666666 2.0 0.0 1.99999999994546 2.4123431414434777e-10 -6.062135519306023e-60
1.0833333333333333 2.0 0.0 2.000000000075352 -3.338021501912447e-10 -3.0725714358609898e-58
1.25 2.0 0.0 2.0000000004164233 -1.844654729075948e-09 -1.4244864646060943e-56
1.4166666666666665 2.0 0.0 2.0000000008785657 -3.891936496387673e-09 -6.0636642869503236e-55
1.5833333333333333 2.0 0.0 2.0000000009547985 -4.229670964690859e-09 -2.3739378149649954e-53
1.75 2.0 0.0 1.9999999996251177 1.6606532636148503e-09 -8.548289091174405e-52
1.9166666666666665 2.0 0.0 1.9999999957908408 1.8646027625438152e-08 -2.826629179989026e-50
2.083333333333333 2.0 0.0 1.9999999895340337 4.636314719643902e-08 -8.551735704348133e-49
2.25 2.0 0.0 1.9999999839490217 7.11037819866879e-08 -2.351308388844086e-47
2.4166666666666665 2.0 0.0 1.9999999864257014 6.013430084358243e-08 -5.803765865629009e-46
2.583333333333333 2.0 0.0 2.0000000077605735 -3.432842349492719e-08 -1.2555518197789163e-44
2.75 2.0 0.0 2.0000000581844146 -2.5755592139796214e-07 -2.2523830569655327e-43
2.9166666666666665 2.0 0.0 2.000000141277484 -6.255823306581639e-07 -2.7918905336431368e-42
3.083333333333333 2.0 0.0 2.0000002487846587 -1.1020113808758255e-06 3.4032188376674753e-42
3.25 2.0 0.0 2.000000360670653 -1.5976868561869047e-06 1.637631564719423e-39
3.4166666666666665 2.0 0.0 2.000000453009311 -2.006486748740091e-06 6.69579852573674e-38
3.583333333333333 2.0 0.0 2.0000005097640248 -2.2579098006701564e-06 1.954092408969167e-36
3.75 2.0 0.0 2.0000005301784123 -2.348540533403083e-06 4.767397604445987e-35
3.9166666666666665 2.0 0.0 2.0000005272087202 -2.3354460715477763e-06 1.0226604240371576e-33
4.083333333333333 2.0 0.0 2.000000518159183 -2.295363545951822e-06 1.972439459912412e-32
4.25 2.0 0.0 2.000000513041667 -2.272693955560362e-06 3.4602839938301873e-31
4.416666666666666 2.0 0.0 2.000000508263417 -2.2515252437114773e-06 5.5567186760349286e-30
4.583333333333333 2.0 0.0 2.000000489636915 -2.1690470904847157e-06 8.196099066332122e-29
4.75 2.0 0.0 2.0000004420968907 -1.9586174541230393e-06 1.111987969600823e-27
4.916666666666666 2.0 0.0 2.000000359834437 -1.5942934954384212e-06 1.38743175398427e-26
5.083333333333333 2.0 0.0 2.0000002516490287 -1.114832401205513e-06 1.5890168470825486e-25
5.25 2.0 0.0 2.000000138875974 -6.152216231087086e-07 1.6638083285143045e-24
5.416666666666666 2.0 0.0 2.0000000460396965 -2.0422200340846382e-07 1.5810269060098325e-23
5.583333333333333 2.0 0.0 1.999999989351731 4.6906896865819626e-08 1.3451909996525538e-22
5.75 2.0 0.0 1.9999999702530915 1.3172057374349884e-07 9.976476910669732e-22
5.916666666666666 2.0 0.0 1.9999999769272145 1.0222466465253988e-07 6.048058075300206e-21
6.083333333333333 2.0 0.0 1.9999999921635 3.473425184600123e-08 2.3764166023539362e-20
6.25 2.0 0.0 2.0000000028832985 -1.274739805528642e-08 -4.8921798420998234e-20
6.416666666666666 2.0 0.0 2.000000005202157 -2.3019802588413437e-08 -2.2864741340931845e-18
6.583333333333333 2.0 0.0 2.0000000024778974 -1.094970124968369e-08 -3.049792409107363e-17
6.75 1.9999999999999998 0.0 1.9999999996036197 1.7854781536903755e-09 -3.023468242913689e-16
6.916666666666666 1.9999999999999976 0.0 1.9999999988088368 5.308979634558676e-09 -2.5333401633201316e-15
7.083333333333333 1.9999999999999813 0.0 1.9999999994171263 2.6166401553060363e-09 -1.8747527228524837e-14
7.25 1.999999999999875 0.0 1.9999999999887903 8.705142585694331e-11 -1.250209723893004e-13
7.416666666666666 1.9999999999992408 0.0 1.9999999999636267 2.0078549533916228e-10 -7.592478361812659e-13
7.583333333333333 2.0000009999957764 0.0 1.9999999996419144 1.6135538321878238e-09 -4.223508993071295e-12
7.75 2.0000009999784134 0.0 1.9999999993828652 2.6838434830712305e-09 -2.1586786279083474e-11
7.916666666666666 2.0000009998985067 0.0 1.9999999991731796 3.2673469809912735e-09 -1.0149337221417915e-10
8.083333333333332 2.0000009995612342 0.0 1.999999998684691 3.957073861886333e-09 -4.3876588070022077e-10
8.25 2.0000009982596434 0.0 1.9999999971499784 4.984959721841461e-09 -1.7403567350686184e-09
8.416666666666666 2.000000993694318 0.0 1.9999999923061809 6.17946327749567e-09 -6.3056820221045696e-09
8.583333333333332 2.0000009792975777 0.0 1.9999999776337702 7.429015009226639e-09 -2.0702422360274937e-08
8.75 2.0000009393178213 0.0 1.999999937392557 8.74213429029128e-09 -6.068217856011783e-08
8.916666666666666 2.0000008459177048 0.0 1.9999998437200055 9.971817542845136e-09 -1.540822954409375e-07
9.083333333333332 2.0000006856319414 0.0 1.9999996831375617 1.0878669252634817e-08 -3.1436805847154385e-07
9.25 2.00000061960329 0.0 1.9999996168719592 1.1600266833686573e-08 -3.803967102260639e-07
9.416666666666666 2.0000015882618483 0.0 2.000000585509838 1.2617227789302948e-08 5.882618480584264e-07
9.583333333333332 2.0000061251530674 0.0 2.000006122583177 1.3665379161928885e-08 6.1251530674769926e-06
9.75 2.0000269519530645 0.0 2.0000269494168976 1.2987906237323236e-08 2.695195306443837e-05
9.916666666666666 2.0000909893714907 0.0 2.0000909864325846 9.142388055774312e-09 9.098937149079526e-05
10.083333333333332 2.000262077677205 0.0 2.0002620744667743 4.540147982687565e-09 0.00026207767720486466
10.25 2.000669374442667 0.0 2.000669372530504 5.528471106568911e-09 0.0006693744426668637
10.416666666666666 2.001543742210623 0.0 2.0015437438311783 1.5118356325005385e-08 0.0015437422106229165
10.583333333333332 2.0032458158338096 0.0 2.0032458209732797 2.3514861152930092e-08 0.003245815833809414
10.75 2.006254988727532 0.0 2.0062549924668147 9.220813297156094e-09 0.006254988727532051
10.916666666666666 2.011078429957128 0.0 2.0110784240134083 -4.239684569371261e-08 0.011078429957127956
11.083333333333332 2.018050136662097 0.0 2.018050116559781 -1.1414259632778305e-07 0.018050136662097052
11.25 2.0270357568521313 0.0 2.0270357308909306 -1.4868929029631463e-07 0.027035756852131283
11.416666666666666 2.037135562558247 0.0 2.037135555688077 -7.092148916498985e-08 0.03713556255824667
11.583333333333332 2.04655067641497 0.0 2.0465507249246455 1.7071616280894398e-07 0.04655067641497013
11.75 2.052787138212377 0.0 2.052787277170636 5.716858929586569e-07 0.05278713821237704
11.916666666666666 2.0532702614718277 0.0 2.053270510941149 1.065159407698693e-06 0.05327026147182771
12.083333333333332 2.0462396961242795 0.0 2.0462400531311347 1.5465046209843998e-06 0.04623969612427934
12.25 2.031588407111769 0.0 2.031588847810707 1.9204187694447695e-06 0.03158840711176899
12.416666666666666 2.011234779011009 0.0 2.011235269654858 2.1427724254465544e-06 0.011234779011009107
12.583333333333332 1.9887652209889912 0.0 1.9887657319096927 2.2331850730627347e-06 -0.011234779011008871
12.75 1.968411592888231 0.0 1.9684121087233697 2.2562377406083575e-06 -0.03158840711176899
12.916666666666666 1.9537603038757207 0.0 1.9537608242373543 2.27839084356318e-06 -0.04623969612427922
13.083333333333332 1.9467297385281723 0.0 1.9467302678105463 2.320557312498524e-06 -0.05327026147182768
13.25 1.947212861787623 0.0 1.9472133945594552 2.339394937712136e-06 -0.05278713821237704
13.416666666666666 1.9534493235850299 0.0 1.9534498363911657 2.2550105390163577e-06 -0.04655067641497021
13.583333333333332 1.9628644374417532 0.0 1.9628648933629902 2.0065856505987475e-06 -0.03713556255824678
13.75 1.9729642431478687 0.0 1.9729646063895798 1.5964091888068486e-06 -0.027035756852131283
13.916666666666666 1.981949863337903 0.0 1.9819501147425638 1.0957432684587825e-06 -0.01805013666209714
14.083333333333332 1.8889215700428719 0.0 1.888921712788788 6.112537162392302e-07 -0.11107842995712802
14.25 1.8937450112724679 0.0 1.8937450677256962 2.4535414770172976e-07 -0.10625498872753206
14.416666666666666 1.8967541841661906 0.0 1.8967541863742703 3.080589321154442e-08 -0.10324581583380944
14.583333333333332 1.898456257789377 0.0 1.8984562475439124 -6.128853725822161e-08 -0.10154374221062293
14.75 1.8993306255573332 0.0 1.8993306087204131 -6.726132827560785e-08 -0.10066937444266687
14.916666666666666 1.899737922322795 0.0 1.8997379129412078 -4.002575139119109e-08 -0.10026207767720487
15.083333333333332 1.8999090106285093 0.0 1.899909007269773 -1.5159041269260842e-08 -0.1000909893714908
15.25 1.8999730480469355 0.0 1.8999730480036359 1.4778411779725384e-11 -0.10002695195306445
15.416666666666666 1.8999938748469325 0.0 1.899993875840936 4.2406038186335585e-09 -0.10000612515306748
15.583333333333332 1.899999411738152 0.0 1.899999412514132 3.3614357403369727e-09 -0.10000058826184806
15.75 1.9000003803967103 0.0 1.9000003807145887 1.3707719668492005e-09 -0.09999961960328978
15.916666666666666 1.9000003143680584 0.0 1.9000003143951623 1.1721702460505147e-10 -0.09999968563194153
16.083333333333332 1.9000001540822955 0.0 1.9000001540203424 -2.6745806011716963e-10 -0.09999984591770457
16.25 1.9000000606821785 0.0 1.900000060632955 -2.125310347979405e-10 -0.09999993931782145
16.416666666666664 1.9000000207024224 0.0 1.9000000206845438 -7.717039380979378e-11 -0.09999997929757765
16.583333333333332 1.900000006305682 0.0 1.9000000063056282 -2.16690803487322e-13 -0.09999999369431799
16.75 1.9000000017403567 0.0 1.9000000017443912 1.743898805927335e-11 -0.09999999825964327
16.916666666666664 1.9000000004387658 0.0 1.900000000441247 1.0731937032160304e-11 -0.09999999956123412
17.083333333333332 1.9000000001014934 0.0 1.900000000102099 2.63313467199534e-12 -0.09999999989850664
17.25 1.9000000000215869 0.0 1.900000000021413 -7.344339417019927e-13 -0.09999999997841322
17.416666666666664 1.9000000000042234 0.0 1.9000000000039976 -9.623673277191924e-13 -0.0999999999957765
17.583333333333332 1.9000000000007593 0.0 1.900000000000667 -3.8728941305500777e-13 -0.09999999999924075
17.75 1.900000000000125 0.0 1.9000000000001174 -2.2606376743139383e-14 -0.09999999999987498
17.916666666666664 1.9000000000000188 0.0 1.9000000000000303 5.910145458256377e-14 -0.09999999999998126
18.083333333333332 1.9000000000000026 0.0 1.9000000000000081 3.0990060084872356e-14 -0.09999999999999747
18.25 1.9000000000000004 0.0 1.8999999999999988 1.5217901110138225e-15 -0.0999999999999997
18.416666666666664 1.9 0.0 1.899999999999996 -9.715509136064156e-15 -0.09999999999999998
18.583333333333332 1.9 0.0 1.8999999999999964 -1.0467091716572631e-14 -0.1
18.75 1.9 0.0 1.899999999999997 -8.154026430727908e-15 -0.1
18.916666666666664 1.9 0.0 1.8999999999999977 -6.643277351103823e-15 -0.1
19.083333333333332 1.9 0.0 1.899999999999998 -5.787937124475544e-15 -0.1
19.25 1.9 0.0 1.8999999999999984 -4.921551446828296e-15 -0.1
19.416666666666664 1.9 0.0 1.8999999999999986 -3.470411799371723e-15 -0.1
19.583333333333332 1.9 0.0 1.899999999999998 -3.812697519269719e-15 -0.1
19.75 1.9 0.0 1.899999999999998 -4.8273015059659135e-15 -0.1
19.916666666666664 1.9 0.0 1.899999999999998 -5.453578943200594e-15 -0.1
20.083333333333332 1.9 0.0 1.899999999999998 -6.156161132740619e-15 -0.1
20.25 1.9 0.0 1.8999999999999981 -5.676201363586157e-15 -0.1
20.416666666666664 1.9 0.0 1.8999999999999986 -4.318250780504763e-15 -0.1
20.583333333333332 1.9 0.0 1.8999999999999986 -3.895517916168959e-15 -0.1
20.75 1.9 0.0 1.8999999999999986 -4.023573990055189e-15 -0.1
20.916666666666664 1.9 0.0 1.8999999999999986 -4.0112199871440014e-15 -0.1
21.083333333333332 1.9 0.0 1.8999999999999986 -3.982155988550625e-15 -0.1
21.25 1.9 0.0 1.8999999999999986 -3.987404133539219e-15 -0.1
21.416666666666664 1.9 0.0 1.8999999999999986 -4.008664954204039e-15 -0.1
21.583333333333332 1.9 0.0 1.8999999999999986 -4.0128953390232966e-15 -0.1
21.75 1.9 0.0 1.8999999999999986 -3.992842476416932e-15 -0.1
21.916666666666664 1.9 0.0 1.8999999999999986 -3.974410333992738e-15 -0.1
22.083333333333332 1.9 0.0 1.8999999999999986 -3.983762899890791e-15 -0.1
22.25 1.9 0.0 1.8999999999999986 -4.026946389675143e-15 -0.1
22.416666666666664 1.9 0.0 1.8999999999999986 -3.993302194167963e-15 -0.1
22.583333333333332 1.9 0.0 1.8999999999999986 -4.05402253156274e-15 -0.1
22.75 1.9 0.0 1.8999999999999986 -3.1445243950341435e-15 -0.1
22.916666666666664 1.9 0.0 1.8999999999999992 -2.124944252106732e-15 -0.1
23.083333333333332 1.9 0.0 1.8999999999999992 -2.202787549942868e-15 -0.1
23.25 1.9 0.0 1.8999999999999992 -2.2629460080883322e-15 -0.1
23.416666666666664 1.9 0.0 1.8999999999999992 -2.218164519623384e-15 -0.1
23.583333333333332 1.9 0.0 1.8999999999999992 -2.162851442322299e-15 -0.1
23.75 1.9 0.0 1.8999999999999992 -2.1702036888681106e-15 -0.1
23.916666666666664 1.9 0.0 1.8999999999999992 -2.2444319448348805e-15 -0.1
24.083333333333332 1.9 0.0 1.8999999999999992 -2.316976736014325e-15 -0.1
24.25 1.9 0.0 1.8999999999999992 -2.2175961706081947e-15 -0.1
24.416666666666664 1.9 0.0 1.8999999999999992 -2.0951726907542315e-15 -0.1
24.583333333333332 1.9 0.0 1.8999999999999992 -2.296340177345774e-15 -0.1
24.75 1.9 0.0 1.8999999999999992 -2.1461240638637333e-15 -0.1
24.916666666666664 1.9 0.0 1.8999999999999992 -8.95850906838475e-16 -0.1
