0.08333333333333333 2.0 0.0 2.00000000000614 -6.326469780186798e-13 -2.2393696239451417e-69
0.25 2.0 0.0 2.0000000000051354 -1.0979420191913484e-11 -2.850203213424424e-67
0.41666666666666663 2.0 0.0 1.9999999999965734 1.7101398267033418e-11 -2.455912479307425e-65
0.5833333333333333 2.0 0.0 1.999999999973585 1.1577001252562573e-10 -1.7464337008905642e-63
0.75 2.0 0.0 1.9999999999420468 2.5562953497037806e-10 -1.0864518245663961e-61
0.9166666666666666 2.0 0.0 1.99999999994546 2.4123460776494394e-10 -6.062135519306023e-60
1.0833333333333333 2.0 0.0 2.000000000075352 -3.338024705903306e-10 -3.0725714358609898e-58
1.25 2.0 0.0 2.0000000004164233 -1.8446553234661508e-09 -1.4244864646060943e-56
1.4166666666666665 2.0 0.0 2.0000000008785657 -3.891936143804098e-09 -6.0636642869503236e-55
1.5833333333333333 2.0 0.0 2.000000000954799 -4.229671026956726e-09 -2.3739378149649954e-53
1.75 2.0 0.0 1.9999999996251177 1.66065231725356e-09 -8.548289091174405e-52
1.9166666666666665 2.0 0.0 1.9999999957908403 1.8646027475729013e-08 -2.826629179989026e-50
2.083333333333333 2.0 0.0 1.9999999895340337 4.636314776309543e-08 -8.551735704348133e-49
2.25 2.0 0.0 1.9999999839490221 7.110378276581263e-08 -2.351308388844086e-47
2.4166666666666665 2.0 0.0 1.9999999864257016 6.013430174012411e-08 -5.803765865629009e-46
2.583333333333333 2.0 0.0 2.0000000077605735 -3.432842287596765e-08 -1.2555518197789163e-44
2.75 2.0 0.0 2.0000000581844146 -2.575559212678567e-07 -2.2523830569655327e-43
2.9166666666666665 2.0 0.0 2.000000141277484 -6.255823326821367e-07 -2.7918905336431368e-42
3.083333333333333 2.0 0.0 2.000000248784659 -1.102011383893468e-06 3.4032188376674753e-42
3.25 2.0 0.0 2.0000003606706533 -1.5976868578921667e-06 1.637631564719423e-39
3.4166666666666665 2.0 0.0 2.000000453009312 -2.0064867491388104e-06 6.69579852573674e-38
3.583333333333333 2.0 0.0 2.0000005097640248 -2.2579098006068652e-06 1.954092408969167e-36
3.75 2.0 0.0 2.0000005301784123 -2.3485405325947676e-06 4.767397604445987e-35
3.9166666666666665 2.0 0.0 2.00000052720872 -2.3354460720097417e-06 1.0226604240371576e-33
4.083333333333333 2.0 0.0 2.000000518159183 -2.2953635526843035e-06 1.972439459912412e-32
4.25 2.0 0.0 2.0000005130416705 -2.2726939668050974e-06 3.4602839938301873e-31
4.416666666666666 2.0 0.0 2.0000005082634216 -2.251525257719268e-06 5.5567186760349286e-30
4.583333333333333 2.0 0.0 2.0000004896369195 -2.1690471020061692e-06 8.196099066332122e-29
4.75 2.0 0.0 2.0000004420968915 -1.95861744917748e-06 1.111987969600823e-27
4.916666666666666 2.0 0.0 2.000000359834428 -1.5942934522991425e-06 1.38743175398427e-26
5.083333333333333 2.0 0.0 2.000000251649003 -1.1148322861026544e-06 1.5890168470825486e-25
5.25 2.0 0.0 2.0000001388759245 -6.152214047500129e-07 1.6638083285143045e-24
5.416666666666666 2.0 0.0 2.0000000460396175 -2.0422165124616076e-07 1.5810269060098325e-23
5.583333333333333 2.0 0.0 1.9999999893516132 4.6907419178052555e-08 1.3451909996525538e-22
5.75 2.0 0.0 1.9999999702529236 1.3172131510606364e-07 9.976476910669732e-22
5.916666666666666 2.0 0.0 1.9999999769269807 1.0222569615225632e-07 6.048058075300206e-21
6.083333333333333 2.0 0.0 1.9999999921631826 3.4735654932687185e-08 2.3764166023539362e-20
6.25 2.0 0.0 2.0000000028828824 -1.2745556651187349e-08 -4.8921798420998234e-20
6.416666666666666 2.0 0.0 2.0000000052016356 -2.301749453447543e-08 -2.2864741340931845e-18
6.583333333333333 2.0 0.0 2.0000000024772784 -1.094695804737753e-08 -3.049792409107363e-17
6.75 1.9999999999999998 0.0 1.999999999602929 1.7885373912600288e-09 -3.023468242913689e-16
6.916666666666666 1.9999999999999976 0.0 1.9999999988081252 5.312128433876448e-09 -2.5333401633201316e-15
7.083333333333333 1.9999999999999813 0.0 1.9999999994164752 2.619523469070509e-09 -1.8747527228524837e-14
7.25 1.999999999999875 0.0 1.9999999999883111 8.917053003420239e-11 -1.250209723893004e-13
7.416666666666666 1.9999999999992408 0.0 1.9999999999634621 2.0151366871247138e-10 -7.592478361812659e-13
7.583333333333333 2.0000009999957764 0.0 1.9999999996422275 1.6121698726752029e-09 -4.223508993071295e-12
7.75 2.0000009999784134 0.0 1.9999999993838244 2.6795987167357193e-09 -2.1586786279083474e-11
7.916666666666666 2.0000009998985067 0.0 1.9999999991749347 3.2595712003630422e-09 -1.0149337221417915e-10
8.083333333333332 2.0000009995612342 0.0 1.999999998687346 3.945310444353887e-09 -4.3876588070022077e-10
8.25 2.0000009982596434 0.0 1.999999997153557 4.969107185635575e-09 -1.7403567350686184e-09
8.416666666666666 2.000000993694318 0.0 1.9999999923105953 6.15990474725529e-09 -6.3056820221045696e-09
8.583333333333332 2.0000009792975777 0.0 1.999999977638801 7.406728500988826e-09 -2.0702422360274937e-08
8.75 2.0000009393178213 0.0 1.9999999373978397 8.718734002456569e-09 -6.068217856011783e-08
8.916666666666666 2.0000008459177048 0.0 1.9999998437250404 9.949513859977894e-09 -1.540822954409375e-07
9.083333333333332 2.0000006856319414 0.0 1.9999996831417475 1.0860128984112015e-08 -3.1436805847154385e-07
9.25 2.00000061960329 0.0 1.9999996168746472 1.1588360477077285e-08 -3.803967102260639e-07
9.416666666666666 2.0000015882618483 0.0 2.000000585510408 1.261469811982657e-08 5.882618480584264e-07
9.583333333333332 2.0000061251530674 0.0 2.000006122581125 1.3674466392288333e-08 6.1251530674769926e-06
9.75 2.0000269519530645 0.0 2.00002694941192 1.300996089593739e-08 2.695195306443837e-05
9.916666666666666 2.0000909893714907 0.0 2.0000909864246497 9.177531478005167e-09 9.098937149079526e-05
10.083333333333332 2.000262077677205 0.0 2.0002620744561805 4.587100371970395e-09 0.00026207767720486466
10.25 2.000669374442667 0.0 2.000669372517917 5.584553312682257e-09 0.0006693744426668637
10.416666666666666 2.001543742210623 0.0 2.001543743817506 1.517930191912563e-08 0.0015437422106229165
10.583333333333332 2.0032458158338096 0.0 2.003245820959319 2.357440630417366e-08 0.003245815833809414
10.75 2.006254988727532 0.0 2.0062549924533704 9.272545070075365e-09 0.006254988727532051
10.916666666666666 2.011078429957128 0.0 2.01107842400281 -4.235360975837287e-08 0.011078429957127956
11.083333333333332 2.018050136662097 0.0 2.0180501165565685 -1.1410177160716174e-07 0.018050136662097052
11.25 2.0270357568521313 0.0 2.0270357308971234 -1.486534410019596e-07 0.027035756852131283
11.416666666666666 2.037135562558247 0.0 2.037135555696711 -7.091637199605448e-08 0.03713556255824667
11.583333333333332 2.04655067641497 0.0 2.046550724924731 1.7066317275734781e-07 0.04655067641497013
11.75 2.052787138212377 0.0 2.0527872771638616 5.715918589626081e-07 0.05278713821237704
11.916666666666666 2.0532702614718277 0.0 2.0532705109465743 1.0650892629102254e-06 0.05327026147182771
12.083333333333332 2.0462396961242795 0.0 2.04624005316148 1.5464987500816833e-06 0.04623969612427934
12.25 2.031588407111769 0.0 2.0315888478478445 1.9204399542160677e-06 0.03158840711176899
12.416666666666666 2.011234779011009 0.0 2.011235269664933 2.142761307894382e-06 0.011234779011009107
12.583333333333332 1.9887652209889912 0.0 1.988765731884958 2.2331498082131877e-06 -0.011234779011008871
12.75 1.968411592888231 0.0 1.9684121086978792 2.2562483928588976e-06 -0.03158840711176899
12.916666666666666 1.9537603038757207 0.0 1.9537608242497082 2.2784356143365858e-06 -0.04623969612427922
13.083333333333332 1.9467297385281723 0.0 1.9467302678627656 2.320449323882795e-06 -0.05327026147182768
13.25 1.947212861787623 0.0 1.94721339464013 2.3389611924047227e-06 -0.05278713821237704
13.416666666666666 1.9534493235850299 0.0 1.9534498364991693 2.2543256038600793e-06 -0.04655067641497021
13.583333333333332 1.9628644374417532 0.0 1.9628648934805635 2.0060085366824794e-06 -0.03713556255824678
13.75 1.9729642431478687 0.0 1.972964606438993 1.5962543377215574e-06 -0.027035756852131283
13.916666666666666 1.981949863337903 0.0 1.9819501146570178 1.095963500127059e-06 -0.01805013666209714
14.083333333333332 1.8889215700428719 0.0 1.8889217123652267 6.123341229400239e-07 -0.11107842995712802
14.25 1.8937450112724679 0.0 1.8937450679375072 2.4256934332281144e-07 -0.10625498872753206
14.416666666666666 1.8967541841661906 0.0 1.896754189942906 2.5002488503647482e-08 -0.10324581583380944
14.583333333333332 1.898456257789377 0.0 1.8984562432990035 -6.25501092080964e-08 -0.10154374221062293
14.75 1.8993306255573332 0.0 1.8993306097106564 -6.842288584932815e-08 -0.10066937444266687
14.916666666666666 1.899737922322795 0.0 1.899737912597349 -4.1983992796738663e-08 -0.10026207767720487
15.083333333333332 1.8999090106285093 0.0 1.8999090071061786 -1.5209733895722396e-08 -0.1000909893714908
15.25 1.8999730480469355 0.0 1.8999730480319812 -6.41520444697811e-11 -0.10002695195306445
15.416666666666666 1.8999938748469325 0.0 1.8999938758661488 4.40061992122722e-09 -0.10000612515306748
15.583333333333332 1.899999411738152 0.0 1.8999994125410855 3.4668825537638123e-09 -0.10000058826184806
15.75 1.9000003803967103 0.0 1.9000003807265873 1.4243387614547716e-09 -0.09999961960328978
15.916666666666666 1.9000003143680584 0.0 1.9000003143978057 1.2845752993835302e-10 -0.09999968563194153
16.083333333333332 1.9000001540822955 0.0 1.9000001540191074 -2.728123714016466e-10 -0.09999984591770457
16.25 1.9000000606821785 0.0 1.900000060631355 -2.1942704980351785e-10 -0.09999993931782145
16.416666666666664 1.9000000207024224 0.0 1.9000000206836982 -8.083126021724234e-11 -0.09999997929757765
16.583333333333332 1.900000006305682 0.0 1.9000000063054199 -1.1189861251245065e-12 -0.09999999369431799
16.75 1.9000000017403567 0.0 1.9000000017444472 1.767462514479773e-11 -0.09999999825964327
16.916666666666664 1.9000000004387658 0.0 1.9000000004413318 1.1089243262325329e-11 -0.09999999956123412
17.083333333333332 1.9000000001014934 0.0 1.9000000001021413 2.8075471259678312e-12 -0.09999999989850664
17.25 1.9000000000215869 0.0 1.9000000000214214 -7.048336442959875e-13 -0.09999999997841322
17.416666666666664 1.9000000000042234 0.0 1.9000000000039945 -9.820475408895186e-13 -0.0999999999957765
17.583333333333332 1.9000000000007593 0.0 1.9000000000006634 -4.0753895933540403e-13 -0.09999999999924075
17.75 1.900000000000125 0.0 1.9000000000001163 -3.2518054710761763e-14 -0.09999999999987498
17.916666666666664 1.9000000000000188 0.0 1.90000000000003 5.6386888907172767e-14 -0.09999999999998126
18.083333333333332 1.9000000000000026 0.0 1.9000000000000083 3.070411265086638e-14 -0.09999999999999747
18.25 1.9000000000000004 0.0 1.899999999999999 7.03935282295968e-16 -0.0999999999999997
18.416666666666664 1.9 0.0 1.8999999999999966 -1.024488640833688e-14 -0.09999999999999998
18.583333333333332 1.9 0.0 1.899999999999997 -9.289473685971779e-15 -0.1
18.75 1.9 0.0 1.8999999999999977 -6.830134756061464e-15 -0.1
18.916666666666664 1.9 0.0 1.899999999999998 -5.7978417298038324e-15 -0.1
19.083333333333332 1.9 0.0 1.899999999999998 -6.205707282146413e-15 -0.1
19.25 1.9 0.0 1.899999999999998 -5.806952934203473e-15 -0.1
19.416666666666664 1.9 0.0 1.8999999999999981 -4.699689681413863e-15 -0.1
19.583333333333332 1.9 0.0 1.8999999999999986 -3.957182094154632e-15 -0.1
19.75 1.9 0.0 1.8999999999999986 -3.815437615237191e-15 -0.1
19.916666666666664 1.9 0.0 1.8999999999999986 -3.888471696380374e-15 -0.1
20.083333333333332 1.9 0.0 1.8999999999999986 -3.894986344364541e-15 -0.1
20.25 1.9 0.0 1.8999999999999986 -3.8672533110579485e-15 -0.1
20.416666666666664 1.9 0.0 1.8999999999999986 -3.847121840594551e-15 -0.1
20.583333333333332 1.9 0.0 1.8999999999999986 -3.868645126405281e-15 -0.1
20.75 1.9 0.0 1.8999999999999986 -3.910105786209714e-15 -0.1
20.916666666666664 1.9 0.0 1.8999999999999986 -3.914092678939909e-15 -0.1
21.083333333333332 1.9 0.0 1.8999999999999986 -3.866375723630601e-15 -0.1
21.25 1.9 0.0 1.8999999999999986 -3.826095296175279e-15 -0.1
21.416666666666664 1.9 0.0 1.8999999999999986 -3.854177386600508e-15 -0.1
21.583333333333332 1.9 0.0 1.8999999999999986 -3.924595363422877e-15 -0.1
21.75 1.9 0.0 1.8999999999999986 -3.941530704875478e-15 -0.1
21.916666666666664 1.9 0.0 1.8999999999999986 -3.868035860913069e-15 -0.1
22.083333333333332 1.9 0.0 1.8999999999999986 -3.797000969073963e-15 -0.1
22.25 1.9 0.0 1.8999999999999986 -3.828079668732105e-15 -0.1
22.416666666666664 1.9 0.0 1.8999999999999986 -3.9371275193315546e-15 -0.1
22.583333333333332 1.9 0.0 1.8999999999999986 -3.996811964404726e-15 -0.1
22.75 1.9 0.0 1.8999999999999986 -3.877245726793341e-15 -0.1
22.916666666666664 1.9 0.0 1.8999999999999986 -3.724896272824074e-15 -0.1
23.083333333333332 1.9 0.0 1.8999999999999986 -3.831466857629186e-15 -0.1
23.25 1.9 0.0 1.8999999999999986 -3.851376687463291e-15 -0.1
23.416666666666664 1.9 0.0 1.8999999999999988 -2.776831168486911e-15 -0.1
23.583333333333332 1.9 0.0 1.8999999999999992 -1.97016422301954e-15 -0.1
23.75 1.9 0.0 1.8999999999999995 -1.4513640832289657e-15 -0.1
23.916666666666664 1.9 0.0 1.8999999999999997 -6.426040998671114e-16 -0.1
24.083333333333332 1.9 0.0 1.9 -1.7885743116571917e-16 -0.1
24.25 1.9 0.0 1.9 6.805008057347501e-17 -0.1
24.416666666666664 1.9 0.0 1.9 -3.4482304555282253e-18 -0.1
24.583333333333332 1.9 0.0 1.9 -9.833321694574077e-19 -0.1
24.75 1.9 0.0 1.9 8.714004458373889e-20 -0.1
24.916666666666664 1.9 0.0 1.9 3.2037171671457175e-20 -0.1

