0.08333333333333333 2.0 0.0 2.00000000000437 1.6849831621313327e-13 -2.2393696239451417e-69
0.25 2.0 0.0 2.0000000000032854 -9.649047018554964e-12 -2.850203213424424e-67
0.41666666666666663 2.0 0.0 1.9999999999941243 2.354535794550535e-11 -2.455912479307425e-65
0.5833333333333333 2.0 0.0 1.9999999999814775 8.016850338043855e-11 -1.7464337008905642e-63
0.75 2.0 0.0 1.9999999999952902 2.0857487493059654e-11 -1.0864518245663961e-61
0.9166666666666666 2.0 0.0 2.0000000000623204 -2.756741955568331e-10 -6.062135519306023e-60
1.0833333333333333 2.0 0.0 2.00000000011141 -4.934480650720693e-10 -3.0725714358609898e-58
1.25 2.0 0.0 1.9999999999467541 2.3578663562745865e-10 -1.4244864646060943e-56
1.4166666666666665 2.0 0.0 1.9999999995210453 2.1216599367403836e-09 -6.0636642869503236e-55
1.5833333333333333 2.0 0.0 1.9999999994078452 2.623175037023525e-09 -2.3739378149649954e-53
1.75 2.0 0.0 2.0000000006494036 -2.8767967863411227e-09 -8.548289091174405e-52
1.9166666666666665 2.0 0.0 2.0000000031383256 -1.3902381803684345e-08 -2.826629179989026e-50
2.083333333333333 2.0 0.0 2.0000000036237866 -1.6053070179931755e-08 -8.551735704348133e-49
2.25 2.0 0.0 1.9999999970985434 1.2852925247293655e-08 -2.351308388844086e-47
2.4166666666666665 2.0 0.0 1.9999999842788112 6.963206557005734e-08 -5.803765865629009e-46
2.583333333333333 2.0 0.0 1.9999999805550264 8.611091910457696e-08 -1.2555518197789163e-44
2.75 2.0 0.0 2.000000014503232 -6.420116094479928e-08 -2.2523830569655327e-43
2.9166666666666665 2.0 0.0 2.000000108536895 -4.808043935204569e-07 -2.7918905336431368e-42
3.083333333333333 2.0 0.0 2.0000002534574564 -1.1225215032955495e-06 3.4032188376674753e-42
3.25 2.0 0.0 2.0000004037888974 -1.788422193377452e-06 1.637631564719423e-39
3.4166666666666665 2.0 0.0 2.000000505354828 -2.2386411972173443e-06 6.69579852573674e-38
3.583333333333333 2.0 0.0 2.0000005349767864 -2.3697662634795285e-06 1.954092408969167e-36
3.75 2.0 0.0 2.000000515569234 -2.283992283938586e-06 4.767397604445987e-35
3.9166666666666665 2.0 0.0 2.0000004904191835 -2.1725147812442416e-06 1.0226604240371576e-33
4.083333333333333 2.0 0.0 2.000000486300368 -2.1542564727694235e-06 1.972439459912412e-32
4.25 2.0 0.0 2.00000050158517 -2.221951016381659e-06 3.4602839938301873e-31
4.416666666666666 2.0 0.0 2.0000005196070627 -2.3017796291914958e-06 5.5567186760349286e-30
4.583333333333333 2.0 0.0 2.000000520952799 -2.307741119236051e-06 8.196099066332122e-29
4.75 2.0 0.0 2.000000483779513 -2.1431058103223646e-06 1.111987969600823e-27
4.916666666666666 2.0 0.0 2.000000390132051 -1.7282335765910745e-06 1.38743175398427e-26
5.083333333333333 2.0 0.0 2.000000247041103 -1.0945898886259766e-06 1.5890168470825486e-25
5.25 2.0 0.0 2.000000097224267 -4.310057874877272e-07 1.6638083285143045e-24
5.416666666666666 2.0 0.0 1.9999999952881344 2.0860361410362173e-08 1.5810269060098325e-23
5.583333333333333 2.0 0.0 1.9999999653260847 1.534870010462078e-07 1.3451909996525538e-22
5.75 2.0 0.0 1.9999999835585633 7.292669134839634e-08 9.976476910669732e-22
5.916666666666666 2.0 0.0 2.000000006346366 -2.8090568122630404e-08 6.048058075300206e-21
6.083333333333333 2.0 0.0 2.0000000101139856 -4.478709143870216e-08 2.3764166023539362e-20
6.25 2.0 0.0 2.0000000014827437 -6.5673542993304426e-09 -4.8921798420998234e-20
6.416666666666666 2.0 0.0 1.9999999961697248 1.697624655119933e-08 -2.2864741340931845e-18
6.583333333333333 2.0 0.0 1.9999999982109848 7.937291938936582e-09 -3.049792409107363e-17
6.75 1.9999999999999998 0.0 2.0000000012200747 -5.3997077842795e-09 -3.023468242913689e-16
6.916666666666666 1.9999999999999976 0.0 2.00000000095708 -4.229985261016226e-09 -2.5333401633201316e-15
7.083333333333333 1.9999999999999813 0.0 1.9999999994513888 2.454613608316014e-09 -1.8747527228524837e-14
7.25 1.999999999999875 0.0 1.9999999992868394 3.1640589212228208e-09 -1.250209723893004e-13
7.416666666666666 1.9999999999992408 0.0 1.9999999998773368 5.376228099912608e-10 -7.592478361812659e-13
7.583333333333333 2.0000009999957764 0.0 1.9999999998481308 7.050425906458297e-10 -4.223508993071295e-12
7.75 2.0000009999784134 0.0 1.9999999993705733 2.7260104345304833e-09 -2.1586786279083474e-11
7.916666666666666 2.0000009998985067 0.0 1.9999999990881236 3.5321944081537436e-09 -1.0149337221417915e-10
8.083333333333332 2.0000009995612342 0.0 1.9999999987197938 3.776750402138752e-09 -4.3876588070022077e-10
8.25 2.0000009982596434 0.0 1.9999999971986586 4.886601175654953e-09 -1.7403567350686184e-09
8.416666666666666 2.000000993694318 0.0 1.99999999226982 6.212482080732344e-09 -6.3056820221045696e-09
8.583333333333332 2.0000009792975777 0.0 1.9999999775963135 7.3059540624130185e-09 -2.0702422360274937e-08
8.75 2.0000009393178213 0.0 1.9999999374377044 8.761806154486856e-09 -6.068217856011783e-08
8.916666666666666 2.0000008459177048 0.0 1.9999998437484603 1.0095516872827808e-08 -1.540822954409375e-07
9.083333333333332 2.0000006856319414 0.0 1.9999996830417817 1.0588350345456529e-08 -3.1436805847154385e-07
9.25 2.00000061960329 0.0 1.9999996168438643 1.1570309470330098e-08 -3.803967102260639e-07
9.416666666666666 2.0000015882618483 0.0 2.0000005856944094 1.3579025671248875e-08 5.882618480584264e-07
9.583333333333332 2.0000061251530674 0.0 2.0000061224691645 1.3422710855529123e-08 6.1251530674769926e-06
9.75 2.0000269519530645 0.0 2.000026948681656 1.0041558520933302e-08 2.695195306443837e-05
9.916666666666666 2.0000909893714907 0.0 2.0000909864292904 9.462658049932358e-09 9.098937149079526e-05
10.083333333333332 2.000262077677205 0.0 2.0002620765752344 1.4252393477979998e-08 0.00026207767720486466
10.25 2.000669374442667 0.0 2.000669374108566 1.2889548927592914e-08 0.0006693744426668637
10.416666666666666 2.001543742210623 0.0 2.001543739534795 -3.597387131443195e-09 0.0015437422106229165
10.583333333333332 2.0032458158338096 0.0 2.0032458119219543 -1.6351048481725055e-08 0.003245815833809414
10.75 2.006254988727532 0.0 2.0062549910155694 2.969991238832654e-09 0.006254988727532051
10.916666666666666 2.011078429957128 0.0 2.0110784418196204 3.6743311143069506e-08 0.011078429957127956
11.083333333333332 2.018050136662097 0.0 2.0180501458906672 1.6185932668527204e-08 0.018050136662097052
11.25 2.0270357568521313 0.0 2.0270357446404224 -8.798017661404349e-08 0.027035756852131283
11.416666666666666 2.037135562558247 0.0 2.0371355327861203 -1.7408483917518874e-07 0.03713556255824667
11.583333333333332 2.04655067641497 0.0 2.0465506749525955 -5.400625294534241e-08 0.04655067641497013
11.75 2.052787138212377 0.0 2.0527872346199025 3.80544647250399e-07 0.05278713821237704
11.916666666666666 2.0532702614718277 0.0 2.0532705040865853 1.034017390871994e-06 0.05327026147182771
12.083333333333332 2.0462396961242795 0.0 2.0462400817001423 1.6735135506295722e-06 0.04623969612427934
12.25 2.031588407111769 0.0 2.031588889355154 2.1052194901088822e-06 0.03158840711176899
12.416666666666666 2.011234779011009 0.0 2.0112353019487874 2.28623446435287e-06 0.011234779011009107
12.583333333333332 1.9887652209889912 0.0 1.9887657448693172 2.2909284419584717e-06 -0.011234779011008871
12.75 1.968411592888231 0.0 1.9684120992405072 2.2150848853036197e-06 -0.03158840711176899
12.916666666666666 1.9537603038757207 0.0 1.953760793587573 2.144179944870494e-06 -0.04623969612427922
13.083333333333332 1.9467297385281723 0.0 1.9467302305007101 2.156508076883379e-06 -0.05327026147182768
13.25 1.947212861787623 0.0 1.9472133784604742 2.267344606241244e-06 -0.05278713821237704
13.416666666666666 1.9534493235850299 0.0 1.9534498607155015 2.3599904173678043e-06 -0.04655067641497021
13.583333333333332 1.9628644374417532 0.0 1.962864945678069 2.236711945553308e-06 -0.03713556255824678
13.75 1.9729642431478687 0.0 1.9729646495619493 1.7896970553032543e-06 -0.027035756852131283
13.916666666666666 1.981949863337903 0.0 1.981950119044108 1.1203092553768194e-06 -0.01805013666209714
14.083333333333332 1.8889215700428719 0.0 1.8889216785819412 4.693584058936664e-07 -0.11107842995712802
14.25 1.8937450112724679 0.0 1.893745024269974 5.273243776989369e-08 -0.10625498872753206
14.416666666666666 1.8967541841661906 0.0 1.8967541639776753 -8.67972606975817e-08 -0.10324581583380944
14.583333333333332 1.898456257789377 0.0 1.8984562429634289 -6.388762676579206e-08 -0.10154374221062293
14.75 1.8993306255573332 0.0 1.899330623720416 -8.049077917346257e-09 -0.10066937444266687
14.916666666666666 1.899737922322795 0.0 1.8997379261925575 1.6785550747203207e-08 -0.10026207767720487
15.083333333333332 1.8999090106285093 0.0 1.8999090134463819 1.2128560063587773e-08 -0.1000909893714908
15.25 1.8999730480469355 0.0 1.899973048383222 1.4666450160538801e-09 -0.10002695195306445
15.416666666666666 1.8999938748469325 0.0 1.8999938742015172 -2.7911684552484816e-09 -0.10000612515306748
15.583333333333332 1.899999411738152 0.0 1.8999994113434369 -1.7033678673134684e-09 -0.10000058826184806
15.75 1.9000003803967103 0.0 1.9000003804038932 3.1084743663921e-11 -0.09999961960328978
15.916666666666666 1.9000003143680584 0.0 1.9000003144796638 4.817310521269124e-10 -0.09999968563194153
16.083333333333332 1.9000001540822955 0.0 1.900000154125257 1.8561408201047517e-10 -0.09999984591770457
16.25 1.9000000606821785 0.0 1.900000060669295 -5.565781656227879e-11 -0.09999993931782145
16.416666666666664 1.9000000207024224 0.0 1.900000020686623 -6.819371697335905e-11 -0.09999997929757765
16.583333333333332 1.900000006305682 0.0 1.900000006303426 -9.736122217720995e-12 -0.09999999369431799
16.75 1.9000000017403567 0.0 1.9000000017435272 1.3698704905884502e-11 -0.09999999825964327
16.916666666666664 1.9000000004387658 0.0 1.900000000440328 6.752543799677105e-12 -0.09999999956123412
17.083333333333332 1.9000000001014934 0.0 1.900000000101207 -1.2271174420193932e-12 -0.09999999989850664
17.25 1.9000000000215869 0.0 1.9000000000211301 -1.9627481942630784e-12 -0.09999999997841322
17.416666666666664 1.9000000000042234 0.0 1.9000000000041575 -2.758371665203749e-13 -0.0999999999957765
17.583333333333332 1.9000000000007593 0.0 1.9000000000008426 3.6742953748423567e-13 -0.09999999999924075
17.75 1.900000000000125 0.0 1.9000000000001587 1.5212843707924884e-13 -0.09999999999987498
17.916666666666664 1.9000000000000188 0.0 1.9000000000000061 -4.933332298530249e-14 -0.09999999999998126
18.083333333333332 1.9000000000000026 0.0 1.8999999999999893 -5.185031579792348e-14 -0.09999999999999747
18.25 1.9000000000000004 0.0 1.899999999999997 -8.183750201489186e-15 -0.0999999999999997
18.416666666666664 1.9 0.0 1.899999999999999 6.221683080309254e-16 -0.09999999999999998
18.583333333333332 1.9 0.0 1.8999999999999977 -6.88152604517112e-15 -0.1
18.75 1.9 0.0 1.899999999999997 -9.219220572653151e-15 -0.1
18.916666666666664 1.9 0.0 1.8999999999999977 -7.21541967594616e-15 -0.1
19.083333333333332 1.9 0.0 1.899999999999998 -5.960115841280719e-15 -0.1
19.25 1.9 0.0 1.899999999999998 -6.537443390387787e-15 -0.1
19.416666666666664 1.9 0.0 1.899999999999998 -6.2696501005377495e-15 -0.1
19.583333333333332 1.9 0.0 1.8999999999999984 -4.839873237030264e-15 -0.1
19.75 1.9 0.0 1.8999999999999986 -3.977959237491373e-15 -0.1
19.916666666666664 1.9 0.0 1.8999999999999986 -4.167774988579567e-15 -0.1
20.083333333333332 1.9 0.0 1.8999999999999986 -4.165718632467505e-15 -0.1
20.25 1.9 0.0 1.8999999999999986 -4.150789187423548e-15 -0.1
20.416666666666664 1.9 0.0 1.8999999999999986 -4.155301920804121e-15 -0.1
20.583333333333332 1.9 0.0 1.8999999999999986 -4.15662384273749e-15 -0.1
20.75 1.9 0.0 1.8999999999999986 -4.1558722431218774e-15 -0.1
20.916666666666664 1.9 0.0 1.8999999999999986 -4.154801984742684e-15 -0.1
21.083333333333332 1.9 0.0 1.8999999999999986 -4.15578042297938e-15 -0.1
21.25 1.9 0.0 1.8999999999999986 -4.1553205503991255e-15 -0.1
21.416666666666664 1.9 0.0 1.8999999999999986 -4.153975175963927e-15 -0.1
21.583333333333332 1.9 0.0 1.8999999999999986 -4.161874538843454e-15 -0.1
21.75 1.9 0.0 1.8999999999999986 -4.140684432626897e-15 -0.1
21.916666666666664 1.9 0.0 1.8999999999999986 -4.168043477480076e-15 -0.1
22.083333333333332 1.9 0.0 1.8999999999999986 -4.23675606923364e-15 -0.1
22.25 1.9 0.0 1.8999999999999986 -3.643209278950204e-15 -0.1
22.416666666666664 1.9 0.0 1.8999999999999992 -2.6062070252317665e-15 -0.1
22.583333333333332 1.9 0.0 1.8999999999999992 -2.290549528911309e-15 -0.1
22.75 1.9 0.0 1.8999999999999992 -2.381245946260138e-15 -0.1
22.916666666666664 1.9 0.0 1.8999999999999992 -2.410545749095704e-15 -0.1
23.083333333333332 1.9 0.0 1.8999999999999992 -2.3080763063345066e-15 -0.1
23.25 1.9 0.0 1.8999999999999992 -2.4614596823445727e-15 -0.1
23.416666666666664 1.9 0.0 1.8999999999999992 -2.354881314439384e-15 -0.1
23.583333333333332 1.9 0.0 1.8999999999999992 -1.6409019081426796e-15 -0.1
23.75 1.9 0.0 1.8999999999999997 -9.640860542392754e-16 -0.1
23.916666666666664 1.9 0.0 1.9 -1.8227747573195488e-16 -0.1
24.083333333333332 1.9 0.0 1.9 8.645901587259865e-17 -0.1
24.25 1.9 0.0 1.9 -2.4245484165496683e-17 -0.1
24.416666666666664 1.9 0.0 1.9 5.181444127699436e-19 -0.1
24.583333333333332 1.9 0.0 1.9 6.058828147788687e-19 -0.1
24.75 1.9 0.0 1.9 -1.3579586360124474e-19 -0.1
24.916666666666664 1.9 0.0 1.9 -1.256872407113816e-20 -0.1
