0.125 1.999999999999999 4.42 1.999852683667856 4.420000000013175 -8.023378137447364e-69
0.375 1.999999999999999 4.42 1.999852683677907 4.41999999998035 -8.237583357394523e-66
0.625 1.999999999999999 4.42 1.9998526836879573 4.419999999947757 -4.960217038783217e-63
0.875 1.999999999999999 4.42 1.999852683695159 4.419999999922197 -2.2389513277987053e-60
1.125 1.999999999999999 4.42 1.9998526837032176 4.419999999895726 -8.083295968589929e-58
1.375 1.999999999999999 4.42 1.9998526837081954 4.419999999877337 -2.3927033740792414e-55
1.625 1.999999999999999 4.42 1.9998526837120394 4.419999999862963 -5.861267598663116e-53
1.875 1.999999999999999 4.42 1.9998526837138737 4.419999999854809 -1.1883943908134718e-50
2.125 1.999999999999999 4.42 1.9998526837145614 4.41999999985122 -1.976589158084722e-48
2.375 1.999999999999999 4.42 1.9998526837143213 4.419999999851972 -2.632942317395744e-46
2.625 1.999999999999999 4.42 1.9998526837137138 4.419999999856084 -2.638888646042497e-44
2.875 1.999999999999999 4.42 1.9998526837131154 4.419999999862972 -1.5796414191572262e-42
3.125 1.999999999999999 4.42 1.9998526837128818 4.419999999872088 4.567817789604015e-41
3.375 1.999999999999999 4.42 1.999852683713251 4.419999999883133 2.7652750956800404e-38
3.625 1.999999999999999 4.42 1.9998526837143749 4.419999999895983 4.404258009248603e-36
3.875 1.999999999999999 4.42 1.9998526837163164 4.419999999910679 4.802503147034089e-34
4.125 1.999999999999999 4.42 1.9998526837190687 4.4199999999273984 4.0714940949284585e-32
4.375 1.999999999999999 4.42 1.9998526837225663 4.419999999946415 2.798298194819873e-30
4.625 1.999999999999999 4.42 1.9998526837267065 4.41999999996805 1.5853487713817023e-28
4.875 1.999999999999999 4.42 1.9998526837313628 4.419999999992643 7.44089836681967e-27
5.125 1.999999999999999 4.42 1.9998526837363986 4.420000000020503 2.8831502816409013e-25
5.375 1.999999999999999 4.42 1.999852683741677 4.420000000051907 9.092577194644609e-24
5.625 1.999999999999999 4.42 1.9998526837470745 4.42000000008705 2.252142269674823e-22
5.875 1.999999999999999 4.42 1.9998526837524897 4.420000000126025 3.954656992153136e-21
6.125 1.999999999999999 4.42 1.9998526837578496 4.420000000168809 2.789761923259548e-20
6.375 1.999999999999999 4.42 1.9998526837631094 4.420000000215268 -1.0909101867037715e-18
6.625 1.999999999999999 4.42 1.9998526837682442 4.420000000265165 -5.5213930824722155e-17
6.875 1.9999999999999991 4.42 1.9998526837732267 4.420000000318206 -1.5081395283077498e-15
7.125 1.9999999999999607 4.42 1.9998526837779627 4.420000000374123 -3.0406459207729985e-14
7.375 1.9999999999993494 4.42 1.9998526837817827 4.4200000004327595 -4.87731075149774e-13
7.625 1.9999999999914786 4.42 1.999852683777724 4.420000000494209 -6.400550420574792e-12
7.875 1.999999999907516 4.42 1.99985268369649 4.420000000558945 -6.946621751012237e-11
8.125 1.9999999991688338 4.42 1.9998526829586953 4.420000000627952 -6.243021272063907e-10
8.375 1.9999999938610729 4.42 1.999852677648681 4.420000000702828 -4.611047172371882e-09
8.625 1.9999999635209753 4.42 1.9998526473003657 4.42000000078584 -2.7399979986059073e-08
8.875 1.9999998348336523 4.42 1.9998525185918665 4.4200000008798845 -1.240590773561188e-07
9.125 1.999999527027414 4.42 1.9998522107436987 4.4200000009883755 -3.552572240524588e-07
9.375 2.0000001723043885 4.42 1.999852856038889 4.42000000111502 1.2942058380315937e-07
9.625 2.000012261184625 4.42 1.9998649457543625 4.420000001263501 9.209599773068e-06
9.875 2.000090916798193 4.42 1.9999436066944065 4.420000001437091 6.829060285179713e-05
10.125 2.000445635126551 4.42 2.000298343752075 4.420000001638185 0.00033476072351890226
10.375 2.001682083101676 4.42 2.0015348037598617 4.4200000018678365 0.0012639670514472895
10.625 2.00512598540328 4.42 2.0049784442374303 4.4200000021252235 0.003855097550723615
10.875 2.012845112568688 4.42 2.0126962236508215 4.42000000240712 0.009678706501005496
11.125 2.026624222670182 4.42 2.0264732365981613 4.420000002707638 0.02012788497491368
11.375 2.0455505747316267 4.42 2.04540291672878 4.420000003018693 0.03458962805843038
11.625 2.0636233536458644 4.42 2.063488521000834 4.420000003331607 0.0485132950314933
11.875 2.0704590708615243 4.42 2.0703226151401983 4.420000003639164 0.053807929155783495
12.125 2.0568096161460683 4.42 2.0566329427110293 4.420000003936534 0.0432510018706274
12.375 2.022090566290612 4.42 2.0218935209988844 4.420000004220121 0.01668234441309194
12.625 1.9776640676065038 4.42 1.977544178235896 4.420000004484661 -0.01668234441309194
12.875 1.941533818670759 4.42 1.941498594977539 4.420000004720302 -0.0432510018706274
13.125 1.9269696433315944 4.42 1.9268883823786367 4.420000004912769 -0.053807929155783495
13.375 1.934289648496716 4.42 1.934155072148915 4.420000005048863 -0.0485132950314933
13.625 1.9533918901662037 4.42 1.9533258151527255 4.420000005123191 -0.03458962805843038
13.875 1.9730184644515014 4.42 1.9730188861707822 4.4200000051389345 -0.02012788497491368
14.125 1.9870723380192024 4.42 1.9870724642022517 4.4200000051034705 -0.009678706501005496
14.375 1.9948609210956887 4.42 1.9948518252956164 4.420000005024806 -0.003855097550723615
14.625 1.9983165094233506 4.42 1.9983102339510495 4.420000004910765 -0.0012639670514472895
14.875 1.9995542661463435 4.42 1.9995521730922279 4.420000004769019 -0.00033476072351890226
15.125 1.9999090790932463 4.42 1.9999086604309322 4.4200000046069405 -6.829060285179713e-05
15.375 1.9999877387406584 4.42 1.9999876872625755 4.420000004431305 -9.209599773068e-06
15.625 1.9999998276955975 4.42 1.999999824359857 4.420000004247962 -1.2942058380315937e-07
15.875 2.00000047297247 4.42 2.000000473383446 4.420000004061598 3.552572240524588e-07
16.125 2.0000001651663326 4.42 2.0000001657292055 4.420000003875636 1.240590773561188e-07
16.375 2.000000036479027 4.42 2.000000037033208 4.420000003692266 2.7399979986059073e-08
16.625 2.0000000061389285 4.42 2.0000000066776504 4.420000003512584 4.611047172371882e-09
16.875 2.000000000831167 4.42 2.0000000013504087 4.420000003336803 6.243021272063907e-10
17.125 2.0000000000924842 4.42 2.000000000588803 4.42000000316453 6.946621751012237e-11
17.375 2.000000000008522 4.42 2.000000000479264 4.420000002995015 6.400550420574792e-12
17.625 2.0000000000006493 4.42 2.000000000444005 4.4200000028274005 4.87731075149774e-13
17.875 2.0000000000000426 4.42 2.0000000004149987 4.420000002660926 3.0406459207729985e-14
18.125 2.000000000000004 4.42 2.000000000386255 4.4200000024950485 1.5081395283077498e-15
18.375 1.999999999999999 4.42 2.000000000357795 4.420000002329539 5.5213930824722155e-17
18.625 1.999999999999999 4.42 2.000000000329984 4.420000002164489 1.0909101867037715e-18
18.875 1.999999999999999 4.42 2.0000000003030736 4.420000002000289 -2.789761923259548e-20
19.125 1.999999999999999 4.42 2.000000000277187 4.420000001837584 -3.954656992153136e-21
19.375 1.999999999999999 4.42 2.0000000002523524 4.420000001677178 -2.252142269674823e-22
19.625 1.999999999999999 4.42 2.000000000228535 4.420000001519971 -9.092577194644609e-24
19.875 1.999999999999999 4.42 2.0000000002056697 4.4200000013668745 -2.8831502816409013e-25
20.125 1.999999999999999 4.42 2.0000000001836833 4.420000001218754 -7.44089836681967e-27
20.375 1.999999999999999 4.42 2.000000000162519 4.420000001076369 -1.5853487713817023e-28
20.625 1.999999999999999 4.42 2.00000000014215 4.42000000094035 -2.798298194819873e-30
20.875 1.999999999999999 4.42 2.000000000122589 4.420000000811163 -4.0714940949284585e-32
21.125 1.999999999999999 4.42 2.000000000103894 4.420000000689092 -4.802503147034089e-34
21.375 1.999999999999999 4.42 2.000000000086173 4.420000000574242 -4.404258009248603e-36
21.625 1.999999999999999 4.42 2.000000000069579 4.4200000004665405 -2.7652750956800404e-38
21.875 1.999999999999999 4.42 2.000000000054307 4.420000000365738 -4.567817789604015e-41
22.125 1.999999999999999 4.42 2.0000000000405893 4.420000000271434 1.5796414191572262e-42
22.375 1.999999999999999 4.42 2.0000000000286686 4.4200000001831325 2.638888646042497e-44
22.625 1.999999999999999 4.42 2.0000000000187805 4.420000000100275 2.632942317395744e-46
22.875 1.999999999999999 4.42 2.000000000011114 4.420000000022343 1.976589158084722e-48
23.125 1.999999999999999 4.42 2.0000000000057736 4.419999999948946 1.1883943908134718e-50
23.375 1.999999999999999 4.42 2.0000000000027267 4.4199999998799235 5.861267598663116e-53
23.625 1.999999999999999 4.42 2.0000000000017613 4.419999999815491 2.3927033740792414e-55
23.875 1.999999999999999 4.42 2.0000000000024247 4.419999999756259 8.083295968589929e-58
24.125 1.999999999999999 4.42 2.0000000000040385 4.419999999703576 2.2389513277987053e-60
24.375 1.999999999999999 4.42 2.000000000005559 4.419999999658666 4.960217038783217e-63
24.625 1.999999999999999 4.42 2.0000000000060507 4.419999999625321 8.237583357394523e-66
24.875 1.999999999999999 4.42 2.0000000000035643 4.419999999600671 8.023378137447364e-69
