0.015625 1.999999999999999 4.42 1.9999999889660378 4.420000000000002 -2.27822078484169e-70
0.046875 1.999999999999999 4.42 1.9999999889660385 4.420000000000001 -6.85218368134225e-70
0.078125 1.999999999999999 4.42 1.9999999889660383 4.420000000000002 -1.8996549218085223e-69
0.109375 1.999999999999999 4.42 1.9999999889660378 4.420000000000002 -5.008720464462768e-69
0.140625 1.999999999999999 4.42 1.9999999889660383 4.42 -1.275954546258792e-68
0.171875 1.999999999999999 4.42 1.9999999889660396 4.419999999999996 -3.1691289287035775e-68
0.203125 1.999999999999999 4.42 1.9999999889660405 4.4199999999999955 -7.718206623049324e-68
0.234375 1.999999999999999 4.42 1.9999999889660405 4.419999999999996 -1.8502142513491473e-67
0.265625 1.999999999999999 4.42 1.9999999889660414 4.419999999999993 -4.377446861968469e-67
0.296875 1.999999999999999 4.42 1.9999999889660418 4.419999999999989 -1.0241461876918614e-66
0.328125 1.999999999999999 4.42 1.9999999889660423 4.419999999999986 -2.372921497325267e-66
0.359375 1.999999999999999 4.42 1.9999999889660431 4.419999999999982 -5.451008665905134e-66
0.390625 1.999999999999999 4.42 1.9999999889660436 4.4199999999999795 -1.2425942366207413e-65
0.421875 1.999999999999999 4.42 1.9999999889660445 4.419999999999977 -2.8128757645194546e-65
0.453125 1.999999999999999 4.42 1.9999999889660438 4.419999999999977 -6.326920398120275e-65
0.484375 1.999999999999999 4.42 1.9999999889660436 4.419999999999977 -1.414693107295441e-64
0.515625 1.999999999999999 4.42 1.9999999889660454 4.4199999999999715 -3.145813634902412e-64
0.546875 1.999999999999999 4.42 1.9999999889660451 4.41999999999997 -6.959052145299416e-64
0.578125 1.999999999999999 4.42 1.9999999889660458 4.419999999999968 -1.5319234162033377e-63
0.609375 1.999999999999999 4.42 1.9999999889660462 4.419999999999966 -3.356600044717967e-63
0.640625 1.999999999999999 4.42 1.9999999889660465 4.419999999999964 -7.321984942534789e-63
0.671875 1.999999999999999 4.42 1.9999999889660458 4.419999999999966 -1.5903905636321816e-62
0.703125 1.999999999999999 4.42 1.9999999889660458 4.419999999999963 -3.4402769321153487e-62
0.734375 1.999999999999999 4.42 1.9999999889660462 4.419999999999961 -7.4123871613528855e-62
0.765625 1.999999999999999 4.42 1.9999999889660465 4.419999999999959 -1.590929990931295e-61
0.796875 1.999999999999999 4.42 1.9999999889660462 4.419999999999959 -3.401882857024736e-61
0.828125 1.999999999999999 4.42 1.9999999889660454 4.419999999999959 -7.247774453020917e-61
0.859375 1.999999999999999 4.42 1.9999999889660467 4.4199999999999555 -1.5386651948267813e-60
0.890625 1.999999999999999 4.42 1.9999999889660471 4.419999999999951 -3.2551487659220895e-60
0.921875 1.999999999999999 4.42 1.9999999889660471 4.41999999999995 -6.863006283915339e-60
0.953125 1.999999999999999 4.42 1.9999999889660462 4.419999999999951 -1.442119640701555e-59
0.984375 1.999999999999999 4.42 1.9999999889660454 4.419999999999952 -3.0203361416968546e-59
1.015625 1.999999999999999 4.42 1.9999999889660462 4.419999999999948 -6.305182608170241e-59
1.046875 1.999999999999999 4.42 1.9999999889660462 4.419999999999947 -1.3120415267055653e-58
1.078125 1.999999999999999 4.42 1.9999999889660476 4.419999999999945 -2.7215866533612825e-58
1.109375 1.999999999999999 4.42 1.999999988966049 4.419999999999938 -5.6277758939184945e-58
1.140625 1.999999999999999 4.42 1.9999999889660502 4.419999999999932 -1.1601261438237894e-57
1.171875 1.999999999999999 4.42 1.9999999889660516 4.41999999999993 -2.3841835575636754e-57
1.203125 1.999999999999999 4.42 1.9999999889660516 4.419999999999929 -4.884848740431868e-57
1.234375 1.999999999999999 4.42 1.9999999889660516 4.419999999999927 -9.978129800561989e-57
1.265625 1.999999999999999 4.42 1.9999999889660516 4.419999999999925 -2.0320867377757505e-56
1.296875 1.999999999999999 4.42 1.9999999889660516 4.4199999999999235 -4.126081146814488e-56
1.328125 1.999999999999999 4.42 1.9999999889660511 4.4199999999999235 -8.352991740634592e-56
1.359375 1.999999999999999 4.42 1.9999999889660498 4.4199999999999235 -1.686011193240446e-55
1.390625 1.999999999999999 4.42 1.9999999889660502 4.419999999999922 -3.3931056550831865e-55
1.421875 1.999999999999999 4.42 1.9999999889660511 4.419999999999918 -6.808576983337657e-55
1.453125 1.999999999999999 4.42 1.9999999889660505 4.419999999999918 -1.3621972531801136e-54
1.484375 1.999999999999999 4.42 1.9999999889660498 4.419999999999919 -2.71737836329482e-54
1.515625 1.999999999999999 4.42 1.99999998896605 4.419999999999918 -5.404899700758321e-54
1.546875 1.999999999999999 4.42 1.9999999889660511 4.419999999999915 -1.07189611230049e-53
1.578125 1.999999999999999 4.42 1.9999999889660502 4.419999999999916 -2.119554414886232e-53
1.609375 1.999999999999999 4.42 1.9999999889660511 4.419999999999913 -4.178897469918695e-53
1.640625 1.999999999999999 4.42 1.9999999889660525 4.419999999999909 -8.214889684997225e-53
1.671875 1.999999999999999 4.42 1.999999988966053 4.419999999999908 -1.6101315822779676e-52
1.703125 1.999999999999999 4.42 1.999999988966053 4.419999999999908 -3.1465632025112256e-52
1.734375 1.999999999999999 4.42 1.999999988966053 4.419999999999908 -6.1308674558564455e-52
1.765625 1.999999999999999 4.42 1.9999999889660527 4.419999999999908 -1.1909998921582205e-51
1.796875 1.999999999999999 4.42 1.9999999889660538 4.419999999999904 -2.3067406877601848e-51
1.828125 1.999999999999999 4.42 1.9999999889660542 4.4199999999999005 -4.454253611117328e-51
1.859375 1.999999999999999 4.42 1.9999999889660545 4.419999999999898 -8.574936586047256e-51
1.890625 1.999999999999999 4.42 1.9999999889660542 4.419999999999897 -1.645720846417934e-50
1.921875 1.999999999999999 4.42 1.9999999889660551 4.419999999999894 -3.1487547339947423e-50
1.953125 1.999999999999999 4.42 1.9999999889660554 4.419999999999893 -6.005727064687491e-50
1.984375 1.999999999999999 4.42 1.9999999889660574 4.419999999999889 -1.1418828486624206e-49
2.015625 1.999999999999999 4.42 1.9999999889660582 4.4199999999998845 -2.164163558795051e-49
2.046875 1.999999999999999 4.42 1.9999999889660591 4.419999999999882 -4.0883930329748965e-49
2.078125 1.999999999999999 4.42 1.9999999889660591 4.419999999999881 -7.698188899911537e-49
2.109375 1.999999999999999 4.42 1.9999999889660591 4.419999999999879 -1.4446905109718582e-48
2.140625 1.999999999999999 4.42 1.9999999889660591 4.419999999999879 -2.702002356417873e-48
2.171875 1.999999999999999 4.42 1.9999999889660591 4.419999999999879 -5.0360797287801475e-48
2.203125 1.999999999999999 4.42 1.9999999889660591 4.419999999999879 -9.353267962350299e-48
2.234375 1.999999999999999 4.42 1.9999999889660591 4.419999999999879 -1.7308607822853055e-47
2.265625 1.999999999999999 4.42 1.9999999889660591 4.419999999999877 -3.1911596593010844e-47
2.296875 1.999999999999999 4.42 1.9999999889660591 4.4199999999998765 -5.8610728285051535e-47
2.328125 1.999999999999999 4.42 1.9999999889660582 4.4199999999998765 -1.0722511834554478e-46
2.359375 1.999999999999999 4.42 1.9999999889660591 4.419999999999874 -1.9536579209753196e-46
2.390625 1.999999999999999 4.42 1.9999999889660596 4.419999999999872 -3.544595714090166e-46
2.421875 1.999999999999999 4.42 1.9999999889660596 4.419999999999871 -6.402876193520721e-46
2.453125 1.999999999999999 4.42 1.9999999889660591 4.419999999999872 -1.1512940178789018e-45
2.484375 1.999999999999999 4.42 1.9999999889660596 4.4199999999998685 -2.060150041016556e-45
2.515625 1.999999999999999 4.42 1.9999999889660605 4.419999999999865 -3.6677085226756304e-45
2.546875 1.999999999999999 4.42 1.999999988966061 4.419999999999863 -6.494345351696857e-45
2.578125 1.999999999999999 4.42 1.9999999889660622 4.41999999999986 -1.1432892156771465e-44
2.609375 1.999999999999999 4.42 1.9999999889660627 4.419999999999856 -2.0001391905388715e-44
2.640625 1.999999999999999 4.42 1.9999999889660625 4.419999999999854 -3.4754386748737267e-44
2.671875 1.999999999999999 4.42 1.9999999889660631 4.4199999999998525 -5.993943055649722e-44
2.703125 1.999999999999999 4.42 1.9999999889660645 4.419999999999847 -1.025195040406753e-43
2.734375 1.999999999999999 4.42 1.999999988966065 4.4199999999998445 -1.7371316768754017e-43
2.765625 1.999999999999999 4.42 1.999999988966065 4.419999999999842 -2.91205779188509e-43
2.796875 1.999999999999999 4.42 1.999999988966065 4.41999999999984 -4.8208921257584945e-43
2.828125 1.999999999999999 4.42 1.999999988966065 4.419999999999838 -7.862381985663504e-43
2.859375 1.999999999999999 4.42 1.999999988966065 4.4199999999998365 -1.258888113997978e-42
2.890625 1.999999999999999 4.42 1.9999999889660645 4.4199999999998365 -1.9689254483153933e-42
2.921875 1.999999999999999 4.42 1.999999988966065 4.419999999999835 -2.984371359915005e-42
2.953125 1.999999999999999 4.42 1.9999999889660658 4.419999999999833 -4.325788212120148e-42
2.984375 1.999999999999999 4.42 1.999999988966065 4.419999999999834 -5.846063377957028e-42
3.015625 1.999999999999999 4.42 1.999999988966065 4.419999999999833 -6.949926403797957e-42
3.046875 1.999999999999999 4.42 1.9999999889660658 4.419999999999831 -5.97690423008472e-42
3.078125 1.999999999999999 4.42 1.999999988966065 4.419999999999831 1.1041630246284527e-42
3.109375 1.999999999999999 4.42 1.999999988966065 4.419999999999829 2.3380523158598155e-41
3.140625 1.999999999999999 4.42 1.999999988966065 4.419999999999828 8.040211368904828e-41
3.171875 1.999999999999999 4.42 1.999999988966065 4.419999999999826 2.128823627925937e-40
3.203125 1.999999999999999 4.42 1.9999999889660658 4.419999999999822 5.035814308975148e-40
3.234375 1.999999999999999 4.42 1.9999999889660638 4.419999999999824 1.1175793032213454e-39
3.265625 1.999999999999999 4.42 1.999999988966064 4.419999999999823 2.379148315477548e-39
3.296875 1.999999999999999 4.42 1.9999999889660645 4.4199999999998205 4.9171664344323987e-39
3.328125 1.999999999999999 4.42 1.999999988966065 4.419999999999818 9.937973385277114e-39
3.359375 1.999999999999999 4.42 1.9999999889660671 4.419999999999812 1.9733640409492698e-38
3.390625 1.999999999999999 4.42 1.9999999889660667 4.419999999999812 3.862246412839405e-38
3.421875 1.999999999999999 4.42 1.9999999889660676 4.419999999999808 7.467854512244359e-38
3.453125 1.999999999999999 4.42 1.9999999889660685 4.4199999999998045 1.4289429136809048e-37
3.484375 1.999999999999999 4.42 1.9999999889660676 4.419999999999806 2.709319313161419e-37
3.515625 1.999999999999999 4.42 1.9999999889660665 4.419999999999806 5.095304745953352e-37
3.546875 1.999999999999999 4.42 1.9999999889660671 4.4199999999998045 9.512456240138327e-37
3.578125 1.999999999999999 4.42 1.9999999889660685 4.419999999999801 1.764039657518716e-36
3.609375 1.999999999999999 4.42 1.9999999889660698 4.4199999999997965 3.251223154159321e-36
3.640625 1.999999999999999 4.42 1.9999999889660707 4.419999999999794 5.957967746992783e-36
3.671875 1.999999999999999 4.42 1.9999999889660713 4.41999999999979 1.0859796109704051e-35
3.703125 1.999999999999999 4.42 1.9999999889660718 4.4199999999997885 1.969481613251063e-35
3.734375 1.999999999999999 4.42 1.9999999889660705 4.41999999999979 3.554705609886775e-35
3.765625 1.999999999999999 4.42 1.9999999889660698 4.419999999999791 6.386682306426079e-35
3.796875 1.999999999999999 4.42 1.9999999889660691 4.419999999999791 1.142489249897584e-34
3.828125 1.999999999999999 4.42 1.9999999889660698 4.4199999999997885 2.0352048920353324e-34
3.859375 1.999999999999999 4.42 1.9999999889660702 4.419999999999786 3.610838991254936e-34
3.890625 1.999999999999999 4.42 1.9999999889660711 4.419999999999783 6.381297208125961e-34
3.921875 1.999999999999999 4.42 1.999999988966072 4.419999999999781 1.123468433039923e-33
3.953125 1.999999999999999 4.42 1.999999988966073 4.419999999999778 1.9706444301768363e-33
3.984375 1.999999999999999 4.42 1.999999988966073 4.419999999999778 3.444218049896123e-33
4.015625 1.999999999999999 4.42 1.9999999889660725 4.41999999999978 5.998506676741735e-33
4.046875 1.999999999999999 4.42 1.9999999889660725 4.419999999999778 1.04111138669265e-32
4.078125 1.999999999999999 4.42 1.999999988966073 4.419999999999776 1.8008638503315503e-32
4.109375 1.999999999999999 4.42 1.9999999889660711 4.419999999999778 3.104698038737646e-32
4.140625 1.999999999999999 4.42 1.9999999889660705 4.41999999999978 5.335009896503985e-32
4.171875 1.999999999999999 4.42 1.9999999889660705 4.419999999999778 9.137948787512768e-32
4.203125 1.999999999999999 4.42 1.9999999889660705 4.419999999999776 1.5601918693651058e-31
4.234375 1.999999999999999 4.42 1.9999999889660713 4.4199999999997726 2.65545774288298e-31
4.265625 1.999999999999999 4.42 1.9999999889660725 4.41999999999977 4.505546363689017e-31
4.296875 1.999999999999999 4.42 1.999999988966073 4.419999999999767 7.621057735477044e-31
4.328125 1.999999999999999 4.42 1.999999988966074 4.419999999999764 1.2851516331372023e-30
4.359375 1.999999999999999 4.42 1.9999999889660751 4.419999999999762 2.1606037380466126e-30
4.390625 1.999999999999999 4.42 1.9999999889660744 4.419999999999762 3.621484103504994e-30
4.421875 1.999999999999999 4.42 1.9999999889660744 4.419999999999761 6.0519690049571036e-30
4.453125 1.999999999999999 4.42 1.9999999889660756 4.419999999999758 1.0083523940785047e-29
4.484375 1.999999999999999 4.42 1.9999999889660778 4.419999999999753 1.6750947021985322e-29
4.515625 1.999999999999999 4.42 1.9999999889660782 4.4199999999997495 2.774487006777097e-29
4.546875 1.999999999999999 4.42 1.9999999889660784 4.419999999999749 4.5819074330769235e-29
4.578125 1.999999999999999 4.42 1.9999999889660784 4.419999999999748 7.544549486732463e-29
4.609375 1.999999999999999 4.42 1.9999999889660778 4.419999999999748 1.238642375332453e-28
4.640625 1.999999999999999 4.42 1.9999999889660784 4.419999999999746 2.027615344466844e-28
4.671875 1.999999999999999 4.42 1.9999999889660778 4.419999999999746 3.3094267750190695e-28
4.703125 1.999999999999999 4.42 1.9999999889660778 4.419999999999745 5.38576355657764e-28
4.734375 1.999999999999999 4.42 1.9999999889660778 4.419999999999745 8.73912572067705e-28
4.765625 1.999999999999999 4.42 1.9999999889660771 4.419999999999746 1.4138812796945444e-27
4.796875 1.999999999999999 4.42 1.9999999889660771 4.419999999999746 2.2807587812770227e-27
4.828125 1.999999999999999 4.42 1.9999999889660778 4.419999999999746 3.668289004728993e-27
4.859375 1.999999999999999 4.42 1.9999999889660778 4.419999999999744 5.882486307471667e-27
4.890625 1.999999999999999 4.42 1.9999999889660773 4.419999999999742 9.405155247393542e-27
4.921875 1.999999999999999 4.42 1.9999999889660782 4.419999999999739 1.49924343140427e-26
4.953125 1.999999999999999 4.42 1.9999999889660796 4.419999999999735 2.3827139994964814e-26
4.984375 1.999999999999999 4.42 1.9999999889660809 4.419999999999732 3.775344399229274e-26
5.015625 1.999999999999999 4.42 1.999999988966082 4.419999999999726 5.963706537766583e-26
5.046875 1.999999999999999 4.42 1.9999999889660818 4.419999999999726 9.391605402168255e-26
5.078125 1.999999999999999 4.42 1.9999999889660818 4.419999999999725 1.474398097469421e-25
5.109375 1.999999999999999 4.42 1.999999988966081 4.419999999999725 2.3074218514254646e-25
5.140625 1.999999999999999 4.42 1.9999999889660809 4.419999999999726 3.599654906553355e-25
5.171875 1.999999999999999 4.42 1.9999999889660809 4.419999999999725 5.5975613110885925e-25
5.203125 1.999999999999999 4.42 1.9999999889660836 4.4199999999997175 8.676038409735593e-25
5.234375 1.999999999999999 4.42 1.9999999889660836 4.419999999999717 1.3403152088627167e-24
5.265625 1.999999999999999 4.42 1.9999999889660822 4.419999999999717 2.063626327147327e-24
5.296875 1.999999999999999 4.42 1.9999999889660822 4.419999999999714 3.1664072085467803e-24
5.328125 1.999999999999999 4.42 1.9999999889660827 4.41999999999971 4.8415436441065506e-24
5.359375 1.999999999999999 4.42 1.9999999889660836 4.419999999999708 7.376468727502132e-24
5.390625 1.999999999999999 4.42 1.9999999889660847 4.419999999999703 1.1197544736359961e-23
5.421875 1.999999999999999 4.42 1.999999988966085 4.4199999999997015 1.6934177460038927e-23
5.453125 1.999999999999999 4.42 1.9999999889660849 4.419999999999703 2.5510813027808987e-23
5.484375 1.999999999999999 4.42 1.9999999889660844 4.4199999999997015 3.8277972523577195e-23
5.515625 1.999999999999999 4.42 1.9999999889660844 4.419999999999701 5.719737357640802e-23
5.546875 1.999999999999999 4.42 1.999999988966084 4.4199999999997015 8.510108664216983e-23
5.578125 1.999999999999999 4.42 1.9999999889660849 4.419999999999698 1.2605058654817386e-22
5.609375 1.999999999999999 4.42 1.9999999889660849 4.419999999999695 1.8582826090560647e-22
5.640625 1.999999999999999 4.42 1.9999999889660849 4.419999999999694 2.7260073698019643e-22
5.671875 1.999999999999999 4.42 1.9999999889660849 4.419999999999693 3.977987490968176e-22
5.703125 1.999999999999999 4.42 1.9999999889660844 4.419999999999691 5.77259160798956e-22
5.734375 1.999999999999999 4.42 1.9999999889660858 4.419999999999687 8.326656155385357e-22
5.765625 1.999999999999999 4.42 1.9999999889660862 4.419999999999684 1.193295339358929e-21
5.796875 1.999999999999999 4.42 1.9999999889660862 4.419999999999682 1.698014209741317e-21
5.828125 1.999999999999999 4.42 1.9999999889660844 4.419999999999684 2.397332648142728e-21
5.859375 1.999999999999999 4.42 1.9999999889660838 4.419999999999685 3.3550959936201877e-21
5.890625 1.999999999999999 4.42 1.9999999889660836 4.419999999999684 4.648962114637106e-21
5.921875 1.999999999999999 4.42 1.9999999889660836 4.419999999999682 6.368100805829833e-21
5.953125 1.999999999999999 4.42 1.9999999889660836 4.419999999999682 8.605353010410987e-21
5.984375 1.999999999999999 4.42 1.9999999889660836 4.419999999999681 1.143913179228943e-20
6.015625 1.999999999999999 4.42 1.9999999889660844 4.419999999999679 1.489719778190366e-20
6.046875 1.999999999999999 4.42 1.9999999889660858 4.419999999999677 1.8889436847287846e-20
6.078125 1.999999999999999 4.42 1.9999999889660862 4.419999999999674 2.3088901174160298e-20
6.109375 1.999999999999999 4.42 1.999999988966087 4.419999999999671 2.672813031849725e-20
6.140625 1.999999999999999 4.42 1.9999999889660878 4.4199999999996695 2.8258874022225216e-20
6.171875 1.999999999999999 4.42 1.9999999889660878 4.419999999999668 2.4794409328619503e-20
6.203125 1.999999999999999 4.42 1.9999999889660884 4.419999999999666 1.120966778113034e-20
6.234375 1.999999999999999 4.42 1.99999998896609 4.419999999999662 -2.1292021952213176e-20
6.265625 1.999999999999999 4.42 1.999999988966091 4.419999999999659 -8.743644241968582e-20
6.296875 1.999999999999999 4.42 1.9999999889660915 4.419999999999657 -2.1139984100659238e-19
6.328125 1.999999999999999 4.42 1.9999999889660927 4.4199999999996535 -4.3225443940309184e-19
6.359375 1.999999999999999 4.42 1.9999999889660924 4.419999999999653 -8.123242558628094e-19
6.390625 1.999999999999999 4.42 1.9999999889660915 4.4199999999996535 -1.449916056694189e-18
6.421875 1.999999999999999 4.42 1.9999999889660915 4.419999999999652 -2.498590031010466e-18
6.453125 1.999999999999999 4.42 1.9999999889660915 4.41999999999965 -4.1961531058258706e-18
6.484375 1.999999999999999 4.42 1.9999999889660924 4.419999999999646 -6.908033070364404e-18
6.515625 1.999999999999999 4.42 1.9999999889660924 4.419999999999646 -1.1191819602844879e-17
6.546875 1.999999999999999 4.42 1.9999999889660924 4.419999999999645 -1.7892814642745072e-17
6.578125 1.999999999999999 4.42 1.9999999889660915 4.419999999999645 -2.828480622676629e-17
6.609375 1.999999999999999 4.42 1.9999999889660924 4.419999999999641 -4.427650759039602e-17
6.640625 1.999999999999999 4.42 1.9999999889660915 4.419999999999641 -6.871293963104205e-17
6.671875 1.999999999999999 4.42 1.9999999889660915 4.419999999999639 -1.0581352319837788e-16
6.703125 1.999999999999999 4.42 1.9999999889660915 4.4199999999996376 -1.6180622920595578e-16
6.734375 2.0 4.42 1.9999999889660915 4.419999999999634 -2.4584179170539287e-16
6.765625 2.0 4.42 1.9999999889660933 4.419999999999629 -3.7130643844254734e-16
6.796875 2.0 4.42 1.9999999889660938 4.419999999999625 -5.576995431938721e-16
6.828125 1.9999999999999996 4.42 1.9999999889660929 4.419999999999625 -8.333090963179003e-16
6.859375 1.9999999999999991 4.42 1.9999999889660915 4.419999999999627 -1.2390097532254693e-15
6.890625 1.9999999999999987 4.42 1.999999988966091 4.419999999999625 -1.833634667520214e-15
6.921875 1.9999999999999971 4.42 1.9999999889660898 4.419999999999625 -2.7015457262591083e-15
6.953125 1.9999999999999947 4.42 1.9999999889660875 4.419999999999625 -3.963263749308563e-15
6.984375 1.999999999999992 4.42 1.9999999889660862 4.419999999999621 -5.790342783568785e-15
7.015625 1.9999999999999882 4.42 1.9999999889660836 4.419999999999618 -8.426110147273168e-15
7.046875 1.9999999999999845 4.42 1.9999999889660778 4.419999999999618 -1.2214485147172358e-14
7.078125 1.9999999999999765 4.42 1.9999999889660698 4.41999999999962 -1.7639885483553146e-14
7.109375 1.9999999999999662 4.42 1.9999999889660596 4.419999999999616 -2.53822982660602e-14
7.140625 1.9999999999999518 4.42 1.999999988966045 4.4199999999996145 -3.63930197719041e-14
7.171875 1.999999999999933 4.42 1.9999999889660225 4.419999999999616 -5.1998468342356297e-14
7.203125 1.9999999999999014 4.42 1.9999999889659932 4.419999999999616 -7.404199539793786e-14
7.234375 1.9999999999998628 4.42 1.9999999889659519 4.419999999999616 -1.050769502468153e-13
7.265625 1.9999999999998028 4.42 1.9999999889658933 4.419999999999616 -1.4862863863463673e-13
7.296875 1.9999999999997213 4.42 1.9999999889658118 4.419999999999616 -2.0954856369736308e-13
7.328125 1.99999999999961 4.42 1.9999999889656985 4.4199999999996145 -2.9449184610589434e-13
7.359375 1.9999999999994504 4.42 1.9999999889655427 4.419999999999609 -4.1255848706260836e-13
7.390625 1.9999999999992317 4.42 1.9999999889653268 4.419999999999604 -5.761517913992377e-13
7.421875 1.9999999999989326 4.42 1.9999999889650268 4.4199999999996 -8.021235938183894e-13
7.453125 1.9999999999985179 4.42 1.9999999889646127 4.4199999999995985 -1.113296906264696e-12
7.484375 1.9999999999979505 4.42 1.9999999889640452 4.419999999999595 -1.5404834363647938e-12
7.515625 1.9999999999971685 4.42 1.9999999889632674 4.419999999999591 -2.1251475998174054e-12
7.546875 1.9999999999961067 4.42 1.9999999889622042 4.419999999999594 -2.922911974610753e-12
7.578125 1.999999999994663 4.42 1.9999999889607598 4.419999999999591 -4.008153816462366e-12
7.609375 1.9999999999927054 4.42 1.9999999889588014 4.419999999999586 -5.480010911465506e-12
7.640625 1.999999999990056 4.42 1.9999999889561528 4.4199999999995825 -7.470200829441743e-12
7.671875 1.9999999999864828 4.42 1.999999988952582 4.419999999999579 -1.0153164275917284e-11
7.703125 1.9999999999816835 4.42 1.9999999889477822 4.419999999999575 -1.3759175065993107e-11
7.734375 1.9999999999752478 4.42 1.9999999889413496 4.4199999999995745 -1.8591221278310382e-11
7.765625 1.9999999999666547 4.42 1.999999988932755 4.419999999999574 -2.5046660111161175e-11
7.796875 1.9999999999552078 4.42 1.9999999889213087 4.419999999999572 -3.364488926874075e-11
7.828125 1.9999999999400062 4.42 1.9999999889061086 4.419999999999568 -4.506256740414861e-11
7.859375 1.999999999919882 4.42 1.9999999888859845 4.4199999999995665 -6.017826279695694e-11
7.890625 1.9999999998933198 4.42 1.999999988859423 4.419999999999565 -8.012882088826562e-11
7.921875 1.999999999858372 4.42 1.999999988824473 4.419999999999563 -1.0638022529341046e-10
7.953125 1.9999999998125244 4.42 1.9999999887786255 4.419999999999564 -1.4081629059050188e-10
7.984375 1.9999999997525655 4.42 1.999999988718671 4.419999999999565 -1.8584917425466984e-10
8.015625 1.9999999996744051 4.42 1.999999988640512 4.419999999999562 -2.445564327745659e-10
8.046875 1.9999999995728368 4.42 1.9999999885389395 4.419999999999558 -3.2085017244722926e-10
8.078125 1.9999999994412505 4.42 1.9999999884073567 4.419999999999556 -4.196847518033573e-10
8.109375 1.9999999992713366 4.42 1.999999988237442 4.419999999999554 -5.473104646628257e-10
8.140625 1.9999999990526365 4.42 1.999999988018739 4.419999999999554 -7.115816430660233e-10
8.171875 1.999999998772055 4.42 1.9999999877381602 4.419999999999552 -9.22328624068492e-10
8.203125 1.999999998413289 4.42 1.9999999873793946 4.4199999999995505 -1.191803958165589e-09
8.234375 1.9999999979560892 4.42 1.9999999869221954 4.419999999999547 -1.5352140059132596e-09
8.265625 1.9999999973754419 4.42 1.9999999863415487 4.419999999999543 -1.971347542156692e-09
8.296875 1.9999999966405821 4.42 1.9999999856066895 4.41999999999954 -2.523312985973188e-09
8.328125 1.9999999957138497 4.42 1.9999999846799597 4.419999999999536 -3.219395161131922e-09
8.359375 1.9999999945493911 4.42 1.9999999835154982 4.4199999999995345 -4.094040754180995e-09
8.390625 1.9999999930916403 4.42 1.999999982057751 4.419999999999531 -5.1889784705830064e-09
8.421875 1.9999999912736859 4.42 1.9999999802397972 4.419999999999524 -6.554474776039984e-09
8.453125 1.9999999890153868 4.42 1.9999999779815005 4.41999999999952 -8.250718395545009e-09
8.484375 1.9999999862214142 4.42 1.9999999751875288 4.419999999999517 -1.0349315607112637e-08
8.515625 1.999999982779141 4.42 1.999999971745253 4.4199999999995185 -1.2934862794373492e-08
8.546875 1.9999999785565188 4.42 1.99999996752263 4.4199999999995185 -1.610654146399652e-08
8.578125 1.9999999734000433 4.42 1.9999999623661548 4.4199999999995185 -1.9979652470463198e-08
8.609375 1.9999999671329476 4.42 1.9999999560990585 4.4199999999995185 -2.4686968687730042e-08
8.640625 1.9999999595538691 4.42 1.9999999485199786 4.4199999999995185 -3.037973662956737e-08
8.671875 1.999999950436289 4.42 1.9999999394024006 4.419999999999517 -3.722809494294276e-08
8.703125 1.999999939529181 4.42 1.999999928495292 4.419999999999516 -4.542059821685135e-08
8.734375 1.9999999265593644 4.42 1.9999999155254753 4.419999999999517 -5.5162434587404565e-08
8.765625 1.9999999112363422 4.42 1.9999999002024524 4.419999999999517 -6.667180104523568e-08
8.796875 1.9999998932604952 4.42 1.999999882226605 4.419999999999516 -8.017374642759501e-08
8.828125 1.9999998723358225 4.42 1.9999998613019323 4.41999999999951 -9.589060343071351e-08
8.859375 1.9999998481886854 4.42 1.9999998371547973 4.419999999999506 -1.1402790157076528e-07
8.890625 1.9999998205944407 4.42 1.9999998095605558 4.4199999999995025 -1.3475437614470108e-07
8.921875 1.999999789414193 4.42 1.999999778380308 4.419999999999501 -1.581743565263702e-07
8.953125 1.9999997546445054 4.42 1.9999997436106183 4.419999999999501 -1.842904225897277e-07
8.984375 1.999999716483511 4.42 1.9999997054496226 4.419999999999499 -2.129537521443204e-07
9.015625 1.9999996754175637 4.42 1.9999996643836773 4.419999999999494 -2.4379903603245343e-07
9.046875 1.9999996323334428 4.42 1.9999996212995583 4.419999999999488 -2.7616020174017365e-07
9.078125 1.9999995886620825 4.42 1.9999995776281994 4.419999999999487 -3.089624517400078e-07
9.109375 1.999999546560946 4.42 1.9999995355270634 4.419999999999487 -3.405852802832484e-07
9.140625 1.9999995091434246 4.42 1.9999994981095397 4.419999999999487 -3.686901735755997e-07
9.171875 1.999999480765053 4.42 1.999999469731168 4.419999999999487 -3.900056158431509e-07
9.203125 1.999999467378042 4.42 1.9999994563441552 4.419999999999487 -4.00060811963365e-07
9.234375 1.999999476967265 4.42 1.999999465933381 4.419999999999487 -3.92858192564735e-07
9.265625 1.9999995200829939 4.42 1.9999995090491083 4.419999999999485 -3.6047328921586107e-07
9.296875 1.999999610487602 4.42 1.9999995994537147 4.419999999999485 -2.9256895874623466e-07
9.328125 1.9999997659359914 4.42 1.9999997549021074 4.419999999999487 -1.75809204796358e-07
9.359375 2.000000009111771 4.42 1.999999998077882 4.419999999999485 6.84399496390746e-09
9.390625 2.000000368743786 4.42 2.0000003577099 4.419999999999481 2.769693754259723e-07
9.421875 2.000000880930462 4.42 2.000000869896577 4.4199999999994795 6.6168109169794e-07
9.453125 2.0000015907017374 4.42 2.0000015796678525 4.419999999999476 1.1948019652308614e-06
9.484375 2.0000025538513384 4.42 2.0000025428174597 4.419999999999471 1.91823977061019e-06
9.515625 2.0000038390745107 4.42 2.0000038280406294 4.419999999999467 2.8835929655655025e-06
9.546875 2.0000055304485747 4.42 2.0000055194146906 4.4199999999994635 4.154014011294916e-06
9.578125 2.000007730295895 4.42 2.0000077192620065 4.41999999999946 5.806359934410772e-06
9.609375 2.0000105624701483 4.42 2.00001055143625 4.419999999999456 7.933660947464523e-06
9.640625 2.0000141761078507 4.42 2.00001416507393 4.419999999999455 1.0647938659910819e-05
9.671875 2.000018749887227 4.42 2.0000187388532673 4.419999999999451 1.4083405549510238e-05
9.703125 2.000024496835712 4.42 2.0000244858016916 4.419999999999449 1.8400076786345152e-05
9.734375 2.0000316697253995 4.42 2.000031658691287 4.419999999999444 2.3787824056655596e-05
9.765625 2.000040567092398 4.42 2.0000405560581447 4.419999999999439 3.047089856032277e-05
9.796875 2.0000515399111 4.42 2.0000515288766376 4.4199999999994315 3.871294668531413e-05
9.828125 2.0000649989475687 4.42 2.000064987912797 4.419999999999426 4.882253682205016e-05
9.859375 2.0000814228073214 4.42 2.0000814117721033 4.419999999999423 6.115920919813026e-05
9.890625 2.0001013666816245 4.42 2.000101355645773 4.419999999999423 7.614005232250465e-05
9.921875 2.000125471782663 4.42 2.0001254607459247 4.4199999999994235 9.424679947325484e-05
9.953125 2.0001544754414953 4.42 2.000154464403532 4.419999999999417 0.00011603342650898227
9.984375 2.0001892218234163 4.42 2.0001892107837778 4.41999999999941 0.00014213421802187232
10.015625 2.0002306731930752 4.42 2.000230662151167 4.419999999999405 0.00017327225240822825
10.046875 2.0002799216363383 4.42 2.000279910591394 4.419999999999405 0.00021026823778249598
10.078125 2.0003382011177333 4.42 2.0003381900687645 4.419999999999407 0.00025404960983168684
10.109375 2.00040689972099 4.42 2.000406888666734 4.419999999999405 0.0003056597797921633
10.140625 2.0004875718865582 4.42 2.0004875608254364 4.419999999999403 0.0003662673958988225
10.171875 2.0005819504238924 4.42 2.0005819393539315 4.419999999999405 0.00043717545516134556
10.203125 2.0006919580383102 4.42 2.0006919469570708 4.419999999999407 0.0005198300745101878
10.234375 2.0008197180732443 4.42 2.0008197069777562 4.419999999999405 0.0006158287016735327
10.265625 2.0009675641292284 4.42 2.0009675530159203 4.419999999999402 0.0007269275171483163
10.296875 2.001138048181968 4.42 2.0011380370465712 4.419999999999398 0.0008550477499748933
10.328125 2.0013339467844355 4.42 2.001333935621929 4.4199999999993915 0.0010022806024855794
10.359375 2.001558264903644 4.42 2.0015582537081977 4.4199999999993835 0.0011708904536466504
10.390625 2.0018142369124945 4.42 2.001814225677424 4.419999999999378 0.00136331598802327
10.421875 2.002105324232791 4.42 2.0021053129505555 4.419999999999375 0.0015821688788247121
10.453125 2.002435209108824 4.42 2.0024351977710513 4.419999999999373 0.001830229640059798
10.484375 2.00280778398329 4.42 2.002807772580862 4.419999999999371 0.0021104402557239545
10.515625 2.0032271359509144 4.42 2.0032271244740967 4.419999999999371 0.0024258931943456344
10.546875 2.0036975257812872 4.42 2.00369751421996 4.419999999999371 0.002779816426326757
10.578125 2.0042233610333797 4.42 2.004223349377316 4.419999999999365 0.0031755540804596885
10.609375 2.004809162830669 4.42 2.0048091510699333 4.419999999999362 0.003616542405846326
10.640625 2.0054595259301324 4.42 2.0054595140555582 4.419999999999362 0.004106280747108303
10.671875 2.0061790718004597 4.42 2.0061790598042304 4.419999999999362 0.004648297295010989
10.703125 2.0069723945261195 4.42 2.0069723824024486 4.419999999999362 0.005246109441955015
10.734375 2.007843999474088 4.42 2.007843987219945 4.419999999999357 0.00590317865247471
10.765625 2.008798234798452 4.42 2.00879822241437 4.419999999999359 0.006622859852864577
10.796875 2.009839216014298 4.42 2.0098392035051678 4.419999999999357 0.007408345450915949
10.828125 2.0109707440433864 4.42 2.010970731419257 4.419999999999355 0.008262604215674192
10.859375 2.012196217318716 4.42 2.0121962045954733 4.419999999999357 0.009188315376884767
10.890625 2.0135185387286683 4.42 2.0135185259285917 4.4199999999993596 0.01018779844269984
10.921875 2.0149400183809787 4.42 2.0149400055330817 4.41999999999936 0.01126293938012599
10.953125 2.0164622733668915 4.42 2.0164622605069438 4.419999999999357 0.012415113953013106
10.984375 2.018086125901385 4.42 2.018086113071594 4.419999999999355 0.013645109164084353
11.015625 2.0198115014009557 4.42 2.019811488649215 4.419999999999354 0.014953043897151557
11.046875 2.02163732822957 4.42 2.021637315608227 4.419999999999354 0.016338289999458067
11.078125 2.0235614409904783 4.42 2.023561428554589 4.419999999999353 0.017799395177961152
11.109375 2.025580489360549 4.42 2.0255804771656205 4.41999999999935 0.019334009203016627
11.140625 2.0276898545492315 4.42 2.0276898426484857 4.419999999999348 0.020938815013958157
11.171875 2.029883575511406 4.42 2.029883563952585 4.419999999999352 0.022609466399069394
11.203125 2.032154287047852 4.42 2.032154275869747 4.419999999999353 0.02434053397314911
11.234375 2.0344931718866146 4.42 2.0344931611153783 4.419999999999353 0.026125461195244212
11.265625 2.0368899287502265 4.42 2.0368899183956533 4.419999999999353 0.027956532153544326
11.296875 2.0393327582776672 4.42 2.039332748329704 4.419999999999356 0.02982485279080091
11.328125 2.0418083684866137 4.42 2.041808358912226 4.419999999999353 0.031720347149536324
11.359375 2.0443020012320448 4.42 2.04430199197272 4.41999999999935 0.033631770080131254
11.390625 2.046797480845608 4.42 2.046797471815707 4.419999999999352 0.03554673767593849
11.421875 2.049277285829611 4.42 2.0492772769157384 4.41999999999935 0.037451776478212004
11.453125 2.0517226441352165 4.42 2.05172263519679 4.419999999999348 0.039332392231319985
11.484375 2.054113652182417 4.42 2.0541136430535576 4.419999999999348 0.041173158668053204
11.515625 2.056429417385682 4.42 2.056429407878464 4.419999999999344 0.04295782646966331
11.546875 2.0586482235407715 4.42 2.0586482134498416 4.419999999999341 0.04466945218057142
11.578125 2.0607477180124985 4.42 2.0607477071209885 4.419999999999337 0.04629054646961692
11.609375 2.062705119247272 4.42 2.0627051073338363 4.419999999999337 0.04780324072547297
11.640625 2.064497442725788 4.42 2.06449742957263 4.419999999999338 0.04918947056157731
11.671875 2.066101743077976 4.42 2.066101728479512 4.419999999999336 0.05043117439454236
11.703125 2.067495369710944 4.42 2.0674953534828893 4.419999999999331 0.051510504859034176
11.734375 2.068656232959619 4.42 2.0686562149480707 4.41999999999932 0.052410050441439045
11.765625 2.069563077464564 4.42 2.0695630575547934 4.419999999999307 0.05311306436428788
11.796875 2.0701957592201166 4.42 2.070195737344637 4.419999999999298 0.05360369744326279
11.828125 2.0705355225231545 4.42 2.0705354986687636 4.419999999999292 0.05386723137812902
11.859375 2.0705652728950668 4.42 2.0705652471084663 4.419999999999285 0.05389030873688286
11.890625 2.070269841950397 4.42 2.0702698143421343 4.419999999999278 0.05366115575656725
11.921875 2.069636240149702 4.42 2.069636210896091 4.419999999999269 0.05316979402112389
11.953125 2.06865389340291 4.42 2.0686538627457915 4.41999999999926 0.05240823709138409
11.984375 2.067314859585342 4.42 2.06731482782945 4.41999999999925 0.05137066825821273
12.015625 2.065614021190252 4.42 2.065613988698126 4.4199999999992405 0.05005359576840977
12.046875 2.063549250568907 4.42 2.063549217753316 4.419999999999232 0.048455982133748285
12.078125 2.061121544498347 4.42 2.0611215118122397 4.419999999999224 0.046579344473933665
12.109375 2.0583351251639623 4.42 2.0583350930881323 4.419999999999215 0.04442782325967287
12.140625 2.0551975050439495 4.42 2.0551974740725605 4.419999999999204 0.04200821730578457
12.171875 2.051719513628286 4.42 2.0517194842526396 4.419999999999196 0.03932998340777328
12.203125 2.0479152843898762 4.42 2.047915257080776 4.4199999999991855 0.03640519960818808
12.234375 2.043802200941359 4.42 2.0438021761306095 4.419999999999176 0.033248491709506556
12.265625 2.0394008018506593 4.42 2.0394007799123424 4.419999999999168 0.02987692330508533
12.296875 2.0347346441438843 4.42 2.0347346253760694 4.41999999999916 0.026309850264809496
12.328125 2.029830126088493 4.42 2.029830110696258 4.419999999999153 0.022568741272777516
12.359375 2.02471627041748 4.42 2.0247162584980583 4.419999999999144 0.018676966655785724
12.390625 2.0194244697209025 4.42 2.0194244612518784 4.419999999999136 0.014659558348819613
12.421875 2.013988196291482 4.42 2.0139881911229676 4.419999999999127 0.01054294440308875
12.453125 2.0084426792634016 4.42 2.008442677115032 4.419999999999118 0.006354661940193942
12.484375 2.002824552425988 4.42 2.0028245528894546 4.419999999999111 0.002123052880951984
12.515625 1.997171476625279 4.42 1.997171479172982 4.419999999999101 -0.002123052880951984
12.546875 1.9915217411845798 4.42 1.9915217451846658 4.419999999999091 -0.006354661940193942
12.578125 1.9859138492762214 4.42 1.9859138540139303 4.419999999999083 -0.01054294440308875
12.609375 1.980386092654841 4.42 1.9803860973597511 4.419999999999075 -0.014659558348819613
12.640625 1.9749761216081183 4.42 1.9749761254863443 4.419999999999068 -0.018676966655785724
12.671875 1.9697205163792832 4.42 1.9697205186493205 4.4199999999990585 -0.022568741272777516
12.703125 1.9646543666484506 4.42 1.964654366578853 4.41999999999905 -0.026309850264809496
12.734375 1.9598108659023845 4.42 1.9598108628491762 4.419999999999038 -0.02987692330508533
12.765625 1.9552209276472725 4.42 1.9552209210887599 4.4199999999990265 -0.033248491709506556
12.796875 1.9509128303965297 4.42 1.9509128199630372 4.419999999999015 -0.03640519960818808
12.828125 1.9469118981656939 4.42 1.9469118836620836 4.41999999999901 -0.03932998340777328
12.859375 1.9432402228049144 4.42 1.943240204223867 4.419999999999007 -0.04200821730578457
12.890625 1.9399164338770394 4.42 1.9399164114018594 4.4199999999990025 -0.04442782325967287
12.921875 1.936955520941497 4.42 1.9369554949378094 4.419999999998996 -0.046579344473933665
12.953125 1.934368712038066 4.42 1.9343686830347022 4.419999999998989 -0.048455982133748285
12.984375 1.9321634109059829 4.42 1.9321633795661834 4.419999999998987 -0.05005359576840977
13.015625 1.9303431940637163 4.42 1.930343161148595 4.419999999998986 -0.05137066825821273
13.046875 1.9289078673696607 4.42 1.9289078336965386 4.4199999999989785 -0.05240823709138409
13.078125 1.927853580151542 4.42 1.92785354655014 4.4199999999989705 -0.05316979402112389
13.109375 1.9271729935057045 4.42 1.927172960775303 4.419999999998965 -0.05366115575656725
13.140625 1.9268554979996249 4.42 1.9268554668701414 4.41999999999896 -0.05389030873688286
13.171875 1.9268874748282796 4.42 1.9268874459277576 4.419999999998956 -0.05386723137812902
13.203125 1.9272525935308535 4.42 1.927252567361176 4.419999999998954 -0.05360369744326279
13.234375 1.9279321387056232 4.42 1.9279321156275102 4.419999999998952 -0.05311306436428788
13.265625 1.9289053577857995 4.42 1.9289053380132994 4.41999999999895 -0.052410050441439045
13.296875 1.9301498218559552 4.42 1.930149805459903 4.4199999999989465 -0.051510504859034176
13.328125 1.9316417916789614 4.42 1.9316417785982058 4.419999999998945 -0.05043117439454236
13.359375 1.9333565815336864 4.42 1.9333565715924759 4.419999999998941 -0.04918947056157731
13.390625 1.935268914091413 4.42 1.9352689070210283 4.4199999999989386 -0.04780324072547297
13.421875 1.9373532603352746 4.42 1.937353255798015 4.419999999998936 -0.04629054646961692
13.453125 1.9395841594028806 4.42 1.9395841570164989 4.419999999998932 -0.04466945218057142
13.484375 1.9419365141599667 4.42 1.9419365135210547 4.419999999998931 -0.04295782646966331
13.515625 1.944385859251566 4.42 1.944385859956586 4.419999999998931 -0.041173158668053204
13.546875 1.9469085992908295 4.42 1.9469086009539285 4.419999999998931 -0.039332392231319985
13.578125 1.94948221570775 4.42 1.9494822179748594 4.419999999998931 -0.037451776478212004
13.609375 1.9520854415706044 4.42 1.9520854441296303 4.41999999999893 -0.03554673767593849
13.640625 1.9546984043990587 4.42 1.9546984069862876 4.419999999998929 -0.033631770080131254
13.671875 1.95730273760309 4.42 1.9573027400061256 4.419999999998925 -0.031720347149536324
13.703125 1.9598816617037973 4.42 1.9598816637615128 4.419999999998919 -0.02982485279080091
13.734375 1.9624200369228102 4.42 1.9624200385228767 4.419999999998911 -0.027956532153544326
13.765625 1.964904389070306 4.42 1.9649043901448784 4.419999999998908 -0.026125461195244212
13.796875 1.9673229109237225 4.42 1.967322911443866 4.4199999999989075 -0.02434053397314911
13.828125 1.9696654414768873 4.42 1.9696654414462857 4.419999999998913 -0.022609466399069394
13.859375 1.9719234255599836 4.42 1.9719234250083555 4.419999999998924 -0.020938815013958157
13.890625 1.974089856391506 4.42 1.9740898553681507 4.419999999998939 -0.019334009203016627
13.921875 1.9761592036319984 4.42 1.9761592021997225 4.419999999998955 -0.017799395177961152
13.953125 1.9781273294720345 4.42 1.9781273277016955 4.41999999999897 -0.016338289999458067
13.984375 1.979991395210803 4.42 1.9799913931765973 4.41999999999898 -0.014953043897151557
14.015625 1.981749760672456 4.42 1.9817497584480142 4.419999999998984 -0.013645109164084353
14.046875 1.9834018786710628 4.42 1.9834018763263683 4.419999999998986 -0.012415113953013106
14.078125 1.9849481865768634 4.42 1.9849481841759633 4.419999999998984 -0.01126293938012599
14.109375 1.9863899968615493 4.42 1.9863899944610046 4.41999999999898 -0.01018779844269984
14.140625 1.9877293883133245 4.42 1.9877293859612999 4.419999999998978 -0.009188315376884767
14.171875 1.9889690994176923 4.42 1.9889690971536056 4.4199999999989785 -0.008262604215674192
14.203125 1.9901124252015152 4.42 1.9901124230561336 4.419999999998976 -0.007408345450915949
14.234375 1.9911631186394274 4.42 1.9911631166352874 4.419999999998973 -0.006622859852864577
14.265625 1.99212529752645 4.42 1.9921252956785829 4.419999999998975 -0.00590317865247471
14.296875 1.9930033575321322 4.42 1.993003355848909 4.419999999998975 -0.005246109441955015
14.328125 1.9938018919712315 4.42 1.9938018904553343 4.419999999998973 -0.004648297295010989
14.359375 1.9945256186574678 4.42 1.9945256173068624 4.4199999999989705 -0.004106280747108303
14.390625 1.9951793140506708 4.42 1.9951793128595772 4.419999999998965 -0.003616542405846326
14.421875 1.9957677547660606 4.42 1.995767753725887 4.419999999998966 -0.0031755540804596885
14.453125 1.9962956663880846 4.42 1.9962956654882404 4.419999999998966 -0.002779816426326757
14.484375 1.9967676794204197 4.42 1.996767678649046 4.4199999999989625 -0.0024258931943456344
14.515625 1.997188292109604 4.42 1.9971882914541936 4.419999999998959 -0.0021104402557239545
14.546875 1.9975618398012698 4.42 1.9975618392491863 4.419999999998955 -0.001830229640059798
14.578125 1.9978924704252747 4.42 1.997892469964147 4.419999999998954 -0.0015821688788247121
14.609375 1.9981841256582533 4.42 1.9981841252762769 4.419999999998953 -0.00136331598802327
14.640625 1.9984405272785264 4.42 1.9984405269646897 4.4199999999989545 -0.0011708904536466504
14.671875 1.9986651682077268 4.42 1.9986651679519392 4.419999999998954 -0.0010022806024855794
14.703125 1.9988613077245903 4.42 1.9988613075177701 4.419999999998952 -0.0008550477499748933
14.734375 1.9990319703381538 4.42 1.9990319701722399 4.419999999998951 -0.0007269275171483163
14.765625 1.9991799478182228 4.42 1.9991799476861616 4.419999999998952 -0.0006158287016735327
14.796875 1.9993078038995158 4.42 1.999307803795216 4.419999999998952 -0.0005198300745101878
14.828125 1.9994178812005547 4.42 1.9994178811188128 4.419999999998949 -0.00043717545516134556
14.859375 1.99951230992801 4.42 1.9995123098644474 4.4199999999989465 -0.0003662673958988225
14.890625 1.9995930179706496 4.42 1.9995930179216002 4.419999999998948 -0.0003056597797921633
14.921875 1.9996617420225855 4.42 1.9996617419850313 4.4199999999989465 -0.00025404960983168684
14.953125 1.999720039413015 4.42 1.999720039384484 4.419999999998945 -0.00021026823778249598
14.984375 1.9997693003569494 4.42 1.9997693003354398 4.419999999998943 -0.00017327225240822825
15.015625 1.9998107603788529 4.42 1.9998107603627684 4.419999999998941 -0.00014213421802187232
15.046875 1.9998455126971721 4.42 1.9998455126852355 4.419999999998941 -0.00011603342650898227
15.078125 1.999874520392045 4.42 1.9998745203832604 4.419999999998941 -9.424679947325484e-05
15.109375 1.9998986282110494 4.42 1.9998986282046363 4.419999999998941 -7.614005232250465e-05
15.140625 1.999918573897409 4.42 1.9999185738927667 4.419999999998939 -6.115920919813026e-05
15.171875 1.9999349989524853 4.42 1.999934998949153 4.419999999998938 -4.882253682205016e-05
15.203125 1.9999484587685772 4.42 1.9999484587662066 4.419999999998936 -3.871294668531413e-05
15.234375 1.999959432089632 4.42 1.9999594320879601 4.419999999998932 -3.047089856032277e-05
15.265625 1.9999683297760873 4.42 1.9999683297749205 4.419999999998931 -2.3787824056655596e-05
15.296875 1.9999755028660222 4.42 1.9999755028652142 4.419999999998928 -1.8400076786345152e-05
15.328125 1.999981249938037 4.42 1.9999812499374854 4.419999999998929 -1.4083405549510238e-05
15.359375 1.9999858237922623 4.42 1.9999858237918902 4.419999999998927 -1.0647938659910819e-05
15.390625 1.999989437474398 4.42 1.9999894374741496 4.419999999998925 -7.933660947464523e-06
15.421875 1.9999922696744026 4.42 1.9999922696742394 4.419999999998925 -5.806359934410772e-06
15.453125 1.999994469536225 4.42 1.9999944695361174 4.419999999998927 -4.154014011294916e-06
15.484375 1.999996160918165 4.42 1.9999961609180965 4.419999999998925 -2.8835929655655025e-06
15.515625 1.9999974461454166 4.42 1.9999974461453758 4.419999999998925 -1.91823977061019e-06
15.546875 1.9999984092970067 4.42 1.9999984092969827 4.419999999998925 -1.1948019652308614e-06
15.578125 1.999999119069154 4.42 1.9999991190691393 4.419999999998925 -6.6168109169794e-07
15.609375 1.9999996312561468 4.42 1.9999996312561394 4.4199999999989235 -2.769693754259723e-07
15.640625 1.9999999908882304 4.42 1.9999999908882289 4.419999999998922 -6.84399496390746e-09
15.671875 2.0000002340639775 4.42 2.000000234063978 4.4199999999989235 1.75809204796358e-07
15.703125 2.0000003895123237 4.42 2.0000003895123237 4.419999999998925 2.9256895874623466e-07
15.734375 2.000000479916894 4.42 2.0000004799168924 4.419999999998925 3.6047328921586107e-07
15.765625 2.000000523032596 4.42 2.0000005230325977 4.419999999998925 3.92858192564735e-07
15.796875 2.000000532621816 4.42 2.0000005326218186 4.419999999998925 4.00060811963365e-07
15.828125 2.0000005192348143 4.42 2.0000005192348134 4.419999999998925 3.900056158431509e-07
15.859375 2.0000004908564546 4.42 2.000000490856457 4.4199999999989235 3.686901735755997e-07
15.890625 2.0000004534389504 4.42 2.0000004534389513 4.41999999999892 3.405852802832484e-07
15.921875 2.000000411337833 4.42 2.000000411337834 4.41999999999892 3.089624517400078e-07
15.953125 2.0000003676664893 4.42 2.00000036766649 4.419999999998922 2.7616020174017365e-07
15.984375 2.0000003245823836 4.42 2.000000324582384 4.41999999999892 2.4379903603245343e-07
16.015625 2.000000283516449 4.42 2.0000002835164503 4.419999999998918 2.129537521443204e-07
16.046875 2.0000002453554675 4.42 2.000000245355464 4.41999999999892 1.842904225897277e-07
16.078125 2.0000002105857835 4.42 2.000000210585782 4.41999999999892 1.581743565263702e-07
16.109375 2.0000001794055433 4.42 2.0000001794055393 4.41999999999892 1.3475437614470108e-07
16.140625 2.0000001518113066 4.42 2.0000001518113013 4.419999999998918 1.1402790157076528e-07
16.171875 2.0000001276641726 4.42 2.000000127664169 4.419999999998916 9.589060343071351e-08
16.203125 2.0000001067395003 4.42 2.0000001067394955 4.419999999998916 8.017374642759501e-08
16.234375 2.0000000887636533 4.42 2.000000088763649 4.419999999998917 6.667180104523568e-08
16.265625 2.000000073440636 4.42 2.0000000734406265 4.419999999998918 5.5162434587404565e-08
16.296875 2.000000060470817 4.42 2.0000000604708097 4.419999999998917 4.542059821685135e-08
16.328125 2.0000000495637114 4.42 2.000000049563701 4.419999999998917 3.722809494294276e-08
16.359375 2.000000040446134 4.42 2.0000000404461225 4.419999999998917 3.037973662956737e-08
16.390625 2.0000000328670513 4.42 2.0000000328670424 4.419999999998916 2.4686968687730042e-08
16.421875 2.000000026599957 4.42 2.0000000265999462 4.419999999998915 1.9979652470463198e-08
16.453125 2.0000000214434825 4.42 2.00000002144347 4.419999999998913 1.610654146399652e-08
16.484375 2.0000000172208603 4.42 2.0000000172208487 4.419999999998911 1.2934862794373492e-08
16.515625 2.0000000137785836 4.42 2.000000013778574 4.419999999998909 1.0349315607112637e-08
16.546875 2.000000010984613 4.42 2.0000000109846017 4.419999999998907 8.250718395545009e-09
16.578125 2.0000000087263166 4.42 2.000000008726304 4.419999999998904 6.554474776039984e-09
16.609375 2.0000000069083574 4.42 2.0000000069083477 4.419999999998904 5.1889784705830064e-09
16.640625 2.000000005450611 4.42 2.000000005450599 4.419999999998907 4.094040754180995e-09
16.671875 2.0000000042861488 4.42 2.0000000042861377 4.419999999998909 3.219395161131922e-09
16.703125 2.0000000033594176 4.42 2.000000003359406 4.419999999998909 2.523312985973188e-09
16.734375 2.000000002624555 4.42 2.000000002624545 4.419999999998909 1.971347542156692e-09
16.765625 2.0000000020439117 4.42 2.0000000020438966 4.419999999998909 1.5352140059132596e-09
16.796875 2.0000000015867094 4.42 2.000000001586697 4.419999999998907 1.191803958165589e-09
16.828125 2.000000001227944 4.42 2.0000000012279298 4.419999999998906 9.22328624068492e-10
16.859375 2.0000000009473657 4.42 2.0000000009473515 4.419999999998904 7.115816430660233e-10
16.890625 2.000000000728664 4.42 2.0000000007286483 4.419999999998902 5.473104646628257e-10
16.921875 2.00000000055875 4.42 2.000000000558733 4.4199999999989 4.196847518033573e-10
16.953125 2.0000000004271636 4.42 2.000000000427149 4.4199999999989 3.2085017244722926e-10
16.984375 2.000000000325593 4.42 2.0000000003255742 4.4199999999989 2.445564327745659e-10
17.015625 2.0000000002474296 4.42 2.0000000002474145 4.419999999998899 1.8584917425466984e-10
17.046875 2.000000000187475 4.42 2.000000000187459 4.419999999998899 1.4081629059050188e-10
17.078125 2.0000000001416303 4.42 2.000000000141611 4.419999999998899 1.0638022529341046e-10
17.109375 2.00000000010668 4.42 2.000000000106661 4.419999999998896 8.012882088826562e-11
17.140625 2.0000000000801195 4.42 2.0000000000800995 4.419999999998895 6.017826279695694e-11
17.171875 2.0000000000599947 4.42 2.0000000000599742 4.419999999998895 4.506256740414861e-11
17.203125 2.0000000000447926 4.42 2.000000000044772 4.419999999998895 3.364488926874075e-11
17.234375 2.000000000033345 4.42 2.0000000000333245 4.419999999998893 2.5046660111161175e-11
17.265625 2.00000000002475 4.42 2.0000000000247296 4.4199999999988915 1.8591221278310382e-11
17.296875 2.000000000018317 4.42 2.000000000018296 4.41999999999889 1.3759175065993107e-11
17.328125 2.000000000013519 4.42 2.000000000013495 4.419999999998888 1.0153164275917284e-11
17.359375 2.0000000000099463 4.42 2.0000000000099223 4.419999999998886 7.470200829441743e-12
17.390625 2.0000000000072955 4.42 2.000000000007273 4.419999999998884 5.480010911465506e-12
17.421875 2.0000000000053384 4.42 2.000000000005313 4.419999999998883 4.008153816462366e-12
17.453125 2.0000000000038916 4.42 2.000000000003869 4.419999999998883 2.922911974610753e-12
17.484375 2.00000000000283 4.42 2.0000000000028058 4.419999999998884 2.1251475998174054e-12
17.515625 2.00000000000205 4.42 2.0000000000020277 4.419999999998883 1.5404834363647938e-12
17.546875 2.0000000000014806 4.42 2.0000000000014584 4.419999999998883 1.113296906264696e-12
17.578125 2.0000000000010667 4.42 2.0000000000010436 4.419999999998881 8.021235938183894e-13
17.609375 2.0000000000007665 4.42 2.0000000000007434 4.419999999998879 5.761517913992377e-13
17.640625 2.00000000000055 4.42 2.000000000000525 4.419999999998877 4.1255848706260836e-13
17.671875 2.0000000000003904 4.42 2.0000000000003677 4.419999999998874 2.9449184610589434e-13
17.703125 2.0000000000002776 4.42 2.000000000000256 4.419999999998868 2.0954856369736308e-13
17.734375 2.0000000000001994 4.42 2.0000000000001754 4.419999999998865 1.4862863863463673e-13
17.765625 2.0000000000001403 4.42 2.0000000000001164 4.419999999998867 1.050769502468153e-13
17.796875 2.000000000000098 4.42 2.0000000000000746 4.419999999998867 7.404199539793786e-14
17.828125 2.0000000000000693 4.42 2.0000000000000453 4.419999999998867 5.1998468342356297e-14
17.859375 2.0000000000000515 4.42 2.000000000000024 4.419999999998867 3.63930197719041e-14
17.890625 2.000000000000034 4.42 2.0000000000000098 4.419999999998866 2.53822982660602e-14
17.921875 2.0000000000000266 4.42 1.999999999999999 4.419999999998867 1.7639885483553146e-14
17.953125 2.0000000000000178 4.42 1.9999999999999925 4.419999999998864 1.2214485147172358e-14
17.984375 2.0000000000000124 4.42 1.9999999999999876 4.419999999998861 8.426110147273168e-15
18.015625 2.0000000000000075 4.42 1.9999999999999842 4.41999999999886 5.790342783568785e-15
18.046875 2.0000000000000058 4.42 1.9999999999999822 4.4199999999988595 3.963263749308563e-15
18.078125 2.0000000000000053 4.42 1.999999999999981 4.4199999999988595 2.7015457262591083e-15
18.109375 2.0000000000000053 4.42 1.9999999999999802 4.419999999998859 1.833634667520214e-15
18.140625 2.000000000000004 4.42 1.9999999999999805 4.419999999998856 1.2390097532254693e-15
18.171875 2.0000000000000018 4.42 1.9999999999999805 4.419999999998852 8.333090963179003e-16
18.203125 2.0 4.42 1.999999999999981 4.41999999999885 5.576995431938721e-16
18.234375 2.0 4.42 1.9999999999999813 4.41999999999885 3.7130643844254734e-16
18.265625 2.0 4.42 1.9999999999999813 4.41999999999885 2.4584179170539287e-16
18.296875 1.999999999999999 4.42 1.9999999999999816 4.419999999998848 1.6180622920595578e-16
18.328125 1.999999999999999 4.42 1.9999999999999822 4.419999999998848 1.0581352319837788e-16
18.359375 1.999999999999999 4.42 1.9999999999999822 4.419999999998847 6.871293963104205e-17
18.390625 1.999999999999999 4.42 1.9999999999999818 4.419999999998847 4.427650759039602e-17
18.421875 1.999999999999999 4.42 1.9999999999999822 4.419999999998843 2.828480622676629e-17
18.453125 1.999999999999999 4.42 1.9999999999999822 4.419999999998843 1.7892814642745072e-17
18.484375 1.999999999999999 4.42 1.9999999999999827 4.41999999999884 1.1191819602844879e-17
18.515625 1.999999999999999 4.42 1.9999999999999827 4.41999999999884 6.908033070364404e-18
18.546875 1.999999999999999 4.42 1.9999999999999827 4.419999999998842 4.1961531058258706e-18
18.578125 1.999999999999999 4.42 1.9999999999999822 4.41999999999884 2.498590031010466e-18
18.609375 1.999999999999999 4.42 1.9999999999999822 4.419999999998838 1.449916056694189e-18
18.640625 1.999999999999999 4.42 1.9999999999999827 4.419999999998835 8.123242558628094e-19
18.671875 1.999999999999999 4.42 1.9999999999999827 4.419999999998831 4.3225443940309184e-19
18.703125 1.999999999999999 4.42 1.9999999999999827 4.419999999998829 2.1139984100659238e-19
18.734375 1.999999999999999 4.42 1.999999999999983 4.419999999998826 8.743644241968582e-20
18.765625 1.999999999999999 4.42 1.9999999999999836 4.419999999998824 2.1292021952213176e-20
18.796875 1.999999999999999 4.42 1.9999999999999842 4.419999999998822 -1.120966778113034e-20
18.828125 1.999999999999999 4.42 1.9999999999999836 4.419999999998822 -2.4794409328619503e-20
18.859375 1.999999999999999 4.42 1.9999999999999842 4.419999999998822 -2.8258874022225216e-20
18.890625 1.999999999999999 4.42 1.9999999999999842 4.419999999998822 -2.672813031849725e-20
18.921875 1.999999999999999 4.42 1.999999999999985 4.419999999998822 -2.3088901174160298e-20
18.953125 1.999999999999999 4.42 1.9999999999999842 4.419999999998822 -1.8889436847287846e-20
18.984375 1.999999999999999 4.42 1.999999999999984 4.41999999999882 -1.489719778190366e-20
19.015625 1.999999999999999 4.42 1.999999999999985 4.419999999998817 -1.143913179228943e-20
19.046875 1.999999999999999 4.42 1.999999999999985 4.419999999998816 -8.605353010410987e-21
19.078125 1.999999999999999 4.42 1.9999999999999856 4.419999999998813 -6.368100805829833e-21
19.109375 1.999999999999999 4.42 1.9999999999999862 4.4199999999988115 -4.648962114637106e-21
19.140625 1.999999999999999 4.42 1.9999999999999867 4.41999999999881 -3.3550959936201877e-21
19.171875 1.999999999999999 4.42 1.9999999999999867 4.419999999998808 -2.397332648142728e-21
19.203125 1.999999999999999 4.42 1.9999999999999865 4.419999999998806 -1.698014209741317e-21
19.234375 1.999999999999999 4.42 1.9999999999999867 4.419999999998803 -1.193295339358929e-21
19.265625 1.999999999999999 4.42 1.9999999999999867 4.419999999998803 -8.326656155385357e-22
19.296875 1.999999999999999 4.42 1.9999999999999867 4.4199999999988 -5.77259160798956e-22
19.328125 1.999999999999999 4.42 1.999999999999987 4.419999999998797 -3.977987490968176e-22
19.359375 1.999999999999999 4.42 1.9999999999999871 4.4199999999987964 -2.7260073698019643e-22
19.390625 1.999999999999999 4.42 1.9999999999999876 4.419999999998792 -1.8582826090560647e-22
19.421875 1.999999999999999 4.42 1.9999999999999882 4.4199999999987885 -1.2605058654817386e-22
19.453125 1.999999999999999 4.42 1.9999999999999876 4.4199999999987885 -8.510108664216983e-23
19.484375 1.999999999999999 4.42 1.9999999999999876 4.419999999998785 -5.719737357640802e-23
19.515625 1.999999999999999 4.42 1.9999999999999882 4.419999999998781 -3.8277972523577195e-23
19.546875 1.999999999999999 4.42 1.999999999999989 4.419999999998778 -2.5510813027808987e-23
19.578125 1.999999999999999 4.42 1.9999999999999896 4.419999999998776 -1.6934177460038927e-23
19.609375 1.999999999999999 4.42 1.9999999999999896 4.419999999998776 -1.1197544736359961e-23
19.640625 1.999999999999999 4.42 1.9999999999999896 4.419999999998776 -7.376468727502132e-24
19.671875 1.999999999999999 4.42 1.9999999999999896 4.419999999998776 -4.8415436441065506e-24
19.703125 1.999999999999999 4.42 1.9999999999999896 4.419999999998775 -3.1664072085467803e-24
19.734375 1.999999999999999 4.42 1.9999999999999902 4.419999999998774 -2.063626327147327e-24
19.765625 1.999999999999999 4.42 1.9999999999999902 4.419999999998776 -1.3403152088627167e-24
19.796875 1.999999999999999 4.42 1.9999999999999902 4.419999999998774 -8.676038409735593e-25
19.828125 1.999999999999999 4.42 1.9999999999999902 4.419999999998771 -5.5975613110885925e-25
19.859375 1.999999999999999 4.42 1.9999999999999902 4.419999999998771 -3.599654906553355e-25
19.890625 1.999999999999999 4.42 1.9999999999999907 4.419999999998768 -2.3074218514254646e-25
19.921875 1.999999999999999 4.42 1.9999999999999907 4.419999999998765 -1.474398097469421e-25
19.953125 1.999999999999999 4.42 1.9999999999999907 4.419999999998762 -9.391605402168255e-26
19.984375 1.999999999999999 4.42 1.9999999999999907 4.41999999999876 -5.963706537766583e-26
20.015625 1.999999999999999 4.42 1.9999999999999907 4.419999999998757 -3.775344399229274e-26
20.046875 1.999999999999999 4.42 1.9999999999999907 4.419999999998755 -2.3827139994964814e-26
20.078125 1.999999999999999 4.42 1.999999999999991 4.419999999998754 -1.49924343140427e-26
20.109375 1.999999999999999 4.42 1.999999999999991 4.419999999998753 -9.405155247393542e-27
20.140625 1.999999999999999 4.42 1.999999999999991 4.419999999998752 -5.882486307471667e-27
20.171875 1.999999999999999 4.42 1.999999999999991 4.419999999998752 -3.668289004728993e-27
20.203125 1.999999999999999 4.42 1.9999999999999911 4.419999999998749 -2.2807587812770227e-27
20.234375 1.999999999999999 4.42 1.9999999999999916 4.419999999998747 -1.4138812796945444e-27
20.265625 1.999999999999999 4.42 1.9999999999999916 4.419999999998746 -8.73912572067705e-28
20.296875 1.999999999999999 4.42 1.999999999999992 4.419999999998744 -5.38576355657764e-28
20.328125 1.999999999999999 4.42 1.9999999999999922 4.419999999998743 -3.3094267750190695e-28
20.359375 1.999999999999999 4.42 1.9999999999999922 4.419999999998743 -2.027615344466844e-28
20.390625 1.999999999999999 4.42 1.999999999999993 4.419999999998742 -1.238642375332453e-28
20.421875 1.999999999999999 4.42 1.9999999999999922 4.419999999998743 -7.544549486732463e-29
20.453125 1.999999999999999 4.42 1.999999999999993 4.419999999998742 -4.5819074330769235e-29
20.484375 1.999999999999999 4.42 1.9999999999999942 4.419999999998738 -2.774487006777097e-29
20.515625 1.999999999999999 4.42 1.999999999999995 4.419999999998735 -1.6750947021985322e-29
20.546875 1.999999999999999 4.42 1.9999999999999947 4.419999999998735 -1.0083523940785047e-29
20.578125 1.999999999999999 4.42 1.999999999999995 4.419999999998733 -6.0519690049571036e-30
20.609375 1.999999999999999 4.42 1.999999999999995 4.419999999998733 -3.621484103504994e-30
20.640625 1.999999999999999 4.42 1.999999999999995 4.419999999998732 -2.1606037380466126e-30
20.671875 1.999999999999999 4.42 1.999999999999996 4.419999999998731 -1.2851516331372023e-30
20.703125 1.999999999999999 4.42 1.9999999999999971 4.419999999998726 -7.621057735477044e-31
20.734375 1.999999999999999 4.42 1.9999999999999976 4.4199999999987245 -4.505546363689017e-31
20.765625 1.999999999999999 4.42 1.9999999999999982 4.419999999998723 -2.65545774288298e-31
20.796875 1.999999999999999 4.42 1.9999999999999987 4.419999999998721 -1.5601918693651058e-31
20.828125 1.999999999999999 4.42 1.9999999999999987 4.419999999998722 -9.137948787512768e-32
20.859375 1.999999999999999 4.42 1.9999999999999987 4.419999999998723 -5.335009896503985e-32
20.890625 1.999999999999999 4.42 1.9999999999999991 4.419999999998721 -3.104698038737646e-32
20.921875 1.999999999999999 4.42 1.9999999999999996 4.419999999998719 -1.8008638503315503e-32
20.953125 1.999999999999999 4.42 1.9999999999999996 4.419999999998717 -1.04111138669265e-32
20.984375 1.999999999999999 4.42 1.9999999999999996 4.419999999998716 -5.998506676741735e-33
21.015625 1.999999999999999 4.42 1.9999999999999991 4.419999999998714 -3.444218049896123e-33
21.046875 1.999999999999999 4.42 1.9999999999999996 4.41999999999871 -1.9706444301768363e-33
21.078125 1.999999999999999 4.42 2.0 4.419999999998707 -1.123468433039923e-33
21.109375 1.999999999999999 4.42 2.0000000000000013 4.419999999998701 -6.381297208125961e-34
21.140625 1.999999999999999 4.42 2.0000000000000018 4.4199999999987005 -3.610838991254936e-34
21.171875 1.999999999999999 4.42 2.000000000000002 4.4199999999987 -2.0352048920353324e-34
21.203125 1.999999999999999 4.42 2.0000000000000018 4.4199999999987005 -1.142489249897584e-34
21.234375 1.999999999999999 4.42 2.000000000000001 4.419999999998703 -6.386682306426079e-35
21.265625 1.999999999999999 4.42 2.000000000000001 4.419999999998701 -3.554705609886775e-35
21.296875 1.999999999999999 4.42 1.9999999999999996 4.419999999998703 -1.969481613251063e-35
21.328125 1.999999999999999 4.42 1.999999999999999 4.419999999998701 -1.0859796109704051e-35
21.359375 1.999999999999999 4.42 1.9999999999999987 4.419999999998701 -5.957967746992783e-36
21.390625 1.999999999999999 4.42 1.9999999999999991 4.4199999999987 -3.251223154159321e-36
21.421875 1.999999999999999 4.42 2.000000000000001 4.419999999998695 -1.764039657518716e-36
21.453125 1.999999999999999 4.42 2.000000000000001 4.419999999998695 -9.512456240138327e-37
21.484375 1.999999999999999 4.42 2.000000000000001 4.419999999998694 -5.095304745953352e-37
21.515625 1.999999999999999 4.42 2.0000000000000013 4.4199999999986925 -2.709319313161419e-37
21.546875 1.999999999999999 4.42 2.000000000000001 4.419999999998693 -1.4289429136809048e-37
21.578125 1.999999999999999 4.42 2.000000000000001 4.419999999998693 -7.467854512244359e-38
21.609375 1.999999999999999 4.42 2.000000000000001 4.419999999998693 -3.862246412839405e-38
21.640625 1.999999999999999 4.42 2.000000000000001 4.419999999998691 -1.9733640409492698e-38
21.671875 1.999999999999999 4.42 2.0000000000000018 4.41999999999869 -9.937973385277114e-39
21.703125 1.999999999999999 4.42 2.000000000000001 4.419999999998691 -4.9171664344323987e-39
21.734375 1.999999999999999 4.42 2.000000000000001 4.419999999998689 -2.379148315477548e-39
21.765625 1.999999999999999 4.42 2.0000000000000027 4.419999999998685 -1.1175793032213454e-39
21.796875 1.999999999999999 4.42 2.000000000000001 4.419999999998688 -5.035814308975148e-40
21.828125 1.999999999999999 4.42 2.000000000000001 4.419999999998689 -2.128823627925937e-40
21.859375 1.999999999999999 4.42 2.0000000000000013 4.419999999998687 -8.040211368904828e-41
21.890625 1.999999999999999 4.42 2.0000000000000018 4.419999999998685 -2.3380523158598155e-41
21.921875 1.999999999999999 4.42 2.0000000000000027 4.419999999998684 -1.1041630246284527e-42
21.953125 1.999999999999999 4.42 2.0000000000000036 4.419999999998679 5.97690423008472e-42
21.984375 1.999999999999999 4.42 2.0000000000000053 4.419999999998675 6.949926403797957e-42
22.015625 1.999999999999999 4.42 2.0000000000000044 4.4199999999986765 5.846063377957028e-42
22.046875 1.999999999999999 4.42 2.0000000000000053 4.419999999998675 4.325788212120148e-42
22.078125 1.999999999999999 4.42 2.0000000000000044 4.419999999998677 2.984371359915005e-42
22.109375 1.999999999999999 4.42 2.0000000000000044 4.419999999998678 1.9689254483153933e-42
22.140625 1.999999999999999 4.42 2.0000000000000044 4.419999999998678 1.258888113997978e-42
22.171875 1.999999999999999 4.42 2.0000000000000044 4.419999999998679 7.862381985663504e-43
22.203125 1.999999999999999 4.42 2.0000000000000044 4.4199999999986765 4.8208921257584945e-43
22.234375 1.999999999999999 4.42 2.0000000000000044 4.419999999998675 2.91205779188509e-43
22.265625 1.999999999999999 4.42 2.0000000000000044 4.419999999998675 1.7371316768754017e-43
22.296875 1.999999999999999 4.42 2.0000000000000053 4.419999999998671 1.025195040406753e-43
22.328125 1.999999999999999 4.42 2.0000000000000053 4.419999999998669 5.993943055649722e-44
22.359375 1.999999999999999 4.42 2.000000000000005 4.419999999998668 3.4754386748737267e-44
22.390625 1.999999999999999 4.42 2.0000000000000044 4.419999999998668 2.0001391905388715e-44
22.421875 1.999999999999999 4.42 2.0000000000000044 4.419999999998666 1.1432892156771465e-44
22.453125 1.999999999999999 4.42 2.0000000000000053 4.419999999998661 6.494345351696857e-45
22.484375 1.999999999999999 4.42 2.0000000000000044 4.4199999999986606 3.6677085226756304e-45
22.515625 1.999999999999999 4.42 2.0000000000000044 4.419999999998659 2.060150041016556e-45
22.546875 1.999999999999999 4.42 2.0000000000000044 4.419999999998659 1.1512940178789018e-45
22.578125 1.999999999999999 4.42 2.0000000000000044 4.419999999998659 6.402876193520721e-46
22.609375 1.999999999999999 4.42 2.0000000000000044 4.419999999998657 3.544595714090166e-46
22.640625 1.999999999999999 4.42 2.0000000000000044 4.419999999998655 1.9536579209753196e-46
22.671875 1.999999999999999 4.42 2.000000000000004 4.4199999999986535 1.0722511834554478e-46
22.703125 1.999999999999999 4.42 2.0000000000000044 4.419999999998652 5.8610728285051535e-47
22.734375 1.999999999999999 4.42 2.0000000000000044 4.4199999999986535 3.1911596593010844e-47
22.765625 1.999999999999999 4.42 2.000000000000004 4.4199999999986535 1.7308607822853055e-47
22.796875 1.999999999999999 4.42 2.000000000000004 4.419999999998652 9.353267962350299e-48
22.828125 1.999999999999999 4.42 2.0000000000000044 4.41999999999865 5.0360797287801475e-48
22.859375 1.999999999999999 4.42 2.000000000000004 4.419999999998646 2.702002356417873e-48
22.890625 1.999999999999999 4.42 2.0000000000000044 4.419999999998646 1.4446905109718582e-48
22.921875 1.999999999999999 4.42 2.0000000000000044 4.419999999998646 7.698188899911537e-49
22.953125 1.999999999999999 4.42 2.0000000000000053 4.4199999999986455 4.0883930329748965e-49
22.984375 1.999999999999999 4.42 2.0000000000000053 4.419999999998645 2.164163558795051e-49
23.015625 1.999999999999999 4.42 2.0000000000000053 4.419999999998641 1.1418828486624206e-49
23.046875 1.999999999999999 4.42 2.0000000000000053 4.419999999998639 6.005727064687491e-50
23.078125 1.999999999999999 4.42 2.0000000000000044 4.419999999998639 3.1487547339947423e-50
23.109375 1.999999999999999 4.42 2.0000000000000053 4.419999999998634 1.645720846417934e-50
23.140625 1.999999999999999 4.42 2.0000000000000053 4.419999999998632 8.574936586047256e-51
23.171875 1.999999999999999 4.42 2.0000000000000053 4.41999999999863 4.454253611117328e-51
23.203125 1.999999999999999 4.42 2.0000000000000053 4.419999999998629 2.3067406877601848e-51
23.234375 1.999999999999999 4.42 2.000000000000005 4.419999999998627 1.1909998921582205e-51
23.265625 1.999999999999999 4.42 2.000000000000005 4.419999999998624 6.1308674558564455e-52
23.296875 1.999999999999999 4.42 2.0000000000000053 4.4199999999986215 3.1465632025112256e-52
23.328125 1.999999999999999 4.42 2.0000000000000053 4.4199999999986215 1.6101315822779676e-52
23.359375 1.999999999999999 4.42 2.000000000000005 4.419999999998624 8.214889684997225e-53
23.390625 1.999999999999999 4.42 2.000000000000005 4.419999999998625 4.178897469918695e-53
23.421875 1.999999999999999 4.42 2.0000000000000044 4.419999999998623 2.119554414886232e-53
23.453125 1.999999999999999 4.42 2.0000000000000044 4.4199999999986215 1.07189611230049e-53
23.484375 1.999999999999999 4.42 2.000000000000005 4.4199999999986215 5.404899700758321e-54
23.515625 1.999999999999999 4.42 2.000000000000004 4.419999999998623 2.71737836329482e-54
23.546875 1.999999999999999 4.42 2.0000000000000036 4.4199999999986215 1.3621972531801136e-54
23.578125 1.999999999999999 4.42 2.0000000000000036 4.419999999998618 6.808576983337657e-55
23.609375 1.999999999999999 4.42 2.0000000000000036 4.419999999998616 3.3931056550831865e-55
23.640625 1.999999999999999 4.42 2.0000000000000036 4.419999999998618 1.686011193240446e-55
23.671875 1.999999999999999 4.42 2.0000000000000036 4.419999999998614 8.352991740634592e-56
23.703125 1.999999999999999 4.42 2.0000000000000044 4.419999999998611 4.126081146814488e-56
23.734375 1.999999999999999 4.42 2.0000000000000044 4.419999999998607 2.0320867377757505e-56
23.765625 1.999999999999999 4.42 2.0000000000000053 4.419999999998602 9.978129800561989e-57
23.796875 1.999999999999999 4.42 2.0000000000000053 4.419999999998598 4.884848740431868e-57
23.828125 1.999999999999999 4.42 2.0000000000000053 4.4199999999985975 2.3841835575636754e-57
23.859375 1.999999999999999 4.42 2.0000000000000053 4.4199999999985975 1.1601261438237894e-57
23.890625 1.999999999999999 4.42 2.0000000000000053 4.4199999999985975 5.6277758939184945e-58
23.921875 1.999999999999999 4.42 2.0000000000000053 4.419999999998599 2.7215866533612825e-58
23.953125 1.999999999999999 4.42 2.0000000000000053 4.4199999999985975 1.3120415267055653e-58
23.984375 1.999999999999999 4.42 2.0000000000000053 4.419999999998597 6.305182608170241e-59
24.015625 1.999999999999999 4.42 2.0000000000000053 4.419999999998593 3.0203361416968546e-59
24.046875 1.999999999999999 4.42 2.0000000000000053 4.419999999998592 1.442119640701555e-59
24.078125 1.999999999999999 4.42 2.0000000000000053 4.419999999998591 6.863006283915339e-60
24.109375 1.999999999999999 4.42 2.0000000000000053 4.419999999998591 3.2551487659220895e-60
24.140625 1.999999999999999 4.42 2.0000000000000053 4.419999999998592 1.5386651948267813e-60
24.171875 1.999999999999999 4.42 2.0000000000000053 4.419999999998591 7.247774453020917e-61
24.203125 1.999999999999999 4.42 2.0000000000000053 4.419999999998588 3.401882857024736e-61
24.234375 1.999999999999999 4.42 2.0000000000000053 4.419999999998586 1.590929990931295e-61
24.265625 1.999999999999999 4.42 2.0000000000000053 4.419999999998586 7.4123871613528855e-62
24.296875 1.999999999999999 4.42 2.000000000000005 4.419999999998586 3.4402769321153487e-62
24.328125 1.999999999999999 4.42 2.0000000000000044 4.419999999998584 1.5903905636321816e-62
24.359375 1.999999999999999 4.42 2.0000000000000044 4.419999999998582 7.321984942534789e-63
24.390625 1.999999999999999 4.42 2.000000000000005 4.419999999998579 3.356600044717967e-63
24.421875 1.999999999999999 4.42 2.0000000000000044 4.419999999998579 1.5319234162033377e-63
24.453125 1.999999999999999 4.42 2.0000000000000044 4.419999999998578 6.959052145299416e-64
24.484375 1.999999999999999 4.42 2.0000000000000044 4.419999999998579 3.145813634902412e-64
24.515625 1.999999999999999 4.42 2.0000000000000036 4.419999999998581 1.414693107295441e-64
24.546875 1.999999999999999 4.42 2.0000000000000027 4.419999999998581 6.326920398120275e-65
24.578125 1.999999999999999 4.42 2.0000000000000027 4.419999999998579 2.8128757645194546e-65
24.609375 1.999999999999999 4.42 2.0000000000000027 4.419999999998576 1.2425942366207413e-65
24.640625 1.999999999999999 4.42 2.0000000000000027 4.419999999998575 5.451008665905134e-66
24.671875 1.999999999999999 4.42 2.000000000000002 4.4199999999985735 2.372921497325267e-66
24.703125 1.999999999999999 4.42 2.0000000000000013 4.419999999998575 1.0241461876918614e-66
24.734375 1.999999999999999 4.42 2.000000000000001 4.419999999998575 4.377446861968469e-67
24.765625 1.999999999999999 4.42 2.000000000000001 4.4199999999985735 1.8502142513491473e-67
24.796875 1.999999999999999 4.42 2.000000000000001 4.419999999998572 7.718206623049324e-68
24.828125 1.999999999999999 4.42 2.000000000000001 4.41999999999857 3.1691289287035775e-68
24.859375 1.999999999999999 4.42 1.9999999999999996 4.41999999999857 1.275954546258792e-68
24.890625 1.999999999999999 4.42 2.0 4.4199999999985655 5.008720464462768e-69
24.921875 1.999999999999999 4.42 2.0 4.419999999998563 1.8996549218085223e-69
24.953125 1.999999999999999 4.42 2.0 4.419999999998561 6.85218368134225e-70
24.984375 1.999999999999999 4.42 2.0 4.4199999999985575 2.27822078484169e-70

