0.125 2.0 0.0 2.00000000000077 23.999999999999993 -8.023378137447364e-69
0.375 2.0 0.0 2.000000000000769 23.999999999999982 -8.237583357394523e-66
0.625 2.0 0.0 2.0000000000007665 23.99999999999997 -4.960217038783217e-63
0.875 2.0 0.0 2.0000000000007656 23.999999999999964 -2.2389513277987053e-60
1.125 2.0 0.0 2.000000000000764 23.999999999999957 -8.083295968589929e-58
1.375 2.0 0.0 2.000000000000761 23.99999999999994 -2.3927033740792414e-55
1.625 2.0 0.0 2.0000000000007594 23.99999999999993 -5.861267598663116e-53
1.875 2.0 0.0 2.0000000000007567 23.999999999999915 -1.1883943908134718e-50
2.125 2.0 0.0 2.000000000000755 23.9999999999999 -1.976589158084722e-48
2.375 2.0 0.0 2.000000000000754 23.999999999999893 -2.632942317395744e-46
2.625 2.0 0.0 2.0000000000007514 23.999999999999883 -2.638888646042497e-44
2.875 2.0 0.0 2.0000000000007496 23.999999999999872 -1.5796414191572262e-42
3.125 2.0 0.0 2.000000000000748 23.99999999999986 4.567817789604015e-41
3.375 2.0 0.0 2.000000000000745 23.99999999999985 2.7652750956800404e-38
3.625 2.0 0.0 2.0000000000007434 23.999999999999837 4.404258009248603e-36
3.875 2.0 0.0 2.0000000000007425 23.999999999999833 4.802503147034089e-34
4.125 2.0 0.0 2.00000000000074 23.99999999999982 4.0714940949284585e-32
4.375 2.0 0.0 2.000000000000738 23.99999999999981 2.798298194819873e-30
4.625 2.0 0.0 2.0000000000007354 23.999999999999794 1.5853487713817023e-28
4.875 2.0 0.0 2.0000000000007327 23.99999999999978 7.44089836681967e-27
5.125 2.0 0.0 2.00000000000073 23.999999999999766 2.8831502816409013e-25
5.375 2.0 0.0 2.0000000000007274 23.99999999999975 9.092577194644609e-24
5.625 2.0 0.0 2.0000000000007248 23.999999999999737 2.252142269674823e-22
5.875 2.0 0.0 2.000000000000722 23.999999999999723 3.954656992153136e-21
6.125 2.0 0.0 2.0000000000007203 23.999999999999716 2.789761923259548e-20
6.375 2.0 0.0 2.0000000000007185 23.9999999999997 -1.0909101867037715e-18
6.625 2.0 0.0 2.0000000000007168 23.999999999999694 -5.5213930824722155e-17
6.875 1.9999999999999984 0.0 2.0000000000007168 23.999999999999687 -1.5081395283077498e-15
7.125 1.9999999999999696 0.0 2.0000000000007208 23.99999999999968 -3.0406459207729985e-14
7.375 1.9999999999995122 0.0 2.0000000000008007 23.99999999999967 -4.87731075149774e-13
7.625 1.9999999999935993 0.0 2.0000000000018208 23.99999999999966 -6.400550420574792e-12
7.875 1.9999999999305338 0.0 2.0000000000124727 23.99999999999966 -6.946621751012237e-11
8.125 1.9999999993756978 0.0 2.000000000104258 23.999999999999652 -6.243021272063907e-10
8.375 1.999999995388953 0.0 2.0000000007511467 23.999999999999645 -4.611047172371882e-09
8.625 1.99999997260002 0.0 2.0000000043789194 23.99999999999964 -2.7399979986059073e-08
8.875 1.9999998759409225 0.0 2.0000000194204803 23.999999999999638 -1.240590773561188e-07
9.125 1.999999644742776 0.0 2.00000005355872 23.999999999999623 -3.552572240524588e-07
9.375 2.0000001294205836 0.0 1.9999999646259166 23.99999999999962 1.2942058380315937e-07
9.625 2.000009209599773 0.0 1.9999984885121587 23.99999999999962 9.209599773068e-06
9.875 2.0000682906028517 0.0 1.999989068424611 23.99999999999962 6.829060285179713e-05
10.125 2.000334760723519 0.0 1.9999469223473225 23.99999999999962 0.00033476072351890226
10.375 2.001263967051447 0.0 1.9998005008967161 23.99999999999962 0.0012639670514472895
10.625 2.0038550975507237 0.0 1.9993928236406182 23.99999999999962 0.003855097550723615
10.875 2.0096787065010053 0.0 1.998477149100693 23.999999999999623 0.009678706501005496
11.125 2.020127884974914 0.0 1.9968355137616718 23.99999999999962 0.02012788497491368
11.375 2.0345896280584306 0.0 1.9945672912420553 23.999999999999616 0.03458962805843038
11.625 2.0485132950314933 0.0 1.9923887766268136 23.99999999999961 0.0485132950314933
11.875 2.0538079291557834 0.0 1.9915626379753308 23.99999999999961 0.053807929155783495
12.125 2.0432510018706274 0.0 1.993214832838507 23.99999999999961 0.0432510018706274
12.375 2.016682344413092 0.0 1.9973869147468046 23.9999999999996 0.01668234441309194
12.625 1.983317655586908 0.0 2.002655904890813 23.999999999999588 -0.01668234441309194
12.875 1.9567489981293726 0.0 2.0068693924586998 23.999999999999574 -0.0432510018706274
13.125 1.9461920708442164 0.0 2.0085389069648256 23.999999999999563 -0.053807929155783495
13.375 1.9514867049685067 0.0 2.0076880291437575 23.999999999999552 -0.0485132950314933
13.625 1.9654103719415696 0.0 2.005478888145441 23.999999999999538 -0.03458962805843038
13.875 1.9798721150250864 0.0 2.003192713268289 23.999999999999524 -0.02012788497491368
14.125 1.9903212934989944 0.0 2.001538606581075 23.999999999999513 -0.009678706501005496
14.375 1.9961449024492763 0.0 2.0006119175177446 23.999999999999503 -0.003855097550723615
14.625 1.9987360329485526 0.0 2.000197785541146 23.999999999999492 -0.0012639670514472895
14.875 1.999665239276481 0.0 2.00005028123472 23.99999999999948 -0.00033476072351890226
15.125 1.9999317093971483 0.0 2.0000095520966283 23.999999999999467 -6.829060285179713e-05
15.375 1.999990790400227 0.0 2.000001401576614 23.99999999999946 -9.209599773068e-06
15.625 1.9999998705794162 0.0 2.0000003578640824 23.999999999999446 -1.2942058380315937e-07
15.875 2.000000355257224 0.0 2.000000237674148 23.99999999999944 3.552572240524588e-07
16.125 2.0000001240590772 0.0 2.000000160939499 23.999999999999424 1.240590773561188e-07
16.375 2.00000002739998 0.0 2.000000112500281 23.999999999999407 2.7399979986059073e-08
16.625 2.000000004611047 0.0 2.0000000941893292 23.999999999999396 4.611047172371882e-09
16.875 2.000000000624302 0.0 2.0000000897536143 23.999999999999382 6.243021272063907e-10
17.125 2.000000000069466 0.0 2.000000089130614 23.999999999999375 6.946621751012237e-11
17.375 2.0000000000064007 0.0 2.0000000891316514 23.99999999999936 6.400550420574792e-12
17.625 2.0000000000004876 0.0 2.0000000891583554 23.999999999999346 4.87731075149774e-13
17.875 2.00000000000003 0.0 2.000000089166594 23.999999999999332 3.0406459207729985e-14
18.125 2.0000000000000013 0.0 2.000000089168192 23.99999999999932 1.5081395283077498e-15
18.375 2.0 0.0 2.000000089168422 23.99999999999931 5.5213930824722155e-17
18.625 2.0 0.0 2.000000089168447 23.9999999999993 1.0909101867037715e-18
18.875 2.0 0.0 2.000000089168447 23.99999999999929 -2.789761923259548e-20
19.125 2.0 0.0 2.000000089168445 23.999999999999275 -3.954656992153136e-21
19.375 2.0 0.0 2.0000000891684433 23.999999999999268 -2.252142269674823e-22
19.625 2.0 0.0 2.0000000891684424 23.99999999999926 -9.092577194644609e-24
19.875 2.0 0.0 2.0000000891684415 23.999999999999257 -2.8831502816409013e-25
20.125 2.0 0.0 2.000000089168439 23.99999999999924 -7.44089836681967e-27
20.375 2.0 0.0 2.000000089168437 23.999999999999233 -1.5853487713817023e-28
20.625 2.0 0.0 2.0000000891684375 23.999999999999233 -2.798298194819873e-30
20.875 2.0 0.0 2.000000089168438 23.999999999999236 -4.0714940949284585e-32
21.125 2.0 0.0 2.000000089168437 23.999999999999233 -4.802503147034089e-34
21.375 2.0 0.0 2.000000089168437 23.999999999999233 -4.404258009248603e-36
21.625 2.0 0.0 2.000000089168436 23.999999999999226 -2.7652750956800404e-38
21.875 2.0 0.0 2.0000000891684353 23.999999999999215 -4.567817789604015e-41
22.125 2.0 0.0 2.0000000891684353 23.99999999999921 1.5796414191572262e-42
22.375 2.0 0.0 2.0000000891684366 23.999999999999222 2.638888646042497e-44
22.625 2.0 0.0 2.0000000891684366 23.999999999999226 2.632942317395744e-46
22.875 2.0 0.0 2.0000000891684353 23.999999999999215 1.976589158084722e-48
23.125 2.0 0.0 2.0000000891684326 23.999999999999197 1.1883943908134718e-50
23.375 2.0 0.0 2.0000000891684317 23.99999999999919 5.861267598663116e-53
23.625 2.0 0.0 2.0000000891684313 23.999999999999183 2.3927033740792414e-55
23.875 2.0 0.0 2.0000000891684313 23.999999999999183 8.083295968589929e-58
24.125 2.0 0.0 2.0000000891684326 23.99999999999919 2.2389513277987053e-60
24.375 2.0 0.0 2.0000000891684326 23.99999999999919 4.960217038783217e-63
24.625 2.0 0.0 2.0000000891684317 23.999999999999183 8.237583357394523e-66
24.875 2.0 0.0 2.000000089168432 23.999999999999183 8.023378137447364e-69
