0.125 1.9999999999999996 24.0 2.00000000000077 23.999999999999993 -8.023378137447364e-69
0.375 1.9999999999999996 24.0 2.000000000000769 23.999999999999986 -8.237583357394523e-66
0.625 1.9999999999999996 24.0 2.0000000000007683 23.999999999999982 -4.960217038783217e-63
0.875 1.9999999999999996 24.0 2.0000000000007665 23.99999999999997 -2.2389513277987053e-60
1.125 1.9999999999999996 24.0 2.0000000000007665 23.999999999999964 -8.083295968589929e-58
1.375 1.9999999999999996 24.0 2.0000000000007656 23.99999999999995 -2.3927033740792414e-55
1.625 1.9999999999999996 24.0 2.0000000000007647 23.99999999999995 -5.861267598663116e-53
1.875 1.9999999999999996 24.0 2.0000000000007647 23.999999999999947 -1.1883943908134718e-50
2.125 1.9999999999999996 24.0 2.0000000000007634 23.99999999999995 -1.976589158084722e-48
2.375 1.9999999999999996 24.0 2.0000000000007647 23.999999999999943 -2.632942317395744e-46
2.625 1.9999999999999996 24.0 2.0000000000007594 23.99999999999993 -2.638888646042497e-44
2.875 1.9999999999999996 24.0 2.000000000000762 23.999999999999915 -1.5796414191572262e-42
3.125 1.9999999999999996 24.0 2.0000000000007514 23.999999999999897 4.567817789604015e-41
3.375 1.9999999999999996 24.0 2.000000000000764 23.999999999999886 2.7652750956800404e-38
3.625 1.9999999999999996 24.0 2.0000000000007407 23.999999999999886 4.404258009248603e-36
3.875 1.9999999999999996 24.0 2.0000000000007816 23.999999999999886 4.802503147034089e-34
4.125 1.9999999999999996 24.0 2.00000000000071 23.999999999999865 4.0714940949284585e-32
4.375 1.9999999999999996 24.0 2.000000000000834 23.999999999999897 2.798298194819873e-30
4.625 1.9999999999999996 24.0 2.0000000000006235 23.999999999999858 1.5853487713817023e-28
4.875 1.9999999999999996 24.0 2.0000000000009783 23.999999999999865 7.44089836681967e-27
5.125 1.9999999999999996 24.0 2.0000000000003713 23.999999999999883 2.8831502816409013e-25
5.375 1.9999999999999996 24.0 2.000000000001405 23.999999999999787 9.092577194644609e-24
5.625 1.9999999999999996 24.0 1.9999999999996458 24.000000000000085 2.252142269674823e-22
5.875 1.9999999999999996 24.0 2.000000000002658 23.99999999999948 3.954656992153136e-21
6.125 1.9999999999999996 24.0 1.9999999999975049 24.000000000000714 2.789761923259548e-20
6.375 1.9999999999999996 24.0 2.0000000000063403 23.99999999999843 -1.0909101867037715e-18
6.625 1.9999999999999996 24.0 1.9999999999911258 24.000000000002117 -5.5213930824722155e-17
6.875 2.0000000000000018 24.0 2.000000000017354 23.999999999996337 -1.5081395283077498e-15
7.125 2.0000000000000053 24.0 1.9999999999720979 24.00000000000476 -3.0406459207729985e-14
7.375 2.0000000000000773 24.0 2.00000000005048 23.99999999999312 -4.87731075149774e-13
7.625 2.0000000000010103 24.0 1.9999999999172147 24.00000000000857 -6.400550420574792e-12
7.875 2.0000000000109623 24.0 2.00000000016452 23.999999999988468 -6.946621751012237e-11
8.125 2.000000000098502 24.0 1.999999999868981 24.000000000014627 -6.243021272063907e-10
8.375 2.0000000007275305 24.0 2.0000000012319465 23.99999999998122 -4.611047172371882e-09
8.625 2.00000000432316 24.0 2.0000000035414818 24.000000000019305 -2.7399979986059073e-08
8.875 2.0000000195739975 24.0 2.0000000202897295 23.999999999993225 -1.240590773561188e-07
9.125 2.0000000560523588 24.0 2.0000000560423685 23.999999999899828 -3.552572240524588e-07
9.375 1.99999997958007 24.0 1.9999998866594848 24.000000000551328 1.2942058380315937e-07
9.625 1.9999985469145345 24.0 1.9999979622995168 23.999999996684597 9.209599773068e-06
9.875 1.9999892252343539 24.0 1.9999870020494095 24.00000002068832 6.829060285179713e-05
10.125 1.999947183997248 24.0 1.999941398201682 23.999999906443854 0.00033476072351890226
10.375 1.9998006062665017 24.0 1.9997903606315144 24.000000257849344 0.0012639670514472895
10.625 1.9993920651653252 24.0 1.9993807502542076 23.99999950100662 0.003855097550723615
10.875 1.9984749189029762 24.0 1.9984689009102048 24.00000352570217 0.009678706501005496
11.125 1.9968329575959611 24.0 1.9968371766760016 23.99998993459039 0.02012788497491368
11.375 1.9945681741525068 24.0 1.9945317761285777 24.00000949906852 0.03458962805843038
11.625 1.9923960528264235 24.0 1.9923216689588121 24.000035740704384 0.0485132950314933
11.875 1.9915722283871957 24.0 1.991618388454732 23.999851487638473 0.053807929155783495
12.125 1.9932160170480222 24.0 1.993212914540916 24.00049580110793 0.0432510018706274
12.375 1.9973738648186663 24.0 1.9975008227483284 23.998649762312656 0.01668234441309194
12.625 2.0026381671618303 24.0 2.002591228496818 24.00039316128783 -0.01668234441309194
12.875 2.0068648622820344 24.0 2.0074161986458803 24.004065132887533 -0.0432510018706274
13.125 2.0085529565497833 24.0 2.00847437998926 23.992718104037124 -0.053807929155783495
13.375 2.007705706329197 24.0 2.0074119267993242 23.998919020223717 -0.0485132950314933
13.625 2.005483554071176 24.0 2.005607523267517 24.00725473362624 -0.03458962805843038
13.875 2.00318455784232 24.0 2.003183359236524 23.999801979302994 -0.02012788497491368
14.125 2.0015291310969436 24.0 2.0010938443512036 23.996387049509572 -0.009678706501005496
14.375 2.0006085773596554 24.0 2.000738493240747 24.004542854641343 -0.003855097550723615
14.625 2.0001994628036814 24.0 2.0003385943717182 24.00022988148963 -0.0012639670514472895
14.875 2.000052820847689 24.0 1.9998534226717448 23.997379387506978 -0.00033476072351890226
15.125 2.000010774967268 24.0 1.999874031254184 23.99874723129257 -6.829060285179713e-05
15.375 2.0000014530891326 24.0 1.9999498525703754 23.999908239186208 -9.209599773068e-06
15.625 2.000000020419934 24.0 1.999966878041494 23.999656149924682 -1.2942058380315937e-07
15.875 1.999999943947647 24.0 1.9999715756545005 23.999277581209768 3.552572240524588e-07
16.125 1.9999999804260038 24.0 1.999982072221102 23.999426526061225 1.240590773561188e-07
16.375 1.9999999956768408 24.0 2.000041098871751 24.00046987639513 2.7399979986059073e-08
16.625 1.9999999992724706 24.0 2.0000638237046817 24.000868294393022 4.611047172371882e-09
16.875 1.9999999999014986 24.0 2.0000441125639647 24.000565719461775 6.243021272063907e-10
17.125 1.999999999989039 24.0 2.0000245217057655 24.00029621258207 6.946621751012237e-11
17.375 1.9999999999989901 24.0 2.000026708707713 24.000398801870162 6.400550420574792e-12
17.625 1.9999999999999238 24.0 2.0000408556264304 24.000656592210948 4.87731075149774e-13
17.875 1.9999999999999964 24.0 2.0000550772311114 24.000822909459707 3.0406459207729985e-14
18.125 1.9999999999999996 24.0 2.00004910198453 24.00057260600693 1.5081395283077498e-15
18.375 1.9999999999999996 24.0 2.000015409034371 24.000008363116635 5.5213930824722155e-17
18.625 1.9999999999999996 24.0 1.9999961371857577 23.99982696323149 1.0909101867037715e-18
18.875 1.9999999999999996 24.0 1.9999824711124843 23.99977994200261 -2.789761923259548e-20
19.125 1.9999999999999996 24.0 1.999963907146017 23.999675650074387 -3.954656992153136e-21
19.375 1.9999999999999996 24.0 1.999943437289984 23.999489850579785 -2.252142269674823e-22
19.625 1.9999999999999996 24.0 1.999943951785356 23.999381380454214 -9.092577194644609e-24
19.875 1.9999999999999996 24.0 1.9999684131662485 23.999515440858694 -2.8831502816409013e-25
20.125 1.9999999999999996 24.0 2.0000044061348135 23.99975108222018 -7.44089836681967e-27
20.375 1.9999999999999996 24.0 2.000013913764225 23.99984611349779 -1.5853487713817023e-28
20.625 1.9999999999999996 24.0 2.0000106819366232 23.999900042788628 -2.798298194819873e-30
20.875 1.9999999999999996 24.0 2.0000072215650895 24.000037633615072 -4.0714940949284585e-32
21.125 1.9999999999999996 24.0 1.9999917307681356 23.99997131749204 -4.802503147034089e-34
21.375 1.9999999999999996 24.0 1.9999814754319054 23.999960994519473 -4.404258009248603e-36
21.625 1.9999999999999996 24.0 1.9999854466123976 24.00002737605691 -2.7652750956800404e-38
21.875 1.9999999999999996 24.0 1.9999929493376172 24.000085332917926 -4.567817789604015e-41
22.125 1.9999999999999996 24.0 1.999999446307076 24.000093906371696 1.5796414191572262e-42
22.375 1.9999999999999996 24.0 2.000008324078202 24.000145211753356 2.638888646042497e-44
22.625 1.9999999999999996 24.0 2.000021073932569 24.000208762089656 2.632942317395744e-46
22.875 1.9999999999999996 24.0 2.0000272302210065 24.000220611521925 1.976589158084722e-48
23.125 1.9999999999999996 24.0 2.000017542854876 24.000101162127493 1.1883943908134718e-50
23.375 1.9999999999999996 24.0 1.999991054100609 23.99985186824533 5.861267598663116e-53
23.625 1.9999999999999996 24.0 1.9999661633172399 23.999621853488406 2.3927033740792414e-55
23.875 1.9999999999999996 24.0 1.9999540817133772 23.999512813858676 8.083295968589929e-58
24.125 1.9999999999999996 24.0 1.9999616030631358 23.999568021612053 2.2389513277987053e-60
24.375 1.9999999999999996 24.0 1.9999801086379603 23.999730888429905 4.960217038783217e-63
24.625 1.9999999999999996 24.0 1.999995806801405 23.999871388024147 8.237583357394523e-66
24.875 1.9999999999999996 24.0 2.000004966440483 23.99999539337879 8.023378137447364e-69
