0.0625 1.9999999999999996 24.0 2.000000000000771 23.999999999999993 -1.1497184111213586e-69
0.1875 1.9999999999999996 24.0 2.000000000000771 23.999999999999993 -4.956512554488603e-68
0.3125 1.9999999999999996 24.0 2.000000000000771 23.999999999999993 -1.5606895560755955e-66
0.4375 1.9999999999999996 24.0 2.000000000000771 23.999999999999993 -4.221871484767452e-65
0.5625 1.9999999999999996 24.0 2.000000000000771 23.999999999999993 -1.0331249664820779e-63
0.6875 1.9999999999999996 24.0 2.000000000000772 23.999999999999993 -2.340279915629186e-62
0.8125 1.9999999999999996 24.0 2.000000000000771 23.999999999999986 -4.9677240512015786e-61
0.9375 1.9999999999999996 24.0 2.000000000000771 23.999999999999982 -9.952641974695324e-60
1.0625 1.9999999999999996 24.0 2.000000000000771 23.99999999999998 -1.8904090561110707e-58
1.1875 1.9999999999999996 24.0 2.00000000000077 23.99999999999998 -3.4139735638802406e-57
1.3125 1.9999999999999996 24.0 2.00000000000077 23.99999999999998 -5.872877688638674e-56
1.4375 1.9999999999999996 24.0 2.0000000000007714 23.999999999999982 -9.634018146557815e-55
1.5625 1.9999999999999996 24.0 2.000000000000772 23.99999999999998 -1.5078490196182649e-53
1.6875 1.9999999999999996 24.0 2.0000000000007714 23.99999999999998 -2.2516961084400117e-52
1.8125 1.9999999999999996 24.0 2.000000000000772 23.99999999999998 -3.206647879385634e-51
1.9375 1.9999999999999996 24.0 2.000000000000771 23.99999999999997 -4.350333912421186e-50
2.0625 1.9999999999999996 24.0 2.000000000000769 23.99999999999996 -5.612421917410396e-49
2.1875 1.9999999999999996 24.0 2.0000000000007683 23.99999999999995 -6.866290082952759e-48
2.3125 1.9999999999999996 24.0 2.0000000000007674 23.99999999999995 -7.931474614496866e-47
2.4375 1.9999999999999996 24.0 2.0000000000007665 23.999999999999943 -8.590853396874958e-46
2.5625 1.9999999999999996 24.0 2.0000000000007665 23.999999999999936 -8.623273722320799e-45
2.6875 1.9999999999999996 24.0 2.0000000000007656 23.999999999999925 -7.847597927876126e-44
2.8125 1.9999999999999996 24.0 2.0000000000007647 23.99999999999992 -6.16927538059152e-43
2.9375 1.9999999999999996 24.0 2.0000000000007643 23.99999999999992 -3.6173956053941074e-42
3.0625 1.9999999999999996 24.0 2.0000000000007647 23.99999999999992 -3.603800524878784e-42
3.1875 1.9999999999999996 24.0 2.0000000000007647 23.99999999999992 3.3073113098458767e-40
3.3125 1.9999999999999996 24.0 2.0000000000007656 23.999999999999922 7.007674905386313e-39
3.4375 1.9999999999999996 24.0 2.0000000000007647 23.999999999999922 1.0342698109135129e-37
3.5625 1.9999999999999996 24.0 2.0000000000007647 23.999999999999922 1.2964282047082334e-36
3.6875 1.9999999999999996 24.0 2.000000000000764 23.999999999999915 1.4633673851942304e-35
3.8125 1.9999999999999996 24.0 2.000000000000762 23.999999999999897 1.5256449707696942e-34
3.9375 1.9999999999999996 24.0 2.000000000000761 23.999999999999893 1.4886155797128192e-33
4.0625 1.9999999999999996 24.0 2.0000000000007603 23.999999999999886 1.3698442674456298e-32
4.1875 1.9999999999999996 24.0 2.0000000000007594 23.99999999999988 1.1944977329459876e-31
4.3125 1.9999999999999996 24.0 2.0000000000007594 23.99999999999988 9.90034257306422e-31
4.4375 1.9999999999999996 24.0 2.0000000000007585 23.999999999999876 7.814765201370724e-30
4.5625 1.9999999999999996 24.0 2.000000000000758 23.999999999999872 5.881650691709571e-29
4.6875 1.9999999999999996 24.0 2.0000000000007594 23.999999999999872 4.223370350087268e-28
4.8125 1.9999999999999996 24.0 2.0000000000007594 23.999999999999872 2.893556671295461e-27
4.9375 1.9999999999999996 24.0 2.0000000000007576 23.99999999999986 1.890757597486316e-26
5.0625 1.9999999999999996 24.0 2.0000000000007563 23.999999999999854 1.177190424551076e-25
5.1875 1.9999999999999996 24.0 2.0000000000007576 23.99999999999986 6.971695163562433e-25
5.3125 1.9999999999999996 24.0 2.000000000000756 23.99999999999985 3.91712255151615e-24
5.4375 1.9999999999999996 24.0 2.000000000000755 23.999999999999844 2.0794935839713404e-23
5.5625 1.9999999999999996 24.0 2.0000000000007554 23.999999999999844 1.0363087742791856e-22
5.6875 1.9999999999999996 24.0 2.000000000000755 23.999999999999837 4.795469821729646e-22
5.8125 1.9999999999999996 24.0 2.000000000000753 23.99999999999983 2.0196850576742936e-21
5.9375 1.9999999999999996 24.0 2.000000000000754 23.99999999999983 7.416412590413098e-21
6.0625 1.9999999999999996 24.0 2.0000000000007505 23.999999999999822 2.0997746765631944e-20
6.1875 1.9999999999999996 24.0 2.000000000000753 23.999999999999815 1.970926387775956e-20
6.3125 1.9999999999999996 24.0 2.0000000000007474 23.999999999999815 -3.06488886306849e-19
6.4375 1.9999999999999996 24.0 2.0000000000007576 23.999999999999808 -3.2470451229757577e-18
6.5625 1.9999999999999996 24.0 2.0000000000007376 23.999999999999808 -2.2526004271834337e-17
6.6875 1.9999999999999996 24.0 2.0000000000007727 23.999999999999815 -1.3095803341512223e-16
6.8125 1.9999999999999996 24.0 2.0000000000007154 23.99999999999981 -6.821465540280686e-16
6.9375 2.0000000000000018 24.0 2.0000000000008145 23.999999999999808 -3.273862560930351e-15
7.0625 2.0000000000000036 24.0 2.000000000000645 23.999999999999808 -1.4685412509578057e-14
7.1875 2.000000000000011 24.0 2.000000000000946 23.9999999999998 -6.207521160722045e-14
7.3125 2.00000000000004 24.0 2.000000000000471 23.9999999999998 -2.4851468597291215e-13
7.4375 2.0000000000001497 24.0 2.000000000001452 23.999999999999794 -9.453492026144965e-13
7.5625 2.000000000000539 24.0 2.0000000000003633 23.99999999999979 -3.424064082240977e-12
7.6875 2.0000000000018665 24.0 2.0000000000042775 23.99999999999979 -1.182378394443425e-11
7.8125 2.000000000006146 24.0 2.0000000000042273 23.99999999999978 -3.895171607363096e-11
7.9375 2.000000000019319 24.0 2.000000000025124 23.999999999999776 -1.224382624174479e-10
8.0625 2.000000000057919 24.0 2.0000000000510934 23.99999999999977 -3.6709291014105447e-10
8.1875 2.0000000001654876 24.0 2.000000000181662 23.999999999999755 -1.04885094347367e-09
8.3125 2.0000000004498846 24.0 2.0000000004288205 23.999999999999766 -2.8513434431676317e-09
8.4375 2.000000001160797 24.0 2.000000001206784 23.999999999999744 -7.357063536790531e-09
8.5625 2.000000002831756 24.0 2.000000002763925 23.99999999999973 -1.794754306433284e-08
8.6875 2.0000000064916637 24.0 2.0000000066105534 23.999999999999737 -4.114386207184302e-08
8.8125 2.000000013843881 24.0 2.000000013597817 23.99999999999968 -8.774186992060323e-08
8.9375 2.0000000269646145 24.0 2.0000000272337948 23.999999999999865 -1.7090045283630125e-07
9.0625 2.0000000461651943 24.0 2.000000045456794 23.99999999999947 -2.9259285286963165e-07
9.1875 2.0000000626030965 24.0 2.000000065680293 24.000000000000135 -3.9677550466495557e-07
9.3125 2.000000038066707 24.0 2.000000033820183 23.999999999998998 -2.4126500111955035e-07
9.4375 1.9999998568499835 24.0 1.999999837331391 24.00000000000056 9.072782688430747e-07
9.5625 1.9999992226135865 24.0 1.9999991845596037 23.999999999999407 4.927042275346514e-06
9.6875 1.99999745652309 24.0 1.9999973974623444 23.999999999997478 1.6120474057228993e-05
9.8125 1.9999931345603434 24.0 1.999993049990886 24.000000000006956 4.351309689093828e-05
9.9375 1.9999834897866702 24.0 1.9999833720310336 23.999999999988866 0.00010464246498845123
10.0625 1.9999635148731965 24.0 1.999963353356932 24.000000000001698 0.00023124836428342147
10.1875 1.9999247537744853 24.0 1.9999245375909247 24.00000000002346 0.0004769382424958915
10.3125 1.9998538928758636 24.0 1.9998536195369794 23.999999999946294 0.0009261376581602602
10.4375 1.9997314636131214 24.0 1.9997311482594917 24.000000000065953 0.0017023680759536896
10.5625 1.9995312310537827 24.0 1.999530926877589 23.999999999910564 0.0029722455289856228
10.6875 1.9992210939978836 24.0 1.9992208666782654 24.000000000373603 0.004940010699781705
10.8125 1.998766428059115 24.0 1.9987663737351262 23.999999998389306 0.0078267031465639
10.9375 1.998136590922492 24.0 1.9981366790024113 24.00000000426308 0.011829333546431228
11.0625 1.997314633591705 24.0 1.9973148147737472 23.99999999498781 0.017059485212843672
11.1875 1.996309112349528 24.0 1.9963089506683722 23.999999987664054 0.023467831089443454
11.3125 1.9951655003668594 24.0 1.9951648139224432 24.000000085881087 0.03076987894119322
11.4375 1.9939735438753277 24.0 1.9939714533484931 23.999999787457813 0.03839608071209057
11.5625 1.992866618031946 24.0 1.992863917140127 24.000000007344045 0.04549242572358476
11.6875 1.99201019200249 24.0 1.992005962841917 24.00000157340503 0.05099223738725463
11.8125 1.9915789465994957 24.0 1.991580712269656 23.99999617566727 0.053764721194172214
11.9375 1.9917253580417686 24.0 1.991727307678191 24.000003486448165 0.05282320629055684
12.0625 1.9925456996887094 24.0 1.9925480431262177 24.000012452539075 0.047552344591757154
12.1875 1.9940513868122034 24.0 1.9940500362144014 23.999952570069354 0.03789755473400547
12.3125 1.9961536477796722 24.0 1.9961556667361608 24.000055199009957 0.024459631507370596
12.4375 1.998667357997329 24.0 1.9986740065779844 23.999996628710626 0.008456005565417002
12.5625 2.0013357333697948 24.0 2.0013343642492183 23.999914314836687 -0.008456005565417002
12.6875 2.003872218099441 24.0 2.003877960261351 24.00020402062511 -0.024459631507370596
12.8125 2.006010708885205 24.0 2.006027139132191 23.999683556988195 -0.03789755473400547
12.9375 2.0075520678154595 24.0 2.0075297001045143 24.00007157832925 -0.047552344591757154
13.0625 2.008395286469621 24.0 2.0084709992936323 24.0004967202662 -0.05282320629055684
13.1875 2.0085460373516018 24.0 2.008512452728865 23.999117087692618 -0.053764721194172214
13.3125 2.0081022331618894 24.0 2.008077539710714 23.99999227301975 -0.05099223738725463
13.4375 2.00722286200814 24.0 2.007254451329574 24.00097897859966 -0.04549242572358476
13.5625 2.006090196329485 24.0 2.0061056334410106 23.999883987758345 -0.03839608071209057
13.6875 2.004875433603247 24.0 2.0047960308814528 23.998917591402797 -0.03076987894119322
13.8125 2.0037146983780856 24.0 2.0036818099598817 24.000983667379558 -0.023467831089443454
13.9375 2.0026979485616576 24.0 2.0026966332611362 24.000095361831658 -0.017059485212843672
14.0625 2.001869458885275 24.0 2.001793637999557 23.999382127749435 -0.011829333546431228
14.1875 2.0012362203047003 24.0 2.0012258652705106 24.000511615159958 -0.0078267031465639
14.3125 2.0007799610573245 24.0 2.000771117748336 23.99999430910202 -0.004940010699781705
14.4375 2.000469150880423 24.0 2.0004730928057866 24.00088001092244 -0.0029722455289856228
14.5625 2.000268661679659 24.0 2.0003058543938232 24.000270242171187 -0.0017023680759536896
14.6875 2.000146144206738 24.0 2.0001138263545495 23.99951909174942 -0.0009261376581602602
14.8125 2.0000752560598136 24.0 2.000058403470251 24.00007017810018 -0.0004769382424958915
14.9375 2.0000364874387433 24.0 2.0000306551507885 23.999974228693116 -0.00023124836428342147
15.0625 2.0000165106867387 24.0 1.9999821949652112 23.999612623965525 -0.00010464246498845123
15.1875 2.000006865521515 24.0 1.999973070597442 23.99956281148752 -4.351309689093828e-05
15.3125 2.0000025434881463 24.0 1.9999907260311094 23.999849554124133 -1.6120474057228993e-05
15.4375 2.00000077738746 24.0 2.0000075187574162 24.000075542496717 -4.927042275346514e-06
15.5625 2.000000143150053 24.0 2.000008410401575 24.00005548025605 -9.072782688430747e-07
15.6875 1.9999999619332995 24.0 2.0000044487470943 23.999982476276674 2.4126500111955035e-07
15.8125 1.9999999373969073 24.0 2.0000000788568624 23.999932073444697 3.9677550466495557e-07
15.9375 1.9999999538348094 24.0 1.9999978901337283 23.99996584768551 2.9259285286963165e-07
16.0625 1.9999999730353897 24.0 1.9999942277813136 24.000022464000885 1.7090045283630125e-07
16.1875 1.9999999861561206 24.0 1.9999944333821704 24.000071763227698 8.774186992060323e-08
16.3125 1.9999999935083348 24.0 1.9999988988779294 24.000118893619785 4.114386207184302e-08
16.4375 1.9999999971682425 24.0 2.0000059459704485 24.000158429332323 1.794754306433284e-08
16.5625 1.9999999988392057 24.0 2.000011192415175 24.000168535251937 7.357063536790531e-09
16.6875 1.9999999995501154 24.0 2.000013567093312 24.000159373644696 2.8513434431676317e-09
16.8125 1.9999999998345113 24.0 2.0000123810114223 24.00012630441899 1.04885094347367e-09
16.9375 1.9999999999420819 24.0 2.0000048618746593 24.000045274428217 3.6709291014105447e-10
17.0625 1.9999999999806826 24.0 1.9999943011960544 23.999931722194837 1.224382624174479e-10
17.1875 1.9999999999938554 24.0 1.9999852008523362 23.99981958895366 3.895171607363096e-11
17.3125 1.9999999999981335 24.0 1.999980572873367 23.99974603921968 1.182378394443425e-11
17.4375 1.9999999999994613 24.0 1.9999823825591934 23.99974543665131 3.424064082240977e-12
17.5625 1.999999999999851 24.0 1.9999895855276693 23.99982263565811 9.453492026144965e-13
17.6875 1.9999999999999618 24.0 1.999997665731859 23.999922177923207 2.4851468597291215e-13
17.8125 1.999999999999991 24.0 2.0000029489584117 23.999996929958648 6.207521160722045e-14
17.9375 1.9999999999999987 24.0 2.0000043516221906 24.000028060258273 1.4685412509578057e-14
18.0625 1.9999999999999987 24.0 2.0000037226690943 24.000038065848532 3.273862560930351e-15
18.1875 1.9999999999999996 24.0 2.000002778396473 24.000046908951376 6.821465540280686e-16
18.3125 1.9999999999999996 24.0 2.000003443741611 24.000079154571218 1.3095803341512223e-16
18.4375 1.9999999999999996 24.0 2.000007993464579 24.00014207949649 2.2526004271834337e-17
18.5625 1.9999999999999996 24.0 2.0000135986011083 24.000203222551963 3.2470451229757577e-18
18.6875 1.9999999999999996 24.0 2.0000174146499647 24.00023284981111 3.06488886306849e-19
18.8125 1.9999999999999996 24.0 2.000016090093964 24.00019592424947 -1.970926387775956e-20
18.9375 1.9999999999999996 24.0 2.0000102020822874 24.00010765694421 -2.0997746765631944e-20
19.0625 1.9999999999999996 24.0 2.0000030955262713 24.000007412447992 -7.416412590413098e-21
19.1875 1.9999999999999996 24.0 1.9999970893054564 23.999922737862317 -2.0196850576742936e-21
19.3125 1.9999999999999996 24.0 1.9999934564753448 23.99986827625474 -4.795469821729646e-22
19.4375 1.9999999999999996 24.0 1.9999925898049096 23.99984765624847 -1.0363087742791856e-22
19.5625 1.9999999999999996 24.0 1.9999924085517393 23.999850706553868 -2.0794935839713404e-23
19.6875 1.9999999999999996 24.0 1.9999918203867484 23.999871181824616 -3.91712255151615e-24
19.8125 1.9999999999999996 24.0 1.9999917592302108 23.999912005164337 -6.971695163562433e-25
19.9375 1.9999999999999996 24.0 1.9999939823793316 23.999977089484307 -1.177190424551076e-25
20.0625 1.9999999999999996 24.0 1.9999990418239895 24.000059100064572 -1.890757597486316e-26
20.1875 1.9999999999999996 24.0 2.0000064450152553 24.000146315055016 -2.893556671295461e-27
20.3125 1.9999999999999996 24.0 2.0000130108411063 24.000206993153135 -4.223370350087268e-28
20.4375 1.9999999999999996 24.0 2.000014150802115 24.00019684884831 -5.881650691709571e-29
20.5625 1.9999999999999996 24.0 2.0000124024511585 24.000151689541166 -7.814765201370724e-30
20.6875 1.9999999999999996 24.0 2.000007924143313 24.000086562093685 -9.90034257306422e-31
20.8125 1.9999999999999996 24.0 2.000001225039005 24.000014925417837 -1.1944977329459876e-31
20.9375 1.9999999999999996 24.0 1.9999934377512498 23.99993856502537 -1.3698442674456298e-32
21.0625 1.9999999999999996 24.0 1.9999869077074943 23.999878009539298 -1.4886155797128192e-33
21.1875 1.9999999999999996 24.0 1.9999876989483782 23.999880862025925 -1.5256449707696942e-34
21.3125 1.9999999999999996 24.0 1.9999913272688132 23.999899280323767 -1.4633673851942304e-35
21.4375 1.9999999999999996 24.0 1.9999954249271967 23.999918561510718 -1.2964282047082334e-36
21.5625 1.9999999999999996 24.0 1.9999980797814736 23.99992302965888 -1.0342698109135129e-37
21.6875 1.9999999999999996 24.0 1.9999983306240137 23.999909307896946 -7.007674905386313e-39
21.8125 1.9999999999999996 24.0 1.9999969444965564 23.999889107331935 -3.3073113098458767e-40
21.9375 1.9999999999999996 24.0 1.999995156297524 23.999875626461982 3.603800524878784e-42
22.0625 1.9999999999999996 24.0 1.9999949723758361 23.99989348373103 3.6173956053941074e-42
22.1875 1.9999999999999996 24.0 2.0000019157604934 24.000001875422615 6.16927538059152e-43
22.3125 1.9999999999999996 24.0 2.0000128770252923 24.000160159509328 7.847597927876126e-44
22.4375 1.9999999999999996 24.0 2.0000226462171447 24.000304627864157 8.623273722320799e-45
22.5625 1.9999999999999996 24.0 2.000027342418694 24.000384314571342 8.590853396874958e-46
22.6875 1.9999999999999996 24.0 2.000024070183598 24.00035867758189 7.931474614496866e-47
22.8125 1.9999999999999996 24.0 2.0000132992871675 24.00021937872036 6.866290082952759e-48
22.9375 1.9999999999999996 24.0 1.9999985842217531 24.00002139276777 5.612421917410396e-49
23.0625 1.9999999999999996 24.0 1.999985403789092 23.99984030804262 4.350333912421186e-50
23.1875 1.9999999999999996 24.0 1.999979387486451 23.999749909941762 3.206647879385634e-51
23.3125 1.9999999999999996 24.0 1.9999789571650586 23.999737211396635 2.2516961084400117e-52
23.4375 1.9999999999999996 24.0 1.9999796567158183 23.99974447385596 1.5078490196182649e-53
23.5625 1.9999999999999996 24.0 1.9999801984151284 23.99975609730314 9.634018146557815e-55
23.6875 1.9999999999999996 24.0 1.9999804615919288 23.9997700183062 5.872877688638674e-56
23.8125 1.9999999999999996 24.0 1.9999809599080394 23.999786228657968 3.4139735638802406e-57
23.9375 1.9999999999999996 24.0 1.9999824892191258 23.99980900230192 1.8904090561110707e-58
24.0625 1.9999999999999996 24.0 1.9999869646887707 23.999855088057803 9.952641974695324e-60
24.1875 1.9999999999999996 24.0 1.9999949746208585 23.999934006882807 4.9677240512015786e-61
24.3125 1.9999999999999996 24.0 2.0000041650547953 24.000035535534074 2.340279915629186e-62
24.4375 1.9999999999999996 24.0 2.0000120760995004 24.000136703510773 1.0331249664820779e-63
24.5625 1.9999999999999996 24.0 2.000017432826552 24.000221863377526 4.221871484767452e-65
24.6875 1.9999999999999996 24.0 2.0000199098565643 24.00026499850038 1.5606895560755955e-66
24.8125 1.9999999999999996 24.0 2.0000177532717736 24.000251552614955 4.956512554488603e-68
24.9375 1.9999999999999996 24.0 2.000014052261882 24.000184464668756 1.1497184111213586e-69
