0.03125 1.9999999999999996 24.0 2.0000000000007723 24.0 -4.003793457677204e-70
0.09375 1.9999999999999996 24.0 2.000000000000771 23.999999999999993 -3.10028924768748e-69
0.15625 1.9999999999999996 24.0 2.0000000000007683 23.99999999999998 -2.0164329257222074e-68
0.21875 1.9999999999999996 24.0 2.0000000000007674 23.99999999999997 -1.1971437942926539e-67
0.28125 1.9999999999999996 24.0 2.0000000000007674 23.99999999999997 -6.704319663991951e-67
0.34375 1.9999999999999996 24.0 2.0000000000007674 23.999999999999964 -3.6001438242163e-66
0.40625 1.9999999999999996 24.0 2.0000000000007665 23.999999999999957 -1.8711212490761638e-65
0.46875 1.9999999999999996 24.0 2.0000000000007665 23.999999999999957 -9.467542854033363e-65
0.53125 1.9999999999999996 24.0 2.0000000000007665 23.99999999999995 -4.681823820360618e-64
0.59375 1.9999999999999996 24.0 2.0000000000007674 23.999999999999957 -2.2689000963112057e-63
0.65625 1.9999999999999996 24.0 2.0000000000007665 23.99999999999995 -1.0796763064909657e-62
0.71875 1.9999999999999996 24.0 2.0000000000007656 23.99999999999994 -5.052285490132954e-62
0.78125 1.9999999999999996 24.0 2.0000000000007656 23.999999999999936 -2.3274779481577778e-61
0.84375 1.9999999999999996 24.0 2.0000000000007647 23.99999999999993 -1.0564902049433007e-60
0.90625 1.9999999999999996 24.0 2.0000000000007656 23.99999999999993 -4.7285315304742537e-60
0.96875 1.9999999999999996 24.0 2.0000000000007656 23.99999999999993 -2.0878823025968615e-59
1.03125 1.9999999999999996 24.0 2.0000000000007656 23.99999999999993 -9.099039886941364e-59
1.09375 1.9999999999999996 24.0 2.0000000000007665 23.99999999999993 -3.9151515696813544e-58
1.15625 1.9999999999999996 24.0 2.0000000000007656 23.999999999999922 -1.6637515850317588e-57
1.21875 1.9999999999999996 24.0 2.0000000000007647 23.999999999999915 -6.98415315449243e-57
1.28125 1.9999999999999996 24.0 2.0000000000007647 23.999999999999915 -2.896688398352563e-56
1.34375 1.9999999999999996 24.0 2.000000000000764 23.999999999999915 -1.1871666588356863e-55
1.40625 1.9999999999999996 24.0 2.000000000000764 23.999999999999915 -4.808243216412138e-55
1.46875 1.9999999999999996 24.0 2.0000000000007634 23.999999999999908 -1.9246606613016414e-54
1.53125 1.9999999999999996 24.0 2.000000000000763 23.999999999999904 -7.614287154550369e-54
1.59375 1.9999999999999996 24.0 2.000000000000763 23.9999999999999 -2.977231559962374e-53
1.65625 1.9999999999999996 24.0 2.000000000000762 23.999999999999893 -1.1505138179815468e-52
1.71875 1.9999999999999996 24.0 2.000000000000762 23.999999999999893 -4.393804720150234e-52
1.78125 1.9999999999999996 24.0 2.000000000000761 23.999999999999886 -1.6581299923453183e-51
1.84375 1.9999999999999996 24.0 2.000000000000761 23.999999999999886 -6.182563431609285e-51
1.90625 1.9999999999999996 24.0 2.000000000000762 23.999999999999886 -2.277278377096913e-50
1.96875 1.9999999999999996 24.0 2.000000000000761 23.99999999999988 -8.284492655247021e-50
2.03125 1.9999999999999996 24.0 2.000000000000761 23.999999999999876 -2.9757630384972538e-49
2.09375 1.9999999999999996 24.0 2.0000000000007603 23.999999999999872 -1.0550291032482932e-48
2.15625 1.9999999999999996 24.0 2.0000000000007585 23.999999999999858 -3.6904479413849395e-48
2.21875 1.9999999999999996 24.0 2.0000000000007576 23.99999999999985 -1.2729509522619648e-47
2.28125 1.9999999999999996 24.0 2.0000000000007567 23.999999999999844 -4.3268626815565847e-47
2.34375 1.9999999999999996 24.0 2.0000000000007576 23.999999999999844 -1.4480961508257759e-46
2.40625 1.9999999999999996 24.0 2.0000000000007567 23.999999999999837 -4.766666883297355e-46
2.46875 1.9999999999999996 24.0 2.000000000000755 23.99999999999983 -1.541032557512438e-45
2.53125 1.9999999999999996 24.0 2.000000000000754 23.999999999999822 -4.88392660333133e-45
2.59375 1.9999999999999996 24.0 2.000000000000754 23.999999999999822 -1.5134271734381545e-44
2.65625 1.9999999999999996 24.0 2.000000000000753 23.999999999999815 -4.568647830048834e-44
2.71875 1.9999999999999996 24.0 2.0000000000007523 23.999999999999808 -1.3361689566318357e-43
2.78125 1.9999999999999996 24.0 2.0000000000007523 23.999999999999808 -3.7532028244107754e-43
2.84375 1.9999999999999996 24.0 2.0000000000007523 23.999999999999808 -9.974387744360698e-43
2.90625 1.9999999999999996 24.0 2.0000000000007527 23.999999999999808 -2.4351720591234945e-42
2.96875 1.9999999999999996 24.0 2.0000000000007527 23.999999999999808 -5.085290221773357e-42
3.03125 1.9999999999999996 24.0 2.0000000000007527 23.999999999999808 -6.897034062129024e-42
3.09375 1.9999999999999996 24.0 2.0000000000007514 23.999999999999794 9.4571499118777e-42
3.15625 1.9999999999999996 24.0 2.0000000000007514 23.99999999999979 1.333693151761316e-40
3.21875 1.9999999999999996 24.0 2.0000000000007514 23.99999999999979 7.548951878250107e-40
3.28125 1.9999999999999996 24.0 2.0000000000007505 23.999999999999787 3.4311887634935694e-39
3.34375 1.9999999999999996 24.0 2.000000000000751 23.999999999999787 1.403178566439546e-38
3.40625 1.9999999999999996 24.0 2.0000000000007505 23.99999999999978 5.378068716624702e-38
3.46875 1.9999999999999996 24.0 2.000000000000748 23.999999999999773 1.9697195541396117e-37
3.53125 1.9999999999999996 24.0 2.000000000000747 23.99999999999977 6.968045095399668e-37
3.59375 1.9999999999999996 24.0 2.000000000000748 23.999999999999773 2.3966218722471593e-36
3.65625 1.9999999999999996 24.0 2.000000000000748 23.999999999999773 8.049000674182709e-36
3.71875 1.9999999999999996 24.0 2.000000000000747 23.999999999999766 2.64747034316652e-35
3.78125 1.9999999999999996 24.0 2.000000000000746 23.99999999999976 8.54664587042569e-35
3.84375 1.9999999999999996 24.0 2.000000000000747 23.99999999999976 2.712213722730896e-34
3.90625 1.9999999999999996 24.0 2.000000000000747 23.99999999999976 8.471067439974588e-34
3.96875 1.9999999999999996 24.0 2.0000000000007474 23.99999999999976 2.6064103442825064e-33
4.03125 1.9999999999999996 24.0 2.000000000000747 23.999999999999755 7.905978888239404e-33
4.09375 1.9999999999999996 24.0 2.000000000000746 23.999999999999748 2.3655346031470872e-32
4.15625 1.9999999999999996 24.0 2.000000000000746 23.999999999999748 6.984994830761698e-32
4.21875 1.9999999999999996 24.0 2.000000000000745 23.999999999999744 2.0362389514835817e-31
4.28125 1.9999999999999996 24.0 2.0000000000007443 23.999999999999737 5.862031322215626e-31
4.34375 1.9999999999999996 24.0 2.0000000000007434 23.999999999999726 1.666974471735266e-30
4.40625 1.9999999999999996 24.0 2.0000000000007434 23.999999999999723 4.683320222460584e-30
4.46875 1.9999999999999996 24.0 2.0000000000007425 23.999999999999716 1.3001294525565887e-29
4.53125 1.9999999999999996 24.0 2.0000000000007416 23.999999999999712 3.5667630039506357e-29
4.59375 1.9999999999999996 24.0 2.0000000000007416 23.99999999999971 9.670497416647311e-29
4.65625 1.9999999999999996 24.0 2.000000000000742 23.99999999999971 2.5913628227116674e-28
4.71875 1.9999999999999996 24.0 2.0000000000007416 23.999999999999705 6.863046828850996e-28
4.78125 1.9999999999999996 24.0 2.0000000000007416 23.9999999999997 1.796412949920961e-27
4.84375 1.9999999999999996 24.0 2.0000000000007416 23.999999999999694 4.64700787456371e-27
4.90625 1.9999999999999996 24.0 2.0000000000007416 23.999999999999694 1.1879054274809626e-26
4.96875 1.9999999999999996 24.0 2.00000000000074 23.999999999999684 3.0004004484834847e-26
5.03125 1.9999999999999996 24.0 2.000000000000739 23.999999999999673 7.486792811960278e-26
5.09375 1.9999999999999996 24.0 2.000000000000738 23.999999999999673 1.8451945242224962e-25
5.15625 1.9999999999999996 24.0 2.000000000000737 23.999999999999666 4.490611845317189e-25
5.21875 1.9999999999999996 24.0 2.0000000000007354 23.99999999999966 1.0788108353212093e-24
5.28125 1.9999999999999996 24.0 2.0000000000007345 23.999999999999652 2.557329998052712e-24
5.34375 1.9999999999999996 24.0 2.0000000000007327 23.999999999999638 5.97877898615881e-24
5.40625 1.9999999999999996 24.0 2.0000000000007327 23.999999999999638 1.3776866515677294e-23
5.46875 1.9999999999999996 24.0 2.0000000000007327 23.999999999999638 3.1264914036512736e-23
5.53125 1.9999999999999996 24.0 2.0000000000007314 23.99999999999963 6.980618709954213e-23
5.59375 1.9999999999999996 24.0 2.0000000000007327 23.99999999999963 1.5314050791412638e-22
5.65625 1.9999999999999996 24.0 2.0000000000007327 23.99999999999963 3.2952537647922248e-22
5.71875 1.9999999999999996 24.0 2.0000000000007336 23.99999999999963 6.938397225712931e-22
5.78125 1.9999999999999996 24.0 2.000000000000732 23.99999999999962 1.4247827369012723e-21
5.84375 1.9999999999999996 24.0 2.00000000000073 23.99999999999961 2.839370569031387e-21
5.90625 1.9999999999999996 24.0 2.0000000000007274 23.999999999999595 5.44950890910029e-21
5.96875 1.9999999999999996 24.0 2.0000000000007265 23.999999999999588 9.944158298563714e-21
6.03125 1.9999999999999996 24.0 2.0000000000007248 23.99999999999958 1.683955802877859e-20
6.09375 1.9999999999999996 24.0 2.0000000000007243 23.999999999999577 2.5051785044004933e-20
6.15625 1.9999999999999996 24.0 2.0000000000007248 23.999999999999577 2.740528868930065e-20
6.21875 1.9999999999999996 24.0 2.000000000000724 23.999999999999574 -1.9289258172990763e-21
6.28125 1.9999999999999996 24.0 2.0000000000007248 23.999999999999574 -1.4017862304362418e-19
6.34375 1.9999999999999996 24.0 2.0000000000007234 23.999999999999567 -5.9727403593566045e-19
6.40625 1.9999999999999996 24.0 2.0000000000007234 23.999999999999567 -1.9104035673239254e-18
6.46875 1.9999999999999996 24.0 2.0000000000007243 23.999999999999567 -5.395897040893431e-18
6.53125 1.9999999999999996 24.0 2.000000000000724 23.999999999999567 -1.4172635144106045e-17
6.59375 1.9999999999999996 24.0 2.000000000000724 23.99999999999956 -3.5429167569282213e-17
6.65625 1.9999999999999996 24.0 2.000000000000724 23.999999999999556 -8.534713940380537e-17
6.71875 1.9999999999999996 24.0 2.000000000000724 23.999999999999552 -1.996000429606432e-16
6.78125 1.9999999999999996 24.0 2.000000000000724 23.999999999999552 -4.553629995606369e-16
6.84375 1.9999999999999996 24.0 2.000000000000724 23.999999999999552 -1.0167180356264946e-15
6.90625 2.0000000000000018 24.0 2.000000000000724 23.999999999999545 -2.226894517287864e-15
6.96875 1.9999999999999991 24.0 2.0000000000007248 23.999999999999545 -4.7928992723670935e-15
7.03125 2.0000000000000018 24.0 2.0000000000007248 23.99999999999954 -1.0149798143363878e-14
7.09375 2.0000000000000027 24.0 2.0000000000007265 23.999999999999545 -2.1169426434468405e-14
7.15625 2.000000000000008 24.0 2.00000000000073 23.999999999999538 -4.352028380639294e-14
7.21875 2.0000000000000133 24.0 2.0000000000007367 23.999999999999538 -8.824162729183831e-14
7.28125 2.0000000000000275 24.0 2.0000000000007505 23.999999999999535 -1.765504987103273e-13
7.34375 2.000000000000054 24.0 2.000000000000777 23.99999999999953 -3.4869878558211256e-13
7.40625 2.000000000000107 24.0 2.0000000000008304 23.999999999999535 -6.800747887373828e-13
7.46875 2.000000000000207 24.0 2.000000000000929 23.999999999999524 -1.3100830926616375e-12
7.53125 2.0000000000003926 24.0 2.0000000000011156 23.999999999999524 -2.4932458599455e-12
7.59375 2.0000000000007403 24.0 2.00000000000146 23.99999999999951 -4.688392804143842e-12
7.65625 2.0000000000013767 24.0 2.0000000000020934 23.9999999999995 -8.71217953361179e-12
7.71875 2.0000000000025255 24.0 2.000000000003244 23.999999999999496 -1.5999612188650176e-11
7.78125 2.0000000000045817 24.0 2.0000000000053024 23.999999999999492 -2.9039792611471703e-11
7.84375 2.0000000000082188 24.0 2.0000000000089413 23.999999999999492 -5.2093915604236066e-11
7.90625 2.0000000000145706 24.0 2.000000000015297 23.99999999999949 -9.236014962645237e-11
7.96875 2.0000000000255342 24.0 2.0000000000262608 23.999999999999474 -1.6183318890323987e-10
8.03125 2.000000000044214 24.0 2.0000000000449463 23.999999999999474 -2.8022250166414554e-10
8.09375 2.0000000000756475 24.0 2.000000000076388 23.999999999999467 -4.794494381885033e-10
8.15625 2.0000000001278706 24.0 2.0000000001286224 23.99999999999946 -8.10442429110603e-10
8.21875 2.0000000002135057 24.0 2.0000000002142713 23.99999999999946 -1.3531848884076558e-09
8.28125 2.000000000352041 24.0 2.0000000003528307 23.999999999999467 -2.2312156971162697e-09
8.34375 2.0000000005730527 24.0 2.000000000573859 23.999999999999467 -3.631974219148933e-09
8.40625 2.0000000009205494 24.0 2.000000000921382 23.99999999999946 -5.834394601838469e-09
8.46875 2.0000000014586345 24.0 2.0000000014594725 23.99999999999946 -9.244758734380355e-09
8.53125 2.000000002278438 24.0 2.0000000022792843 23.99999999999946 -1.444062428085364e-08
8.59375 2.000000003505867 24.0 2.000000003506633 23.99999999999946 -2.2220023413817202e-08
8.65625 2.000000005308984 24.0 2.0000000053096594 23.999999999999446 -3.364810060345147e-08
8.71875 2.0000000079023086 24.0 2.0000000079026106 23.99999999999944 -5.00844594839887e-08
8.78125 2.0000000115430976 24.0 2.0000000115430057 23.99999999999943 -7.315960195901896e-08
8.84375 2.000000016510853 24.0 2.0000000165095844 23.99999999999944 -1.046450073705699e-07
8.90625 2.0000000230554904 24.0 2.0000000230531034 23.99999999999943 -1.461246173463636e-07
8.96875 2.0000000312909463 24.0 2.000000031285402 23.99999999999943 -1.9832055356516146e-07
9.03125 2.000000040998452 24.0 2.0000000409906136 23.99999999999943 -2.598462797269504e-07
9.09375 2.000000051286009 24.0 2.000000051271755 23.99999999999943 -3.250483311046408e-07
9.15625 2.0000000600263803 24.0 2.0000000600138295 23.999999999999424 -3.8044437996817056e-07
9.21875 2.000000062963799 24.0 2.000000062954635 23.999999999999417 -3.990616064219827e-07
9.28125 2.000000052338133 24.0 2.000000052377156 23.999999999999417 -3.31716640591852e-07
9.34375 2.000000014823507 24.0 2.0000000148293324 23.999999999999417 -9.39506915416835e-08
9.40625 1.9999999285163117 24.0 1.9999999282672225 23.99999999999941 4.530603240697041e-07
9.46875 1.9999997586360239 24.0 1.9999997580344777 23.99999999999941 1.529753980297915e-06
9.53125 1.9999994515243338 24.0 1.9999994505481813 23.999999999999403 3.4762149433038535e-06
9.59375 1.9999989264493645 24.0 1.9999989250486256 23.999999999999392 6.804120370200431e-06
9.65625 1.9999980646510156 24.0 1.99999806272707 23.999999999999392 1.2266172538001058e-05
9.71875 1.9999966950132855 24.0 1.9999966924326746 23.999999999999396 2.0946912307718176e-05
9.78125 1.999994575737341 24.0 1.9999945723454664 23.999999999999396 3.437888657929601e-05
9.84375 1.9999913714357194 24.0 1.9999913670672476 23.999999999999396 5.468784914051539e-05
9.90625 1.9999866251992728 24.0 1.99998661968927 23.999999999999396 8.47698499292316e-05
9.96875 1.9999797254303564 24.0 1.9999797186287398 23.99999999999939 0.00012850154243721726
10.03125 1.9999698676160949 24.0 1.999969859405903 23.99999999999939 0.0001909826458667602
10.09375 1.9999560117556454 24.0 1.9999560020747782 23.999999999999385 0.00027880609774585296
10.15625 1.9999368368697208 24.0 1.9999368257345997 23.999999999999368 0.00040034694173355593
10.21875 1.9999106949066663 24.0 1.9999106824359354 23.999999999999368 0.0005660554261655719
10.28125 1.9998755673951087 24.0 1.999875553829678 23.99999999999936 0.0007887332867798587
10.34375 1.9998290293272576 24.0 1.9998290150437439 23.99999999999935 0.001083765068175486
10.40625 1.999768225906742 24.0 1.9997682114182074 23.999999999999353 0.0014692691192730424
10.46875 1.9996898688416709 24.0 1.9996898547841502 23.99999999999935 0.0019661263086395773
10.53125 1.9995902596546722 24.0 1.9995902467502418 23.999999999999353 0.002597839480069819
10.59375 1.999465347837121 24.0 1.9994653368404567 23.999999999999346 0.0033901743036548818
10.65625 1.9993108313993964 24.0 1.9993108230108136 23.999999999999343 0.004370533653136037
10.71875 1.9991223062736054 24.0 1.9991223010504773 23.99999999999934 0.005567024104157814
10.78125 1.9988954689522282 24.0 1.9988954671742434 23.99999999999934 0.007007185562588836
10.84375 1.998626373602549 24.0 1.9986263751892221 23.99999999999934 0.008716373997397405
10.90625 1.9983117406874429 24.0 1.998311745028602 23.999999999999332 0.01071581282047236
10.96875 1.9979493089816849 24.0 1.997949314961321 23.999999999999332 0.013020359959317548
11.03125 1.997538217084751 24.0 1.9975382228587804 23.999999999999332 0.01563607359493098
11.09375 1.997079394536469 24.0 1.9970793978675971 23.999999999999318 0.01855769747427637
11.15625 1.9965759370229155 24.0 1.9965759348240653 23.999999999999318 0.021766223390745052
11.21875 1.9960334355940061 24.0 1.9960334250348537 23.99999999999931 0.02522671991030791
11.28125 1.9954602270085378 24.0 1.995460204115896 23.999999999999304 0.028886638374096246
11.34375 1.9948675319225997 24.0 1.9948674947084404 23.9999999999993 0.03267481533066286
11.40625 1.9942694501313294 24.0 1.994269393979265 23.999999999999297 0.036501381084238345
11.46875 1.993682787700136 24.0 1.9936827143409368 23.9999999999993 0.04025875432072879
11.53125 1.9931266995036017 24.0 1.9931266021710983 23.999999999999297 0.043823851741497465
11.59375 1.9926221420097896 24.0 1.99262203268022 23.999999999999297 0.04706157029590306
11.65625 1.9921911443667955 24.0 1.992191006632637 23.999999999999297 0.04982951126378543
11.71875 1.9918559199774992 24.0 1.9918557988342216 23.999999999999297 0.051983815731628635
11.78125 1.9916378546518405 24.0 1.9916377107984338 23.99999999999929 0.05338587762874967
11.84375 1.9915564199409557 24.0 1.9915565030892173 23.99999999999929 0.053909602651500035
11.90625 1.9916280703116893 24.0 1.9916281718374713 23.999999999999282 0.053448799007006796
11.96875 1.9918651895195483 24.0 1.991865222151139 23.999999999999282 0.05192422853819394
12.03125 1.992275154224112 24.0 1.9922751545606032 23.99999999999929 0.04928982261350742
12.09375 1.9928595811572143 24.0 1.9928595822145998 23.999999999999304 0.04553758186163458
12.15625 1.9936138178433769 24.0 1.9936138357738569 23.99999999999929 0.040700734725941205
12.21875 1.9945267260619293 24.0 1.9945267676526357 23.999999999999275 0.034854825297487284
12.28125 1.9955807922437934 24.0 1.995580859408317 23.999999999999268 0.028116530264597768
12.34375 1.9967525803796664 24.0 1.9967526712255643 23.999999999999275 0.0206401586194423
12.40625 1.998013521642256 24.0 1.9980136320129893 23.999999999999268 0.012611953511883283
12.46875 1.9993310119959429 24.0 1.9993311347248368 23.999999999999254 0.004242479026349397
12.53125 2.000669766145818 24.0 2.00066989421015 23.999999999999403 -0.004242479026349397
12.59375 2.001993355151661 24.0 2.001993478270088 23.999999999998785 -0.012611953511883283
12.65625 2.0032658379854444 24.0 2.003265950907113 24.000000000000217 -0.0206401586194423
12.71875 2.0044533863004075 24.0 2.004453476764332 23.99999999999812 -0.028116530264597768
12.78125 2.005525798429853 24.0 2.0055258706885035 23.999999999998444 -0.034854825297487284
12.84375 2.0064578042001333 24.0 2.0064578401536544 24.000000000007358 -0.040700734725941205
12.90625 2.0072300766200724 24.0 2.007230106114675 23.99999999997631 -0.04553758186163458
12.96875 2.007829888873526 24.0 2.007829870091463 24.000000000036565 -0.04928982261350742
13.03125 2.0082513831765967 24.0 2.0082514158403937 23.999999999977074 -0.05192422853819394
13.09375 2.008495449005603 24.0 2.008495423858389 23.999999999937042 -0.053448799007006796
13.15625 2.008569238577031 24.0 2.0085694310612117 24.000000000176783 -0.053909602651500035
13.21875 2.0084853739893846 24.0 2.0084853840010237 23.999999999868585 -0.05338587762874967
13.28125 2.0082609204483695 24.0 2.0082608112054245 23.999999999985697 -0.051983815731628635
13.34375 2.007916211803962 24.0 2.007916073654168 23.99999999996931 -0.04982951126378543
13.40625 2.0074736177037313 24.0 2.007473485538367 23.999999999929763 -0.04706157029590306
13.46875 2.0069563366052674 24.0 2.006956221434163 24.000000000578993 -0.043823851741497465
13.53125 2.006387287181946 24.0 2.0063871924215464 23.999999999160302 -0.04025875432072879
13.59375 2.0057881543504377 24.0 2.005788080826573 23.999999999904546 -0.036501381084238345
13.65625 2.0051786274890864 24.0 2.0051785743960426 24.000000002768765 -0.03267481533066286
13.71875 2.0045758495192922 24.0 2.004575814013659 23.999999994621152 -0.028886638374096246
13.78125 2.003994078139513 24.0 2.0039940580477476 24.000000000648996 -0.02522671991030791
13.84375 2.0034445458961168 24.0 2.0034445389248567 24.000000020546622 -0.021766223390745052
13.90625 2.0029354946873217 24.0 2.0029354916417814 23.999999951417426 -0.01855769747427637
13.96875 2.0024723529859534 24.0 2.0024723590811337 24.0000000248995 -0.01563607359493098
14.03125 2.0020580204012908 24.0 2.002058036350238 24.00000013981864 -0.013020359959317548
14.09375 2.0016932237598835 24.0 2.001693208233987 23.999999596100736 -0.01071581282047236
14.15625 2.001376911068173 24.0 2.0013769278716484 24.00000035622399 -0.008716373997397405
14.21875 2.0011066538375526 24.0 2.0011067009580557 24.000000549212714 -0.007007185562588836
14.28125 2.000879033605768 24.0 2.000878942016357 23.999998103217113 -0.005567024104157814
14.34375 2.000689994426066 24.0 2.0006900189404617 24.00000198999002 -0.004370533653136037
14.40625 2.00053514905634 24.0 2.000535244278338 23.999999819390425 -0.0033901743036548818
14.46875 2.0004100321174434 24.0 2.0004097673643324 23.99999745292955 -0.002597839480069819
14.53125 2.0003102982835324 24.0 2.0003104518684034 24.000005157391115 -0.0019661263086395773
14.59375 2.000231867423374 24.0 2.0002317106839502 23.999993668518076 -0.0014692691192730424
14.65625 2.0001710214523563 24.0 2.000170573456448 24.000001636614606 -0.001083765068175486
14.71875 2.0001244595003778 24.0 2.000124374800294 24.000000495615147 -0.0007887332867798587
14.78125 2.0000893189461166 24.0 2.0000881786788733 23.999995312035484 -0.0005660554261655719
14.84375 2.0000631700596236 24.0 2.0000623069582613 23.999997567603863 -0.00040034694173355593
14.90625 2.0000439916050072 24.0 2.0000419005527705 23.99998270485213 -0.00027880609774585296
14.96875 2.000030133960817 24.0 2.000028365355603 24.000018374000817 -0.0001909826458667602
15.03125 2.000020275283539 24.0 2.000019774518395 23.99999406296934 -0.00012850154243721726
15.09375 2.0000133751113984 24.0 2.0000111876844926 23.99998342215828 -8.47698499292316e-05
15.15625 2.0000086286935783 24.0 2.000008535261264 24.000016160398545 -5.468784914051539e-05
15.21875 2.0000054243137564 24.0 2.0000054549848647 24.000002364374353 -3.437888657929601e-05
15.28125 2.000003305005682 24.0 2.0000027039109236 23.999995753447905 -2.0946912307718176e-05
15.34375 2.00000193535549 24.0 2.000001819839526 24.000002210425972 -1.2266172538001058e-05
15.40625 2.0000010735526357 24.0 2.0000010735940856 24.000005839981412 -6.804120370200431e-06
15.46875 2.00000054847619 24.0 2.000000593932943 24.00000657699357 -3.4762149433038535e-06
15.53125 2.0000002413640776 24.0 1.9999999566705378 24.000001490428907 -1.529753980297915e-06
15.59375 2.0000000714836967 24.0 1.9999993172587283 23.999996531863264 -4.530603240697041e-07
15.65625 1.9999999851764942 24.0 1.999998970653328 23.999993810252523 9.39506915416835e-08
15.71875 1.9999999476618735 24.0 1.9999988146074816 23.999993057723646 3.31716640591852e-07
15.78125 1.999999937036209 24.0 1.9999988904980532 23.99999386949554 3.990616064219827e-07
15.84375 1.9999999399736268 24.0 1.9999991351056645 23.999995281968303 3.8044437996817056e-07
15.90625 1.9999999487139977 24.0 1.9999993326097592 23.999995632239898 3.250483311046408e-07
15.96875 1.9999999590015503 24.0 1.9999993502936426 23.999992884445895 2.598462797269504e-07
16.03125 1.9999999687090562 24.0 1.9999992559067072 23.99998850078465 1.9832055356516146e-07
16.09375 1.999999976944513 24.0 1.9999992862753078 23.999986731759712 1.461246173463636e-07
16.15625 1.9999999834891504 24.0 1.9999995863744706 23.99998958284293 1.046450073705699e-07
16.21875 1.9999999884569069 24.0 1.9999999166123719 23.99999368430663 7.315960195901896e-08
16.28125 1.9999999920976914 24.0 2.000000173685817 23.999997631955267 5.00844594839887e-08
16.34375 1.9999999946910147 24.0 2.000000459607567 24.000001668637893 3.364810060345147e-08
16.40625 1.9999999964941326 24.0 2.0000008530068207 24.000006948332437 2.2220023413817202e-08
16.46875 1.999999997721563 24.0 2.000001240616882 24.000012902604926 1.444062428085364e-08
16.53125 1.9999999985413641 24.0 2.0000015041268577 24.0000177354166 9.244758734380355e-09
16.59375 1.9999999990794535 24.0 2.0000016618588394 24.000020844169097 5.834394601838469e-09
16.65625 1.9999999994269466 24.0 2.000001721192958 24.000022243517833 3.631974219148933e-09
16.71875 1.999999999647959 24.0 2.000001615733914 24.00002148663591 2.2312156971162697e-09
16.78125 1.9999999997864955 24.0 2.0000013281165994 24.00001859054272 1.3531848884076558e-09
16.84375 1.999999999872129 24.0 2.0000009628511077 24.00001469333166 8.10442429110603e-10
16.90625 1.9999999999243536 24.0 2.0000006430932555 24.00001094390728 4.794494381885033e-10
16.96875 1.9999999999557878 24.0 2.000000436265985 24.000008065743305 2.8022250166414554e-10
17.03125 1.9999999999744664 24.0 2.0000002819047396 24.00000559208531 1.6183318890323987e-10
17.09375 1.999999999985427 24.0 2.000000098116413 24.00000299486554 9.236014962645237e-11
17.15625 1.999999999991783 24.0 1.9999999432080644 24.000000678445133 5.2093915604236066e-11
17.21875 1.9999999999954179 24.0 1.999999923987058 23.99999939783282 2.9039792611471703e-11
17.28125 1.9999999999974742 24.0 2.000000180177323 24.000000976988588 1.5999612188650176e-11
17.34375 1.999999999998626 24.0 2.0000005750529426 24.00000346264717 8.71217953361179e-12
17.40625 1.999999999999261 24.0 2.000000827967419 24.00000499551582 4.688392804143842e-12
17.46875 1.9999999999996065 24.0 2.0000007922759266 24.000004442398897 2.4932458599455e-12
17.53125 1.9999999999997953 24.0 2.0000005634876663 24.0000027711445 1.3100830926616375e-12
17.59375 1.9999999999998939 24.0 2.0000003035292684 24.00000115492312 6.800747887373828e-13
17.65625 1.9999999999999432 24.0 2.000000100482448 24.00000022624483 3.4869878558211256e-13
17.71875 1.9999999999999722 24.0 2.0000000792367163 24.00000083104123 1.765504987103273e-13
17.78125 1.9999999999999867 24.0 2.0000002402728208 24.000002841850577 8.824162729183831e-14
17.84375 1.9999999999999931 24.0 2.000000427431805 24.000004484441686 4.352028380639294e-14
17.90625 1.9999999999999956 24.0 2.000000617199399 24.0000056997534 2.1169426434468405e-14
17.96875 1.9999999999999982 24.0 2.000000850608971 24.00000679879908 1.0149798143363878e-14
18.03125 1.9999999999999987 24.0 2.000000969614983 24.000006775140083 4.7928992723670935e-15
18.09375 2.000000000000001 24.0 2.000000837931205 24.000004779562197 2.226894517287864e-15
18.15625 1.9999999999999996 24.0 2.0000003469768046 24.00000004728296 1.0167180356264946e-15
18.21875 1.9999999999999996 24.0 1.9999995774067871 23.99999346583653 4.553629995606369e-16
18.28125 1.9999999999999996 24.0 1.9999989018161695 23.999988078750597 1.996000429606432e-16
18.34375 1.9999999999999996 24.0 1.9999987229976242 23.999986752917017 8.534713940380537e-17
18.40625 1.9999999999999996 24.0 1.9999991581576362 23.999991131181467 3.5429167569282213e-17
18.46875 1.9999999999999996 24.0 1.9999995882717716 23.999994694130496 1.4172635144106045e-17
18.53125 1.9999999999999996 24.0 1.9999993681876096 23.99999282770066 5.395897040893431e-18
18.59375 1.9999999999999996 24.0 1.9999990926222753 23.999991239884306 1.9104035673239254e-18
18.65625 1.9999999999999996 24.0 1.9999993745447981 23.999993787162747 5.9727403593566045e-19
18.71875 1.9999999999999996 24.0 2.0000000267869322 23.999999364256446 1.4017862304362418e-19
18.78125 1.9999999999999996 24.0 2.000000176520863 23.99999962781159 1.9289258172990763e-21
18.84375 1.9999999999999996 24.0 1.999999941841595 23.99999809435919 -2.740528868930065e-20
18.90625 1.9999999999999996 24.0 2.0000000562152236 23.999999085787913 -2.5051785044004933e-20
18.96875 1.9999999999999996 24.0 2.000000576761959 24.00000379825653 -1.683955802877859e-20
19.03125 1.9999999999999996 24.0 2.000000938389046 24.000006506121426 -9.944158298563714e-21
19.09375 1.9999999999999996 24.0 2.00000077833133 24.000004953981268 -5.44950890910029e-21
19.15625 1.9999999999999996 24.0 2.00000049571534 24.000002976592846 -2.839370569031387e-21
19.21875 1.9999999999999996 24.0 2.000000404985898 24.00000278666752 -1.4247827369012723e-21
19.28125 1.9999999999999996 24.0 2.0000004107721083 24.00000303835551 -6.938397225712931e-22
19.34375 1.9999999999999996 24.0 2.000000170768481 24.000001403440475 -3.2952537647922248e-22
19.40625 1.9999999999999996 24.0 1.9999998202657774 23.99999916962925 -1.5314050791412638e-22
19.46875 1.9999999999999996 24.0 1.9999997818468715 23.99999911410321 -6.980618709954213e-23
19.53125 1.9999999999999996 24.0 2.000000161063908 24.00000226110201 -3.1264914036512736e-23
19.59375 1.9999999999999996 24.0 2.000000577174112 24.00000559582779 -1.3776866515677294e-23
19.65625 1.9999999999999996 24.0 2.000000632946146 24.00000584377073 -5.97877898615881e-24
19.71875 1.9999999999999996 24.0 2.000000494804484 24.00000464128733 -2.557329998052712e-24
19.78125 1.9999999999999996 24.0 2.0000000945618144 24.000001110008785 -1.0788108353212093e-24
19.84375 1.9999999999999996 24.0 1.9999996562612619 23.999997478070078 -4.490611845317189e-25
19.90625 1.9999999999999996 24.0 1.999999893204992 23.999999387079946 -1.8451945242224962e-25
19.96875 1.9999999999999996 24.0 2.0000002916884787 24.00000178041919 -7.486792811960278e-26
20.03125 1.9999999999999996 24.0 2.0000002775671577 24.00000111719696 -3.0004004484834847e-26
20.09375 1.9999999999999996 24.0 1.9999999212380062 23.999997835398766 -1.1879054274809626e-26
20.15625 1.9999999999999996 24.0 1.9999994483349615 23.999993289083356 -4.64700787456371e-27
20.21875 1.9999999999999996 24.0 1.999999188321202 23.999991279754493 -1.796412949920961e-27
20.28125 1.9999999999999996 24.0 1.9999994851628502 23.999993984287322 -6.863046828850996e-28
20.34375 1.9999999999999996 24.0 1.9999996167270158 23.999994306680037 -2.5913628227116674e-28
20.40625 1.9999999999999996 24.0 1.9999992465106318 23.999991671230575 -9.670497416647311e-29
20.46875 1.9999999999999996 24.0 1.9999989833815954 23.999990237687616 -3.5667630039506357e-29
20.53125 1.9999999999999996 24.0 1.9999992569833585 23.999992736928505 -1.3001294525565887e-29
20.59375 1.9999999999999996 24.0 2.0000000296323432 23.999999148713886 -4.683320222460584e-30
20.65625 1.9999999999999996 24.0 2.0000008616970475 24.00000608236029 -1.666974471735266e-30
20.71875 1.9999999999999996 24.0 2.0000012562361658 24.00000971285282 -5.862031322215626e-31
20.78125 1.9999999999999996 24.0 2.000000817557021 24.00000628524564 -2.0362389514835817e-31
20.84375 1.9999999999999996 24.0 2.0000001888459393 24.000001753208608 -6.984994830761698e-32
20.90625 1.9999999999999996 24.0 2.0000001881140523 24.000002211999725 -2.3655346031470872e-32
20.96875 1.9999999999999996 24.0 2.0000002757006263 24.000002543301562 -7.905978888239404e-33
21.03125 1.9999999999999996 24.0 1.9999999109440207 23.999999492365014 -2.6064103442825064e-33
21.09375 1.9999999999999996 24.0 1.9999992164442288 23.999993791446855 -8.471067439974588e-34
21.15625 1.9999999999999996 24.0 1.999998724086939 23.999989418956456 -2.712213722730896e-34
21.21875 1.9999999999999996 24.0 1.999998988701754 23.999991496137454 -8.54664587042569e-35
21.28125 1.9999999999999996 24.0 1.9999997170436652 23.99999711046153 -2.64747034316652e-35
21.34375 1.9999999999999996 24.0 1.9999999146131044 23.999997515110692 -8.049000674182709e-36
21.40625 1.9999999999999996 24.0 1.999999601541467 23.999994943350025 -2.3966218722471593e-36
21.46875 1.9999999999999996 24.0 1.999999538328407 23.999994390286034 -6.968045095399668e-37
21.53125 1.9999999999999996 24.0 2.000000000473836 23.999997911986945 -1.9697195541396117e-37
21.59375 1.9999999999999996 24.0 2.0000005724770435 24.000002034035685 -5.378068716624702e-38
21.65625 1.9999999999999996 24.0 2.0000006625011757 24.00000272464548 -1.403178566439546e-38
21.71875 1.9999999999999996 24.0 2.0000001308837123 23.999998680974088 -3.4311887634935694e-39
21.78125 1.9999999999999996 24.0 1.999999403439649 23.99999318881624 -7.548951878250107e-40
21.84375 1.9999999999999996 24.0 1.9999990461736576 23.99999081251268 -1.333693151761316e-40
21.90625 1.9999999999999996 24.0 1.999999289955864 23.999993522483607 -9.4571499118777e-42
21.96875 1.9999999999999996 24.0 1.9999994331824593 23.999994463295934 6.897034062129024e-42
22.03125 1.9999999999999996 24.0 1.9999990216248542 23.99999151204012 5.085290221773357e-42
22.09375 1.9999999999999996 24.0 1.9999986447829436 23.999989267073182 2.4351720591234945e-42
22.15625 1.9999999999999996 24.0 1.9999987302108029 23.999990346549005 9.974387744360698e-43
22.21875 1.9999999999999996 24.0 1.999999313982005 23.999995083385688 3.7532028244107754e-43
22.28125 1.9999999999999996 24.0 2.0000001471953635 24.000002837627598 1.3361689566318357e-43
22.34375 1.9999999999999996 24.0 2.000000539622567 24.000005395558144 4.568647830048834e-44
22.40625 1.9999999999999996 24.0 2.000000254848275 24.000002937908214 1.5134271734381545e-44
22.46875 1.9999999999999996 24.0 2.0000001229269193 24.000001985659843 4.88392660333133e-45
22.53125 1.9999999999999996 24.0 2.000000482741606 24.000004856637847 1.541032557512438e-45
22.59375 1.9999999999999996 24.0 2.000000957877016 24.000008271405175 4.766666883297355e-46
22.65625 1.9999999999999996 24.0 2.00000116220885 24.000009631758058 1.4480961508257759e-46
22.71875 1.9999999999999996 24.0 2.0000009430066203 24.000007710124308 4.3268626815565847e-47
22.78125 1.9999999999999996 24.0 2.0000003474866808 24.000003170034994 1.2729509522619648e-47
22.84375 1.9999999999999996 24.0 1.9999994599478887 23.9999960307873 3.6904479413849395e-48
22.90625 1.9999999999999996 24.0 1.9999986569135106 23.999989457263702 1.0550291032482932e-48
22.96875 1.9999999999999996 24.0 1.999998739661749 23.999990971176214 2.9757630384972538e-49
23.03125 1.9999999999999996 24.0 1.9999991665177674 23.999994412739582 8.284492655247021e-50
23.09375 1.9999999999999996 24.0 1.999999137211299 23.99999370568146 2.277278377096913e-50
23.15625 1.9999999999999996 24.0 1.9999989310939008 23.999992183368217 6.182563431609285e-51
23.21875 1.9999999999999996 24.0 1.9999990174175328 23.999992859606387 1.6581299923453183e-51
23.28125 1.9999999999999996 24.0 1.9999994159844956 23.99999597583274 4.393804720150234e-52
23.34375 1.9999999999999996 24.0 1.9999999021038515 23.999999678682467 1.1505138179815468e-52
23.40625 1.9999999999999996 24.0 2.000000261740979 24.000002377042648 2.977231559962374e-53
23.46875 1.9999999999999996 24.0 2.000000433175451 24.000003635567147 7.614287154550369e-54
23.53125 1.9999999999999996 24.0 2.00000042197155 24.000003466037967 1.9246606613016414e-54
23.59375 1.9999999999999996 24.0 2.000000221557198 24.00000172276833 4.808243216412138e-55
23.65625 1.9999999999999996 24.0 2.000000004992316 23.99999994125044 1.1871666588356863e-55
23.71875 1.9999999999999996 24.0 1.9999997861922845 23.99999793693867 2.896688398352563e-56
23.78125 1.9999999999999996 24.0 1.9999994806351633 23.99999508626017 6.98415315449243e-57
23.84375 1.9999999999999996 24.0 1.999999419311981 23.999994933234312 1.6637515850317588e-57
23.90625 1.9999999999999996 24.0 1.9999994821647702 23.999995046971485 3.9151515696813544e-58
23.96875 1.9999999999999996 24.0 1.9999993821824764 23.999994070607208 9.099039886941364e-59
24.03125 1.9999999999999996 24.0 1.999999435763229 23.99999456920768 2.0878823025968615e-59
24.09375 1.9999999999999996 24.0 1.9999997348869885 23.99999670166177 4.7285315304742537e-60
24.15625 1.9999999999999996 24.0 1.9999997706561918 23.999996716520045 1.0564902049433007e-60
24.21875 1.9999999999999996 24.0 1.9999993943951302 23.999993787375807 2.3274779481577778e-61
24.28125 1.9999999999999996 24.0 1.9999990743215887 23.99999168812525 5.052285490132954e-62
24.34375 1.9999999999999996 24.0 1.9999992742835428 23.999993350051156 1.0796763064909657e-62
24.40625 1.9999999999999996 24.0 1.9999999291023045 23.999999379143034 2.2689000963112057e-63
24.46875 1.9999999999999996 24.0 2.0000002977664213 24.00000143073496 4.681823820360618e-64
24.53125 1.9999999999999996 24.0 2.000000138845882 24.00000045430593 9.467542854033363e-65
24.59375 1.9999999999999996 24.0 2.0000002188779575 24.00000120873934 1.8711212490761638e-65
24.65625 1.9999999999999996 24.0 2.000000735171491 24.000005401336747 3.6001438242163e-66
24.71875 1.9999999999999996 24.0 2.000001226712653 24.000009356859017 6.704319663991951e-67
24.78125 1.9999999999999996 24.0 2.0000014284153 24.000011147761015 1.1971437942926539e-67
24.84375 1.9999999999999996 24.0 2.000001494326064 24.000011504589697 2.0164329257222074e-68
24.90625 1.9999999999999996 24.0 2.0000010704791555 24.000008085059964 3.10028924768748e-69
24.96875 1.9999999999999996 24.0 1.9999999198189617 23.999999013394827 4.003793457677204e-70
