0.25 1.9999999999999996 24.0 1.9999999999983509 23.999999999996326 -2.850203213424424e-67
0.75 1.9999999999999996 24.0 2.00000000000214 24.000000000003823 -1.0864518245663961e-61
1.25 1.9999999999999996 24.0 1.9999999999965432 23.999999999998252 -1.4244864646060943e-56
1.75 1.9999999999999996 24.0 2.000000000004933 23.999999999998707 -8.548289091174405e-52
2.25 1.9999999999999996 24.0 1.9999999999897404 23.99999999999163 -2.351308388844086e-47
2.75 1.9999999999999996 24.0 2.0000000000171694 24.000000000013966 -2.2523830569655327e-43
3.25 1.9999999999999996 24.0 1.9999999999675175 23.999999999955786 1.637631564719423e-39
3.75 1.9999999999999996 24.0 2.000000000059442 24.00000000010558 4.767397604445987e-35
4.25 1.9999999999999996 24.0 1.9999999998998597 23.99999999983713 3.4602839938301873e-31
4.75 1.9999999999999996 24.0 2.000000000163116 24.00000000021078 1.111987969600823e-27
5.25 1.9999999999999996 24.0 1.999999999730411 23.999999999728033 1.6638083285143045e-24
5.75 1.9999999999999996 24.0 2.000000000442967 24.00000000030647 9.976476910669732e-22
6.25 1.9999999999999996 24.0 1.9999999992391975 23.999999999494825 -4.8921798420998234e-20
6.75 1.9999999999999996 24.0 2.000000001340189 24.000000001087752 -3.023468242913689e-16
7.25 2.0000000000000218 24.0 1.9999999976091922 23.99999999767414 -1.250209723893004e-13
7.75 2.0000000000034057 24.0 2.0000000042505364 24.00000000460878 -2.1586786279083474e-11
8.25 2.000000000274591 24.0 1.9999999911102595 23.99999999200932 -1.7403567350686184e-09
8.75 2.0000000095744124 24.0 2.0000000336552115 24.00000001472666 -6.068217856011783e-08
9.25 2.000000060018857 24.0 1.9999999878519072 23.999999966666337 -3.803967102260639e-07
9.75 1.9999957475463594 24.0 1.999990784257358 24.00000000061959 2.695195306443837e-05
10.25 1.9998943960286535 24.0 1.9998355666524723 24.000000513760668 0.0006693744426668637
10.75 1.9990139350139449 24.0 1.998834257011351 24.000004265844193 0.006254988727532051
11.25 1.9957500367075387 24.0 1.9948930006341419 24.00004501988457 0.027035756852131283
11.75 1.9917309675950727 24.0 1.9922039648162007 23.999611877564284 0.05278713821237704
12.25 1.9950374480053366 24.0 1.9958070587382895 24.001534749376493 0.03158840711176899
12.75 2.005005692820967 24.0 2.007439311663847 23.984182643356696 -0.03158840711176899
13.25 2.0083895122038564 24.0 2.007485119307231 24.00704895846502 -0.05278713821237704
13.75 2.0042815646937573 24.0 2.0049953722066567 24.02307806777947 -0.027035756852131283
14.25 2.0009877564886773 24.0 2.000580458564605 23.991114061285625 -0.006254988727532051
14.75 2.0001056233425842 24.0 1.998730099525966 23.984640298404635 -0.0006693744426668637
15.25 2.000004252485046 24.0 2.0003542323783474 24.008517938390806 -2.695195306443837e-05
15.75 1.9999999399811483 24.0 2.0005755416020894 24.00790071559337 3.803967102260639e-07
16.25 1.9999999904255894 24.0 1.999957063074992 23.998304323188563 6.068217856011783e-08
16.75 1.999999999725407 24.0 1.9998349864980685 23.99729241293692 1.7403567350686184e-09
17.25 1.9999999999965936 24.0 2.000014274027087 24.000166348478206 2.1586786279083474e-11
17.75 1.9999999999999798 24.0 2.0000448749896518 24.000362813325438 1.250209723893004e-13
18.25 1.9999999999999996 24.0 1.9999470568177422 23.998764136438037 3.023468242913689e-16
18.75 1.9999999999999996 24.0 1.9999160827622013 23.99844968416155 4.8921798420998234e-20
19.25 1.9999999999999996 24.0 2.000019873009254 24.000143406796276 -9.976476910669732e-22
19.75 1.9999999999999996 24.0 2.0001034047510444 24.001374537596696 -1.6638083285143045e-24
20.25 1.9999999999999996 24.0 2.0000892950713585 24.001093572557565 -1.111987969600823e-27
20.75 1.9999999999999996 24.0 2.000051146480239 24.00050125673702 -3.4602839938301873e-31
21.25 1.9999999999999996 24.0 2.000010542639242 23.99997083316265 -4.767397604445987e-35
21.75 1.9999999999999996 24.0 1.9999603830754837 23.999442628561056 -1.637631564719423e-39
22.25 1.9999999999999996 24.0 1.9998954307125025 23.998826556106295 2.2523830569655327e-43
22.75 1.9999999999999996 24.0 1.9998387436196463 23.99832229102944 2.351308388844086e-47
23.25 1.9999999999999996 24.0 1.9998232328772856 23.998235336278043 8.548289091174405e-52
23.75 1.9999999999999996 24.0 1.9998831751046604 23.998924778726163 1.4244864646060943e-56
24.25 1.9999999999999996 24.0 1.999991862502642 24.000098895850968 1.0864518245663961e-61
24.75 1.9999999999999996 24.0 2.0000182280553913 24.00030645090001 2.850203213424424e-67
