0.015625 1.9999999999999996 24.0 2.0000000000007723 24.0 -2.27822078484169e-70
0.046875 1.9999999999999996 24.0 2.000000000000771 23.999999999999993 -6.85218368134225e-70
0.078125 1.9999999999999996 24.0 2.000000000000769 23.99999999999998 -1.8996549218085223e-69
0.109375 1.9999999999999996 24.0 2.0000000000007674 23.99999999999997 -5.008720464462768e-69
0.140625 1.9999999999999996 24.0 2.0000000000007656 23.999999999999957 -1.275954546258792e-68
0.171875 1.9999999999999996 24.0 2.0000000000007647 23.99999999999995 -3.1691289287035775e-68
0.203125 1.9999999999999996 24.0 2.0000000000007634 23.999999999999943 -7.718206623049324e-68
0.234375 1.9999999999999996 24.0 2.000000000000762 23.999999999999936 -1.8502142513491473e-67
0.265625 1.9999999999999996 24.0 2.000000000000761 23.99999999999993 -4.377446861968469e-67
0.296875 1.9999999999999996 24.0 2.000000000000762 23.99999999999993 -1.0241461876918614e-66
0.328125 1.9999999999999996 24.0 2.000000000000763 23.999999999999936 -2.372921497325267e-66
0.359375 1.9999999999999996 24.0 2.0000000000007647 23.999999999999936 -5.451008665905134e-66
0.390625 1.9999999999999996 24.0 2.000000000000763 23.99999999999993 -1.2425942366207413e-65
0.421875 1.9999999999999996 24.0 2.000000000000763 23.999999999999922 -2.8128757645194546e-65
0.453125 1.9999999999999996 24.0 2.000000000000763 23.999999999999925 -6.326920398120275e-65
0.484375 1.9999999999999996 24.0 2.000000000000762 23.999999999999915 -1.414693107295441e-64
0.515625 1.9999999999999996 24.0 2.0000000000007603 23.999999999999904 -3.145813634902412e-64
0.546875 1.9999999999999996 24.0 2.0000000000007603 23.999999999999904 -6.959052145299416e-64
0.578125 1.9999999999999996 24.0 2.000000000000761 23.999999999999908 -1.5319234162033377e-63
0.609375 1.9999999999999996 24.0 2.000000000000762 23.999999999999908 -3.356600044717967e-63
0.640625 1.9999999999999996 24.0 2.000000000000762 23.999999999999908 -7.321984942534789e-63
0.671875 1.9999999999999996 24.0 2.000000000000761 23.9999999999999 -1.5903905636321816e-62
0.703125 1.9999999999999996 24.0 2.000000000000761 23.9999999999999 -3.4402769321153487e-62
0.734375 1.9999999999999996 24.0 2.0000000000007616 23.9999999999999 -7.4123871613528855e-62
0.765625 1.9999999999999996 24.0 2.000000000000761 23.9999999999999 -1.590929990931295e-61
0.796875 1.9999999999999996 24.0 2.000000000000761 23.9999999999999 -3.401882857024736e-61
0.828125 1.9999999999999996 24.0 2.000000000000761 23.999999999999897 -7.247774453020917e-61
0.859375 1.9999999999999996 24.0 2.0000000000007603 23.999999999999893 -1.5386651948267813e-60
0.890625 1.9999999999999996 24.0 2.0000000000007603 23.999999999999893 -3.2551487659220895e-60
0.921875 1.9999999999999996 24.0 2.0000000000007607 23.999999999999893 -6.863006283915339e-60
0.953125 1.9999999999999996 24.0 2.000000000000762 23.999999999999897 -1.442119640701555e-59
0.984375 1.9999999999999996 24.0 2.000000000000762 23.999999999999893 -3.0203361416968546e-59
1.015625 1.9999999999999996 24.0 2.000000000000761 23.999999999999893 -6.305182608170241e-59
1.046875 1.9999999999999996 24.0 2.0000000000007603 23.999999999999886 -1.3120415267055653e-58
1.078125 1.9999999999999996 24.0 2.0000000000007603 23.99999999999988 -2.7215866533612825e-58
1.109375 1.9999999999999996 24.0 2.000000000000761 23.99999999999988 -5.6277758939184945e-58
1.140625 1.9999999999999996 24.0 2.000000000000761 23.999999999999876 -1.1601261438237894e-57
1.171875 1.9999999999999996 24.0 2.0000000000007603 23.999999999999872 -2.3841835575636754e-57
1.203125 1.9999999999999996 24.0 2.0000000000007607 23.999999999999872 -4.884848740431868e-57
1.234375 1.9999999999999996 24.0 2.000000000000761 23.999999999999872 -9.978129800561989e-57
1.265625 1.9999999999999996 24.0 2.0000000000007607 23.999999999999865 -2.0320867377757505e-56
1.296875 1.9999999999999996 24.0 2.000000000000761 23.999999999999872 -4.126081146814488e-56
1.328125 1.9999999999999996 24.0 2.000000000000762 23.999999999999872 -8.352991740634592e-56
1.359375 1.9999999999999996 24.0 2.0000000000007616 23.999999999999865 -1.686011193240446e-55
1.390625 1.9999999999999996 24.0 2.000000000000761 23.999999999999865 -3.3931056550831865e-55
1.421875 1.9999999999999996 24.0 2.0000000000007603 23.999999999999858 -6.808576983337657e-55
1.453125 1.9999999999999996 24.0 2.0000000000007603 23.99999999999985 -1.3621972531801136e-54
1.484375 1.9999999999999996 24.0 2.0000000000007603 23.999999999999844 -2.71737836329482e-54
1.515625 1.9999999999999996 24.0 2.0000000000007594 23.999999999999837 -5.404899700758321e-54
1.546875 1.9999999999999996 24.0 2.0000000000007576 23.99999999999983 -1.07189611230049e-53
1.578125 1.9999999999999996 24.0 2.000000000000755 23.999999999999808 -2.119554414886232e-53
1.609375 1.9999999999999996 24.0 2.000000000000754 23.999999999999808 -4.178897469918695e-53
1.640625 1.9999999999999996 24.0 2.000000000000755 23.99999999999981 -8.214889684997225e-53
1.671875 1.9999999999999996 24.0 2.000000000000754 23.999999999999808 -1.6101315822779676e-52
1.703125 1.9999999999999996 24.0 2.000000000000753 23.9999999999998 -3.1465632025112256e-52
1.734375 1.9999999999999996 24.0 2.000000000000753 23.999999999999794 -6.1308674558564455e-52
1.765625 1.9999999999999996 24.0 2.0000000000007514 23.99999999999978 -1.1909998921582205e-51
1.796875 1.9999999999999996 24.0 2.0000000000007487 23.99999999999977 -2.3067406877601848e-51
1.828125 1.9999999999999996 24.0 2.000000000000748 23.99999999999976 -4.454253611117328e-51
1.859375 1.9999999999999996 24.0 2.0000000000007474 23.99999999999975 -8.574936586047256e-51
1.890625 1.9999999999999996 24.0 2.000000000000747 23.99999999999975 -1.645720846417934e-50
1.921875 1.9999999999999996 24.0 2.0000000000007474 23.99999999999975 -3.1487547339947423e-50
1.953125 1.9999999999999996 24.0 2.0000000000007474 23.99999999999975 -6.005727064687491e-50
1.984375 1.9999999999999996 24.0 2.000000000000746 23.999999999999744 -1.1418828486624206e-49
2.015625 1.9999999999999996 24.0 2.000000000000746 23.999999999999737 -2.164163558795051e-49
2.046875 1.9999999999999996 24.0 2.000000000000745 23.99999999999973 -4.0883930329748965e-49
2.078125 1.9999999999999996 24.0 2.000000000000745 23.999999999999723 -7.698188899911537e-49
2.109375 1.9999999999999996 24.0 2.000000000000745 23.999999999999723 -1.4446905109718582e-48
2.140625 1.9999999999999996 24.0 2.000000000000745 23.999999999999723 -2.702002356417873e-48
2.171875 1.9999999999999996 24.0 2.000000000000746 23.99999999999973 -5.0360797287801475e-48
2.203125 1.9999999999999996 24.0 2.000000000000746 23.999999999999726 -9.353267962350299e-48
2.234375 1.9999999999999996 24.0 2.000000000000745 23.999999999999716 -1.7308607822853055e-47
2.265625 1.9999999999999996 24.0 2.000000000000745 23.999999999999716 -3.1911596593010844e-47
2.296875 1.9999999999999996 24.0 2.0000000000007443 23.9999999999997 -5.8610728285051535e-47
2.328125 1.9999999999999996 24.0 2.0000000000007425 23.999999999999694 -1.0722511834554478e-46
2.359375 1.9999999999999996 24.0 2.0000000000007407 23.99999999999968 -1.9536579209753196e-46
2.390625 1.9999999999999996 24.0 2.000000000000739 23.999999999999666 -3.544595714090166e-46
2.421875 1.9999999999999996 24.0 2.0000000000007394 23.99999999999967 -6.402876193520721e-46
2.453125 1.9999999999999996 24.0 2.0000000000007403 23.999999999999673 -1.1512940178789018e-45
2.484375 1.9999999999999996 24.0 2.000000000000739 23.999999999999662 -2.060150041016556e-45
2.515625 1.9999999999999996 24.0 2.000000000000738 23.999999999999666 -3.6677085226756304e-45
2.546875 1.9999999999999996 24.0 2.000000000000738 23.99999999999966 -6.494345351696857e-45
2.578125 1.9999999999999996 24.0 2.000000000000738 23.999999999999652 -1.1432892156771465e-44
2.609375 1.9999999999999996 24.0 2.000000000000737 23.99999999999964 -2.0001391905388715e-44
2.640625 1.9999999999999996 24.0 2.0000000000007345 23.99999999999963 -3.4754386748737267e-44
2.671875 1.9999999999999996 24.0 2.0000000000007336 23.999999999999623 -5.993943055649722e-44
2.703125 1.9999999999999996 24.0 2.0000000000007327 23.999999999999616 -1.025195040406753e-43
2.734375 1.9999999999999996 24.0 2.0000000000007327 23.99999999999961 -1.7371316768754017e-43
2.765625 1.9999999999999996 24.0 2.0000000000007323 23.99999999999961 -2.91205779188509e-43
2.796875 1.9999999999999996 24.0 2.0000000000007327 23.99999999999961 -4.8208921257584945e-43
2.828125 1.9999999999999996 24.0 2.000000000000732 23.9999999999996 -7.862381985663504e-43
2.859375 1.9999999999999996 24.0 2.0000000000007327 23.9999999999996 -1.258888113997978e-42
2.890625 1.9999999999999996 24.0 2.0000000000007327 23.9999999999996 -1.9689254483153933e-42
2.921875 1.9999999999999996 24.0 2.000000000000731 23.999999999999588 -2.984371359915005e-42
2.953125 1.9999999999999996 24.0 2.000000000000729 23.999999999999574 -4.325788212120148e-42
2.984375 1.9999999999999996 24.0 2.000000000000729 23.999999999999574 -5.846063377957028e-42
3.015625 1.9999999999999996 24.0 2.0000000000007283 23.999999999999567 -6.949926403797957e-42
3.046875 1.9999999999999996 24.0 2.0000000000007274 23.99999999999956 -5.97690423008472e-42
3.078125 1.9999999999999996 24.0 2.0000000000007256 23.999999999999545 1.1041630246284527e-42
3.109375 1.9999999999999996 24.0 2.0000000000007248 23.999999999999538 2.3380523158598155e-41
3.140625 1.9999999999999996 24.0 2.0000000000007248 23.99999999999953 8.040211368904828e-41
3.171875 1.9999999999999996 24.0 2.000000000000723 23.999999999999517 2.128823627925937e-40
3.203125 1.9999999999999996 24.0 2.000000000000722 23.999999999999517 5.035814308975148e-40
3.234375 1.9999999999999996 24.0 2.0000000000007208 23.999999999999513 1.1175793032213454e-39
3.265625 1.9999999999999996 24.0 2.000000000000721 23.99999999999951 2.379148315477548e-39
3.296875 1.9999999999999996 24.0 2.0000000000007208 23.999999999999503 4.9171664344323987e-39
3.328125 1.9999999999999996 24.0 2.0000000000007194 23.999999999999492 9.937973385277114e-39
3.359375 1.9999999999999996 24.0 2.0000000000007194 23.999999999999496 1.9733640409492698e-38
3.390625 1.9999999999999996 24.0 2.0000000000007185 23.99999999999949 3.862246412839405e-38
3.421875 1.9999999999999996 24.0 2.0000000000007176 23.99999999999948 7.467854512244359e-38
3.453125 1.9999999999999996 24.0 2.000000000000718 23.99999999999948 1.4289429136809048e-37
3.484375 1.9999999999999996 24.0 2.0000000000007176 23.999999999999474 2.709319313161419e-37
3.515625 1.9999999999999996 24.0 2.000000000000716 23.999999999999467 5.095304745953352e-37
3.546875 1.9999999999999996 24.0 2.000000000000714 23.999999999999453 9.512456240138327e-37
3.578125 1.9999999999999996 24.0 2.000000000000713 23.99999999999944 1.764039657518716e-36
3.609375 1.9999999999999996 24.0 2.000000000000714 23.999999999999446 3.251223154159321e-36
3.640625 1.9999999999999996 24.0 2.000000000000715 23.999999999999446 5.957967746992783e-36
3.671875 1.9999999999999996 24.0 2.000000000000715 23.999999999999446 1.0859796109704051e-35
3.703125 1.9999999999999996 24.0 2.000000000000715 23.999999999999446 1.969481613251063e-35
3.734375 1.9999999999999996 24.0 2.000000000000716 23.999999999999446 3.554705609886775e-35
3.765625 1.9999999999999996 24.0 2.000000000000715 23.99999999999944 6.386682306426079e-35
3.796875 1.9999999999999996 24.0 2.000000000000716 23.999999999999446 1.142489249897584e-34
3.828125 1.9999999999999996 24.0 2.0000000000007154 23.99999999999944 2.0352048920353324e-34
3.859375 1.9999999999999996 24.0 2.000000000000715 23.99999999999944 3.610838991254936e-34
3.890625 1.9999999999999996 24.0 2.0000000000007154 23.99999999999944 6.381297208125961e-34
3.921875 1.9999999999999996 24.0 2.000000000000714 23.99999999999943 1.123468433039923e-33
3.953125 1.9999999999999996 24.0 2.000000000000713 23.999999999999424 1.9706444301768363e-33
3.984375 1.9999999999999996 24.0 2.0000000000007123 23.999999999999417 3.444218049896123e-33
4.015625 1.9999999999999996 24.0 2.000000000000713 23.999999999999424 5.998506676741735e-33
4.046875 1.9999999999999996 24.0 2.000000000000714 23.999999999999424 1.04111138669265e-32
4.078125 1.9999999999999996 24.0 2.000000000000714 23.999999999999424 1.8008638503315503e-32
4.109375 1.9999999999999996 24.0 2.000000000000714 23.999999999999417 3.104698038737646e-32
4.140625 1.9999999999999996 24.0 2.000000000000714 23.999999999999414 5.335009896503985e-32
4.171875 1.9999999999999996 24.0 2.000000000000713 23.99999999999941 9.137948787512768e-32
4.203125 1.9999999999999996 24.0 2.0000000000007123 23.999999999999403 1.5601918693651058e-31
4.234375 1.9999999999999996 24.0 2.0000000000007123 23.999999999999396 2.65545774288298e-31
4.265625 1.9999999999999996 24.0 2.0000000000007114 23.999999999999385 4.505546363689017e-31
4.296875 1.9999999999999996 24.0 2.0000000000007097 23.999999999999375 7.621057735477044e-31
4.328125 1.9999999999999996 24.0 2.0000000000007097 23.99999999999937 1.2851516331372023e-30
4.359375 1.9999999999999996 24.0 2.0000000000007088 23.999999999999364 2.1606037380466126e-30
4.390625 1.9999999999999996 24.0 2.000000000000708 23.99999999999936 3.621484103504994e-30
4.421875 1.9999999999999996 24.0 2.0000000000007083 23.99999999999936 6.0519690049571036e-30
4.453125 1.9999999999999996 24.0 2.000000000000707 23.999999999999353 1.0083523940785047e-29
4.484375 1.9999999999999996 24.0 2.0000000000007057 23.999999999999346 1.6750947021985322e-29
4.515625 1.9999999999999996 24.0 2.000000000000706 23.999999999999346 2.774487006777097e-29
4.546875 1.9999999999999996 24.0 2.000000000000706 23.999999999999343 4.5819074330769235e-29
4.578125 1.9999999999999996 24.0 2.000000000000707 23.999999999999343 7.544549486732463e-29
4.609375 1.9999999999999996 24.0 2.000000000000707 23.999999999999346 1.238642375332453e-28
4.640625 1.9999999999999996 24.0 2.000000000000706 23.99999999999934 2.027615344466844e-28
4.671875 1.9999999999999996 24.0 2.0000000000007048 23.999999999999325 3.3094267750190695e-28
4.703125 1.9999999999999996 24.0 2.0000000000007043 23.999999999999325 5.38576355657764e-28
4.734375 1.9999999999999996 24.0 2.0000000000007034 23.999999999999318 8.73912572067705e-28
4.765625 1.9999999999999996 24.0 2.0000000000007017 23.999999999999304 1.4138812796945444e-27
4.796875 1.9999999999999996 24.0 2.0000000000007017 23.999999999999304 2.2807587812770227e-27
4.828125 1.9999999999999996 24.0 2.0000000000007017 23.999999999999304 3.668289004728993e-27
4.859375 1.9999999999999996 24.0 2.0000000000007008 23.999999999999297 5.882486307471667e-27
4.890625 1.9999999999999996 24.0 2.0000000000007008 23.999999999999297 9.405155247393542e-27
4.921875 1.9999999999999996 24.0 2.000000000000699 23.999999999999282 1.49924343140427e-26
4.953125 1.9999999999999996 24.0 2.000000000000699 23.999999999999282 2.3827139994964814e-26
4.984375 1.9999999999999996 24.0 2.000000000000699 23.999999999999275 3.775344399229274e-26
5.015625 1.9999999999999996 24.0 2.000000000000699 23.999999999999275 5.963706537766583e-26
5.046875 1.9999999999999996 24.0 2.000000000000699 23.999999999999275 9.391605402168255e-26
5.078125 1.9999999999999996 24.0 2.000000000000699 23.999999999999268 1.474398097469421e-25
5.109375 1.9999999999999996 24.0 2.000000000000698 23.999999999999265 2.3074218514254646e-25
5.140625 1.9999999999999996 24.0 2.0000000000006963 23.999999999999257 3.599654906553355e-25
5.171875 1.9999999999999996 24.0 2.0000000000006954 23.999999999999247 5.5975613110885925e-25
5.203125 1.9999999999999996 24.0 2.0000000000006954 23.999999999999247 8.676038409735593e-25
5.234375 1.9999999999999996 24.0 2.0000000000006954 23.999999999999247 1.3403152088627167e-24
5.265625 1.9999999999999996 24.0 2.000000000000695 23.999999999999247 2.063626327147327e-24
5.296875 1.9999999999999996 24.0 2.0000000000006968 23.999999999999254 3.1664072085467803e-24
5.328125 1.9999999999999996 24.0 2.0000000000006963 23.999999999999247 4.8415436441065506e-24
5.359375 1.9999999999999996 24.0 2.0000000000006963 23.999999999999247 7.376468727502132e-24
5.390625 1.9999999999999996 24.0 2.0000000000006954 23.99999999999924 1.1197544736359961e-23
5.421875 1.9999999999999996 24.0 2.0000000000006937 23.999999999999233 1.6934177460038927e-23
5.453125 1.9999999999999996 24.0 2.000000000000694 23.999999999999226 2.5510813027808987e-23
5.484375 1.9999999999999996 24.0 2.0000000000006946 23.999999999999226 3.8277972523577195e-23
5.515625 1.9999999999999996 24.0 2.0000000000006954 23.999999999999233 5.719737357640802e-23
5.546875 1.9999999999999996 24.0 2.000000000000693 23.99999999999922 8.510108664216983e-23
5.578125 1.9999999999999996 24.0 2.000000000000692 23.99999999999921 1.2605058654817386e-22
5.609375 1.9999999999999996 24.0 2.000000000000692 23.99999999999921 1.8582826090560647e-22
5.640625 1.9999999999999996 24.0 2.00000000000069 23.9999999999992 2.7260073698019643e-22
5.671875 1.9999999999999996 24.0 2.000000000000689 23.999999999999194 3.977987490968176e-22
5.703125 1.9999999999999996 24.0 2.0000000000006892 23.999999999999194 5.77259160798956e-22
5.734375 1.9999999999999996 24.0 2.00000000000069 23.999999999999197 8.326656155385357e-22
5.765625 1.9999999999999996 24.0 2.00000000000069 23.999999999999197 1.193295339358929e-21
5.796875 1.9999999999999996 24.0 2.00000000000069 23.99999999999919 1.698014209741317e-21
5.828125 1.9999999999999996 24.0 2.00000000000069 23.99999999999919 2.397332648142728e-21
5.859375 1.9999999999999996 24.0 2.00000000000069 23.99999999999919 3.3550959936201877e-21
5.890625 1.9999999999999996 24.0 2.00000000000069 23.99999999999919 4.648962114637106e-21
5.921875 1.9999999999999996 24.0 2.000000000000693 23.999999999999204 6.368100805829833e-21
5.953125 1.9999999999999996 24.0 2.000000000000691 23.99999999999919 8.605353010410987e-21
5.984375 1.9999999999999996 24.0 2.000000000000689 23.99999999999918 1.143913179228943e-20
6.015625 1.9999999999999996 24.0 2.0000000000006875 23.99999999999917 1.489719778190366e-20
6.046875 1.9999999999999996 24.0 2.0000000000006866 23.99999999999916 1.8889436847287846e-20
6.078125 1.9999999999999996 24.0 2.0000000000006866 23.99999999999916 2.3088901174160298e-20
6.109375 1.9999999999999996 24.0 2.0000000000006866 23.99999999999916 2.672813031849725e-20
6.140625 1.9999999999999996 24.0 2.0000000000006866 23.999999999999154 2.8258874022225216e-20
6.171875 1.9999999999999996 24.0 2.0000000000006866 23.99999999999916 2.4794409328619503e-20
6.203125 1.9999999999999996 24.0 2.0000000000006857 23.99999999999915 1.120966778113034e-20
6.234375 1.9999999999999996 24.0 2.0000000000006857 23.99999999999915 -2.1292021952213176e-20
6.265625 1.9999999999999996 24.0 2.000000000000685 23.999999999999147 -8.743644241968582e-20
6.296875 1.9999999999999996 24.0 2.000000000000686 23.999999999999154 -2.1139984100659238e-19
6.328125 1.9999999999999996 24.0 2.000000000000686 23.999999999999154 -4.3225443940309184e-19
6.359375 1.9999999999999996 24.0 2.0000000000006857 23.999999999999147 -8.123242558628094e-19
6.390625 1.9999999999999996 24.0 2.0000000000006857 23.99999999999914 -1.449916056694189e-18
6.421875 1.9999999999999996 24.0 2.000000000000685 23.999999999999133 -2.498590031010466e-18
6.453125 1.9999999999999996 24.0 2.000000000000684 23.99999999999912 -4.1961531058258706e-18
6.484375 1.9999999999999996 24.0 2.000000000000683 23.999999999999112 -6.908033070364404e-18
6.515625 1.9999999999999996 24.0 2.000000000000683 23.99999999999911 -1.1191819602844879e-17
6.546875 1.9999999999999996 24.0 2.0000000000006812 23.999999999999098 -1.7892814642745072e-17
6.578125 1.9999999999999996 24.0 2.0000000000006803 23.99999999999909 -2.828480622676629e-17
6.609375 1.9999999999999996 24.0 2.0000000000006795 23.999999999999083 -4.427650759039602e-17
6.640625 1.9999999999999996 24.0 2.000000000000678 23.999999999999076 -6.871293963104205e-17
6.671875 1.9999999999999996 24.0 2.000000000000677 23.999999999999062 -1.0581352319837788e-16
6.703125 1.9999999999999996 24.0 2.000000000000677 23.999999999999062 -1.6180622920595578e-16
6.734375 1.9999999999999996 24.0 2.000000000000676 23.999999999999055 -2.4584179170539287e-16
6.765625 1.9999999999999996 24.0 2.000000000000675 23.999999999999048 -3.7130643844254734e-16
6.796875 1.9999999999999996 24.0 2.000000000000675 23.999999999999048 -5.576995431938721e-16
6.828125 1.9999999999999996 24.0 2.000000000000675 23.99999999999904 -8.333090963179003e-16
6.859375 1.9999999999999996 24.0 2.000000000000675 23.99999999999904 -1.2390097532254693e-15
6.890625 2.0000000000000018 24.0 2.000000000000675 23.99999999999904 -1.833634667520214e-15
6.921875 2.0000000000000018 24.0 2.000000000000674 23.999999999999034 -2.7015457262591083e-15
6.953125 2.0000000000000018 24.0 2.000000000000675 23.999999999999034 -3.963263749308563e-15
6.984375 2.0000000000000004 24.0 2.000000000000675 23.999999999999034 -5.790342783568785e-15
7.015625 1.9999999999999998 24.0 2.000000000000675 23.999999999999027 -8.426110147273168e-15
7.046875 2.000000000000003 24.0 2.000000000000674 23.99999999999902 -1.2214485147172358e-14
7.078125 2.0000000000000044 24.0 2.000000000000675 23.999999999999012 -1.7639885483553146e-14
7.109375 2.000000000000004 24.0 2.0000000000006763 23.999999999999012 -2.53822982660602e-14
7.140625 2.000000000000006 24.0 2.0000000000006777 23.99999999999901 -3.63930197719041e-14
7.171875 2.000000000000009 24.0 2.0000000000006795 23.99999999999901 -5.1998468342356297e-14
7.203125 2.000000000000012 24.0 2.000000000000682 23.999999999999005 -7.404199539793786e-14
7.234375 2.000000000000016 24.0 2.0000000000006866 23.999999999998998 -1.050769502468153e-13
7.265625 2.000000000000024 24.0 2.000000000000692 23.99999999999899 -1.4862863863463673e-13
7.296875 2.0000000000000315 24.0 2.000000000000702 23.99999999999899 -2.0954856369736308e-13
7.328125 2.000000000000045 24.0 2.000000000000714 23.999999999998984 -2.9449184610589434e-13
7.359375 2.0000000000000644 24.0 2.000000000000732 23.999999999998977 -4.1255848706260836e-13
7.390625 2.0000000000000906 24.0 2.0000000000007576 23.99999999999897 -5.761517913992377e-13
7.421875 2.0000000000001266 24.0 2.0000000000007923 23.999999999998963 -8.021235938183894e-13
7.453125 2.0000000000001776 24.0 2.00000000000084 23.999999999998956 -1.113296906264696e-12
7.484375 2.0000000000002434 24.0 2.000000000000907 23.99999999999895 -1.5404834363647938e-12
7.515625 2.0000000000003344 24.0 2.0000000000009974 23.99999999999894 -2.1251475998174054e-12
7.546875 2.000000000000461 24.0 2.0000000000011227 23.999999999998934 -2.922911974610753e-12
7.578125 2.0000000000006324 24.0 2.0000000000012923 23.999999999998927 -4.008153816462366e-12
7.609375 2.000000000000864 24.0 2.000000000001524 23.99999999999892 -5.480010911465506e-12
7.640625 2.0000000000011795 24.0 2.0000000000018385 23.99999999999892 -7.470200829441743e-12
7.671875 2.0000000000016014 24.0 2.0000000000022604 23.999999999998913 -1.0153164275917284e-11
7.703125 2.0000000000021725 24.0 2.000000000002828 23.999999999998902 -1.3759175065993107e-11
7.734375 2.0000000000029337 24.0 2.000000000003589 23.999999999998895 -1.8591221278310382e-11
7.765625 2.0000000000039537 24.0 2.000000000004607 23.99999999999889 -2.5046660111161175e-11
7.796875 2.00000000000531 24.0 2.000000000005964 23.99999999999889 -3.364488926874075e-11
7.828125 2.000000000007109 24.0 2.0000000000077636 23.999999999998877 -4.506256740414861e-11
7.859375 2.0000000000094946 24.0 2.000000000010148 23.99999999999887 -6.017826279695694e-11
7.890625 2.0000000000126428 24.0 2.000000000013296 23.99999999999887 -8.012882088826562e-11
7.921875 2.0000000000167852 24.0 2.0000000000174367 23.999999999998863 -1.0638022529341046e-10
7.953125 2.000000000022218 24.0 2.0000000000228697 23.999999999998856 -1.4081629059050188e-10
7.984375 2.0000000000293223 24.0 2.0000000000299742 23.99999999999885 -1.8584917425466984e-10
8.015625 2.000000000038588 24.0 2.000000000039237 23.99999999999885 -2.445564327745659e-10
8.046875 2.0000000000506235 24.0 2.0000000000512737 23.999999999998842 -3.2085017244722926e-10
8.078125 2.00000000006622 24.0 2.0000000000668674 23.999999999998842 -4.196847518033573e-10
8.109375 2.000000000086354 24.0 2.0000000000870024 23.99999999999883 -5.473104646628257e-10
8.140625 2.000000000112275 24.0 2.0000000001129203 23.99999999999882 -7.115816430660233e-10
8.171875 2.0000000001455254 24.0 2.0000000001461733 23.999999999998828 -9.22328624068492e-10
8.203125 2.000000000188042 24.0 2.000000000188691 23.999999999998828 -1.191803958165589e-09
8.234375 2.0000000002422254 24.0 2.0000000002428733 23.99999999999882 -1.5352140059132596e-09
8.265625 2.0000000003110383 24.0 2.0000000003116867 23.99999999999882 -1.971347542156692e-09
8.296875 2.000000000398129 24.0 2.000000000398776 23.999999999998813 -2.523312985973188e-09
8.328125 2.000000000507954 24.0 2.0000000005086034 23.99999999999881 -3.219395161131922e-09
8.359375 2.000000000645954 24.0 2.0000000006466063 23.999999999998817 -4.094040754180995e-09
8.390625 2.0000000008187153 24.0 2.000000000819365 23.99999999999882 -5.1889784705830064e-09
8.421875 2.0000000010341616 24.0 2.0000000010348122 23.999999999998813 -6.554474776039984e-09
8.453125 2.000000001301796 24.0 2.0000000013024453 23.999999999998813 -8.250718395545009e-09
8.484375 2.0000000016329116 24.0 2.00000000163356 23.999999999998806 -1.0349315607112637e-08
8.515625 2.00000000204086 24.0 2.0000000020415056 23.9999999999988 -1.2934862794373492e-08
8.546875 2.000000002541286 24.0 2.000000002541931 23.999999999998796 -1.610654146399652e-08
8.578125 2.000000003152381 24.0 2.000000003153029 23.9999999999988 -1.9979652470463198e-08
8.609375 2.000000003895099 24.0 2.000000003895745 23.999999999998792 -2.4686968687730042e-08
8.640625 2.0000000047933044 24.0 2.000000004793945 23.999999999998778 -3.037973662956737e-08
8.671875 2.000000005873834 24.0 2.0000000058744716 23.999999999998778 -3.722809494294276e-08
8.703125 2.0000000071664448 24.0 2.000000007167076 23.99999999999877 -4.542059821685135e-08
8.734375 2.0000000087035072 24.0 2.0000000087041307 23.999999999998764 -5.5162434587404565e-08
8.765625 2.0000000105194524 24.0 2.000000010520065 23.999999999998757 -6.667180104523568e-08
8.796875 2.0000000126497848 24.0 2.0000000126503847 23.999999999998757 -8.017374642759501e-08
8.828125 2.000000015129584 24.0 2.0000000151301682 23.99999999999875 -9.589060343071351e-08
8.859375 2.000000017991281 24.0 2.0000000179918445 23.99999999999875 -1.1402790157076528e-07
8.890625 2.0000000212614957 24.0 2.000000021262034 23.99999999999875 -1.3475437614470108e-07
8.921875 2.0000000249566923 24.0 2.000000024957197 23.99999999999875 -1.581743565263702e-07
8.953125 2.0000000290772793 24.0 2.0000000290777376 23.999999999998735 -1.842904225897277e-07
8.984375 2.0000000335997687 24.0 2.000000033600176 23.999999999998728 -2.129537521443204e-07
9.015625 2.0000000384665237 24.0 2.0000000384668706 23.999999999998725 -2.4379903603245343e-07
9.046875 2.000000043572458 24.0 2.0000000435727276 23.99999999999872 -2.7616020174017365e-07
9.078125 2.000000048747987 24.0 2.0000000487481637 23.999999999998714 -3.089624517400078e-07
9.109375 2.0000000537374265 24.0 2.0000000537374945 23.999999999998703 -3.405852802832484e-07
9.140625 2.0000000581718047 24.0 2.000000058171751 23.9999999999987 -3.686901735755997e-07
9.171875 2.000000061534947 24.0 2.0000000615347497 23.9999999999987 -3.900056158431509e-07
9.203125 2.000000063121454 24.0 2.0000000631210817 23.999999999998685 -4.00060811963365e-07
9.234375 2.000000061985026 24.0 2.000000061984431 23.99999999999868 -3.92858192564735e-07
9.265625 2.00000005687535 24.0 2.0000000568744163 23.99999999999868 -3.6047328921586107e-07
9.296875 2.0000000461614245 24.0 2.0000000461598972 23.999999999998668 -2.9256895874623466e-07
9.328125 2.000000027739114 24.0 2.000000027736421 23.999999999998664 -1.75809204796358e-07
9.359375 1.9999999989201567 24.0 1.9999999989152024 23.999999999998657 6.84399496390746e-09
9.390625 1.9999999562998731 24.0 1.9999999562908546 23.999999999998657 2.769693754259723e-07
9.421875 1.9999998956002056 24.0 1.9999998955847929 23.99999999999865 6.6168109169794e-07
9.453125 1.999999811484612 24.0 1.9999998114605748 23.999999999998646 1.1948019652308614e-06
9.484375 1.999999697340906 24.0 1.9999996973067131 23.999999999998646 1.91823977061019e-06
9.515625 1.999999545027933 24.0 1.999999544982788 23.999999999998643 2.8835929655655025e-06
9.546875 1.9999993445815567 24.0 1.9999993445250657 23.999999999998636 4.154014011294916e-06
9.578125 1.9999990838753732 24.0 1.9999990838071757 23.99999999999863 5.806359934410772e-06
9.609375 1.9999987482312231 24.0 1.9999987481508024 23.999999999998625 7.933660947464523e-06
9.640625 1.9999983199745666 24.0 1.9999983198811915 23.99999999999862 1.0647938659910819e-05
9.671875 1.9999977779296876 24.0 1.9999977778224463 23.999999999998618 1.4083405549510238e-05
9.703125 1.9999970968499001 24.0 1.999997096727731 23.999999999998614 1.8400076786345152e-05
9.734375 1.9999962467780121 24.0 1.9999962466397414 23.999999999998607 2.3787824056655596e-05
9.765625 1.9999951923327897 24.0 1.9999951921771801 23.999999999998607 3.047089856032277e-05
9.796875 1.999993891917764 24.0 1.9999938917435482 23.9999999999986 3.871294668531413e-05
9.828125 1.9999922968494408 24.0 1.9999922966553592 23.9999999999986 4.882253682205016e-05
9.859375 1.9999903504030918 24.0 1.999990350187924 23.999999999998593 6.115920919813026e-05
9.890625 1.9999879867755812 24.0 1.9999879865381802 23.999999999998586 7.614005232250465e-05
9.921875 1.999985129966297 24.0 1.9999851297056417 23.999999999998593 9.424679947325484e-05
9.953125 1.999981692579246 24.0 1.9999816922944706 23.999999999998593 0.00011603342650898227
9.984375 1.9999775745515185 24.0 1.999977574241964 23.999999999998586 0.00014213421802187232
10.015625 1.9999726618160807 24.0 1.9999726614813333 23.999999999998586 0.00017327225240822825
10.046875 1.9999668249096927 24.0 1.9999668245496347 23.999999999998586 0.00021026823778249598
10.078125 1.9999599175401557 24.0 1.9999599171550155 23.999999999998593 0.00025404960983168684
10.109375 1.99995177513072 24.0 1.9999517747211044 23.999999999998586 0.0003056597797921633
10.140625 1.9999422133633569 24.0 1.9999422129303062 23.999999999998586 0.0003662673958988225
10.171875 1.999931026746968 24.0 1.9999310262919945 23.999999999998586 0.00043717545516134556
10.203125 1.9999179872409136 24.0 1.9999179867660208 23.999999999998586 0.0005198300745101878
10.234375 1.999902842968814 24.0 1.9999028424765415 23.99999999999858 0.0006158287016735327
10.265625 1.999885317062351 24.0 1.9998853165557757 23.999999999998575 0.0007269275171483163
10.296875 1.9998651066791175 24.0 1.9998651061618566 23.999999999998572 0.0008550477499748933
10.328125 1.9998418822431476 24.0 1.9998418817193628 23.999999999998565 0.0010022806024855794
10.359375 1.999815286960777 24.0 1.9998152864351313 23.999999999998558 0.0011708904536466504
10.390625 1.9997849366679172 24.0 1.9997849361455482 23.999999999998558 0.00136331598802327
10.421875 1.9997504200679945 24.0 1.9997504195544378 23.99999999999855 0.0015821688788247121
10.453125 1.9997112994216162 24.0 1.999711298922735 23.999999999998543 0.001830229640059798
10.484375 1.999667111750285 24.0 1.9996671112721625 23.999999999998543 0.0021104402557239545
10.515625 1.999617370616156 24.0 1.999617370164965 23.99999999999854 0.0024258931943456344
10.546875 1.999561568538231 24.0 1.9995615681201016 23.999999999998536 0.002779816426326757
10.578125 1.9994991801022237 24.0 1.999499179723062 23.99999999999853 0.0031755540804596885
10.609375 1.999429665816126 24.0 1.9994296654814556 23.99999999999853 0.003616542405846326
10.640625 1.999352476756772 24.0 1.9993524764715065 23.999999999998522 0.004106280747108303
10.671875 1.9992670600433429 24.0 1.9992670598115894 23.999999999998522 0.004648297295010989
10.703125 1.9991728651628604 24.0 1.9991728649877123 23.999999999998508 0.005246109441955015
10.734375 1.999069351159204 24.0 1.9990693510424955 23.9999999999985 0.00590317865247471
10.765625 1.9989559946815918 24.0 1.9989559946237003 23.999999999998487 0.006622859852864577
10.796875 1.9988322988711067 24.0 1.9988322988707317 23.99999999999848 0.007408345450915949
10.828125 1.9986978030441154 24.0 1.9986978030980973 23.99999999999849 0.008262604215674192
10.859375 1.9985520931104448 24.0 1.998552093213589 23.999999999998497 0.009188315376884767
10.890625 1.99839481264156 24.0 1.998394812786501 23.999999999998508 0.01018779844269984
10.921875 1.998225674480568 24.0 1.9982256746576845 23.999999999998508 0.01126293938012599
10.953125 1.998044472761953 24.0 1.9980444729592985 23.999999999998487 0.012415113953013106
10.984375 1.9978510951849262 24.0 1.99785109538825 23.99999999999848 0.013645109164084353
11.015625 1.9976455353612705 24.0 1.9976455355540639 23.99999999999848 0.014953043897151557
11.046875 1.9974279050364643 24.0 1.9974279052000936 23.999999999998476 0.016338289999458067
11.078125 1.9971984459632377 24.0 1.9971984460771273 23.999999999998476 0.017799395177961152
11.109375 1.9969575411894815 24.0 1.996957541231367 23.999999999998458 0.019334009203016627
11.140625 1.9967057255088896 24.0 1.9967057254551448 23.999999999998447 0.020938815013958157
11.171875 1.9964436948133226 24.0 1.996443694639346 23.999999999998447 0.022609466399069394
11.203125 1.9961723140810637 24.0 1.9961723137616836 23.999999999998437 0.02434053397314911
11.234375 1.995892623735951 24.0 1.9958926232459657 23.999999999998415 0.026125461195244212
11.265625 1.9956058441187994 24.0 1.995605843433415 23.999999999998423 0.027956532153544326
11.296875 1.9953133778250682 24.0 1.995313376920567 23.999999999998423 0.02982485279080091
11.328125 1.995016809681634 24.0 1.995016808535695 23.999999999998405 0.031720347149536324
11.359375 1.9947179041607992 24.0 1.9947179027534474 23.99999999999838 0.033631770080131254
11.390625 1.9944186000608812 24.0 1.9944185983742413 23.999999999998394 0.03554673767593849
11.421875 1.994121002320009 24.0 1.9941210003400187 23.99999999999844 0.037451776478212004
11.453125 1.993827370872327 24.0 1.9938273685868626 23.99999999999848 0.039332392231319985
11.484375 1.9935401065028608 24.0 1.993540103905736 23.999999999998497 0.041173158668053204
11.515625 1.9932617337084824 24.0 1.9932617307929295 23.999999999998504 0.04295782646966331
11.546875 1.9929948806262774 24.0 1.992994877396034 23.999999999998444 0.04466945218057142
11.578125 1.9927422561464812 24.0 1.9927422525956875 23.99999999999837 0.04629054646961692
11.609375 1.9925066243837002 24.0 1.9925066205298005 23.999999999998323 0.04780324072547297
11.640625 1.992290776736207 24.0 1.9922907725595886 23.999999999998327 0.04918947056157731
11.671875 1.9920975018177327 24.0 1.9920974973614354 23.999999999998344 0.05043117439454236
11.703125 1.9919295535977968 24.0 1.9919295487871738 23.999999999998355 0.051510504859034176
11.734375 1.9917896181345975 24.0 1.99178961308718 23.999999999998373 0.052410050441439045
11.765625 1.9916802793274413 24.0 1.9916802738341748 23.99999999999835 0.05311306436428788
11.796875 1.9916039841527713 24.0 1.9916039788086835 23.999999999998323 0.05360369744326279
11.828125 1.9915630078783295 24.0 1.9915630033821932 23.99999999999833 0.05386723137812902
11.859375 1.9915594197730133 24.0 1.9915594238758596 23.99999999999835 0.05389030873688286
11.890625 1.991595049845043 24.0 1.9915950538820493 23.999999999998387 0.05366115575656725
11.921875 1.9916714571476455 24.0 1.991671459026013 23.99999999999839 0.05316979402112389
11.953125 1.9917899001893906 24.0 1.9917899007348383 23.999999999998384 0.05240823709138409
11.984375 1.9919513099750932 24.0 1.991951309950882 23.999999999998373 0.05137066825821273
12.015625 1.9921562661830212 24.0 1.9921562659942125 23.999999999998344 0.05005359576840977
12.046875 1.992404976954997 24.0 1.9924049768172647 23.999999999998337 0.048455982133748285
12.078125 1.9926972627376558 24.0 1.9926972627812154 23.99999999999833 0.046579344473933665
12.109375 1.993032544566459 24.0 1.993032544877302 23.99999999999833 0.04442782325967287
12.140625 1.993409837128865 24.0 1.9934098377651766 23.999999999998337 0.04200821730578457
12.171875 1.9938277468800085 24.0 1.9938277478797808 23.999999999998316 0.03932998340777328
12.203125 1.9942844754142048 24.0 1.994284476799246 23.999999999998302 0.03640519960818808
12.234375 1.9947778282186872 24.0 1.994777829996992 23.999999999998302 0.033248491709506556
12.265625 1.9953052288539466 24.0 1.9953052310212243 23.9999999999983 0.02987692330508533
12.296875 1.995863738518113 24.0 1.9958637410589342 23.999999999998316 0.026309850264809496
12.328125 1.9964500808628576 24.0 1.9964500837516717 23.99999999999831 0.022568741272777516
12.359375 1.9970606718365334 24.0 1.9970606750386457 23.999999999998288 0.018676966655785724
12.390625 1.9976916542382264 24.0 1.9976916577108748 23.999999999998263 0.014659558348819613
12.421875 1.9983389365760507 24.0 1.9983389402694913 23.99999999999825 0.01054294440308875
12.453125 1.9989982357362353 24.0 1.9989982395950974 23.999999999998252 0.006354661940193942
12.484375 1.9996651228884827 24.0 1.9996651268529482 23.999999999998245 0.002123052880951984
12.515625 2.0003350719796162 24.0 2.000335075987147 23.999999999998245 -0.002123052880951984
12.546875 2.00100351010414 24.0 2.001003514090528 23.999999999998252 -0.006354661940193942
12.578125 2.001665868988892 24.0 2.0016658728906647 23.99999999999825 -0.01054294440308875
12.609375 2.0023176367912976 24.0 2.0023176405458645 23.99999999999828 -0.014659558348819613
12.640625 2.0029544093886766 24.0 2.0029544129384163 23.999999999998302 -0.018676966655785724
12.671875 2.0035719403308323 24.0 2.003571943620312 23.99999999999832 -0.022568741272777516
12.703125 2.004166188640739 24.0 2.0041661916256928 23.99999999999834 -0.026309850264809496
12.734375 2.0047333636787434 24.0 2.0047333663145634 23.999999999998344 -0.02987692330508533
12.765625 2.005269966334648 24.0 2.0052699686000492 23.99999999999834 -0.033248491709506556
12.796875 2.0057728258779153 24.0 2.005772827737706 23.999999999998337 -0.03640519960818808
12.828125 2.0062391318786292 24.0 2.006239133351513 23.999999999998316 -0.03932998340777328
12.859375 2.006666460707854 24.0 2.006666461753155 23.9999999999983 -0.04200821730578457
12.890625 2.007052796234403 24.0 2.0070527969517613 23.999999999998323 -0.04442782325967287
12.921875 2.007396544451629 24.0 2.0073965447425284 23.99999999999829 -0.046579344473933665
12.953125 2.007696541890935 24.0 2.007696542050952 23.999999999998238 -0.048455982133748285
12.984375 2.00795205780337 24.0 2.007952057518561 23.99999999999823 -0.05005359576840977
13.015625 2.008162790214818 24.0 2.0081627903182055 23.999999999998202 -0.05137066825821273
13.046875 2.0083288560792747 24.0 2.0083288556014534 23.99999999999819 -0.05240823709138409
13.078125 2.0084507758663173 24.0 2.0084507772289926 23.999999999998224 -0.05316979402112389
13.109375 2.0085294530192526 24.0 2.0085294535275136 23.999999999998245 -0.05366115575656725
13.140625 2.0085661488078412 24.0 2.008566155336796 23.999999999998245 -0.05389030873688286
13.171875 2.0085624531714625 24.0 2.0085624553180237 23.999999999998252 -0.05386723137812902
13.203125 2.0085202522038217 24.0 2.0085202483107896 23.99999999999823 -0.05360369744326279
13.234375 2.0084416929683115 24.0 2.0084416873566893 23.99999999999822 -0.05311306436428788
13.265625 2.0083291463529864 24.0 2.0083291407213686 23.999999999998213 -0.052410050441439045
13.296875 2.0081851686771834 24.0 2.0081851633670995 23.999999999998202 -0.051510504859034176
13.328125 2.0080124627480562 24.0 2.0080124577847203 23.99999999999821 -0.05043117439454236
13.359375 2.0078138390367264 24.0 2.0078138344097196 23.999999999998224 -0.04918947056157731
13.390625 2.0075921776018872 24.0 2.007592173307037 23.999999999998234 -0.04780324072547297
13.421875 2.0073503913353625 24.0 2.0073503873740997 23.999999999998245 -0.04629054646961692
13.453125 2.0070913910420676 24.0 2.007091387417633 23.999999999998245 -0.04466945218057142
13.484375 2.0068180527974966 24.0 2.0068180495124093 23.99999999999823 -0.04295782646966331
13.515625 2.0065331879525097 24.0 2.0065331850070134 23.999999999998227 -0.041173158668053204
13.546875 2.006239516079148 24.0 2.0062395134703115 23.99999999999823 -0.039332392231319985
13.578125 2.0059396410751464 24.0 2.0059396387964155 23.999999999998224 -0.037451776478212004
13.609375 2.0056360305702103 24.0 2.0056360286113057 23.999999999998234 -0.03554673767593849
13.640625 2.005330998705948 24.0 2.005330997052977 23.999999999998245 -0.033631770080131254
13.671875 2.0050266922945186 24.0 2.0050266909302836 23.999999999998256 -0.031720347149536324
13.703125 2.004725080300255 24.0 2.0047250792046625 23.999999999998252 -0.02982485279080091
13.734375 2.004427946533991 24.0 2.0044279456845615 23.999999999998252 -0.027956532153544326
13.765625 2.004136885402676 24.0 2.0041368847750896 23.999999999998238 -0.026125461195244212
13.796875 2.0038533005169823 24.0 2.003853300085664 23.999999999998224 -0.02434053397314911
13.828125 2.003578405927542 24.0 2.003578405666211 23.999999999998224 -0.022609466399069394
13.859375 2.003313229735606 24.0 2.003313229617838 23.99999999999822 -0.020938815013958157
13.890625 2.0030586198067653 24.0 2.0030586198065006 23.999999999998202 -0.019334009203016627
13.921875 2.0028152513056607 24.0 2.0028152513976787 23.999999999998167 -0.017799395177961152
13.953125 2.0025836357656694 24.0 2.0025836359259976 23.999999999998145 -0.016338289999458067
13.984375 2.002364131409167 24.0 2.002364131615439 23.999999999998188 -0.014953043897151557
14.015625 2.0021569544409292 24.0 2.002156954672652 23.999999999998224 -0.013645109164084353
14.046875 2.0019621910485492 24.0 2.001962191287321 23.999999999998234 -0.012415113953013106
14.078125 2.001779809858921 24.0 2.0017798100885984 23.999999999998245 -0.01126293938012599
14.109375 2.001609674618127 24.0 2.0016096748249 23.99999999999821 -0.01018779844269984
14.140625 2.0014515568825506 24.0 2.0014515570549856 23.999999999998195 -0.009188315376884767
14.171875 2.001305148531535 24.0 2.0013051486605296 23.99999999999818 -0.008262604215674192
14.203125 2.0011700739351705 24.0 2.0011700740138814 23.99999999999818 -0.007408345450915949
14.234375 2.001045901634838 24.0 2.001045901658574 23.999999999998167 -0.006622859852864577
14.265625 2.000932155418046 24.0 2.0009321553841106 23.99999999999816 -0.00590317865247471
14.296875 2.000828324692419 24.0 2.000828324599924 23.999999999998156 -0.005246109441955015
14.328125 2.000733874086317 24.0 2.000733873935994 23.99999999999815 -0.004648297295010989
14.359375 2.000648252224848 24.0 2.0006482520188325 23.99999999999814 -0.004106280747108303
14.390625 2.000570899649711 24.0 2.0005708993913203 23.999999999998135 -0.003616542405846326
14.421875 2.000501255869412 24.0 2.0005012555629316 23.99999999999813 -0.0031755540804596885
14.453125 2.0004387655424827 24.0 2.000438765192941 23.999999999998128 -0.002779816426326757
14.484375 2.0003828838104343 24.0 2.000382883423409 23.99999999999813 -0.0024258931943456344
14.515625 2.0003330808093462 24.0 2.000333080390764 23.999999999998142 -0.0021104402557239545
14.546875 2.0002888453989645 24.0 2.0002888449549197 23.99999999999814 -0.001830229640059798
14.578125 2.000249688156304 24.0 2.0002496876929117 23.999999999998117 -0.0015821688788247121
14.609375 2.0002151436869413 24.0 2.0002151432101947 23.999999999998103 -0.00136331598802327
14.640625 2.0001847723115027 24.0 2.0001847718271435 23.999999999998046 -0.0011708904536466504
14.671875 2.000158161187641 24.0 2.0001581607010723 23.999999999997904 -0.0010022806024855794
14.703125 2.0001349249290894 24.0 2.000134924445304 23.999999999997755 -0.0008550477499748933
14.734375 2.0001147057831816 24.0 2.00011470530671 23.99999999999765 -0.0007269275171483163
14.765625 2.0000971734272244 24.0 2.000097172962077 23.999999999997527 -0.0006158287016735327
14.796875 2.000082024441752 24.0 2.000082023991408 23.999999999997435 -0.0005198300745101878
14.828125 2.000068981515895 24.0 2.0000689810833046 23.999999999997428 -0.00043717545516134556
14.859375 2.0000577924364786 24.0 2.0000577920240636 23.99999999999754 -0.0003662673958988225
14.890625 2.0000482289084847 24.0 2.0000482285181547 23.99999999999783 -0.0003056597797921633
14.921875 2.000040085250177 24.0 2.0000400848833553 23.999999999998273 -0.00025404960983168684
14.953125 2.000033177001772 24.0 2.000033176659395 23.999999999998675 -0.00021026823778249598
14.984375 2.0000273394819263 24.0 2.0000273391644825 23.999999999998856 -0.00017327225240822825
15.015625 2.000022426321887 24.0 2.000022426029465 23.999999999998536 -0.00014213421802187232
15.046875 2.0000183080028413 24.0 2.000018307735174 23.999999999997566 -0.00011603342650898227
15.078125 2.0000148704177225 24.0 2.000014870174266 23.99999999999598 -9.424679947325484e-05
15.109375 2.0000120134750574 24.0 2.0000120132550503 23.999999999993985 -7.614005232250465e-05
15.140625 2.00000964975862 24.0 2.0000096495611426 23.999999999991786 -6.115920919813026e-05
15.171875 2.000007703253614 24.0 2.0000077030776398 23.99999999998972 -4.882253682205016e-05
15.203125 2.00000610814703 24.0 2.000006107991462 23.999999999988063 -3.871294668531413e-05
15.234375 2.0000048077073536 24.0 2.000004807571034 23.999999999986976 -3.047089856032277e-05
15.265625 2.000003753246452 24.0 2.0000037531281962 23.999999999986443 -2.3787824056655596e-05
15.296875 2.000002903164734 24.0 2.0000029030633435 23.999999999986414 -1.8400076786345152e-05
15.328125 2.0000022220788876 24.0 2.0000022219931712 23.99999999998672 -1.4083405549510238e-05
15.359375 2.0000016800303366 24.0 2.00000167995914 23.999999999987082 -1.0647938659910819e-05
15.390625 2.000001251771497 24.0 2.0000012517137433 23.999999999987352 -7.933660947464523e-06
15.421875 2.000000916126087 24.0 2.000000916080831 23.99999999998746 -5.806359934410772e-06
15.453125 2.000000655419193 24.0 2.0000006553856693 23.999999999987423 -4.154014011294916e-06
15.484375 2.0000004549724286 24.0 2.0000004549500727 23.999999999987338 -2.8835929655655025e-06
15.515625 2.000000302659251 24.0 2.0000003026476536 23.99999999998728 -1.91823977061019e-06
15.546875 2.000000188515448 24.0 2.000000188514181 23.999999999987253 -1.1948019652308614e-06
15.578125 2.0000001043998115 24.0 2.0000001044080915 23.999999999987253 -6.6168109169794e-07
15.609375 2.00000004370013 24.0 2.0000000437164926 23.999999999987306 -2.769693754259723e-07
15.640625 2.0000000010798438 24.0 2.0000000011021974 23.999999999987374 -6.84399496390746e-09
15.671875 1.9999999722608925 24.0 1.9999999722870627 23.999999999987374 1.75809204796358e-07
15.703125 1.9999999538385795 24.0 1.999999953866893 23.999999999987338 2.9256895874623466e-07
15.734375 1.9999999431246587 24.0 1.9999999431540751 23.999999999987256 3.6047328921586107e-07
15.765625 1.9999999380149824 24.0 1.9999999380449593 23.99999999998718 3.92858192564735e-07
15.796875 1.9999999368785557 24.0 1.999999936908852 23.99999999998714 4.00060811963365e-07
15.828125 1.9999999384650595 24.0 1.999999938495576 23.99999999998715 3.900056158431509e-07
15.859375 1.999999941828201 24.0 1.9999999418588936 23.999999999987207 3.686901735755997e-07
15.890625 1.9999999462625828 24.0 1.999999946293419 23.99999999998725 3.405852802832484e-07
15.921875 1.9999999512520188 24.0 1.999999951282979 23.999999999987264 3.089624517400078e-07
15.953125 1.999999956427546 24.0 1.9999999564586084 23.999999999987264 2.7616020174017365e-07
15.984375 1.9999999615334771 24.0 1.999999961564628 23.999999999987253 2.4379903603245343e-07
16.015625 1.9999999664002377 24.0 1.9999999664314583 23.999999999987253 2.129537521443204e-07
16.046875 1.999999970922726 24.0 1.9999999709540077 23.999999999987246 1.842904225897277e-07
16.078125 1.9999999750433077 24.0 1.9999999750746384 23.999999999987224 1.581743565263702e-07
16.109375 1.9999999787385043 24.0 1.9999999787698735 23.999999999987228 1.3475437614470108e-07
16.140625 1.9999999820087218 24.0 1.9999999820401198 23.99999999998723 1.1402790157076528e-07
16.171875 1.999999984870415 24.0 1.9999999849018355 23.999999999987196 9.589060343071351e-08
16.203125 1.9999999873502148 24.0 1.9999999873816514 23.99999999998716 8.017374642759501e-08
16.234375 1.9999999894805471 24.0 1.9999999895119964 23.99999999998715 6.667180104523568e-08
16.265625 1.999999991296492 24.0 1.9999999913279545 23.999999999987168 5.5162434587404565e-08
16.296875 1.999999992833553 24.0 1.9999999928650323 23.99999999998722 4.542059821685135e-08
16.328125 1.9999999941261641 24.0 1.9999999941576536 23.99999999998727 3.722809494294276e-08
16.359375 1.9999999952066967 24.0 1.9999999952381906 23.999999999987267 3.037973662956737e-08
16.390625 1.9999999961048993 24.0 1.9999999961363994 23.99999999998728 2.4686968687730042e-08
16.421875 1.999999996847616 24.0 1.9999999968791276 23.999999999987352 1.9979652470463198e-08
16.453125 1.9999999974587153 24.0 1.9999999974902318 23.999999999987395 1.610654146399652e-08
16.484375 1.9999999979591419 24.0 1.9999999979906595 23.999999999987395 1.2934862794373492e-08
16.515625 1.9999999983670886 24.0 1.9999999983986068 23.99999999998738 1.0349315607112637e-08
16.546875 1.9999999986982047 24.0 1.9999999987297215 23.999999999987363 8.250718395545009e-09
16.578125 1.9999999989658364 24.0 1.999999998997353 23.999999999987345 6.554474776039984e-09
16.609375 1.9999999991812856 24.0 1.9999999992127995 23.999999999987352 5.1889784705830064e-09
16.640625 1.9999999993540443 24.0 1.999999999385556 23.999999999987352 4.094040754180995e-09
16.671875 1.9999999994920425 24.0 1.9999999995235538 23.999999999987324 3.219395161131922e-09
16.703125 1.9999999996018731 24.0 1.9999999996333773 23.99999999998729 2.523312985973188e-09
16.734375 1.9999999996889624 24.0 1.9999999997204667 23.99999999998728 1.971347542156692e-09
16.765625 1.9999999997577758 24.0 1.9999999997892792 23.999999999987278 1.5352140059132596e-09
16.796875 1.9999999998119575 24.0 1.9999999998434628 23.99999999998727 1.191803958165589e-09
16.828125 1.9999999998544744 24.0 1.9999999998859812 23.999999999987267 9.22328624068492e-10
16.859375 1.9999999998877296 24.0 1.9999999999192368 23.9999999999873 7.115816430660233e-10
16.890625 1.999999999913646 24.0 1.99999999994516 23.999999999987324 5.473104646628257e-10
16.921875 1.9999999999337816 24.0 1.9999999999653006 23.99999999998736 4.196847518033573e-10
16.953125 1.9999999999493754 24.0 1.9999999999808975 23.999999999987395 3.2085017244722926e-10
16.984375 1.9999999999614149 24.0 1.9999999999929317 23.999999999987367 2.445564327745659e-10
17.015625 1.9999999999706757 24.0 2.0000000000021885 23.999999999987317 1.8584917425466984e-10
17.046875 1.999999999977782 24.0 2.000000000009294 23.99999999998731 1.4081629059050188e-10
17.078125 1.9999999999832156 24.0 2.0000000000147278 23.99999999998731 1.0638022529341046e-10
17.109375 1.9999999999873583 24.0 2.0000000000188694 23.999999999987306 8.012882088826562e-11
17.140625 1.9999999999905052 24.0 2.000000000022017 23.999999999987295 6.017826279695694e-11
17.171875 1.9999999999928901 24.0 2.000000000024401 23.999999999987278 4.506256740414861e-11
17.203125 1.9999999999946916 24.0 2.0000000000262004 23.999999999987267 3.364488926874075e-11
17.234375 1.999999999996049 24.0 2.0000000000275557 23.999999999987267 2.5046660111161175e-11
17.265625 1.9999999999970643 24.0 2.000000000028575 23.99999999998729 1.8591221278310382e-11
17.296875 1.9999999999978286 24.0 2.0000000000293388 23.999999999987324 1.3759175065993107e-11
17.328125 1.9999999999983957 24.0 2.0000000000299085 23.999999999987324 1.0153164275917284e-11
17.359375 1.9999999999988214 24.0 2.0000000000303277 23.99999999998729 7.470200829441743e-12
17.390625 1.9999999999991338 24.0 2.0000000000306426 23.9999999999873 5.480010911465506e-12
17.421875 1.999999999999368 24.0 2.0000000000308775 23.999999999987317 4.008153816462366e-12
17.453125 1.9999999999995355 24.0 2.00000000003105 23.999999999987306 2.922911974610753e-12
17.484375 1.9999999999996654 24.0 2.0000000000311733 23.999999999987278 2.1251475998174054e-12
17.515625 1.9999999999997593 24.0 2.000000000031263 23.999999999987264 1.5404834363647938e-12
17.546875 1.9999999999998246 24.0 2.0000000000313296 23.99999999998726 1.113296906264696e-12
17.578125 1.999999999999873 24.0 2.00000000003138 23.999999999987267 8.021235938183894e-13
17.609375 1.9999999999999098 24.0 2.000000000031417 23.999999999987267 5.761517913992377e-13
17.640625 1.9999999999999354 24.0 2.0000000000314455 23.9999999999873 4.1255848706260836e-13
17.671875 1.9999999999999527 24.0 2.0000000000314695 23.999999999987338 2.9449184610589434e-13
17.703125 1.9999999999999667 24.0 2.000000000031487 23.999999999987352 2.0954856369736308e-13
17.734375 1.9999999999999778 24.0 2.0000000000314984 23.999999999987352 1.4862863863463673e-13
17.765625 1.9999999999999845 24.0 2.0000000000315046 23.999999999987338 1.050769502468153e-13
17.796875 1.9999999999999896 24.0 2.000000000031508 23.999999999987327 7.404199539793786e-14
17.828125 1.9999999999999922 24.0 2.000000000031513 23.99999999998736 5.1998468342356297e-14
17.859375 1.9999999999999938 24.0 2.00000000003152 23.999999999987416 3.63930197719041e-14
17.890625 1.9999999999999978 24.0 2.000000000031524 23.99999999998747 2.53822982660602e-14
17.921875 1.999999999999997 24.0 2.0000000000315272 23.99999999998751 1.7639885483553146e-14
17.953125 1.9999999999999978 24.0 2.000000000031531 23.999999999987548 1.2214485147172358e-14
17.984375 1.9999999999999991 24.0 2.0000000000315348 23.999999999987573 8.426110147273168e-15
18.015625 2.000000000000001 24.0 2.0000000000315357 23.999999999987573 5.790342783568785e-15
18.046875 1.9999999999999987 24.0 2.0000000000315348 23.999999999987555 3.963263749308563e-15
18.078125 2.000000000000001 24.0 2.0000000000315348 23.99999999998753 2.7015457262591083e-15
18.109375 1.9999999999999996 24.0 2.0000000000315366 23.999999999987526 1.833634667520214e-15
18.140625 1.9999999999999996 24.0 2.0000000000315383 23.999999999987505 1.2390097532254693e-15
18.171875 1.9999999999999996 24.0 2.0000000000315388 23.99999999998748 8.333090963179003e-16
18.203125 1.9999999999999996 24.0 2.00000000003154 23.99999999998748 5.576995431938721e-16
18.234375 1.9999999999999996 24.0 2.0000000000315423 23.99999999998751 3.7130643844254734e-16
18.265625 1.9999999999999996 24.0 2.0000000000315366 23.999999999987452 2.4584179170539287e-16
18.296875 1.9999999999999996 24.0 2.000000000031527 23.999999999987374 1.6180622920595578e-16
18.328125 1.9999999999999996 24.0 2.0000000000315232 23.999999999987345 1.0581352319837788e-16
18.359375 1.9999999999999996 24.0 2.000000000031522 23.999999999987356 6.871293963104205e-17
18.390625 1.9999999999999996 24.0 2.0000000000315237 23.999999999987374 4.427650759039602e-17
18.421875 1.9999999999999996 24.0 2.000000000031524 23.99999999998737 2.828480622676629e-17
18.453125 1.9999999999999996 24.0 2.0000000000315277 23.99999999998739 1.7892814642745072e-17
18.484375 1.9999999999999996 24.0 2.000000000031526 23.999999999987374 1.1191819602844879e-17
18.515625 1.9999999999999996 24.0 2.0000000000315197 23.999999999987324 6.908033070364404e-18
18.546875 1.9999999999999996 24.0 2.00000000003152 23.999999999987317 4.1961531058258706e-18
18.578125 1.9999999999999996 24.0 2.0000000000315215 23.99999999998733 2.498590031010466e-18
18.609375 1.9999999999999996 24.0 2.000000000031524 23.99999999998733 1.449916056694189e-18
18.640625 1.9999999999999996 24.0 2.0000000000315272 23.999999999987363 8.123242558628094e-19
18.671875 1.9999999999999996 24.0 2.0000000000315312 23.99999999998741 4.3225443940309184e-19
18.703125 1.9999999999999996 24.0 2.0000000000315286 23.99999999998741 2.1139984100659238e-19
18.734375 1.9999999999999996 24.0 2.0000000000315277 23.999999999987395 8.743644241968582e-20
18.765625 1.9999999999999996 24.0 2.000000000031524 23.999999999987374 2.1292021952213176e-20
18.796875 1.9999999999999996 24.0 2.0000000000315152 23.999999999987303 -1.120966778113034e-20
18.828125 1.9999999999999996 24.0 2.000000000031503 23.999999999987207 -2.4794409328619503e-20
18.859375 1.9999999999999996 24.0 2.0000000000315 23.99999999998719 -2.8258874022225216e-20
18.890625 1.9999999999999996 24.0 2.000000000031503 23.999999999987207 -2.672813031849725e-20
18.921875 1.9999999999999996 24.0 2.000000000031504 23.999999999987224 -2.3088901174160298e-20
18.953125 1.9999999999999996 24.0 2.000000000031509 23.99999999998729 -1.8889436847287846e-20
18.984375 1.9999999999999996 24.0 2.0000000000315103 23.999999999987324 -1.489719778190366e-20
19.015625 1.9999999999999996 24.0 2.00000000003151 23.999999999987317 -1.143913179228943e-20
19.046875 1.9999999999999996 24.0 2.00000000003151 23.99999999998731 -8.605353010410987e-21
19.078125 1.9999999999999996 24.0 2.000000000031509 23.99999999998731 -6.368100805829833e-21
19.109375 1.9999999999999996 24.0 2.000000000031509 23.999999999987295 -4.648962114637106e-21
19.140625 1.9999999999999996 24.0 2.000000000031508 23.99999999998729 -3.3550959936201877e-21
19.171875 1.9999999999999996 24.0 2.000000000031507 23.999999999987267 -2.397332648142728e-21
19.203125 1.9999999999999996 24.0 2.0000000000315046 23.999999999987253 -1.698014209741317e-21
19.234375 1.9999999999999996 24.0 2.000000000031506 23.99999999998727 -1.193295339358929e-21
19.265625 1.9999999999999996 24.0 2.0000000000315103 23.999999999987303 -8.326656155385357e-22
19.296875 1.9999999999999996 24.0 2.000000000031515 23.99999999998732 -5.77259160798956e-22
19.328125 1.9999999999999996 24.0 2.0000000000315143 23.999999999987306 -3.977987490968176e-22
19.359375 1.9999999999999996 24.0 2.0000000000315135 23.99999999998731 -2.7260073698019643e-22
19.390625 1.9999999999999996 24.0 2.0000000000315117 23.999999999987317 -1.8582826090560647e-22
19.421875 1.9999999999999996 24.0 2.0000000000315055 23.99999999998726 -1.2605058654817386e-22
19.453125 1.9999999999999996 24.0 2.0000000000314997 23.999999999987217 -8.510108664216983e-23
19.484375 1.9999999999999996 24.0 2.0000000000315 23.999999999987214 -5.719737357640802e-23
19.515625 1.9999999999999996 24.0 2.000000000031505 23.999999999987253 -3.8277972523577195e-23
19.546875 1.9999999999999996 24.0 2.000000000031509 23.99999999998729 -2.5510813027808987e-23
19.578125 1.9999999999999996 24.0 2.000000000031508 23.999999999987274 -1.6934177460038927e-23
19.609375 1.9999999999999996 24.0 2.0000000000315046 23.99999999998723 -1.1197544736359961e-23
19.640625 1.9999999999999996 24.0 2.000000000031503 23.999999999987192 -7.376468727502132e-24
19.671875 1.9999999999999996 24.0 2.000000000031505 23.99999999998721 -4.8415436441065506e-24
19.703125 1.9999999999999996 24.0 2.0000000000315055 23.999999999987214 -3.1664072085467803e-24
19.734375 1.9999999999999996 24.0 2.0000000000314984 23.99999999998716 -2.063626327147327e-24
19.765625 1.9999999999999996 24.0 2.0000000000314975 23.999999999987153 -1.3403152088627167e-24
19.796875 1.9999999999999996 24.0 2.0000000000315 23.999999999987182 -8.676038409735593e-25
19.828125 1.9999999999999996 24.0 2.000000000031503 23.999999999987182 -5.5975613110885925e-25
19.859375 1.9999999999999996 24.0 2.0000000000314984 23.999999999987114 -3.599654906553355e-25
19.890625 1.9999999999999996 24.0 2.0000000000314935 23.999999999987075 -2.3074218514254646e-25
19.921875 1.9999999999999996 24.0 2.0000000000314935 23.999999999987093 -1.474398097469421e-25
19.953125 1.9999999999999996 24.0 2.000000000031498 23.999999999987125 -9.391605402168255e-26
19.984375 1.9999999999999996 24.0 2.0000000000315024 23.999999999987164 -5.963706537766583e-26
20.015625 1.9999999999999996 24.0 2.0000000000315095 23.999999999987235 -3.775344399229274e-26
20.046875 1.9999999999999996 24.0 2.000000000031514 23.99999999998728 -2.3827139994964814e-26
20.078125 1.9999999999999996 24.0 2.0000000000315183 23.999999999987335 -1.49924343140427e-26
20.109375 1.9999999999999996 24.0 2.0000000000315237 23.999999999987388 -9.405155247393542e-27
20.140625 1.9999999999999996 24.0 2.0000000000315277 23.999999999987413 -5.882486307471667e-27
20.171875 1.9999999999999996 24.0 2.0000000000315277 23.999999999987406 -3.668289004728993e-27
20.203125 1.9999999999999996 24.0 2.000000000031525 23.999999999987367 -2.2807587812770227e-27
20.234375 1.9999999999999996 24.0 2.000000000031513 23.999999999987267 -1.4138812796945444e-27
20.265625 1.9999999999999996 24.0 2.0000000000315037 23.999999999987175 -8.73912572067705e-28
20.296875 1.9999999999999996 24.0 2.0000000000315064 23.999999999987207 -5.38576355657764e-28
20.328125 1.9999999999999996 24.0 2.000000000031516 23.99999999998729 -3.3094267750190695e-28
20.359375 1.9999999999999996 24.0 2.0000000000315206 23.999999999987317 -2.027615344466844e-28
20.390625 1.9999999999999996 24.0 2.000000000031519 23.9999999999873 -1.238642375332453e-28
20.421875 1.9999999999999996 24.0 2.0000000000315126 23.99999999998723 -7.544549486732463e-29
20.453125 1.9999999999999996 24.0 2.000000000031501 23.999999999987146 -4.5819074330769235e-29
20.484375 1.9999999999999996 24.0 2.0000000000314917 23.999999999987068 -2.774487006777097e-29
20.515625 1.9999999999999996 24.0 2.000000000031484 23.999999999987025 -1.6750947021985322e-29
20.546875 1.9999999999999996 24.0 2.0000000000314833 23.999999999987025 -1.0083523940785047e-29
20.578125 1.9999999999999996 24.0 2.000000000031484 23.99999999998701 -6.0519690049571036e-30
20.609375 1.9999999999999996 24.0 2.000000000031485 23.999999999987 -3.621484103504994e-30
20.640625 1.9999999999999996 24.0 2.000000000031487 23.99999999998701 -2.1606037380466126e-30
20.671875 1.9999999999999996 24.0 2.000000000031492 23.99999999998705 -1.2851516331372023e-30
20.703125 1.9999999999999996 24.0 2.0000000000314992 23.99999999998712 -7.621057735477044e-31
20.734375 1.9999999999999996 24.0 2.000000000031505 23.999999999987192 -4.505546363689017e-31
20.765625 1.9999999999999996 24.0 2.0000000000315046 23.999999999987196 -2.65545774288298e-31
20.796875 1.9999999999999996 24.0 2.000000000031494 23.999999999987118 -1.5601918693651058e-31
20.828125 1.9999999999999996 24.0 2.000000000031486 23.999999999987075 -9.137948787512768e-32
20.859375 1.9999999999999996 24.0 2.0000000000314864 23.999999999987075 -5.335009896503985e-32
20.890625 1.9999999999999996 24.0 2.000000000031492 23.999999999987114 -3.104698038737646e-32
20.921875 1.9999999999999996 24.0 2.000000000031495 23.999999999987125 -1.8008638503315503e-32
20.953125 1.9999999999999996 24.0 2.000000000031494 23.99999999998709 -1.04111138669265e-32
20.984375 1.9999999999999996 24.0 2.000000000031495 23.999999999987086 -5.998506676741735e-33
21.015625 1.9999999999999996 24.0 2.000000000031494 23.99999999998707 -3.444218049896123e-33
21.046875 1.9999999999999996 24.0 2.000000000031486 23.999999999986994 -1.9706444301768363e-33
21.078125 1.9999999999999996 24.0 2.000000000031473 23.999999999986887 -1.123468433039923e-33
21.109375 1.9999999999999996 24.0 2.000000000031462 23.999999999986795 -6.381297208125961e-34
21.140625 1.9999999999999996 24.0 2.0000000000314615 23.999999999986787 -3.610838991254936e-34
21.171875 1.9999999999999996 24.0 2.0000000000314686 23.999999999986844 -2.0352048920353324e-34
21.203125 1.9999999999999996 24.0 2.000000000031474 23.999999999986898 -1.142489249897584e-34
21.234375 1.9999999999999996 24.0 2.0000000000314775 23.999999999986947 -6.386682306426079e-35
21.265625 1.9999999999999996 24.0 2.000000000031479 23.999999999986965 -3.554705609886775e-35
21.296875 1.9999999999999996 24.0 2.0000000000314753 23.99999999998696 -1.969481613251063e-35
21.328125 1.9999999999999996 24.0 2.0000000000314735 23.99999999998696 -1.0859796109704051e-35
21.359375 1.9999999999999996 24.0 2.0000000000314717 23.999999999986933 -5.957967746992783e-36
21.390625 1.9999999999999996 24.0 2.00000000003147 23.999999999986894 -3.251223154159321e-36
21.421875 1.9999999999999996 24.0 2.0000000000314726 23.999999999986898 -1.764039657518716e-36
21.453125 1.9999999999999996 24.0 2.0000000000314784 23.999999999986947 -9.512456240138327e-37
21.484375 1.9999999999999996 24.0 2.0000000000314837 23.999999999986994 -5.095304745953352e-37
21.515625 1.9999999999999996 24.0 2.000000000031488 23.99999999998704 -2.709319313161419e-37
21.546875 1.9999999999999996 24.0 2.0000000000314935 23.999999999987104 -1.4289429136809048e-37
21.578125 1.9999999999999996 24.0 2.0000000000314957 23.999999999987125 -7.467854512244359e-38
21.609375 1.9999999999999996 24.0 2.000000000031496 23.999999999987136 -3.862246412839405e-38
21.640625 1.9999999999999996 24.0 2.0000000000314975 23.999999999987136 -1.9733640409492698e-38
21.671875 1.9999999999999996 24.0 2.000000000031495 23.99999999998709 -9.937973385277114e-39
21.703125 1.9999999999999996 24.0 2.0000000000314904 23.99999999998704 -4.9171664344323987e-39
21.734375 1.9999999999999996 24.0 2.000000000031485 23.999999999987004 -2.379148315477548e-39
21.765625 1.9999999999999996 24.0 2.0000000000314824 23.999999999986997 -1.1175793032213454e-39
21.796875 1.9999999999999996 24.0 2.000000000031476 23.999999999986954 -5.035814308975148e-40
21.828125 1.9999999999999996 24.0 2.00000000003147 23.999999999986912 -2.128823627925937e-40
21.859375 1.9999999999999996 24.0 2.0000000000314673 23.999999999986883 -8.040211368904828e-41
21.890625 1.9999999999999996 24.0 2.0000000000314655 23.99999999998687 -2.3380523158598155e-41
21.921875 1.9999999999999996 24.0 2.000000000031465 23.999999999986862 -1.1041630246284527e-42
21.953125 1.9999999999999996 24.0 2.000000000031467 23.999999999986883 5.97690423008472e-42
21.984375 1.9999999999999996 24.0 2.000000000031471 23.99999999998695 6.949926403797957e-42
22.015625 1.9999999999999996 24.0 2.0000000000314766 23.999999999987022 5.846063377957028e-42
22.046875 1.9999999999999996 24.0 2.000000000031484 23.999999999987097 4.325788212120148e-42
22.078125 1.9999999999999996 24.0 2.000000000031488 23.999999999987125 2.984371359915005e-42
22.109375 1.9999999999999996 24.0 2.0000000000314886 23.999999999987132 1.9689254483153933e-42
22.140625 1.9999999999999996 24.0 2.0000000000314877 23.999999999987118 1.258888113997978e-42
22.171875 1.9999999999999996 24.0 2.0000000000314824 23.99999999998705 7.862381985663504e-43
22.203125 1.9999999999999996 24.0 2.000000000031477 23.99999999998698 4.8208921257584945e-43
22.234375 1.9999999999999996 24.0 2.0000000000314717 23.999999999986912 2.91205779188509e-43
22.265625 1.9999999999999996 24.0 2.000000000031473 23.999999999986905 1.7371316768754017e-43
22.296875 1.9999999999999996 24.0 2.0000000000314735 23.999999999986905 1.025195040406753e-43
22.328125 1.9999999999999996 24.0 2.000000000031471 23.999999999986883 5.993943055649722e-44
22.359375 1.9999999999999996 24.0 2.000000000031465 23.999999999986837 3.4754386748737267e-44
22.390625 1.9999999999999996 24.0 2.000000000031455 23.99999999998675 2.0001391905388715e-44
22.421875 1.9999999999999996 24.0 2.000000000031449 23.9999999999867 1.1432892156771465e-44
22.453125 1.9999999999999996 24.0 2.000000000031453 23.999999999986738 6.494345351696857e-45
22.484375 1.9999999999999996 24.0 2.000000000031462 23.99999999998681 3.6677085226756304e-45
22.515625 1.9999999999999996 24.0 2.00000000003147 23.999999999986862 2.060150041016556e-45
22.546875 1.9999999999999996 24.0 2.0000000000314726 23.999999999986855 1.1512940178789018e-45
22.578125 1.9999999999999996 24.0 2.00000000003147 23.999999999986837 6.402876193520721e-46
22.609375 1.9999999999999996 24.0 2.000000000031468 23.99999999998684 3.544595714090166e-46
22.640625 1.9999999999999996 24.0 2.000000000031472 23.999999999986898 1.9536579209753196e-46
22.671875 1.9999999999999996 24.0 2.0000000000314757 23.99999999998694 1.0722511834554478e-46
22.703125 1.9999999999999996 24.0 2.0000000000314753 23.999999999986933 5.8610728285051535e-47
22.734375 1.9999999999999996 24.0 2.000000000031475 23.99999999998694 3.1911596593010844e-47
22.765625 1.9999999999999996 24.0 2.0000000000314815 23.999999999987004 1.7308607822853055e-47
22.796875 1.9999999999999996 24.0 2.0000000000314833 23.999999999987022 9.353267962350299e-48
22.828125 1.9999999999999996 24.0 2.0000000000314815 23.999999999986997 5.0360797287801475e-48
22.859375 1.9999999999999996 24.0 2.000000000031478 23.999999999986972 2.702002356417873e-48
22.890625 1.9999999999999996 24.0 2.0000000000314793 23.999999999986997 1.4446905109718582e-48
22.921875 1.9999999999999996 24.0 2.0000000000314806 23.999999999987004 7.698188899911537e-49
22.953125 1.9999999999999996 24.0 2.0000000000314824 23.99999999998701 4.0883930329748965e-49
22.984375 1.9999999999999996 24.0 2.000000000031479 23.999999999986972 2.164163558795051e-49
23.015625 1.9999999999999996 24.0 2.0000000000314717 23.999999999986912 1.1418828486624206e-49
23.046875 1.9999999999999996 24.0 2.0000000000314637 23.999999999986837 6.005727064687491e-50
23.078125 1.9999999999999996 24.0 2.0000000000314584 23.999999999986795 3.1487547339947423e-50
23.109375 1.9999999999999996 24.0 2.0000000000314575 23.999999999986784 1.645720846417934e-50
23.140625 1.9999999999999996 24.0 2.000000000031459 23.999999999986777 8.574936586047256e-51
23.171875 1.9999999999999996 24.0 2.000000000031462 23.999999999986798 4.454253611117328e-51
23.203125 1.9999999999999996 24.0 2.000000000031462 23.999999999986798 2.3067406877601848e-51
23.234375 1.9999999999999996 24.0 2.0000000000314624 23.999999999986798 1.1909998921582205e-51
23.265625 1.9999999999999996 24.0 2.0000000000314655 23.999999999986812 6.1308674558564455e-52
23.296875 1.9999999999999996 24.0 2.0000000000314686 23.99999999998684 3.1465632025112256e-52
23.328125 1.9999999999999996 24.0 2.0000000000314735 23.99999999998687 1.6101315822779676e-52
23.359375 1.9999999999999996 24.0 2.000000000031476 23.99999999998688 8.214889684997225e-53
23.390625 1.9999999999999996 24.0 2.000000000031476 23.999999999986883 4.178897469918695e-53
23.421875 1.9999999999999996 24.0 2.000000000031476 23.999999999986898 2.119554414886232e-53
23.453125 1.9999999999999996 24.0 2.0000000000314775 23.999999999986905 1.07189611230049e-53
23.484375 1.9999999999999996 24.0 2.000000000031481 23.999999999986947 5.404899700758321e-54
23.515625 1.9999999999999996 24.0 2.000000000031488 23.999999999987004 2.71737836329482e-54
23.546875 1.9999999999999996 24.0 2.0000000000314953 23.99999999998706 1.3621972531801136e-54
23.578125 1.9999999999999996 24.0 2.0000000000315006 23.99999999998711 6.808576983337657e-55
23.609375 1.9999999999999996 24.0 2.000000000031502 23.999999999987132 3.3931056550831865e-55
23.640625 1.9999999999999996 24.0 2.000000000031502 23.99999999998715 1.686011193240446e-55
23.671875 1.9999999999999996 24.0 2.000000000031503 23.999999999987168 8.352991740634592e-56
23.703125 1.9999999999999996 24.0 2.000000000031504 23.999999999987182 4.126081146814488e-56
23.734375 1.9999999999999996 24.0 2.0000000000314984 23.999999999987146 2.0320867377757505e-56
23.765625 1.9999999999999996 24.0 2.000000000031495 23.999999999987132 9.978129800561989e-57
23.796875 1.9999999999999996 24.0 2.0000000000314984 23.999999999987157 4.884848740431868e-57
23.828125 1.9999999999999996 24.0 2.0000000000315126 23.999999999987256 2.3841835575636754e-57
23.859375 1.9999999999999996 24.0 2.000000000031535 23.999999999987423 1.1601261438237894e-57
23.890625 1.9999999999999996 24.0 2.000000000031565 23.99999999998765 5.6277758939184945e-58
23.921875 1.9999999999999996 24.0 2.0000000000316005 23.999999999987907 2.7215866533612825e-58
23.953125 1.9999999999999996 24.0 2.000000000031645 23.999999999988237 1.3120415267055653e-58
23.984375 1.9999999999999996 24.0 2.0000000000316964 23.99999999998863 6.305182608170241e-59
24.015625 1.9999999999999996 24.0 2.0000000000317515 23.999999999989043 3.0203361416968546e-59
24.046875 1.9999999999999996 24.0 2.0000000000318012 23.99999999998942 1.442119640701555e-59
24.078125 1.9999999999999996 24.0 2.0000000000318385 23.999999999989704 6.863006283915339e-60
24.109375 1.9999999999999996 24.0 2.000000000031876 23.99999999998998 3.2551487659220895e-60
24.140625 1.9999999999999996 24.0 2.0000000000319478 23.999999999990514 1.5386651948267813e-60
24.171875 1.9999999999999996 24.0 2.0000000000321005 23.99999999999168 7.247774453020917e-61
24.203125 1.9999999999999996 24.0 2.000000000032372 23.999999999993733 3.401882857024736e-61
24.234375 1.9999999999999996 24.0 2.0000000000327365 23.999999999996493 1.590929990931295e-61
24.265625 1.9999999999999996 24.0 2.0000000000331006 23.999999999999243 7.4123871613528855e-62
24.296875 1.9999999999999996 24.0 2.0000000000333285 24.000000000000963 3.4402769321153487e-62
24.328125 1.9999999999999996 24.0 2.000000000033321 24.0000000000009 1.5903905636321816e-62
24.359375 1.9999999999999996 24.0 2.000000000033147 23.99999999999957 7.321984942534789e-63
24.390625 1.9999999999999996 24.0 2.0000000000331055 23.99999999999925 3.356600044717967e-63
24.421875 1.9999999999999996 24.0 2.000000000033734 24.00000000000399 1.5319234162033377e-63
24.453125 1.9999999999999996 24.0 2.0000000000357536 24.000000000019284 6.959052145299416e-64
24.484375 1.9999999999999996 24.0 2.000000000039951 24.000000000051084 3.145813634902412e-64
24.515625 1.9999999999999996 24.0 2.0000000000469633 24.000000000104183 1.414693107295441e-64
24.546875 1.9999999999999996 24.0 2.0000000000571743 24.00000000018151 6.326920398120275e-65
24.578125 1.9999999999999996 24.0 2.000000000070556 24.00000000028281 2.8128757645194546e-65
24.609375 1.9999999999999996 24.0 2.0000000000868594 24.000000000406196 1.2425942366207413e-65
24.640625 1.9999999999999996 24.0 2.000000000105444 24.00000000054685 5.451008665905134e-66
24.671875 1.9999999999999996 24.0 2.0000000001259317 24.000000000701938 2.372921497325267e-66
24.703125 1.9999999999999996 24.0 2.000000000147507 24.000000000865263 1.0241461876918614e-66
24.734375 1.9999999999999996 24.0 2.000000000170525 24.000000001039503 4.377446861968469e-67
24.765625 1.9999999999999996 24.0 2.0000000001939737 24.00000000121701 1.8502142513491473e-67
24.796875 1.9999999999999996 24.0 2.0000000002198144 24.000000001412634 7.718206623049324e-68
24.828125 1.9999999999999996 24.0 2.0000000002453806 24.00000000160617 3.1691289287035775e-68
24.859375 1.9999999999999996 24.0 2.000000000276049 24.00000000183834 1.275954546258792e-68
24.890625 1.9999999999999996 24.0 2.000000000303552 24.000000002046544 5.008720464462768e-69
24.921875 1.9999999999999996 24.0 2.000000000342458 24.000000002341075 1.8996549218085223e-69
24.953125 1.9999999999999996 24.0 2.0000000003684493 24.000000002537835 6.85218368134225e-70
24.984375 1.9999999999999996 24.0 2.0000000004211937 24.000000002937114 2.27822078484169e-70
