0.08333333333333333 2.0 0.0 2.0000000079221136 6.186356977304564e-11 -2.2393696239451417e-69
0.25 2.0 0.0 2.000000006993891 -1.3291404706236702e-08 -2.850203213424424e-67
0.41666666666666663 2.0 0.0 1.9999999998514888 5.0133407104930584e-09 -2.455912479307425e-65
0.5833333333333333 2.0 0.0 1.999999981236957 8.173603170338175e-08 -1.7464337008905642e-63
0.75 2.0 0.0 1.9999999511515252 2.143095689911676e-07 -1.0864518245663961e-61
0.9166666666666666 2.0 0.0 1.9999999275316802 3.1982709486165207e-07 -6.062135519306023e-60
1.0833333333333333 2.0 0.0 1.999999956002988 1.9532938993536726e-07 -3.0725714358609898e-58
1.25 2.0 0.0 2.0000001118107775 -4.771482315865624e-07 -1.4244864646060943e-56
1.4166666666666665 2.0 0.0 2.000000514080017 -2.1716053240853465e-06 -6.0636642869503236e-55
1.5833333333333333 2.0 0.0 2.000001350651214 -5.760322615582542e-06 -2.3739378149649954e-53
1.75 2.0 0.0 2.000002902314683 -1.2581440915560944e-05 -8.548289091174405e-52
1.9166666666666665 2.0 0.0 2.000005609025367 -2.4600168402056312e-05 -2.826629179989026e-50
2.083333333333333 2.0 0.0 2.0000101595154014 -4.483890416637436e-05 -8.551735704348133e-49
2.25 2.0 0.0 2.0000168665149687 -7.469743755086558e-05 -2.351308388844086e-47
2.4166666666666665 2.0 0.0 2.000022966536574 -0.00010167852918526967 -5.803765865629009e-46
2.583333333333333 2.0 0.0 2.000026770492336 -0.00011857001832747282 -1.2555518197789163e-44
2.75 2.0 0.0 2.000028718482072 -0.00012696106505284512 -2.2523830569655327e-43
2.9166666666666665 2.0 0.0 2.000029258584984 -0.0001292965343248605 -2.7918905336431368e-42
3.083333333333333 2.0 0.0 2.0000286097699975 -0.00012759391327424807 3.4032188376674753e-42
3.25 2.0 0.0 2.000026192315918 -0.00011624701372726126 1.637631564719423e-39
3.4166666666666665 2.0 0.0 2.000020509596026 -9.102040942331641e-05 6.69579852573674e-38
3.583333333333333 2.0 0.0 2.0000131603151887 -5.808810183117972e-05 1.954092408969167e-36
3.75 2.0 0.0 2.000007666840035 -3.5098470579491615e-05 4.767397604445987e-35
3.9166666666666665 2.0 0.0 2.0000046596864656 -1.855535700912679e-05 1.0226604240371576e-33
4.083333333333333 2.0 0.0 2.000002172403949 -1.1580683008282543e-05 1.972439459912412e-32
4.25 2.0 0.0 2.000001056092805 -4.46396136146166e-06 3.4602839938301873e-31
4.416666666666666 2.0 0.0 2.0000004206548088 -1.0503147301577902e-06 5.5567186760349286e-30
4.583333333333333 2.0 0.0 1.9999999542690736 -3.4019957492858044e-07 8.196099066332122e-29
4.75 2.0 0.0 1.9999998333347793 3.291318498464586e-07 1.111987969600823e-27
4.916666666666666 2.0 0.0 1.9999999341496115 5.982414841182028e-07 1.38743175398427e-26
5.083333333333333 2.0 0.0 1.9999999694722117 4.136990196579774e-07 1.5890168470825486e-25
5.25 2.0 0.0 1.9999999454160289 7.158959965893557e-08 1.6638083285143045e-24
5.416666666666666 2.0 0.0 1.999999934938074 1.2398427979144243e-07 1.5810269060098325e-23
5.583333333333333 2.0 0.0 1.99999994397644 3.730999816386663e-07 1.3451909996525538e-22
5.75 2.0 0.0 1.999999918865517 4.902895149449632e-07 9.976476910669732e-22
5.916666666666666 2.0 0.0 1.9999998793715879 4.78223653445651e-07 6.048058075300206e-21
6.083333333333333 2.0 0.0 1.9999998647789332 5.334260509591014e-07 2.3764166023539362e-20
6.25 2.0 0.0 1.9999998694394288 6.3421178490429e-07 -4.8921798420998234e-20
6.416666666666666 2.0 0.0 1.9999998654630056 6.626742702752753e-07 -2.2864741340931845e-18
6.583333333333333 2.0 0.0 1.9999998566058654 6.234944042473227e-07 -3.049792409107363e-17
6.75 1.9999999999999998 0.0 1.9999998616349017 5.912445681035672e-07 -3.023468242913689e-16
6.916666666666666 1.9999999999999976 0.0 1.9999998810920288 5.557018887961418e-07 -2.5333401633201316e-15
7.083333333333333 1.9999999999999813 0.0 1.9999999044963852 4.609534360276017e-07 -1.8747527228524837e-14
7.25 1.999999999999875 0.0 1.9999999322717632 3.0635357523590025e-07 -1.250209723893004e-13
7.416666666666666 1.9999999999992408 0.0 1.9999999708054788 1.2931052697317332e-07 -7.592478361812659e-13
7.583333333333333 1.9999999999957765 0.0 2.000000018425131 -6.20599617206688e-08 -4.223508993071295e-12
7.75 1.9999999999784133 0.0 2.0000000683468535 -2.805371941181209e-07 -2.1586786279083474e-11
7.916666666666666 1.9999999998985065 0.0 2.000000118178335 -5.166572172443425e-07 -1.0149337221417915e-10
8.083333333333332 1.999999999561234 0.0 2.000000168063158 -7.429113876305707e-07 -4.3876588070022077e-10
8.25 1.9999999982596433 0.0 2.000000214118717 -9.434441079152587e-07 -1.7403567350686184e-09
8.416666666666666 1.999999993694318 0.0 2.000000248741615 -1.114235021029801e-06 -6.3056820221045696e-09
8.583333333333332 1.9999999792975776 0.0 2.0000002626555355 -1.2456283161480959e-06 -2.0702422360274937e-08
8.75 1.9999999393178214 0.0 2.0000002396604906 -1.323300808593232e-06 -6.068217856011783e-08
8.916666666666666 1.9999998459177046 0.0 2.000000150891097 -1.3408862315849138e-06 -1.540822954409375e-07
9.083333333333332 1.9999996856319415 0.0 1.9999999816151477 -1.3005797135845737e-06 -3.1436805847154385e-07
9.25 1.999999623329943 0.0 1.9999998935314234 -1.2059927395111732e-06 -3.803967102260639e-07
9.416666666666666 2.0002499404706255 0.0 2.000000829434456 -1.0625655723983923e-06 5.882618480584264e-07
9.583333333333332 2.000255477361845 0.0 2.000006325526235 -8.814187302814785e-07 6.1251530674769926e-06
9.75 2.0000269556797177 0.0 2.0000271057252217 -6.758197566662359e-07 2.695195306443837e-05
9.916666666666666 2.0000909893714907 0.0 2.00009109300392 -4.561151979709066e-07 9.098937149079526e-05
10.083333333333332 2.000262077677205 0.0 2.0002621307327546 -2.3377455773238677e-07 0.00026207767720486466
10.25 2.000669374442667 0.0 2.0006693804585813 -2.6230475763805905e-08 0.0006693744426668637
10.416666666666666 2.001543742210623 0.0 2.001543707641951 1.5211867238027922e-07 0.0015437422106229165
10.583333333333332 2.0032458158338096 0.0 2.0032457470255896 3.0181251266022214e-07 0.003245815833809414
10.75 2.006254988727532 0.0 2.0062548909727065 4.287971906646932e-07 0.006254988727532051
10.916666666666666 2.011078429957128 0.0 2.0110783107395327 5.240330658871109e-07 0.011078429957127956
11.083333333333332 2.018050136662097 0.0 2.0180500071105003 5.716279867850249e-07 0.018050136662097052
11.25 2.0270357568521313 0.0 2.027035626166025 5.801025803154552e-07 0.027035756852131283
11.416666666666666 2.037135562558247 0.0 2.0371354330948 5.780893017849595e-07 0.03713556255824667
11.583333333333332 2.04655067641497 0.0 2.046550549122135 5.686080020503887e-07 0.04655067641497013
11.75 2.052787138212377 0.0 2.0527870199356326 5.24568936266695e-07 0.05278713821237704
11.916666666666666 2.0532702614718277 0.0 2.0532701592307934 4.4857668646673173e-07 0.05327026147182771
12.083333333333332 2.0462396961242795 0.0 2.046239607145144 3.881279279610051e-07 0.04623969612427934
12.25 2.031588407111769 0.0 2.031588325283036 3.55948008552035e-07 0.03158840711176899
12.416666666666666 2.011234779011009 0.0 2.0112347091406564 2.9947099146103433e-07 0.011234779011009107
12.583333333333332 1.9887652209889912 0.0 1.9887651708976144 2.0314890623712713e-07 -0.011234779011008871
12.75 1.968411592888231 0.0 1.9684115534475595 1.4539378033724856e-07 -0.03158840711176899
12.916666666666666 1.9537603038757207 0.0 1.9537602595816312 1.5271083553690862e-07 -0.04623969612427922
13.083333333333332 1.9467297385281723 0.0 1.9467297012239377 1.2247841967538998e-07 -0.05327026147182768
13.25 1.947212861787623 0.0 1.947212854625435 2.2920607857102496e-08 -0.05278713821237704
13.416666666666666 1.9534493235850299 0.0 1.9534493342181585 4.4262778559059565e-08 -0.04655067641497021
13.583333333333332 1.9628644374417532 0.0 1.962864430393306 2.0783582018562665e-07 -0.03713556255824678
13.75 1.9729642431478687 0.0 1.9729642351399366 1.9624383564233656e-07 -0.027035756852131283
13.916666666666666 1.981949863337903 0.0 1.9819498687384152 -2.0229887695364894e-07 -0.01805013666209714
14.083333333333332 1.988921570042872 0.0 1.9889215327180372 -4.413474884349726e-07 -0.01107842995712802
14.25 1.993745011272468 0.0 1.993744867026875 -2.168569162512333e-07 -0.006254988727532051
14.416666666666666 1.9967541841661907 0.0 1.9967541548378072 4.271072906934358e-07 -0.0032458158338094373
14.583333333333332 1.998456257789377 0.0 1.998456691775798 1.1183853371403633e-06 -0.0015437422106229291
14.75 1.999330625557333 0.0 1.9993316932901068 4.51776600230448e-06 -0.0006693744426668637
14.916666666666666 1.9997379223227951 0.0 1.9997401039084703 1.1628129887115868e-05 -0.00026207767720486753
15.083333333333332 1.9999090106285091 0.0 1.999913677564468 1.8580508300285538e-05 -9.098937149079634e-05
15.25 1.9999730480469355 0.0 1.9999807171320554 3.5113347804948884e-05 -2.695195306443837e-05
15.416666666666666 1.9999938748469326 0.0 2.0000070350189256 5.8086877503918066e-05 -6.125153067477107e-06
15.583333333333332 1.9999994117381519 0.0 2.000019921369571 9.102006500110523e-05 -5.882618480584505e-07
15.75 2.00000038039671 0.0 2.000026575135773 0.00011625717275083695 3.803967102260639e-07
15.916666666666666 2.0000003143680583 0.0 2.000028926764563 0.00012760602608877122 3.143680584715458e-07
16.083333333333332 2.0000001540822954 0.0 2.0000294148049744 0.00012930637307432256 1.5408229544093886e-07
16.25 2.0000000606821784 0.0 2.000028780542581 0.00012696630978478187 6.068217856011783e-08
16.416666666666664 2.0000000207024224 0.0 2.000026790130012 0.0001185659798446162 2.0702422360275453e-08
16.583333333333332 2.000000006305682 0.0 2.0000229678825683 0.0001016565074588057 6.3056820221046515e-09
16.75 2.0000000017403567 0.0 2.000016858328558 7.465329562937283e-05 1.7403567350686184e-09
16.916666666666664 2.000000000438766 0.0 2.0000101505140275 4.479682575095974e-05 4.387658807002327e-10
17.083333333333332 2.0000000001014935 0.0 2.0000056031372067 2.4573507548674902e-05 1.014933722141809e-10
17.25 2.0000000000215867 0.0 2.000002898811479 1.2565845961727962e-05 2.1586786279083474e-11
17.416666666666664 2.0000000000042233 0.0 2.000001348715995 5.751984972137345e-06 4.2235089930714026e-12
17.583333333333332 2.0000000000007594 0.0 2.00000051310651 2.1676513697632344e-06 7.592478361812798e-13
17.75 2.0000000000001252 0.0 2.000000111386594 4.7544163107639164e-07 1.250209723893004e-13
17.916666666666664 2.0000000000000187 0.0 1.9999999558868953 -1.9607748561997658e-07 1.8747527228525408e-14
18.083333333333332 2.0000000000000027 0.0 1.9999999276295308 -3.204997252192621e-07 2.5333401633201907e-15
18.25 2.0000000000000004 0.0 1.9999999513918878 -2.1532979232431012e-07 3.023468242913689e-16
18.416666666666664 2.0 0.0 1.9999999813945144 -8.240771829810633e-08 3.049792409107492e-17
18.583333333333332 2.0 0.0 1.9999999993649422 -2.811125216985323e-09 2.2864741340932534e-18
18.75 2.0 0.0 2.0000000049641122 2.1990431605396185e-08 4.8921798420998234e-20
18.916666666666664 2.0 0.0 2.000000004070403 1.803148212575379e-08 -2.3764166023539732e-20
19.083333333333332 2.0 0.0 2.0000000017214346 7.625784169826856e-09 -6.0480580753002996e-21
19.25 2.0 0.0 2.0000000001710987 7.579575361927062e-10 -9.976476910669732e-22
19.416666666666664 2.0 0.0 1.999999999663189 -1.492025990784415e-09 -1.3451909996525968e-22
19.583333333333332 2.0 0.0 1.9999999997136826 -1.2683441443464958e-09 -1.581026906009875e-23
19.75 2.0 0.0 1.99999999988569 -5.063692265451909e-10 -1.6638083285143045e-24
19.916666666666664 2.0 0.0 1.9999999999935563 -2.8534224371213223e-11 -1.5890168470826145e-25
20.083333333333332 2.0 0.0 2.000000000023906 1.0591215993487406e-10 -1.3874317539842994e-26
20.25 2.0 0.0 2.0000000000173728 7.696769118299189e-11 -1.111987969600823e-27
20.416666666666664 2.0 0.0 2.000000000005585 2.4749823712394413e-11 -8.196099066332472e-29
20.583333333333332 2.0 0.0 1.9999999999994975 -2.2178193566415236e-12 -5.556718676035089e-30
20.75 2.0 0.0 1.9999999999984008 -7.073721698685667e-12 -3.4602839938301873e-31
20.916666666666664 2.0 0.0 1.9999999999991276 -3.856140688076117e-12 -1.972439459912529e-32
21.083333333333332 2.0 0.0 1.9999999999998241 -7.715063378012738e-13 -1.0226604240371882e-33
21.25 2.0 0.0 2.000000000000083 3.7364074054945887e-13 -4.767397604445987e-35
21.416666666666664 2.0 0.0 2.000000000000083 3.751977714235062e-13 -1.9540924089693182e-36
21.583333333333332 2.0 0.0 2.0000000000000275 1.27789865368801e-13 -6.695798525736964e-38
21.75 2.0 0.0 1.999999999999996 -1.3799627100593679e-14 -1.637631564719423e-39
21.916666666666664 2.0 0.0 1.99999999999999 -4.196121690429523e-14 -3.4032188376691595e-42
22.083333333333332 2.0 0.0 1.9999999999999933 -2.671338465224361e-14 2.791890533643185e-42
22.25 2.0 0.0 1.9999999999999967 -1.140175309885643e-14 2.2523830569655327e-43
22.416666666666664 2.0 0.0 1.9999999999999984 -4.933836058946738e-15 1.2555518197789972e-44
22.583333333333332 2.0 0.0 1.999999999999999 -3.2295933196563208e-15 5.803765865629241e-46
22.75 2.0 0.0 1.999999999999999 -3.27617929582636e-15 2.351308388844086e-47
22.916666666666664 2.0 0.0 1.999999999999999 -3.5208840356354012e-15 8.551735704348721e-49
23.083333333333332 2.0 0.0 1.999999999999999 -3.424023218677823e-15 2.8266291799891444e-50
23.25 2.0 0.0 1.999999999999999 -3.233218580404985e-15 8.548289091174405e-52
23.416666666666664 2.0 0.0 1.999999999999999 -3.5084369702617697e-15 2.3739378149650956e-53
23.583333333333332 2.0 0.0 1.999999999999999 -2.9278929487573975e-15 6.063664286950499e-55
23.75 2.0 0.0 1.9999999999999991 -2.300523066875392e-15 1.4244864646060943e-56
23.916666666666664 2.0 0.0 1.9999999999999996 -1.8205238650885874e-15 3.072571435861167e-58
24.083333333333332 2.0 0.0 1.9999999999999996 -1.1005025651507901e-15 6.062135519306203e-60
24.25 2.0 0.0 1.9999999999999996 -1.160209498202297e-15 1.0864518245663961e-61
24.416666666666664 2.0 0.0 1.9999999999999996 -1.1643964969180924e-15 1.7464337008906182e-63
24.583333333333332 2.0 0.0 1.9999999999999996 -1.311237701766751e-15 2.455912479307503e-65
24.75 2.0 0.0 1.9999999999999996 -1.188572087312269e-15 2.850203213424424e-67
24.916666666666664 2.0 0.0 1.9999999999999993 -4.535078670169301e-16 2.2393696239452313e-69
