0.08333333333333333 2.0 0.0 1.9999999999999976 7.808406011104022e-17 -2.2393696239451417e-69
0.25 2.0 0.0 1.9999999999999976 -3.3236403504577593e-16 -2.850203213424424e-67
0.41666666666666663 2.0 0.0 1.9999999999999976 -8.034837892708682e-16 -2.455912479307425e-65
0.5833333333333333 2.0 0.0 1.9999999999999976 -1.2423217126960597e-15 -1.7464337008905642e-63
0.75 2.0 0.0 1.9999999999999976 -1.5617658239947004e-15 -1.0864518245663961e-61
0.9166666666666666 2.0 0.0 1.9999999999999976 -1.6795815134540378e-15 -6.062135519306023e-60
1.0833333333333333 2.0 0.0 1.9999999999999976 -1.5556217583016518e-15 -3.0725714358609898e-58
1.25 2.0 0.0 1.9999999999999976 -1.281366956789777e-15 -1.4244864646060943e-56
1.4166666666666665 2.0 0.0 1.9999999999999976 -1.0309093643130873e-15 -6.0636642869503236e-55
1.5833333333333333 2.0 0.0 1.9999999999999976 -8.562869323158938e-16 -2.3739378149649954e-53
1.75 2.0 0.0 1.9999999999999976 -7.227459171021833e-16 -8.548289091174405e-52
1.9166666666666665 2.0 0.0 1.9999999999999976 -6.191395499879319e-16 -2.826629179989026e-50
2.083333333333333 2.0 0.0 1.9999999999999976 -5.070706772728456e-16 -8.551735704348133e-49
2.25 2.0 0.0 1.9999999999999976 -5.590060577370063e-16 -2.351308388844086e-47
2.4166666666666665 2.0 0.0 1.9999999999999976 -2.894325526812594e-16 -5.803765865629009e-46
2.583333333333333 2.0 0.0 1.9999999999999976 -1.6448134684438408e-16 -1.2555518197789163e-44
2.75 2.0 0.0 1.999999999999998 7.874991080113927e-16 -2.2523830569655327e-43
2.9166666666666665 2.0 0.0 1.9999999999999982 2.5956094455440585e-15 -2.7918905336431368e-42
3.083333333333333 2.0 0.0 1.9999999999999978 3.2724561144531496e-15 3.4032188376674753e-42
3.25 2.0 0.0 1.9999999999999978 3.5428320937295486e-15 1.637631564719423e-39
3.4166666666666665 2.0 0.0 1.9999999999999982 4.154597205046923e-15 6.69579852573674e-38
3.583333333333333 2.0 0.0 1.9999999999999982 4.381654097010783e-15 1.954092408969167e-36
3.75 2.0 0.0 1.9999999999999982 4.612752293062194e-15 4.767397604445987e-35
3.9166666666666665 2.0 0.0 1.9999999999999978 5.618129521368289e-15 1.0226604240371576e-33
4.083333333333333 2.0 0.0 1.9999999999999976 6.704564153908614e-15 1.972439459912412e-32
4.25 2.0 0.0 1.9999999999999976 7.031225878405621e-15 3.4602839938301873e-31
4.416666666666666 2.0 0.0 1.9999999999999976 7.00615487748712e-15 5.5567186760349286e-30
4.583333333333333 2.0 0.0 1.9999999999999976 7.209423942018273e-15 8.196099066332122e-29
4.75 2.0 0.0 1.9999999999999976 7.282504564640441e-15 1.111987969600823e-27
4.916666666666666 2.0 0.0 1.9999999999999976 7.3338169198669e-15 1.38743175398427e-26
5.083333333333333 2.0 0.0 1.9999999999999976 7.345769036981608e-15 1.5890168470825486e-25
5.25 2.0 0.0 1.9999999999999976 7.319838346618254e-15 1.6638083285143045e-24
5.416666666666666 2.0 0.0 1.9999999999999976 7.245479360202261e-15 1.5810269060098325e-23
5.583333333333333 2.0 0.0 1.9999999999999976 7.0116790552128265e-15 1.3451909996525538e-22
5.75 2.0 0.0 1.9999999999999973 7.876780535001824e-15 9.976476910669732e-22
5.916666666666666 2.0 0.0 1.999999999999997 9.2172415600289e-15 6.048058075300206e-21
6.083333333333333 2.0 0.0 1.9999999999999967 1.0121491932859075e-14 2.3764166023539362e-20
6.25 2.0 0.0 1.9999999999999962 1.2218560017116162e-14 -4.8921798420998234e-20
6.416666666666666 2.0 0.0 1.999999999999996 1.2815876233695184e-14 -2.2864741340931845e-18
6.583333333333333 2.0 0.0 1.999999999999996 1.1558812393418822e-14 -3.049792409107363e-17
6.75 1.9999999999999998 0.0 1.9999999999999956 1.0946417723031777e-14 -3.023468242913689e-16
6.916666666666666 1.9999999999999976 0.0 1.9999999999999936 1.0498603965144329e-14 -2.5333401633201316e-15
7.083333333333333 1.9999999999999813 0.0 1.9999999999999774 9.439199772545518e-15 -1.8747527228524837e-14
7.25 1.999999999999875 0.0 1.9999999999998708 8.73005568414666e-15 -1.250209723893004e-13
7.416666666666666 1.9999999999992408 0.0 1.9999999999992368 7.453563048762411e-15 -7.592478361812659e-13
7.583333333333333 1.9999999999957765 0.0 1.9999999999957727 6.85916128670272e-15 -4.223508993071295e-12
7.75 1.9999999999784133 0.0 1.9999999999784093 6.8643393543099675e-15 -2.1586786279083474e-11
7.916666666666666 1.9999999998985065 0.0 1.9999999998985027 6.339571845487275e-15 -1.0149337221417915e-10
8.083333333333332 1.999999999561234 0.0 1.9999999995612305 5.193352099627194e-15 -4.3876588070022077e-10
8.25 1.9999999982596433 0.0 1.9999999982596397 3.94165435299099e-15 -1.7403567350686184e-09
8.416666666666666 1.999999993694318 0.0 1.9999999936943142 3.865086468989849e-15 -6.3056820221045696e-09
8.583333333333332 1.9999999792975776 0.0 1.9999999792975742 4.870618624452248e-15 -2.0702422360274937e-08
8.75 1.9999999393178214 0.0 1.9999999393178176 5.993680273006877e-15 -6.068217856011783e-08
8.916666666666666 1.9999998459177046 0.0 1.9999998459177002 6.283683855692436e-15 -1.540822954409375e-07
9.083333333333332 1.9999996856319415 0.0 1.9999996856319369 7.785237354540267e-15 -3.1436805847154385e-07
9.25 1.9999996196032899 0.0 1.999999619603285 8.902406901038782e-15 -3.803967102260639e-07
9.416666666666666 2.000000588261848 0.0 2.0000005882618437 1.0971116172212432e-14 5.882618480584264e-07
9.583333333333332 2.0000061251530674 0.0 2.000006125153062 7.589753897708254e-15 6.1251530674769926e-06
9.75 2.0000269519530645 0.0 2.0000269519530596 4.7866382979093935e-15 2.695195306443837e-05
9.916666666666666 2.0000909893714907 0.0 2.0000909893714853 3.926242942615263e-15 9.098937149079526e-05
10.083333333333332 2.000262077677205 0.0 2.0002620776771995 2.049519330679323e-15 0.00026207767720486466
10.25 2.000669374442667 0.0 2.000669374442661 6.75420574278105e-16 0.0006693744426668637
10.416666666666666 2.001543742210623 0.0 2.001543742210618 -1.9550279277566795e-16 0.0015437422106229165
10.583333333333332 2.0032458158338096 0.0 2.0032458158338047 1.2254870590944526e-15 0.003245815833809414
10.75 2.006254988727532 0.0 2.0062549887275276 1.905892359704817e-15 0.006254988727532051
10.916666666666666 2.011078429957128 0.0 2.0110784299571236 3.632378854576862e-15 0.011078429957127956
11.083333333333332 2.018050136662097 0.0 2.018050136662092 5.573595209899715e-15 0.018050136662097052
11.25 2.0270357568521313 0.0 2.0270357568521264 6.829163744462705e-15 0.027035756852131283
11.416666666666666 2.037135562558247 0.0 2.037135562558242 6.770000286286498e-15 0.03713556255824667
11.583333333333332 2.04655067641497 0.0 2.0465506764149657 7.775771070068598e-15 0.04655067641497013
11.75 2.052787138212377 0.0 2.0527871382123726 6.673571631766813e-15 0.05278713821237704
11.916666666666666 2.0532702614718277 0.0 2.0532702614718237 6.274194071371102e-15 0.05327026147182771
12.083333333333332 2.0462396961242795 0.0 2.0462396961242755 5.805223543657304e-15 0.04623969612427934
12.25 2.031588407111769 0.0 2.031588407111766 6.7904459605293174e-15 0.03158840711176899
12.416666666666666 2.011234779011009 0.0 2.011234779011005 5.356678324103855e-15 0.011234779011009107
12.583333333333332 1.9887652209889912 0.0 1.988765220988987 1.4910531070352062e-15 -0.011234779011008871
12.75 1.968411592888231 0.0 1.9684115928882264 1.21907775049058e-15 -0.03158840711176899
12.916666666666666 1.9537603038757207 0.0 1.953760303875716 -4.237664167714686e-16 -0.04623969612427922
13.083333333333332 1.9467297385281723 0.0 1.9467297385281677 -3.40375635968365e-15 -0.05327026147182768
13.25 1.947212861787623 0.0 1.947212861787618 -5.710078894899318e-15 -0.05278713821237704
13.416666666666666 1.9534493235850299 0.0 1.953449323585025 -5.875529086486227e-15 -0.04655067641497021
13.583333333333332 1.9628644374417532 0.0 1.962864437441748 -6.322341664355044e-15 -0.03713556255824678
13.75 1.9729642431478687 0.0 1.9729642431478633 -5.964090323735653e-15 -0.027035756852131283
13.916666666666666 1.981949863337903 0.0 1.9819498633378976 -5.275218430877694e-15 -0.01805013666209714
14.083333333333332 1.988921570042872 0.0 1.9889215700428666 -6.926000676175116e-15 -0.01107842995712802
14.25 1.993745011272468 0.0 1.9937450112724626 -7.323434501673257e-15 -0.006254988727532051
14.416666666666666 1.9967541841661907 0.0 1.996754184166185 -6.520122941871934e-15 -0.0032458158338094373
14.583333333333332 1.998456257789377 0.0 1.9984562577893716 -6.0675840810158895e-15 -0.0015437422106229291
14.75 1.999330625557333 0.0 1.9993306255573278 -3.759318259836535e-15 -0.0006693744426668637
14.916666666666666 1.9997379223227951 0.0 1.9997379223227902 -2.1369855992982097e-15 -0.00026207767720486753
15.083333333333332 1.9999090106285091 0.0 1.999909010628505 -1.51402553785378e-15 -9.098937149079634e-05
15.25 1.9999730480469355 0.0 1.9999730480469315 -6.015124626712171e-16 -2.695195306443837e-05
15.416666666666666 1.9999938748469326 0.0 1.9999938748469286 -1.1140180973675363e-15 -6.125153067477107e-06
15.583333333333332 1.9999994117381519 0.0 1.9999994117381483 -2.067694095009495e-15 -5.882618480584505e-07
15.75 2.00000038039671 0.0 2.000000380396706 -6.956590252335468e-15 3.803967102260639e-07
15.916666666666666 2.0000003143680583 0.0 2.000000314368055 -9.574489559793312e-15 3.143680584715458e-07
16.083333333333332 2.0000001540822954 0.0 2.000000154082292 -8.77571001135483e-15 1.5408229544093886e-07
16.25 2.0000000606821784 0.0 2.0000000606821753 -9.425359982437086e-15 6.068217856011783e-08
16.416666666666664 2.0000000207024224 0.0 2.0000000207024184 -9.039945001027027e-15 2.0702422360275453e-08
16.583333333333332 2.000000006305682 0.0 2.0000000063056786 -1.0928613960862535e-14 6.3056820221046515e-09
16.75 2.0000000017403567 0.0 2.0000000017403536 -1.0360823252335975e-14 1.7403567350686184e-09
16.916666666666664 2.000000000438766 0.0 2.000000000438763 -8.229740838109631e-15 4.387658807002327e-10
17.083333333333332 2.0000000001014935 0.0 2.0000000001014904 -7.621539322506445e-15 1.014933722141809e-10
17.25 2.0000000000215867 0.0 2.0000000000215836 -7.500813377148645e-15 2.1586786279083474e-11
17.416666666666664 2.0000000000042233 0.0 2.00000000000422 -9.554162324633674e-15 4.2235089930714026e-12
17.583333333333332 2.0000000000007594 0.0 2.000000000000756 -1.0380809843330609e-14 7.592478361812798e-13
17.75 2.0000000000001252 0.0 2.0000000000001217 -1.1205216283044224e-14 1.250209723893004e-13
17.916666666666664 2.0000000000000187 0.0 2.0000000000000155 -1.1171265866206256e-14 1.8747527228525408e-14
18.083333333333332 2.0000000000000027 0.0 1.9999999999999991 -9.27800956020838e-15 2.5333401633201907e-15
18.25 2.0000000000000004 0.0 1.9999999999999978 -8.156973671021676e-15 3.023468242913689e-16
18.416666666666664 2.0 0.0 1.999999999999998 -6.268677827108536e-15 3.049792409107492e-17
18.583333333333332 2.0 0.0 1.9999999999999982 -5.4351203894771104e-15 2.2864741340932534e-18
18.75 2.0 0.0 1.9999999999999982 -5.5642191335756884e-15 4.8921798420998234e-20
18.916666666666664 2.0 0.0 1.9999999999999982 -5.4950553863624526e-15 -2.3764166023539732e-20
19.083333333333332 2.0 0.0 1.9999999999999982 -5.424889050046132e-15 -6.0480580753002996e-21
19.25 2.0 0.0 1.9999999999999982 -5.4121458054875304e-15 -9.976476910669732e-22
19.416666666666664 2.0 0.0 1.9999999999999982 -5.420925851067421e-15 -1.3451909996525968e-22
19.583333333333332 2.0 0.0 1.9999999999999982 -5.422399520514235e-15 -1.581026906009875e-23
19.75 2.0 0.0 1.9999999999999982 -5.407087906436507e-15 -1.6638083285143045e-24
19.916666666666664 2.0 0.0 1.9999999999999982 -5.4119548109133974e-15 -1.5890168470826145e-25
20.083333333333332 2.0 0.0 1.9999999999999982 -5.48239041705885e-15 -1.3874317539842994e-26
20.25 2.0 0.0 1.9999999999999982 -5.520845658990444e-15 -1.111987969600823e-27
20.416666666666664 2.0 0.0 1.9999999999999982 -5.451424396380473e-15 -8.196099066332472e-29
20.583333333333332 2.0 0.0 1.9999999999999982 -5.424489338792102e-15 -5.556718676035089e-30
20.75 2.0 0.0 1.9999999999999982 -5.295414182965461e-15 -3.4602839938301873e-31
20.916666666666664 2.0 0.0 1.9999999999999982 -5.488929182317696e-15 -1.972439459912529e-32
21.083333333333332 2.0 0.0 1.9999999999999982 -4.9517001407620526e-15 -1.0226604240371882e-33
21.25 2.0 0.0 1.9999999999999987 -4.035914005608084e-15 -4.767397604445987e-35
21.416666666666664 2.0 0.0 1.9999999999999987 -4.032972271010439e-15 -1.9540924089693182e-36
21.583333333333332 2.0 0.0 1.9999999999999987 -4.078312769528824e-15 -6.695798525736964e-38
21.75 2.0 0.0 1.9999999999999987 -4.1339769075874606e-15 -1.637631564719423e-39
21.916666666666664 2.0 0.0 1.9999999999999987 -4.191606481717317e-15 -3.4032188376691595e-42
22.083333333333332 2.0 0.0 1.9999999999999987 -4.206677179529426e-15 2.791890533643185e-42
22.25 2.0 0.0 1.9999999999999987 -4.189543238653495e-15 2.2523830569655327e-43
22.416666666666664 2.0 0.0 1.9999999999999987 -4.1709485410696614e-15 1.2555518197789972e-44
22.583333333333332 2.0 0.0 1.9999999999999987 -4.167745795028633e-15 5.803765865629241e-46
22.75 2.0 0.0 1.9999999999999987 -4.227475610261105e-15 2.351308388844086e-47
22.916666666666664 2.0 0.0 1.9999999999999987 -4.289827622869274e-15 8.551735704348721e-49
23.083333333333332 2.0 0.0 1.9999999999999987 -4.10976869890735e-15 2.8266291799891444e-50
23.25 2.0 0.0 1.999999999999999 -3.4824869102395606e-15 8.548289091174405e-52
23.416666666666664 2.0 0.0 1.999999999999999 -3.4415782509001626e-15 2.3739378149650956e-53
23.583333333333332 2.0 0.0 1.999999999999999 -2.9294131589160115e-15 6.063664286950499e-55
23.75 2.0 0.0 1.9999999999999991 -2.301144472186795e-15 1.4244864646060943e-56
23.916666666666664 2.0 0.0 1.9999999999999996 -1.8204851131746293e-15 3.072571435861167e-58
24.083333333333332 2.0 0.0 1.9999999999999996 -1.100490128076922e-15 6.062135519306203e-60
24.25 2.0 0.0 1.9999999999999996 -1.1602112740981588e-15 1.0864518245663961e-61
24.416666666666664 2.0 0.0 1.9999999999999996 -1.1643965301757063e-15 1.7464337008906182e-63
24.583333333333332 2.0 0.0 1.9999999999999996 -1.3112376042184288e-15 2.455912479307503e-65
24.75 2.0 0.0 1.9999999999999996 -1.1885725609323995e-15 2.850203213424424e-67
24.916666666666664 2.0 0.0 1.9999999999999993 -4.535083907591558e-16 2.2393696239452313e-69
