
0.08333333333333333 2.0 0.0 2.0000000079221136 6.186393252576861e-11 -2.2393696239451417e-69
0.25 2.0 0.0 2.0000000069938912 -1.3291405941848551e-08 -2.850203213424424e-67
0.41666666666666663 2.0 0.0 1.9999999998514904 5.013333828693821e-09 -2.455912479307425e-65
0.5833333333333333 2.0 0.0 1.9999999812369613 8.173601613912528e-08 -1.7464337008905642e-63
0.75 2.0 0.0 1.9999999511515303 2.14309548058854e-07 -1.0864518245663961e-61
0.9166666666666666 2.0 0.0 1.9999999275316818 3.198270903346703e-07 -6.062135519306023e-60
1.0833333333333333 2.0 0.0 1.9999999560029753 1.9532944672244964e-07 -3.0725714358609898e-58
1.25 2.0 0.0 2.000000111810734 -4.771480448433789e-07 -1.4244864646060943e-56
1.4166666666666665 2.0 0.0 2.000000514079912 -2.171604883433865e-06 -6.0636642869503236e-55
1.5833333333333333 2.0 0.0 2.000001350650999 -5.760321686734676e-06 -2.3739378149649954e-53
1.75 2.0 0.0 2.000002902314278 -1.258143913046434e-05 -8.548289091174405e-52
1.9166666666666665 2.0 0.0 2.0000056090246345 -2.460016515406869e-05 -2.826629179989026e-50
2.083333333333333 2.0 0.0 2.000010159514124 -4.483889847163271e-05 -8.551735704348133e-49
2.25 2.0 0.0 2.0000168665136915 -7.469743185783177e-05 -2.351308388844086e-47
2.4166666666666665 2.0 0.0 2.000022966536638 -0.00010167852946015052 -5.803765865629009e-46
2.583333333333333 2.0 0.0 2.0000267704936867 -0.00011857002449351042 -1.2555518197789163e-44
2.75 2.0 0.0 2.000028718484452 -0.00012696107539260162 -2.2523830569655327e-43
2.9166666666666665 2.0 0.0 2.0000292585879214 -0.00012929654735390546 -2.7918905336431368e-42
3.083333333333333 2.0 0.0 2.000028609773819 -0.00012759393023063865 3.4032188376674753e-42
3.25 2.0 0.0 2.0000261923214646 -0.00011624703822531559 1.637631564719423e-39
3.4166666666666665 2.0 0.0 2.0000205096038592 -9.102044419298356e-05 6.69579852573674e-38
3.583333333333333 2.0 0.0 2.000013160319706 -5.808812277900463e-05 1.954092408969167e-36
3.75 2.0 0.0 2.000007666839514 -3.509846576401583e-05 4.767397604445987e-35
3.9166666666666665 2.0 0.0 2.0000046596809278 -1.8555334948056173e-05 1.0226604240371576e-33
4.083333333333333 2.0 0.0 2.000002172394808 -1.158064273888312e-05 1.972439459912412e-32
4.25 2.0 0.0 2.0000010560806327 -4.463904767998962e-06 3.4602839938301873e-31
4.416666666666666 2.0 0.0 2.000000420638947 -1.0502453646442754e-06 5.5567186760349286e-30
4.583333333333333 2.0 0.0 1.9999999542501927 -3.4011782657656236e-07 8.196099066332122e-29
4.75 2.0 0.0 1.9999998333137061 3.2922618056630733e-07 1.111987969600823e-27
4.916666666666666 2.0 0.0 1.9999999341277839 5.983393254442344e-07 1.38743175398427e-26
5.083333333333333 2.0 0.0 1.9999999694530834 4.1378297488475496e-07 1.5890168470825486e-25
5.25 2.0 0.0 1.999999945405635 7.163475182394998e-08 1.6638083285143045e-24
5.416666666666666 2.0 0.0 1.9999999349439683 1.239585986134102e-07 1.5810269060098325e-23
5.583333333333333 2.0 0.0 1.9999999440065346 3.7296796499701057e-07 1.3451909996525538e-22
5.75 2.0 0.0 1.999999918926743 4.900177887234944e-07 9.976476910669732e-22
5.916666666666666 2.0 0.0 1.9999998794684868 4.777938865561956e-07 6.048058075300206e-21
6.083333333333333 2.0 0.0 1.9999998649116373 5.328384380028732e-07 2.3764166023539362e-20
6.25 2.0 0.0 1.9999998696020256 6.33491894001849e-07 -4.8921798420998234e-20
6.416666666666666 2.0 0.0 1.999999865643191 6.618760006990616e-07 -2.2864741340931845e-18
6.583333333333333 2.0 0.0 1.9999998567851014 6.227001924976899e-07 -3.049792409107363e-17
6.75 1.9999999999999998 0.0 1.9999998617891073 5.905614190839681e-07 -3.023468242913689e-16
6.916666666666666 1.9999999999999976 0.0 1.99999988119325 5.552537373234014e-07 -2.5333401633201316e-15
7.083333333333333 1.9999999999999813 0.0 1.9999999045163883 4.6086480118428685e-07 -1.8747527228524837e-14
7.25 1.999999999999875 0.0 1.999999932188174 3.067235010753946e-07 -1.250209723893004e-13
7.416666666666666 1.9999999999992408 0.0 1.9999999706086542 1.3018255445720114e-07 -7.592478361812659e-13
7.583333333333333 1.9999999999957765 0.0 2.0000000181219475 -6.07166056909564e-08 -4.223508993071295e-12
7.75 1.9999999999784133 0.0 2.00000006795978 -2.788225273288881e-07 -2.1586786279083474e-11
7.916666666666666 1.9999999998985065 0.0 2.0000001177422293 -5.147253459307247e-07 -1.0149337221417915e-10
8.083333333333332 1.999999999561234 0.0 2.0000001676236896 -7.409645782620919e-07 -4.3876588070022077e-10
8.25 1.9999999982596433 0.0 2.000000213731451 -9.417286742696807e-07 -1.7403567350686184e-09
8.416666666666666 1.999999993694318 0.0 2.0000002484646195 -1.1130079800691961e-06 -6.3056820221045696e-09
8.583333333333332 1.9999999792975776 0.0 2.000000262533229 -1.245086462957767e-06 -2.0702422360274937e-08
8.75 1.9999999393178214 0.0 2.0000002397100816 -1.3235204289284355e-06 -6.068217856011783e-08
8.916666666666666 1.9999998459177046 0.0 2.0000001511047087 -1.3418323767868078e-06 -1.540822954409375e-07
9.083333333333332 1.9999996856319415 0.0 1.999999981971789 -1.3021595105643078e-06 -3.1436805847154385e-07
9.25 1.999999623329943 0.0 1.9999998939973698 -1.2080568697792505e-06 -3.803967102260639e-07
9.416666666666666 2.0002499404706255 0.0 2.0000008299482097 -1.0648415863046873e-06 5.882618480584264e-07
9.583333333333332 2.000255477361845 0.0 2.000006325999135 -8.835138048361051e-07 6.1251530674769926e-06
9.75 2.0000269556797177 0.0 2.0000271060823254 -6.774017311660224e-07 2.695195306443837e-05
9.916666666666666 2.0000909893714907 0.0 2.000091093229441 -4.5711417253715525e-07 9.098937149079526e-05
10.083333333333332 2.000262077677205 0.0 2.0002621308540918 -2.3431200064845382e-07 0.00026207767720486466
10.25 2.000669374442667 0.0 2.0006693804757036 -2.6306139096018065e-08 0.0006693744426668637
10.416666666666666 2.001543742210623 0.0 2.001543707504575 1.5272766654035913e-07 0.0015437422106229165
10.583333333333332 2.0032458158338096 0.0 2.0032457467170417 3.031804646649708e-07 0.003245815833809414
10.75 2.006254988727532 0.0 2.0062548905923148 4.3048444108330404e-07 0.006254988727532051
10.916666666666666 2.011078429957128 0.0 2.0110783104320613 5.253969676253994e-07 0.011078429957127956
11.083333333333332 2.018050136662097 0.0 2.0180500069023037 5.725522390675626e-07 0.018050136662097052
11.25 2.0270357568521313 0.0 2.0270356259513362 5.810609420204469e-07 0.027035756852131283
11.416666666666666 2.037135562558247 0.0 2.0371354328306426 5.792703861962097e-07 0.03713556255824667
11.583333333333332 2.04655067641497 0.0 2.0465505489516937 5.693635440075749e-07 0.04655067641497013
11.75 2.052787138212377 0.0 2.0527870200094913 5.242352998968449e-07 0.05278713821237704
11.916666666666666 2.0532702614718277 0.0 2.053270159445081 4.4762371240340643e-07 0.05327026147182771
12.083333333333332 2.0462396961242795 0.0 2.04623960724578 3.8766879394734573e-07 0.04623969612427934
12.25 2.031588407111769 0.0 2.031588325272367 3.5598387013295945e-07 0.03158840711176899
12.416666666666666 2.011234779011009 0.0 2.011234709278261 2.9887922801798975e-07 0.011234779011009107
12.583333333333332 1.9887652209889912 0.0 1.988765171195183 2.0181844828503384e-07 -0.011234779011008871
12.75 1.968411592888231 0.0 1.9684115536196258 1.446217042709703e-07 -0.03158840711176899
12.916666666666666 1.9537603038757207 0.0 1.9537602595372703 1.5296102171203216e-07 -0.04623969612427922
13.083333333333332 1.9467297385281723 0.0 1.9467297011556002 1.2277715192535663e-07 -0.05327026147182768
13.25 1.947212861787623 0.0 1.947212854690345 2.248941297245832e-08 -0.05278713821237704
13.416666666666666 1.9534493235850299 0.0 1.9534493343747024 4.3644464328804213e-08 -0.04655067641497021
13.583333333333332 1.9628644374417532 0.0 1.9628644303698972 2.082293741294888e-07 -0.03713556255824678
13.75 1.9729642431478687 0.0 1.9729642349048169 1.9751658333257074e-07 -0.027035756852131283
13.916666666666666 1.981949863337903 0.0 1.9819498686441661 -2.0218310027720077e-07 -0.01805013666209714
14.083333333333332 1.988921570042872 0.0 1.9889215328379195 -4.426091049205589e-07 -0.01107842995712802
14.25 1.993745011272468 0.0 1.9937448670382938 -2.1731686084778629e-07 -0.006254988727532051
14.416666666666666 1.9967541841661907 0.0 1.9967541545985323 4.286360622802206e-07 -0.0032458158338094373
14.583333333333332 1.998456257789377 0.0 1.9984566918675961 1.1199523536007578e-06 -0.0015437422106229291
14.75 1.999330625557333 0.0 1.9993316940061316 4.518282100282839e-06 -0.0006693744426668637
14.916666666666666 1.9997379223227951 0.0 1.9997401045844114 1.1630089953579811e-05 -0.00026207767720486753
15.083333333333332 1.9999090106285091 0.0 1.9999136777988462 1.8585890936466637e-05 -9.098937149079634e-05
15.25 1.9999730480469355 0.0 1.9999807181173235 3.511471603507692e-05 -2.695195306443837e-05
15.416666666666666 1.9999938748469326 0.0 2.0000070349945993 5.8087461812596446e-05 -6.125153067477107e-06
15.583333333333332 1.9999994117381519 0.0 2.000019920654257 9.101677680260816e-05 -5.882618480584505e-07
15.75 2.00000038039671 0.0 2.0000265744712817 0.00011625423929568715 3.803967102260639e-07
15.916666666666666 2.0000003143680583 0.0 2.00002892623428 0.00012760369711514418 3.143680584715458e-07
16.083333333333332 2.0000001540822954 0.0 2.000029414345742 0.00012930441191704898 1.5408229544093886e-07
16.25 2.0000000606821784 0.0 2.0000287801526224 0.0001269644793221278 6.068217856011783e-08
16.416666666666664 2.0000000207024224 0.0 2.0000267898330595 0.00011856472712278609 2.0702422360275453e-08
16.583333333333332 2.000000006305682 0.0 2.0000229677862964 0.00010165605389420051 6.3056820221046515e-09
16.75 2.0000000017403567 0.0 2.0000168584990687 7.465405995957538e-05 1.7403567350686184e-09
16.916666666666664 2.000000000438766 0.0 2.0000101507633357 4.479794049712411e-05 4.387658807002327e-10
17.083333333333332 2.0000000001014935 0.0 2.000005603297082 2.457422091508266e-05 1.014933722141809e-10
17.25 2.0000000000215867 0.0 2.0000028988900884 1.2566193260927516e-05 2.1586786279083474e-11
17.416666666666664 2.0000000000042233 0.0 2.00000134873963 5.752079522656128e-06 4.2235089930714026e-12
17.583333333333332 2.0000000000007594 0.0 2.000000513100269 2.1676129068240303e-06 7.592478361812798e-13
17.75 2.0000000000001252 0.0 2.0000001113702233 4.7536734846720835e-07 1.250209723893004e-13
17.916666666666664 2.0000000000000187 0.0 1.999999955873422 -1.9613696153961748e-07 1.8747527228525408e-14
18.083333333333332 2.0000000000000027 0.0 1.9999999276242817 -3.2052297244156806e-07 2.5333401633201907e-15
18.25 2.0000000000000004 0.0 1.9999999513942455 -2.1531934648714692e-07 3.023468242913689e-16
18.416666666666664 2.0 0.0 1.9999999814003306 -8.238194758590392e-08 3.049792409107492e-17
18.583333333333332 2.0 0.0 1.9999999993702229 -2.7877318797841993e-09 2.2864741340932534e-18
18.75 2.0 0.0 2.0000000049670756 2.2003563660801087e-08 4.8921798420998234e-20
18.916666666666664 2.0 0.0 2.0000000040712522 1.803525084614797e-08 -2.3764166023539732e-20
19.083333333333332 2.0 0.0 2.000000001721161 7.624574754116292e-09 -6.0480580753002996e-21
19.25 2.0 0.0 2.0000000001705507 7.555312072521006e-10 -9.976476910669732e-22
19.416666666666664 2.0 0.0 1.9999999996627795 -1.4938437111144295e-09 -1.3451909996525968e-22
19.583333333333332 2.0 0.0 1.9999999997134896 -1.2692025181567928e-09 -1.581026906009875e-23
19.75 2.0 0.0 1.9999999998856488 -5.065543535954288e-10 -1.6638083285143045e-24
19.916666666666664 2.0 0.0 1.9999999999935827 -2.8418708374110114e-11 -1.5890168470826145e-25
20.083333333333332 2.0 0.0 2.0000000000239435 1.0607773014984169e-10 -1.3874317539842994e-26
20.25 2.0 0.0 2.000000000017397 7.707582062655164e-11 -1.111987969600823e-27
20.416666666666664 2.0 0.0 2.000000000005594 2.4790190520216203e-11 -8.196099066332472e-29
20.583333333333332 2.0 0.0 1.9999999999994966 -2.2187461339371843e-12 -5.556718676035089e-30
20.75 2.0 0.0 1.9999999999983977 -7.087932363217708e-12 -3.4602839938301873e-31
20.916666666666664 2.0 0.0 1.9999999999991251 -3.866492767751759e-12 -1.972439459912529e-32
21.083333333333332 2.0 0.0 1.999999999999824 -7.731000529978036e-13 -1.0226604240371882e-33
21.25 2.0 0.0 2.0000000000000835 3.7648841375663834e-13 -4.767397604445987e-35
21.416666666666664 2.0 0.0 2.0000000000000844 3.7776578557284296e-13 -1.9540924089693182e-36
21.583333333333332 2.0 0.0 2.000000000000028 1.2913928115319173e-13 -6.695798525736964e-38
21.75 2.0 0.0 1.999999999999996 -1.4121244041769927e-14 -1.637631564719423e-39
21.916666666666664 2.0 0.0 1.9999999999999898 -4.335598771308287e-14 -3.4032188376691595e-42
22.083333333333332 2.0 0.0 1.9999999999999933 -2.735906680670847e-14 2.791890533643185e-42
22.25 2.0 0.0 1.9999999999999967 -1.1525733885902786e-14 2.2523830569655327e-43
22.416666666666664 2.0 0.0 1.9999999999999984 -5.2088708637625435e-15 1.2555518197789972e-44
22.583333333333332 2.0 0.0 1.999999999999999 -3.1678391784057093e-15 5.803765865629241e-46
22.75 2.0 0.0 1.999999999999999 -3.2770735987702135e-15 2.351308388844086e-47
22.916666666666664 2.0 0.0 1.999999999999999 -3.521968488949661e-15 8.551735704348721e-49
23.083333333333332 2.0 0.0 1.999999999999999 -3.4241196032968077e-15 2.8266291799891444e-50
23.25 2.0 0.0 1.999999999999999 -3.2331753483507035e-15 8.548289091174405e-52
23.416666666666664 2.0 0.0 1.999999999999999 -3.5084292989561136e-15 2.3739378149650956e-53
23.583333333333332 2.0 0.0 1.999999999999999 -2.9278943633218467e-15 6.063664286950499e-55
23.75 2.0 0.0 1.9999999999999991 -2.3005234871078343e-15 1.4244864646060943e-56
23.916666666666664 2.0 0.0 1.9999999999999996 -1.820523874924651e-15 3.072571435861167e-58
24.083333333333332 2.0 0.0 1.9999999999999996 -1.1005025377056142e-15 6.062135519306203e-60
24.25 2.0 0.0 1.9999999999999996 -1.1602094518498698e-15 1.0864518245663961e-61
24.416666666666664 2.0 0.0 1.9999999999999996 -1.1643964496837843e-15 1.7464337008906182e-63
24.583333333333332 2.0 0.0 1.9999999999999996 -1.311237673233636e-15 2.455912479307503e-65
24.75 2.0 0.0 1.9999999999999996 -1.1885720785927287e-15 2.850203213424424e-67
24.916666666666664 2.0 0.0 1.9999999999999993 -4.535078710650038e-16 2.2393696239452313e-69

