0.08333333333333333 2.0 0.0 2.000000007922114 6.18626859482873e-11 -2.2393696239451417e-69
0.25 2.0 0.0 2.0000000069938904 -1.329139863071237e-08 -2.850203213424424e-67
0.41666666666666663 2.0 0.0 1.999999999851486 5.0133536177077666e-09 -2.455912479307425e-65
0.5833333333333333 2.0 0.0 1.9999999812369513 8.173605769929077e-08 -1.7464337008905642e-63
0.75 2.0 0.0 1.9999999511515179 2.1430960273344644e-07 -1.0864518245663961e-61
0.9166666666666666 2.0 0.0 1.9999999275316787 3.1982710425344973e-07 -6.062135519306023e-60
1.0833333333333333 2.0 0.0 1.9999999560030064 1.9532930987174754e-07 -3.0725714358609898e-58
1.25 2.0 0.0 2.0000001118108397 -4.771484959064971e-07 -1.4244864646060943e-56
1.4166666666666665 2.0 0.0 2.000000514080163 -2.171605937934741e-06 -6.0636642869503236e-55
1.5833333333333333 2.0 0.0 2.000001350651508 -5.760323886492581e-06 -2.3739378149649954e-53
1.75 2.0 0.0 2.0000029023152264 -1.2581443318404097e-05 -8.548289091174405e-52
1.9166666666666665 2.0 0.0 2.0000056090263416 -2.460017272891694e-05 -2.826629179989026e-50
2.083333333333333 2.0 0.0 2.0000101595170965 -4.4838911740112445e-05 -8.551735704348133e-49
2.25 2.0 0.0 2.0000168665161517 -7.469744285383014e-05 -2.351308388844086e-47
2.4166666666666665 2.0 0.0 2.0000229665345794 -0.00010167852037577932 -5.803765865629009e-46
2.583333333333333 2.0 0.0 2.00002677048735 -0.0001185699958034192 -1.2555518197789163e-44
2.75 2.0 0.0 2.000028718474638 -0.00012696103257029974 -2.2523830569655327e-43
2.9166666666666665 2.0 0.0 2.000029258576131 -0.00012929649511608652 -2.7918905336431368e-42
3.083333333333333 2.0 0.0 2.0000286097586892 -0.0001275938632148954 3.4032188376674753e-42
3.25 2.0 0.0 2.0000261922992664 -0.00011624694000617626 1.637631564719423e-39
3.4166666666666665 2.0 0.0 2.0000205095697896 -9.102029336684928e-05 6.69579852573674e-38
3.583333333333333 2.0 0.0 2.0000131602797637 -5.808794335876369e-05 1.954092408969167e-36
3.75 2.0 0.0 2.0000076667984015 -3.5098290677671205e-05 4.767397604445987e-35
3.9166666666666665 2.0 0.0 2.0000046596435634 -1.855515844886167e-05 1.0226604240371576e-33
4.083333333333333 2.0 0.0 2.000002172358837 -1.1580491011119978e-05 1.972439459912412e-32
4.25 2.0 0.0 2.0000010560504133 -4.463770298119008e-06 3.4602839938301873e-31
4.416666666666666 2.0 0.0 2.0000004206171744 -1.05014833893355e-06 5.5567186760349286e-30
4.583333333333333 2.0 0.0 1.999999954241008 -3.4008032646629654e-07 8.196099066332122e-29
4.75 2.0 0.0 1.9999998333251563 3.29179821445553e-07 1.111987969600823e-27
4.916666666666666 2.0 0.0 1.9999999341710017 5.981434362954505e-07 1.38743175398427e-26
5.083333333333333 2.0 0.0 1.9999999695425748 4.1338942709757397e-07 1.5890168470825486e-25
5.25 2.0 0.0 1.9999999455502353 7.099806802120775e-08 1.6638083285143045e-24
5.416666666666666 2.0 0.0 1.999999935144179 1.2307161313059094e-07 1.5810269060098325e-23
5.583333333333333 2.0 0.0 1.9999999442567522 3.7185861505469715e-07 1.3451909996525538e-22
5.75 2.0 0.0 1.9999999192113485 4.887571063358047e-07 9.976476910669732e-22
5.916666666666666 2.0 0.0 1.9999998797621101 4.7649475767233965e-07 6.048058075300206e-21
6.083333333333333 2.0 0.0 1.9999998651791344 5.316534847157608e-07 2.3764166023539362e-20
6.25 2.0 0.0 1.999999869802295 6.326039370612466e-07 -4.8921798420998234e-20
6.416666666666666 2.0 0.0 1.9999998657331748 6.614777622485842e-07 -2.2864741340931845e-18
6.583333333333333 2.0 0.0 1.9999998567252797 6.229657027315469e-07 -3.049792409107363e-17
6.75 1.9999999999999998 0.0 1.999999861550692 5.916177118001855e-07 -3.023468242913689e-16
6.916666666666666 1.9999999999999976 0.0 1.9999998807661257 5.571459717392932e-07 -2.5333401633201316e-15
7.083333333333333 1.9999999999999813 0.0 1.9999999039151466 4.635281617275592e-07 -1.8747527228524837e-14
7.25 1.999999999999875 0.0 1.9999999314540193 3.099758719528575e-07 -1.250209723893004e-13
7.416666666666666 1.9999999999992408 0.0 1.9999999698057094 1.3373998639370704e-07 -7.592478361812659e-13
7.583333333333333 1.9999999999957765 0.0 2.0000000173305548 -5.721076968963276e-08 -4.223508993071295e-12
7.75 1.9999999999784133 0.0 2.000000067269743 -2.7576548468617347e-07 -2.1586786279083474e-11
7.916666666666666 1.9999999998985065 0.0 2.000000117243598 -5.125157907066096e-07 -1.0149337221417915e-10
8.083333333333332 1.999999999561234 0.0 2.0000001673916423 -7.399365388575284e-07 -4.3876588070022077e-10
8.25 1.9999999982596433 0.0 2.000000213809082 -9.420726182858338e-07 -1.7403567350686184e-09
8.416666666666666 1.999999993694318 0.0 2.000000248854974 -1.1147367447792855e-06 -6.3056820221045696e-09
8.583333333333332 1.9999999792975776 0.0 2.0000002632066507 -1.2480690468612253e-06 -2.0702422360274937e-08
8.75 1.9999999393178214 0.0 2.0000002406147246 -1.3275273536053092e-06 -6.068217856011783e-08
8.916666666666666 1.9999998459177046 0.0 2.000000152163843 -1.3465237444523367e-06 -1.540822954409375e-07
9.083333333333332 1.9999996856319415 0.0 1.9999999830771866 -1.3070560318628043e-06 -3.1436805847154385e-07
9.25 1.999999623329943 0.0 1.999999895028245 -1.212623317100718e-06 -3.803967102260639e-07
9.416666666666666 2.0002499404706255 0.0 2.00000083081619 -1.0686863270835718e-06 5.882618480584264e-07
9.583333333333332 2.000255477361845 0.0 2.0000063266685704 -8.864788984089703e-07 6.1251530674769926e-06
9.75 2.0000269556797177 0.0 2.0000271065282855 -6.79376757222778e-07 2.695195306443837e-05
9.916666666666666 2.0000909893714907 0.0 2.0000910933878226 -4.578150395694478e-07 9.098937149079526e-05
10.083333333333332 2.000262077677205 0.0 2.0002621306599355 -2.334508675744336e-07 0.00026207767720486466
10.25 2.000669374442667 0.0 2.0006693799708883 -2.4068430452644655e-08 0.0006693744426668637
10.416666666666666 2.001543742210623 0.0 2.0015437068562214 1.5560232135582157e-07 0.0015437422106229165
10.583333333333332 2.0032458158338096 0.0 2.003245746067969 3.060598306298676e-07 0.003245815833809414
10.75 2.006254988727532 0.0 2.0062548899215296 4.3346155629327335e-07 0.006254988727532051
10.916666666666666 2.011078429957128 0.0 2.0110783096545015 5.288512415270889e-07 0.011078429957127956
11.083333333333332 2.018050136662097 0.0 2.0180500061048097 5.760981282242e-07 0.018050136662097052
11.25 2.0270357568521313 0.0 2.0270356253918607 5.835409122875293e-07 0.027035756852131283
11.416666666666666 2.037135562558247 0.0 2.03713543262785 5.801495100195595e-07 0.03713556255824667
11.583333333333332 2.04655067641497 0.0 2.0465505489 5.695736297205602e-07 0.04655067641497013
11.75 2.052787138212377 0.0 2.05278701984949 5.249265897245366e-07 0.05278713821237704
11.916666666666666 2.0532702614718277 0.0 2.0532701592671563 4.483694588949637e-07 0.05327026147182771
12.083333333333332 2.0462396961242795 0.0 2.0462396073867035 3.8699698470636606e-07 0.04623969612427934
12.25 2.031588407111769 0.0 2.0315883257160827 3.539817581462434e-07 0.03158840711176899
12.416666666666666 2.011234779011009 0.0 2.011234709561001 2.975551879841165e-07 0.011234779011009107
12.583333333333332 1.9887652209889912 0.0 1.988765171181288 2.0185393769801403e-07 -0.011234779011008871
12.75 1.968411592888231 0.0 1.9684115537188658 1.4420178989226383e-07 -0.03158840711176899
12.916666666666666 1.9537603038757207 0.0 1.9537602599048216 1.5126766134659605e-07 -0.04623969612427922
13.083333333333332 1.9467297385281723 0.0 1.9467297014700065 1.2136402997988437e-07 -0.05327026147182768
13.25 1.947212861787623 0.0 1.9472128547500436 2.2498538884077758e-08 -0.05278713821237704
13.416666666666666 1.9534493235850299 0.0 1.9534493342624528 4.422387949396322e-08 -0.04655067641497021
13.583333333333332 1.9628644374417532 0.0 1.9628644303908773 2.0782997426594382e-07 -0.03713556255824678
13.75 1.9729642431478687 0.0 1.9729642351745365 1.9611788920956623e-07 -0.027035756852131283
13.916666666666666 1.981949863337903 0.0 1.9819498687843469 -2.022445705236849e-07 -0.01805013666209714
14.083333333333332 1.988921570042872 0.0 1.988921532687956 -4.4073171235317083e-07 -0.01107842995712802
14.25 1.993745011272468 0.0 1.9937448669340423 -2.162108867531486e-07 -0.006254988727532051
14.416666666666666 1.9967541841661907 0.0 1.9967541548396572 4.2713053302197983e-07 -0.0032458158338094373
14.583333333333332 1.998456257789377 0.0 1.9984566917300621 1.11776058910252e-06 -0.0015437422106229291
14.75 1.999330625557333 0.0 1.999331693034443 4.5176458925622425e-06 -0.0006693744426668637
14.916666666666666 1.9997379223227951 0.0 1.9997401036400853 1.162783339855235e-05 -0.00026207767720486753
15.083333333333332 1.9999090106285091 0.0 1.999913677428009 1.857842285803604e-05 -9.098937149079634e-05
15.25 1.9999730480469355 0.0 1.9999807166676793 3.511222543942636e-05 -2.695195306443837e-05
15.416666666666666 1.9999938748469326 0.0 2.00000703489341 5.8086171724355025e-05 -6.125153067477107e-06
15.583333333333332 1.9999994117381519 0.0 2.000019921595452 9.102105025765846e-05 -5.882618480584505e-07
15.75 2.00000038039671 0.0 2.0000265752999455 0.00011625785825105438 3.803967102260639e-07
15.916666666666666 2.0000003143680583 0.0 2.000028926805245 0.00012760622458493737 3.143680584715458e-07
16.083333333333332 2.0000001540822954 0.0 2.0000294148010918 0.00012930646282693778 1.5408229544093886e-07
16.25 2.0000000606821784 0.0 2.000028780560966 0.00012696623496773792 6.068217856011783e-08
16.416666666666664 2.0000000207024224 0.0 2.00002679015804 0.00011856620433099596 2.0702422360275453e-08
16.583333333333332 2.000000006305682 0.0 2.00002296801575 0.00010165706203473217 6.3056820221046515e-09
16.75 2.0000000017403567 0.0 2.0000168585735487 7.46543889764189e-05 1.7403567350686184e-09
16.916666666666664 2.000000000438766 0.0 2.000010150701874 4.479766325480184e-05 4.387658807002327e-10
17.083333333333332 2.0000000001014935 0.0 2.0000056032053015 2.4573808205807207e-05 1.014933722141809e-10
17.25 2.0000000000215867 0.0 2.0000028988132517 1.2565847425125937e-05 2.1586786279083474e-11
17.416666666666664 2.0000000000042233 0.0 2.0000013486886283 5.7518542124885545e-06 4.2235089930714026e-12
17.583333333333332 2.0000000000007594 0.0 2.00000051307169 2.1674917219734225e-06 7.592478361812798e-13
17.75 2.0000000000001252 0.0 2.000000111356521 4.7530877155411426e-07 1.250209723893004e-13
17.916666666666664 2.0000000000000187 0.0 1.9999999558671382 -1.9616467112172619e-07 1.8747527228525408e-14
18.083333333333332 2.0000000000000027 0.0 1.9999999276207838 -3.205384758436918e-07 2.5333401633201907e-15
18.25 2.0000000000000004 0.0 1.9999999513914624 -2.1533167856248764e-07 3.023468242913689e-16
18.416666666666664 2.0 0.0 1.9999999813981026 -8.23918182820937e-08 3.049792409107492e-17
18.583333333333332 2.0 0.0 1.9999999993689581 -2.7933331790617162e-09 2.2864741340932534e-18
18.75 2.0 0.0 2.0000000049667936 2.2002312040362236e-08 4.8921798420998234e-20
18.916666666666664 2.0 0.0 2.000000004071544 1.803654039223397e-08 -2.3764166023539732e-20
19.083333333333332 2.0 0.0 2.000000001721575 7.62640939722855e-09 -6.0480580753002996e-21
19.25 2.0 0.0 2.0000000001708456 7.56841510266088e-10 -9.976476910669732e-22
19.416666666666664 2.0 0.0 1.999999999662919 -1.493222616006154e-09 -1.3451909996525968e-22
19.583333333333332 2.0 0.0 1.999999999713526 -1.2690412493865968e-09 -1.581026906009875e-23
19.75 2.0 0.0 1.9999999998856384 -5.06603854727582e-10 -1.6638083285143045e-24
19.916666666666664 2.0 0.0 1.9999999999935598 -2.8522812080840652e-11 -1.5890168470826145e-25
20.083333333333332 2.0 0.0 2.000000000023924 1.0599097630548692e-10 -1.3874317539842994e-26
20.25 2.0 0.0 2.000000000017386 7.702715085190087e-11 -1.111987969600823e-27
20.416666666666664 2.0 0.0 2.00000000000559 2.4775186711380814e-11 -8.196099066332472e-29
20.583333333333332 2.0 0.0 1.9999999999994982 -2.2148350199713104e-12 -5.556718676035089e-30
20.75 2.0 0.0 1.9999999999984 -7.079736700262319e-12 -3.4602839938301873e-31
20.916666666666664 2.0 0.0 1.999999999999127 -3.860368969106285e-12 -1.972439459912529e-32
21.083333333333332 2.0 0.0 1.9999999999998246 -7.695046875181959e-13 -1.0226604240371882e-33
21.25 2.0 0.0 2.0000000000000835 3.774674787018736e-13 -4.767397604445987e-35
21.416666666666664 2.0 0.0 2.0000000000000844 3.775463399143742e-13 -1.9540924089693182e-36
21.583333333333332 2.0 0.0 2.000000000000028 1.2908699457588407e-13 -6.695798525736964e-38
21.75 2.0 0.0 1.999999999999996 -1.4116563115575309e-14 -1.637631564719423e-39
21.916666666666664 2.0 0.0 1.9999999999999898 -4.335428869548765e-14 -3.4032188376691595e-42
22.083333333333332 2.0 0.0 1.9999999999999933 -2.735897639537603e-14 2.791890533643185e-42
22.25 2.0 0.0 1.9999999999999967 -1.1525773800704441e-14 2.2523830569655327e-43
22.416666666666664 2.0 0.0 1.9999999999999984 -5.208887971399649e-15 1.2555518197789972e-44
22.583333333333332 2.0 0.0 1.999999999999999 -3.167841140800633e-15 5.803765865629241e-46
22.75 2.0 0.0 1.999999999999999 -3.277072456459816e-15 2.351308388844086e-47
22.916666666666664 2.0 0.0 1.999999999999999 -3.5219680987067306e-15 8.551735704348721e-49
23.083333333333332 2.0 0.0 1.999999999999999 -3.42411952794091e-15 2.8266291799891444e-50
23.25 2.0 0.0 1.999999999999999 -3.233175259533433e-15 8.548289091174405e-52
23.416666666666664 2.0 0.0 1.999999999999999 -3.508429251387494e-15 2.3739378149650956e-53
23.583333333333332 2.0 0.0 1.999999999999999 -2.9278943668386016e-15 6.063664286950499e-55
23.75 2.0 0.0 1.9999999999999991 -2.3005235099289137e-15 1.4244864646060943e-56
23.916666666666664 2.0 0.0 1.9999999999999996 -1.82052387621935e-15 3.072571435861167e-58
24.083333333333332 2.0 0.0 1.9999999999999996 -1.1005025200860187e-15 6.062135519306203e-60
24.25 2.0 0.0 1.9999999999999996 -1.1602094315334555e-15 1.0864518245663961e-61
24.416666666666664 2.0 0.0 1.9999999999999996 -1.1643964438985772e-15 1.7464337008906182e-63
24.583333333333332 2.0 0.0 1.9999999999999996 -1.311237686624588e-15 2.455912479307503e-65
24.75 2.0 0.0 1.9999999999999996 -1.188572091074561e-15 2.850203213424424e-67
24.916666666666664 2.0 0.0 1.9999999999999993 -4.535078732823273e-16 2.2393696239452313e-69
