0.08333333333333333 2.0 0.0 1.9999999999999976 7.808406011104017e-17 -2.2393696239451417e-69
0.25 2.0 0.0 1.9999999999999976 -3.3236403504577553e-16 -2.850203213424424e-67
0.41666666666666663 2.0 0.0 1.9999999999999976 -8.034837892708674e-16 -2.455912479307425e-65
0.5833333333333333 2.0 0.0 1.9999999999999976 -1.24232171269606e-15 -1.7464337008905642e-63
0.75 2.0 0.0 1.9999999999999976 -1.5617658239946994e-15 -1.0864518245663961e-61
0.9166666666666666 2.0 0.0 1.9999999999999976 -1.6795815134540138e-15 -6.062135519306023e-60
1.0833333333333333 2.0 0.0 1.9999999999999976 -1.555621758301726e-15 -3.0725714358609898e-58
1.25 2.0 0.0 1.9999999999999976 -1.2813669567907856e-15 -1.4244864646060943e-56
1.4166666666666665 2.0 0.0 1.9999999999999976 -1.0309093643099275e-15 -6.0636642869503236e-55
1.5833333333333333 2.0 0.0 1.9999999999999976 -8.562869322827534e-16 -2.3739378149649954e-53
1.75 2.0 0.0 1.9999999999999976 -7.227459172183311e-16 -8.548289091174405e-52
1.9166666666666665 2.0 0.0 1.9999999999999976 -6.191395510866517e-16 -2.826629179989026e-50
2.083333333333333 2.0 0.0 1.9999999999999976 -5.07070673126817e-16 -8.551735704348133e-49
2.25 2.0 0.0 1.9999999999999976 -5.590060167932281e-16 -2.351308388844086e-47
2.4166666666666665 2.0 0.0 1.9999999999999976 -2.8943278257409947e-16 -5.803765865629009e-46
2.583333333333333 2.0 0.0 1.9999999999999976 -1.6448197034247272e-16 -1.2555518197789163e-44
2.75 2.0 0.0 1.999999999999998 7.875041773123093e-16 -2.2523830569655327e-43
2.9166666666666665 2.0 0.0 1.9999999999999982 2.5956453986371607e-15 -2.7918905336431368e-42
3.083333333333333 2.0 0.0 1.9999999999999978 3.2720316496109466e-15 3.4032188376674753e-42
3.25 2.0 0.0 1.9999999999999978 3.543104046714072e-15 1.637631564719423e-39
3.4166666666666665 2.0 0.0 1.9999999999999982 4.1639589099165804e-15 6.69579852573674e-38
3.583333333333333 2.0 0.0 1.9999999999999982 4.414513310771942e-15 1.954092408969167e-36
3.75 2.0 0.0 1.9999999999999982 4.221265134050305e-15 4.767397604445987e-35
3.9166666666666665 2.0 0.0 1.999999999999998 5.471930524717708e-15 1.0226604240371576e-33
4.083333333333333 2.0 0.0 1.9999999999999976 6.536160560953515e-15 1.972439459912412e-32
4.25 2.0 0.0 1.9999999999999976 6.788616030752566e-15 3.4602839938301873e-31
4.416666666666666 2.0 0.0 1.9999999999999976 7.144985374186786e-15 5.5567186760349286e-30
4.583333333333333 2.0 0.0 1.9999999999999976 7.143333464361438e-15 8.196099066332122e-29
4.75 2.0 0.0 1.9999999999999976 7.29801599286283e-15 1.111987969600823e-27
4.916666666666666 2.0 0.0 1.9999999999999976 7.390382785576023e-15 1.38743175398427e-26
5.083333333333333 2.0 0.0 1.9999999999999976 7.443648464643136e-15 1.5890168470825486e-25
5.25 2.0 0.0 1.9999999999999976 7.364924953039553e-15 1.6638083285143045e-24
5.416666666666666 2.0 0.0 1.9999999999999976 7.142999164347868e-15 1.5810269060098325e-23
5.583333333333333 2.0 0.0 1.999999999999997 8.649337267801758e-15 1.3451909996525538e-22
5.75 2.0 0.0 1.9999999999999964 1.1199588127830112e-14 9.976476910669732e-22
5.916666666666666 2.0 0.0 1.999999999999996 1.2232802563082571e-14 6.048058075300206e-21
6.083333333333333 2.0 0.0 1.999999999999996 1.2110637864012721e-14 2.3764166023539362e-20
6.25 2.0 0.0 1.999999999999996 1.16055990221588e-14 -4.8921798420998234e-20
6.416666666666666 2.0 0.0 1.999999999999996 1.1245020859957647e-14 -2.2864741340931845e-18
6.583333333333333 2.0 0.0 1.999999999999996 1.0957108681624272e-14 -3.049792409107363e-17
6.75 1.9999999999999998 0.0 1.9999999999999956 1.0110294661059429e-14 -3.023468242913689e-16
6.916666666666666 1.9999999999999976 0.0 1.9999999999999936 9.009151801510134e-15 -2.5333401633201316e-15
7.083333333333333 1.9999999999999813 0.0 1.9999999999999774 8.01100772215434e-15 -1.8747527228524837e-14
7.25 1.999999999999875 0.0 1.999999999999871 7.975661019899538e-15 -1.250209723893004e-13
7.416666666666666 1.9999999999992408 0.0 1.9999999999992368 6.471690470611306e-15 -7.592478361812659e-13
7.583333333333333 1.9999999999957765 0.0 1.9999999999957727 5.148883873899815e-15 -4.223508993071295e-12
7.75 1.9999999999784133 0.0 1.9999999999784095 5.207660330089688e-15 -2.1586786279083474e-11
7.916666666666666 1.9999999998985065 0.0 1.9999999998985034 4.905149182599886e-15 -1.0149337221417915e-10
8.083333333333332 1.999999999561234 0.0 1.999999999561231 5.059924187825955e-15 -4.3876588070022077e-10
8.25 1.9999999982596433 0.0 1.9999999982596397 5.2852637979257844e-15 -1.7403567350686184e-09
8.416666666666666 1.999999993694318 0.0 1.9999999936943142 3.4260448208301793e-15 -6.3056820221045696e-09
8.583333333333332 1.9999999792975776 0.0 1.9999999792975744 1.7976373683851357e-15 -2.0702422360274937e-08
8.75 1.9999999393178214 0.0 1.9999999393178183 2.4577418495554974e-15 -6.068217856011783e-08
8.916666666666666 1.9999998459177046 0.0 1.9999998459177013 2.791904016343148e-15 -1.540822954409375e-07
9.083333333333332 1.9999996856319415 0.0 1.999999685631938 1.9855274099187566e-15 -3.1436805847154385e-07
9.25 1.9999996196032899 0.0 1.999999619603286 1.3626846593284453e-15 -3.803967102260639e-07
9.416666666666666 2.000000588261848 0.0 2.0000005882618446 1.5340164381869774e-15 5.882618480584264e-07
9.583333333333332 2.0000061251530674 0.0 2.000006125153064 1.1726088590806486e-15 6.1251530674769926e-06
9.75 2.0000269519530645 0.0 2.0000269519530605 -1.2065675067211034e-15 2.695195306443837e-05
9.916666666666666 2.0000909893714907 0.0 2.000090989371487 -2.580403466694443e-15 9.098937149079526e-05
10.083333333333332 2.000262077677205 0.0 2.000262077677201 -2.0394324966600923e-15 0.00026207767720486466
10.25 2.000669374442667 0.0 2.0006693744426625 -2.5329468018839206e-15 0.0006693744426668637
10.416666666666666 2.001543742210623 0.0 2.001543742210619 -3.918975154910652e-15 0.0015437422106229165
10.583333333333332 2.0032458158338096 0.0 2.003245815833805 -3.403859957589175e-15 0.003245815833809414
10.75 2.006254988727532 0.0 2.0062549887275276 -1.0713312047272282e-15 0.006254988727532051
10.916666666666666 2.011078429957128 0.0 2.0110784299571236 1.0822593870961865e-15 0.011078429957127956
11.083333333333332 2.018050136662097 0.0 2.0180501366620933 2.962386196774714e-15 0.018050136662097052
11.25 2.0270357568521313 0.0 2.0270357568521273 3.6212931524336986e-15 0.027035756852131283
11.416666666666666 2.037135562558247 0.0 2.037135562558243 3.4091168446834304e-15 0.03713556255824667
11.583333333333332 2.04655067641497 0.0 2.0465506764149666 4.415809769326098e-15 0.04655067641497013
11.75 2.052787138212377 0.0 2.0527871382123735 4.694600056232388e-15 0.05278713821237704
11.916666666666666 2.0532702614718277 0.0 2.053270261471824 1.9496443987804426e-15 0.05327026147182771
12.083333333333332 2.0462396961242795 0.0 2.046239696124276 1.4172499511111586e-15 0.04623969612427934
12.25 2.031588407111769 0.0 2.031588407111766 2.946675765833851e-15 0.03158840711176899
12.416666666666666 2.011234779011009 0.0 2.011234779011006 5.262141490681429e-15 0.011234779011009107
12.583333333333332 1.9887652209889912 0.0 1.9887652209889877 5.88559093739353e-15 -0.011234779011008871
12.75 1.968411592888231 0.0 1.9684115928882278 3.514133147987016e-15 -0.03158840711176899
12.916666666666666 1.9537603038757207 0.0 1.9537603038757176 2.5240645966603457e-15 -0.04623969612427922
13.083333333333332 1.9467297385281723 0.0 1.9467297385281692 2.874570697032298e-15 -0.05327026147182768
13.25 1.947212861787623 0.0 1.9472128617876197 3.0041619899140713e-15 -0.05278713821237704
13.416666666666666 1.9534493235850299 0.0 1.9534493235850263 3.0131890812573813e-15 -0.04655067641497021
13.583333333333332 1.9628644374417532 0.0 1.96286443744175 3.658693185282544e-15 -0.03713556255824678
13.75 1.9729642431478687 0.0 1.9729642431478653 2.8306022260234092e-15 -0.027035756852131283
13.916666666666666 1.981949863337903 0.0 1.9819498633378996 2.353420413676506e-15 -0.01805013666209714
14.083333333333332 1.988921570042872 0.0 1.9889215700428688 1.6353675808518278e-15 -0.01107842995712802
14.25 1.993745011272468 0.0 1.9937450112724648 3.1430149443064553e-16 -0.006254988727532051
14.416666666666666 1.9967541841661907 0.0 1.996754184166187 1.1238441451677696e-15 -0.0032458158338094373
14.583333333333332 1.998456257789377 0.0 1.998456257789374 7.857554478384512e-16 -0.0015437422106229291
14.75 1.999330625557333 0.0 1.9993306255573304 -2.404954330278753e-17 -0.0006693744426668637
14.916666666666666 1.9997379223227951 0.0 1.9997379223227922 -1.5461506699361264e-16 -0.00026207767720486753
15.083333333333332 1.9999090106285091 0.0 1.9999090106285067 -9.785837169644206e-16 -9.098937149079634e-05
15.25 1.9999730480469355 0.0 1.9999730480469329 -1.9865944118953647e-15 -2.695195306443837e-05
15.416666666666666 1.9999938748469326 0.0 1.99999387484693 -3.856214403287062e-15 -6.125153067477107e-06
15.583333333333332 1.9999994117381519 0.0 1.9999994117381497 -6.531766575991616e-15 -5.882618480584505e-07
15.75 2.00000038039671 0.0 2.0000003803967075 -8.277953467192805e-15 3.803967102260639e-07
15.916666666666666 2.0000003143680583 0.0 2.000000314368056 -8.00160246596011e-15 3.143680584715458e-07
16.083333333333332 2.0000001540822954 0.0 2.000000154082293 -7.168321746199391e-15 1.5408229544093886e-07
16.25 2.0000000606821784 0.0 2.000000060682176 -6.3873860638042026e-15 6.068217856011783e-08
16.416666666666664 2.0000000207024224 0.0 2.0000000207024202 -4.822673165222787e-15 2.0702422360275453e-08
16.583333333333332 2.000000006305682 0.0 2.00000000630568 -2.732801817546065e-15 6.3056820221046515e-09
16.75 2.0000000017403567 0.0 2.0000000017403545 -2.795784215794935e-15 1.7403567350686184e-09
16.916666666666664 2.000000000438766 0.0 2.0000000004387637 -6.6053961843033714e-15 4.387658807002327e-10
17.083333333333332 2.0000000001014935 0.0 2.0000000001014917 -6.920023857311319e-15 1.014933722141809e-10
17.25 2.0000000000215867 0.0 2.000000000021585 -5.216032085619403e-15 2.1586786279083474e-11
17.416666666666664 2.0000000000042233 0.0 2.000000000004222 -3.929277015385234e-15 4.2235089930714026e-12
17.583333333333332 2.0000000000007594 0.0 2.0000000000007576 -3.2102035918714645e-15 7.592478361812798e-13
17.75 2.0000000000001252 0.0 2.0000000000001235 -2.5868926915098853e-15 1.250209723893004e-13
17.916666666666664 2.0000000000000187 0.0 2.000000000000017 -2.0255957730530897e-15 1.8747527228525408e-14
18.083333333333332 2.0000000000000027 0.0 2.000000000000001 -3.7065013880012595e-15 2.5333401633201907e-15
18.25 2.0000000000000004 0.0 1.9999999999999987 -5.0736486439393136e-15 3.023468242913689e-16
18.416666666666664 2.0 0.0 1.9999999999999982 -5.6778717725968605e-15 3.049792409107492e-17
18.583333333333332 2.0 0.0 1.9999999999999982 -5.735342860626603e-15 2.2864741340932534e-18
18.75 2.0 0.0 1.9999999999999982 -5.5946408923154586e-15 4.8921798420998234e-20
18.916666666666664 2.0 0.0 1.9999999999999982 -5.4716421958149536e-15 -2.3764166023539732e-20
19.083333333333332 2.0 0.0 1.9999999999999982 -5.420148301564391e-15 -6.0480580753002996e-21
19.25 2.0 0.0 1.9999999999999982 -5.413934198442331e-15 -9.976476910669732e-22
19.416666666666664 2.0 0.0 1.9999999999999982 -5.421383917067663e-15 -1.3451909996525968e-22
19.583333333333332 2.0 0.0 1.9999999999999982 -5.422323669139053e-15 -1.581026906009875e-23
19.75 2.0 0.0 1.9999999999999982 -5.407046740238381e-15 -1.6638083285143045e-24
19.916666666666664 2.0 0.0 1.9999999999999982 -5.411954970004008e-15 -1.5890168470826145e-25
20.083333333333332 2.0 0.0 1.9999999999999982 -5.482393789265584e-15 -1.3874317539842994e-26
20.25 2.0 0.0 1.9999999999999982 -5.520846279377274e-15 -1.111987969600823e-27
20.416666666666664 2.0 0.0 1.9999999999999982 -5.451424211631471e-15 -8.196099066332472e-29
20.583333333333332 2.0 0.0 1.9999999999999982 -5.424489234587747e-15 -5.556718676035089e-30
20.75 2.0 0.0 1.9999999999999982 -5.29541417655866e-15 -3.4602839938301873e-31
20.916666666666664 2.0 0.0 1.9999999999999982 -5.488929191680972e-15 -1.972439459912529e-32
21.083333333333332 2.0 0.0 1.9999999999999982 -4.9517001437601374e-15 -1.0226604240371882e-33
21.25 2.0 0.0 1.9999999999999987 -4.035914005339752e-15 -4.767397604445987e-35
21.416666666666664 2.0 0.0 1.9999999999999987 -4.0329722706328725e-15 -1.9540924089693182e-36
21.583333333333332 2.0 0.0 1.9999999999999987 -4.078312769471856e-15 -6.695798525736964e-38
21.75 2.0 0.0 1.9999999999999987 -4.13397690761321e-15 -1.637631564719423e-39
21.916666666666664 2.0 0.0 1.9999999999999987 -4.191606481728129e-15 -3.4032188376691595e-42
22.083333333333332 2.0 0.0 1.9999999999999987 -4.206677179529095e-15 2.791890533643185e-42
22.25 2.0 0.0 1.9999999999999987 -4.189543238652445e-15 2.2523830569655327e-43
22.416666666666664 2.0 0.0 1.9999999999999987 -4.170948541069507e-15 1.2555518197789972e-44
22.583333333333332 2.0 0.0 1.9999999999999987 -4.167745795028698e-15 5.803765865629241e-46
22.75 2.0 0.0 1.9999999999999987 -4.227475610261131e-15 2.351308388844086e-47
22.916666666666664 2.0 0.0 1.9999999999999987 -4.289827622869276e-15 8.551735704348721e-49
23.083333333333332 2.0 0.0 1.9999999999999987 -4.1097686989073495e-15 2.8266291799891444e-50
23.25 2.0 0.0 1.999999999999999 -3.4824869102395614e-15 8.548289091174405e-52
23.416666666666664 2.0 0.0 1.999999999999999 -3.441578250900165e-15 2.3739378149650956e-53
23.583333333333332 2.0 0.0 1.999999999999999 -2.9294131589160134e-15 6.063664286950499e-55
23.75 2.0 0.0 1.9999999999999991 -2.3011444721867967e-15 1.4244864646060943e-56
23.916666666666664 2.0 0.0 1.9999999999999996 -1.8204851131746293e-15 3.072571435861167e-58
24.083333333333332 2.0 0.0 1.9999999999999996 -1.1004901280769214e-15 6.062135519306203e-60
24.25 2.0 0.0 1.9999999999999996 -1.1602112740981594e-15 1.0864518245663961e-61
24.416666666666664 2.0 0.0 1.9999999999999996 -1.1643965301757081e-15 1.7464337008906182e-63
24.583333333333332 2.0 0.0 1.9999999999999996 -1.311237604218429e-15 2.455912479307503e-65
24.75 2.0 0.0 1.9999999999999996 -1.1885725609324003e-15 2.850203213424424e-67
24.916666666666664 2.0 0.0 1.9999999999999993 -4.535083907591564e-16 2.2393696239452313e-69
