0.08333333333333333 2.0 0.0 1.9999999999999976 7.80840601110402e-17 -2.2393696239451417e-69
0.25 2.0 0.0 1.9999999999999976 -3.3236403504577563e-16 -2.850203213424424e-67
0.41666666666666663 2.0 0.0 1.9999999999999976 -8.034837892708676e-16 -2.455912479307425e-65
0.5833333333333333 2.0 0.0 1.9999999999999976 -1.2423217126960603e-15 -1.7464337008905642e-63
0.75 2.0 0.0 1.9999999999999976 -1.5617658239946994e-15 -1.0864518245663961e-61
0.9166666666666666 2.0 0.0 1.9999999999999976 -1.6795815134540138e-15 -6.062135519306023e-60
1.0833333333333333 2.0 0.0 1.9999999999999976 -1.555621758301726e-15 -3.0725714358609898e-58
1.25 2.0 0.0 1.9999999999999976 -1.2813669567907856e-15 -1.4244864646060943e-56
1.4166666666666665 2.0 0.0 1.9999999999999976 -1.0309093643099279e-15 -6.0636642869503236e-55
1.5833333333333333 2.0 0.0 1.9999999999999976 -8.562869322827537e-16 -2.3739378149649954e-53
1.75 2.0 0.0 1.9999999999999976 -7.227459172183309e-16 -8.548289091174405e-52
1.9166666666666665 2.0 0.0 1.9999999999999976 -6.191395510866514e-16 -2.826629179989026e-50
2.083333333333333 2.0 0.0 1.9999999999999976 -5.070706731268168e-16 -8.551735704348133e-49
2.25 2.0 0.0 1.9999999999999976 -5.590060167932285e-16 -2.351308388844086e-47
2.4166666666666665 2.0 0.0 1.9999999999999976 -2.8943278257410046e-16 -5.803765865629009e-46
2.583333333333333 2.0 0.0 1.9999999999999976 -1.6448197034247435e-16 -1.2555518197789163e-44
2.75 2.0 0.0 1.999999999999998 7.875041773123076e-16 -2.2523830569655327e-43
2.9166666666666665 2.0 0.0 1.9999999999999982 2.5956453986371595e-15 -2.7918905336431368e-42
3.083333333333333 2.0 0.0 1.9999999999999978 3.272031649610942e-15 3.4032188376674753e-42
3.25 2.0 0.0 1.9999999999999978 3.543104046714052e-15 1.637631564719423e-39
3.4166666666666665 2.0 0.0 1.9999999999999982 4.163958909916692e-15 6.69579852573674e-38
3.583333333333333 2.0 0.0 1.9999999999999982 4.4145133107726555e-15 1.954092408969167e-36
3.75 2.0 0.0 1.9999999999999982 4.221265134048297e-15 4.767397604445987e-35
3.9166666666666665 2.0 0.0 1.999999999999998 5.471930524696501e-15 1.0226604240371576e-33
4.083333333333333 2.0 0.0 1.9999999999999976 6.536160560968494e-15 1.972439459912412e-32
4.25 2.0 0.0 1.9999999999999976 6.788616031256176e-15 3.4602839938301873e-31
4.416666666666666 2.0 0.0 1.9999999999999976 7.144985374703941e-15 5.5567186760349286e-30
4.583333333333333 2.0 0.0 1.9999999999999976 7.143333455183795e-15 8.196099066332122e-29
4.75 2.0 0.0 1.9999999999999976 7.298015967377853e-15 1.111987969600823e-27
4.916666666666666 2.0 0.0 1.9999999999999976 7.390382900055177e-15 1.38743175398427e-26
5.083333333333333 2.0 0.0 1.9999999999999976 7.443649080398741e-15 1.5890168470825486e-25
5.25 2.0 0.0 1.9999999999999976 7.36492436127169e-15 1.6638083285143045e-24
5.416666666666666 2.0 0.0 1.9999999999999976 7.142989720232097e-15 1.5810269060098325e-23
5.583333333333333 2.0 0.0 1.999999999999997 8.649326979726249e-15 1.3451909996525538e-22
5.75 2.0 0.0 1.9999999999999964 1.1199674379590834e-14 9.976476910669732e-22
5.916666666666666 2.0 0.0 1.999999999999996 1.2233074112801282e-14 6.048058075300206e-21
6.083333333333333 2.0 0.0 1.999999999999996 1.2110384200850075e-14 2.3764166023539362e-20
6.25 2.0 0.0 1.999999999999996 1.1602920210511693e-14 -4.8921798420998234e-20
6.416666666666666 2.0 0.0 1.999999999999996 1.1241633428734306e-14 -2.2864741340931845e-18
6.583333333333333 2.0 0.0 1.999999999999996 1.0970185769295146e-14 -3.049792409107363e-17
6.75 1.9999999999999998 0.0 1.9999999999999956 1.0134999166781123e-14 -3.023468242913689e-16
6.916666666666666 1.9999999999999976 0.0 1.9999999999999936 8.949830391383098e-15 -2.5333401633201316e-15
7.083333333333333 1.9999999999999813 0.0 1.9999999999999774 8.011748009619057e-15 -1.8747527228524837e-14
7.25 1.999999999999875 0.0 1.999999999999871 8.020357664311023e-15 -1.250209723893004e-13
7.416666666666666 1.9999999999992408 0.0 1.9999999999992368 6.402549508104188e-15 -7.592478361812659e-13
7.583333333333333 1.9999999999957765 0.0 1.9999999999957727 5.082547289040694e-15 -4.223508993071295e-12
7.75 1.9999999999784133 0.0 1.9999999999784095 5.217832008962404e-15 -2.1586786279083474e-11
7.916666666666666 1.9999999998985065 0.0 1.9999999998985034 5.177176400391246e-15 -1.0149337221417915e-10
8.083333333333332 1.999999999561234 0.0 1.999999999561231 5.715253197753759e-15 -4.3876588070022077e-10
8.25 1.9999999982596433 0.0 1.99999999825964 4.733721545182229e-15 -1.7403567350686184e-09
8.416666666666666 1.999999993694318 0.0 1.9999999936943147 2.650739651289454e-15 -6.3056820221045696e-09
8.583333333333332 1.9999999792975776 0.0 1.999999979297575 1.3516444859508243e-15 -2.0702422360274937e-08
8.75 1.9999999393178214 0.0 1.9999999393178183 9.514874171558463e-16 -6.068217856011783e-08
8.916666666666666 1.9999998459177046 0.0 1.9999998459177013 1.3831238174204832e-15 -1.540822954409375e-07
9.083333333333332 1.9999996856319415 0.0 1.9999996856319382 2.142920259516697e-15 -3.1436805847154385e-07
9.25 1.9999996196032899 0.0 1.9999996196032868 3.1021368894958285e-15 -3.803967102260639e-07
9.416666666666666 2.000000588261848 0.0 2.0000005882618446 2.241467394004242e-15 5.882618480584264e-07
9.583333333333332 2.0000061251530674 0.0 2.000006125153064 1.1388207787454434e-15 6.1251530674769926e-06
9.75 2.0000269519530645 0.0 2.0000269519530605 -1.346030663515324e-16 2.695195306443837e-05
9.916666666666666 2.0000909893714907 0.0 2.000090989371487 -9.071825642770313e-16 9.098937149079526e-05
10.083333333333332 2.000262077677205 0.0 2.000262077677201 -5.401621026649217e-16 0.00026207767720486466
10.25 2.000669374442667 0.0 2.000669374442663 -3.6820798765038054e-16 0.0006693744426668637
10.416666666666666 2.001543742210623 0.0 2.001543742210619 -3.630494965913588e-16 0.0015437422106229165
10.583333333333332 2.0032458158338096 0.0 2.0032458158338056 -1.9549149037112334e-16 0.003245815833809414
10.75 2.006254988727532 0.0 2.006254988727528 1.7747176230335968e-15 0.006254988727532051
10.916666666666666 2.011078429957128 0.0 2.0110784299571236 2.4549958940121136e-15 0.011078429957127956
11.083333333333332 2.018050136662097 0.0 2.018050136662093 1.3409312846462579e-15 0.018050136662097052
11.25 2.0270357568521313 0.0 2.027035756852128 3.1032894108793915e-15 0.027035756852131283
11.416666666666666 2.037135562558247 0.0 2.037135562558243 3.0907753427908354e-15 0.03713556255824667
11.583333333333332 2.04655067641497 0.0 2.0465506764149666 2.1452638557134495e-15 0.04655067641497013
11.75 2.052787138212377 0.0 2.0527871382123735 4.986773655800779e-15 0.05278713821237704
11.916666666666666 2.0532702614718277 0.0 2.0532702614718237 5.665494200733986e-15 0.05327026147182771
12.083333333333332 2.0462396961242795 0.0 2.0462396961242755 5.310118784315897e-15 0.04623969612427934
12.25 2.031588407111769 0.0 2.031588407111765 3.7824032070810706e-15 0.03158840711176899
12.416666666666666 2.011234779011009 0.0 2.0112347790110054 4.532403333596297e-15 0.011234779011009107
12.583333333333332 1.9887652209889912 0.0 1.988765220988987 5.203470113846199e-15 -0.011234779011008871
12.75 1.968411592888231 0.0 1.968411592888227 2.4118182090188915e-15 -0.03158840711176899
12.916666666666666 1.9537603038757207 0.0 1.9537603038757165 2.294916212072555e-15 -0.04623969612427922
13.083333333333332 1.9467297385281723 0.0 1.946729738528168 2.655459723585647e-15 -0.05327026147182768
13.25 1.947212861787623 0.0 1.9472128617876188 4.2178447687723545e-17 -0.05278713821237704
13.416666666666666 1.9534493235850299 0.0 1.9534493235850257 -1.9418256657592844e-15 -0.04655067641497021
13.583333333333332 1.9628644374417532 0.0 1.9628644374417488 -8.727499755664216e-16 -0.03713556255824678
13.75 1.9729642431478687 0.0 1.9729642431478647 3.980160873778808e-16 -0.027035756852131283
13.916666666666666 1.981949863337903 0.0 1.981949863337899 -5.753448671771078e-16 -0.01805013666209714
14.083333333333332 1.988921570042872 0.0 1.988921570042868 -7.651529483531049e-16 -0.01107842995712802
14.25 1.993745011272468 0.0 1.9937450112724644 7.884143320609746e-16 -0.006254988727532051
14.416666666666666 1.9967541841661907 0.0 1.9967541841661876 2.1251682033249037e-15 -0.0032458158338094373
14.583333333333332 1.998456257789377 0.0 1.998456257789374 3.2879949941049457e-15 -0.0015437422106229291
14.75 1.999330625557333 0.0 1.9993306255573302 8.455677633079086e-16 -0.0006693744426668637
14.916666666666666 1.9997379223227951 0.0 1.9997379223227922 -1.1612048688696258e-15 -0.00026207767720486753
15.083333333333332 1.9999090106285091 0.0 1.9999090106285062 -1.632046840958918e-15 -9.098937149079634e-05
15.25 1.9999730480469355 0.0 1.9999730480469329 -2.3171379588834983e-15 -2.695195306443837e-05
15.416666666666666 1.9999938748469326 0.0 1.99999387484693 -2.037630353703291e-15 -6.125153067477107e-06
15.583333333333332 1.9999994117381519 0.0 1.9999994117381492 -3.511902082569008e-15 -5.882618480584505e-07
15.75 2.00000038039671 0.0 2.0000003803967075 -6.0278301952012e-15 3.803967102260639e-07
15.916666666666666 2.0000003143680583 0.0 2.000000314368056 -7.063159532191238e-15 3.143680584715458e-07
16.083333333333332 2.0000001540822954 0.0 2.000000154082293 -6.9900990229538414e-15 1.5408229544093886e-07
16.25 2.0000000606821784 0.0 2.000000060682176 -6.000640547251919e-15 6.068217856011783e-08
16.416666666666664 2.0000000207024224 0.0 2.0000000207024202 -4.3051517619444015e-15 2.0702422360275453e-08
16.583333333333332 2.000000006305682 0.0 2.00000000630568 -2.4110575230408606e-15 6.3056820221046515e-09
16.75 2.0000000017403567 0.0 2.0000000017403545 -2.724768010933691e-15 1.7403567350686184e-09
16.916666666666664 2.000000000438766 0.0 2.0000000004387637 -6.656011935655938e-15 4.387658807002327e-10
17.083333333333332 2.0000000001014935 0.0 2.0000000001014917 -6.975441043448324e-15 1.014933722141809e-10
17.25 2.0000000000215867 0.0 2.000000000021585 -5.2385125050115224e-15 2.1586786279083474e-11
17.416666666666664 2.0000000000042233 0.0 2.000000000004222 -3.929375186913832e-15 4.2235089930714026e-12
17.583333333333332 2.0000000000007594 0.0 2.0000000000007576 -3.205091940548217e-15 7.592478361812798e-13
17.75 2.0000000000001252 0.0 2.0000000000001235 -2.584120609028324e-15 1.250209723893004e-13
17.916666666666664 2.0000000000000187 0.0 2.000000000000017 -2.0252542153169177e-15 1.8747527228525408e-14
18.083333333333332 2.0000000000000027 0.0 2.000000000000001 -3.7068878566962964e-15 2.5333401633201907e-15
18.25 2.0000000000000004 0.0 1.9999999999999987 -5.073885146147132e-15 3.023468242913689e-16
18.416666666666664 2.0 0.0 1.9999999999999982 -5.677901076591914e-15 3.049792409107492e-17
18.583333333333332 2.0 0.0 1.9999999999999982 -5.735313986007107e-15 2.2864741340932534e-18
18.75 2.0 0.0 1.9999999999999982 -5.59462557541024e-15 4.8921798420998234e-20
18.916666666666664 2.0 0.0 1.9999999999999982 -5.471641382120547e-15 -2.3764166023539732e-20
19.083333333333332 2.0 0.0 1.9999999999999982 -5.420150287263591e-15 -6.0480580753002996e-21
19.25 2.0 0.0 1.9999999999999982 -5.413934918888227e-15 -9.976476910669732e-22
19.416666666666664 2.0 0.0 1.9999999999999982 -5.421383859697788e-15 -1.3451909996525968e-22
19.583333333333332 2.0 0.0 1.9999999999999982 -5.42232356126423e-15 -1.581026906009875e-23
19.75 2.0 0.0 1.9999999999999982 -5.4070467191775675e-15 -1.6638083285143045e-24
19.916666666666664 2.0 0.0 1.9999999999999982 -5.4119549774640526e-15 -1.5890168470826145e-25
20.083333333333332 2.0 0.0 1.9999999999999982 -5.482393793410097e-15 -1.3874317539842994e-26
20.25 2.0 0.0 1.9999999999999982 -5.520846279504063e-15 -1.111987969600823e-27
20.416666666666664 2.0 0.0 1.9999999999999982 -5.4514242112250605e-15 -8.196099066332472e-29
20.583333333333332 2.0 0.0 1.9999999999999982 -5.424489234490533e-15 -5.556718676035089e-30
20.75 2.0 0.0 1.9999999999999982 -5.295414176578871e-15 -3.4602839938301873e-31
20.916666666666664 2.0 0.0 1.9999999999999982 -5.488929191694e-15 -1.972439459912529e-32
21.083333333333332 2.0 0.0 1.9999999999999982 -4.951700143760702e-15 -1.0226604240371882e-33
21.25 2.0 0.0 1.9999999999999987 -4.035914005338707e-15 -4.767397604445987e-35
21.416666666666664 2.0 0.0 1.9999999999999987 -4.032972270632647e-15 -1.9540924089693182e-36
21.583333333333332 2.0 0.0 1.9999999999999987 -4.078312769471906e-15 -6.695798525736964e-38
21.75 2.0 0.0 1.9999999999999987 -4.1339769076132366e-15 -1.637631564719423e-39
21.916666666666664 2.0 0.0 1.9999999999999987 -4.1916064817281325e-15 -3.4032188376691595e-42
22.083333333333332 2.0 0.0 1.9999999999999987 -4.206677179529095e-15 2.791890533643185e-42
22.25 2.0 0.0 1.9999999999999987 -4.189543238652445e-15 2.2523830569655327e-43
22.416666666666664 2.0 0.0 1.9999999999999987 -4.170948541069506e-15 1.2555518197789972e-44
22.583333333333332 2.0 0.0 1.9999999999999987 -4.167745795028698e-15 5.803765865629241e-46
22.75 2.0 0.0 1.9999999999999987 -4.227475610261129e-15 2.351308388844086e-47
22.916666666666664 2.0 0.0 1.9999999999999987 -4.289827622869274e-15 8.551735704348721e-49
23.083333333333332 2.0 0.0 1.9999999999999987 -4.109768698907349e-15 2.8266291799891444e-50
23.25 2.0 0.0 1.999999999999999 -3.4824869102395614e-15 8.548289091174405e-52
23.416666666666664 2.0 0.0 1.999999999999999 -3.441578250900165e-15 2.3739378149650956e-53
23.583333333333332 2.0 0.0 1.999999999999999 -2.9294131589160127e-15 6.063664286950499e-55
23.75 2.0 0.0 1.9999999999999991 -2.3011444721867967e-15 1.4244864646060943e-56
23.916666666666664 2.0 0.0 1.9999999999999996 -1.82048511317463e-15 3.072571435861167e-58
24.083333333333332 2.0 0.0 1.9999999999999996 -1.1004901280769222e-15 6.062135519306203e-60
24.25 2.0 0.0 1.9999999999999996 -1.1602112740981594e-15 1.0864518245663961e-61
24.416666666666664 2.0 0.0 1.9999999999999996 -1.1643965301757077e-15 1.7464337008906182e-63
24.583333333333332 2.0 0.0 1.9999999999999996 -1.3112376042184286e-15 2.455912479307503e-65
24.75 2.0 0.0 1.9999999999999996 -1.1885725609324003e-15 2.850203213424424e-67
24.916666666666664 2.0 0.0 1.9999999999999993 -4.535083907591564e-16 2.2393696239452313e-69
