0.08333333333333333 2.0 0.0 1.999999999807684 -2.0739943870959914e-66 -2.2393696239451417e-69
0.25 2.0 0.0 1.9999999997567441 9.972784325999492e-10 -2.850203213424424e-67
0.41666666666666663 2.0 0.0 1.9999999997192242 1.4080315581332127e-09 -2.455912479307425e-65
0.5833333333333333 2.0 0.0 2.000000000025208 2.665264787152379e-11 -1.7464337008905642e-63
0.75 2.0 0.0 2.0000000010879875 -4.7636749826167096e-09 -1.0864518245663961e-61
0.9166666666666666 2.0 0.0 2.0000000029736693 -1.3168545764182899e-08 -6.062135519306023e-60
1.0833333333333333 2.0 0.0 2.0000000046044 -2.0407555656697355e-08 -3.0725714358609898e-58
1.25 2.0 0.0 2.000000002967079 -1.3152177667603663e-08 -1.4244864646060943e-56
1.4166666666666665 2.0 0.0 1.9999999933784225 2.932606340520493e-08 -6.0636642869503236e-55
1.5833333333333333 2.0 0.0 1.9999999723128878 1.226424324925648e-07 -2.3739378149649954e-53
1.75 2.0 0.0 1.9999999437300724 2.492725216916125e-07 -8.548289091174405e-52
1.9166666666666665 2.0 0.0 1.9999999273608382 3.2170218161247777e-07 -2.826629179989026e-50
2.083333333333333 2.0 0.0 1.9999999638763062 1.608794966018001e-07 -8.551735704348133e-49
2.25 2.0 0.0 2.000000114708628 -4.952823024592674e-07 -2.351308388844086e-47
2.4166666666666665 2.0 0.0 2.0000004694989504 -2.0131003704656548e-06 -5.803765865629009e-46
2.583333333333333 2.0 0.0 2.000001166128919 -5.00843162440848e-06 -1.2555518197789163e-44
2.75 2.0 0.0 2.0000024056658257 -1.0433944398170028e-05 -2.2523830569655327e-43
2.9166666666666665 2.0 0.0 2.00000448361643 -1.963049157361904e-05 -2.7918905336431368e-42
3.083333333333333 2.0 0.0 2.000007854233015 -3.4599074739803246e-05 3.4032188376674753e-42
3.25 2.0 0.0 2.000013222073213 -5.842899510726479e-05 1.637631564719423e-39
3.4166666666666665 2.0 0.0 2.0000216643864785 -9.587293394670055e-05 6.69579852573674e-38
3.583333333333333 2.0 0.0 2.000034841068863 -0.00015427829830248443 1.954092408969167e-36
3.75 2.0 0.0 2.0000554057060853 -0.0002454029894560315 4.767397604445987e-35
3.9166666666666665 2.0 0.0 2.0000867335253556 -0.0003842204817749064 1.0226604240371576e-33
4.083333333333333 2.0 0.0 2.0001198591192373 -0.0005309755011129765 1.972439459912412e-32
4.25 2.0 0.0 2.000141738615751 -0.0006279348421902647 3.4602839938301873e-31
4.416666666666666 2.0 0.0 2.0001526503349836 -0.0006761883590381539 5.5567186760349286e-30
4.583333333333333 2.0 0.0 2.000155866867575 -0.0006903810947632548 8.196099066332122e-29
4.75 2.0 0.0 2.000154830630281 -0.0006862995303923577 1.111987969600823e-27
4.916666666666666 2.0 0.0 2.0001408648882286 -0.0006241557172628187 1.38743175398427e-26
5.083333333333333 2.0 0.0 2.000098900697889 -0.0004379436161289109 1.5890168470825486e-25
5.25 2.0 0.0 2.0000085341434186 -3.787141145925536e-05 1.6638083285143045e-24
5.416666666666666 2.0 0.0 1.9998554693363852 0.0006415130965904263 1.5810269060098325e-23
5.583333333333333 2.0 0.0 1.99971253317569 0.0012570187667847428 1.3451909996525538e-22
5.75 2.0 0.0 1.9996370773825098 0.0016599554425915583 9.976476910669732e-22
5.916666666666666 2.0 0.0 1.99958296771845 0.001768043624790919 6.048058075300206e-21
6.083333333333333 2.0 0.0 1.9995888550155985 0.0018726680782150881 2.3764166023539362e-20
6.25 2.0 0.0 1.9995874000769835 0.0018409075679070123 -4.8921798420998234e-20
6.416666666666666 2.0 0.0 1.9996076215088634 0.001711412309661453 -2.2864741340931845e-18
6.583333333333333 2.0 0.0 1.9996854558748978 0.0013809158869940142 -3.049792409107363e-17
6.75 1.9999999999999998 0.0 1.9998330696800082 0.0007486120347859378 -3.023468242913689e-16
6.916666666666666 1.9999999999999976 0.0 1.9999678451313017 0.00018093943044422315 -2.5333401633201316e-15
7.083333333333333 1.9999999999999813 0.0 2.0000331715917454 -0.0002278607408206883 -1.8747527228524837e-14
7.25 1.999999999999875 0.0 2.000092873662828 -0.00033589943150263166 -1.250209723893004e-13
7.416666666666666 1.9999999999992408 0.0 2.0001042619463636 -0.00048428226042551226 -7.592478361812659e-13
7.583333333333333 1.9999999999957765 0.0 2.0001134659690716 -0.0005180125035540811 -4.223508993071295e-12
7.75 1.9999999999784133 0.0 2.00011720086492 -0.0005101461046290686 -2.1586786279083474e-11
7.916666666666666 1.9999999998985065 0.0 2.000109436302439 -0.00047658258901508895 -1.0149337221417915e-10
8.083333333333332 1.999999999561234 0.0 2.000082536932951 -0.0003663988599370238 -4.3876588070022077e-10
8.25 1.9999999982596433 0.0 2.0000494571984584 -0.00023358513636624986 -1.7403567350686184e-09
8.416666666666666 1.999999993694318 0.0 2.0000313876578764 -0.00012430078512049353 -6.3056820221045696e-09
8.583333333333332 1.9999999792975776 0.0 2.0000138926772566 -6.942673439938718e-05 -2.0702422360274937e-08
8.75 1.9999999393178214 0.0 2.000004034693379 -2.0013626562073383e-05 -6.068217856011783e-08
8.916666666666666 1.9999998459177046 0.0 1.9999989008639074 1.298050840548006e-05 -1.540822954409375e-07
9.083333333333332 1.9999996856319415 0.0 1.9999934087868905 2.0784341011962344e-05 -3.1436805847154385e-07
9.25 1.9999996196032899 0.0 1.999991745621259 3.161858619918848e-05 -3.803967102260639e-07
9.416666666666666 2.000000588261848 0.0 1.9999937669507952 3.8583606725049616e-05 5.882618480584264e-07
9.583333333333332 2.0000061251530674 0.0 2.000001826415762 3.064416621686769e-05 6.1251530674769926e-06
9.75 2.0000269519530645 0.0 2.000026931231363 3.114517502517235e-05 2.695195306443837e-05
9.916666666666666 2.0000909893714907 0.0 2.0000916236112043 7.812874228899212e-05 9.098937149079526e-05
10.083333333333332 2.000262077677205 0.0 2.0002630633012215 0.00018250425590833172 0.00026207767720486466
10.25 2.000669374442667 0.0 2.0006721863280488 0.0003662748216579924 0.0006693744426668637
10.416666666666666 2.001543742210623 0.0 2.0015562354759746 0.0006240808949028822 0.0015437422106229165
10.583333333333332 2.0032458158338096 0.0 2.0032774988156197 0.0009199669592913906 0.003245815833809414
10.75 2.006254988727532 0.0 2.0063098424785353 0.0011980567874018983 0.006254988727532051
10.916666666666666 2.011078429957128 0.0 2.0111410861131125 0.0013609769534019965 0.011078429957127956
11.083333333333332 2.018050136662097 0.0 2.0181153917505683 0.0011603812402628168 0.018050136662097052
11.25 2.0270357568521313 0.0 2.027084470145588 0.0008515088095262291 0.027035756852131283
11.416666666666666 2.037135562558247 0.0 2.0370864902167254 0.0015297727940626537 0.03713556255824667
11.583333333333332 2.04655067641497 0.0 2.046129284247232 0.004151222602933282 0.04655067641497013
11.75 2.052787138212377 0.0 2.051984874953332 0.007014231675607123 0.05278713821237704
11.916666666666666 2.0532702614718277 0.0 2.052604958787147 -0.00836183470630641 0.05327026147182771
12.083333333333332 2.0462396961242795 0.0 2.045697814108135 -0.008138338772729698 0.04623969612427934
12.25 2.031588407111769 0.0 2.031174789136352 -0.004686853490097771 0.03158840711176899
12.416666666666666 2.011234779011009 0.0 2.0112802375688554 -0.002588437185888196 0.011234779011009107
12.583333333333332 1.9887652209889912 0.0 1.9887597143235833 -0.002701491205145626 -0.011234779011008871
12.75 1.968411592888231 0.0 1.9688475326580277 -0.004780839990529313 -0.03158840711176899
12.916666666666666 1.9537603038757207 0.0 1.9543008307737892 -0.0079994924475555 -0.04623969612427922
13.083333333333332 1.9467297385281723 0.0 1.9473812959305987 -0.008155474514382694 -0.05327026147182768
13.25 1.947212861787623 0.0 1.9480054155518944 0.006828067326167879 -0.05278713821237704
13.416666666666666 1.9534493235850299 0.0 1.9538722151586079 0.004082560930196953 -0.04655067641497021
13.583333333333332 1.9628644374417532 0.0 1.9629190299220918 0.001528130854633921 -0.03713556255824678
13.75 1.9729642431478687 0.0 1.9729221106782464 0.000840797431589681 -0.027035756852131283
13.916666666666666 1.981949863337903 0.0 1.9818837960585394 0.0010904912171663564 -0.01805013666209714
14.083333333333332 1.988921570042872 0.0 1.9888682009775671 0.0013384785549727793 -0.01107842995712802
14.25 1.993745011272468 0.0 1.993691337790628 0.001186490644017572 -0.006254988727532051
14.416666666666666 1.9967541841661907 0.0 1.9967232664759025 0.000917978578725035 -0.0032458158338094373
14.583333333333332 1.998456257789377 0.0 1.9984449847653618 0.0006295502369710345 -0.0015437422106229291
14.75 1.999330625557333 0.0 1.9993278796217164 0.0003649189996018402 -0.0006693744426668637
14.916666666666666 1.9997379223227951 0.0 1.9997355449441685 0.00017657178820653 -0.00026207767720486753
15.083333333333332 1.9999090106285091 0.0 1.999908326942795 7.921182071849285e-05 -9.098937149079634e-05
15.25 1.9999730480469355 0.0 1.999973602476333 3.485317061950259e-05 -2.695195306443837e-05
15.416666666666666 1.9999938748469326 0.0 1.9999981651854903 3.083721165454655e-05 -6.125153067477107e-06
15.583333333333332 1.9999994117381519 0.0 2.0000050590379987 3.15610240253098e-05 -5.882618480584505e-07
15.75 2.00000038039671 0.0 2.0000057114700964 1.9936642525355123e-05 3.803967102260639e-07
15.916666666666666 2.0000003143680583 0.0 2.000003157591277 5.848391754362935e-06 3.143680584715458e-07
16.083333333333332 2.0000001540822954 0.0 1.9999969993707625 -4.2600999381590835e-06 1.5408229544093886e-07
16.25 2.0000000606821784 0.0 1.999991489148992 -3.974180939944349e-05 6.068217856011783e-08
16.416666666666664 2.0000000207024224 0.0 1.9999814034062489 -9.171150483608848e-05 2.0702422360275453e-08
16.583333333333332 2.000000006305682 0.0 1.9999632692182878 -0.00014621951440873648 6.3056820221046515e-09
16.75 2.0000000017403567 0.0 1.9999446596067332 -0.00025846465273207274 1.7403567350686184e-09
16.916666666666664 2.000000000438766 0.0 1.9999112871358695 -0.00039653329880544774 4.387658807002327e-10
17.083333333333332 2.0000000001014935 0.0 1.9998863350107943 -0.0004976664613694684 1.014933722141809e-10
17.25 2.0000000000215867 0.0 1.9998795797295372 -0.0005203893290505082 2.1586786279083474e-11
17.416666666666664 2.0000000000042233 0.0 1.9998841675072092 -0.0005259403686542929 4.2235089930714026e-12
17.583333333333332 2.0000000000007594 0.0 1.999896321537383 -0.000489140829893004 7.592478361812798e-13
17.75 2.0000000000001252 0.0 1.999908467542153 -0.00032571160804826957 1.250209723893004e-13
17.916666666666664 2.0000000000000187 0.0 1.9999721409936613 -0.00020008234405032943 1.8747527228525408e-14
18.083333333333332 2.0000000000000027 0.0 2.0000445003591194 0.0002295338272837692 2.5333401633201907e-15
18.25 2.0000000000000004 0.0 2.000184176622458 0.0008286033273902151 3.023468242913689e-16
18.416666666666664 2.0 0.0 2.0003250062659728 0.0014299062375803407 3.049792409107492e-17
18.583333333333332 2.0 0.0 2.0003949165280197 0.0017238182467477984 2.2864741340932534e-18
18.75 2.0 0.0 2.000411533916097 0.0018298607797872571 4.8921798420998234e-20
18.916666666666664 2.0 0.0 2.0004071282705036 0.0018595707458194694 -2.3764166023539732e-20
19.083333333333332 2.0 0.0 2.000411521745447 0.0017449924783114461 -6.0480580753002996e-21
19.25 2.0 0.0 2.0003548315433646 0.0016208257243697512 -9.976476910669732e-22
19.416666666666664 2.0 0.0 2.000274147157941 0.00120063246626777 -1.3451909996525968e-22
19.583333333333332 2.0 0.0 2.0001273146867624 0.0005647245075705241 -1.581026906009875e-23
19.75 2.0 0.0 1.9999789690579945 -9.303364272941257e-05 -1.6638083285143045e-24
19.916666666666664 2.0 0.0 1.9998949319660912 -0.00046542440317596373 -1.5890168470826145e-25
20.083333333333332 2.0 0.0 1.9998566436111003 -0.0006351159357438964 -1.3874317539842994e-26
20.25 2.0 0.0 1.9998442953591051 -0.0006898244703396984 -1.111987969600823e-27
20.416666666666664 2.0 0.0 1.999843683977617 -0.000692313889391126 -8.196099066332472e-29
20.583333333333332 2.0 0.0 1.9998474160749844 -0.0006758563653871197 -5.556718676035089e-30
20.75 2.0 0.0 1.9998591822428564 -0.0006237673143060366 -3.4602839938301873e-31
20.916666666666664 2.0 0.0 1.9998819697452086 -0.0005228321911196187 -1.972439459912529e-32
21.083333333333332 2.0 0.0 1.9999155296435966 -0.00037416812823613024 -1.0226604240371882e-33
21.25 2.0 0.0 1.9999459153753447 -0.00023954013723015405 -4.767397604445987e-35
21.416666666666664 2.0 0.0 1.9999658161820209 -0.00015136250139210686 -1.9540924089693182e-36
21.583333333333332 2.0 0.0 1.999978654446589 -9.445880373650012e-05 -6.695798525736964e-38
21.75 2.0 0.0 1.999986930074416 -5.7754501259764724e-05 -1.637631564719423e-39
21.916666666666664 2.0 0.0 1.9999922177924407 -3.428041836914517e-05 -3.4032188376691595e-42
22.083333333333332 2.0 0.0 1.999995550432708 -1.9480960389388733e-05 2.791890533643185e-42
22.25 2.0 0.0 1.9999976102968897 -1.0365086414867688e-05 2.2523830569655327e-43
22.416666666666664 2.0 0.0 1.999998841056904 -4.978272524860582e-06 1.2555518197789972e-44
22.583333333333332 2.0 0.0 1.9999995334688876 -2.000855676685273e-06 5.803765865629241e-46
22.75 2.0 0.0 1.9999998863503379 -4.907737691175394e-07 2.351308388844086e-47
22.916666666666664 2.0 0.0 2.0000000363748747 1.619776960270266e-07 8.551735704348721e-49
23.083333333333332 2.0 0.0 2.0000000725872082 3.214725346309463e-07 2.8266291799891444e-50
23.25 2.0 0.0 2.000000056159901 2.4878494214382065e-07 8.548289091174405e-52
23.416666666666664 2.0 0.0 2.000000027611657 1.223089110180991e-07 2.3739378149650956e-53
23.583333333333332 2.0 0.0 2.0000000065905956 2.9191792134901287e-08 6.063664286950499e-55
23.75 2.0 0.0 1.999999997028279 -1.3167418499083683e-08 1.4244864646060943e-56
23.916666666666664 2.0 0.0 1.9999999954002663 -2.038440193453381e-08 3.072571435861167e-58
24.083333333333332 2.0 0.0 1.9999999970328286 -1.3154746671946498e-08 6.062135519306203e-60
24.25 2.0 0.0 1.9999999989201283 -4.779150363098482e-09 1.0864518245663961e-61
24.416666666666664 2.0 0.0 1.9999999999845544 -1.241225982534288e-11 1.7464337008906182e-63
24.583333333333332 2.0 0.0 2.000000000283464 1.3939824239444676e-09 2.455912479307503e-65
24.75 2.0 0.0 2.000000000215368 1.118242538775866e-09 2.850203213424424e-67
24.916666666666664 2.0 0.0 2.0000000001050395 3.8531747250611626e-10 2.2393696239452313e-69
