0.08333333333333333 2.0 0.0 2.0000000077912983 -2.0739943872300676e-66 -2.2393696239451417e-69
0.25 2.0 0.0 2.0000000065719368 -1.5017847138584897e-08 -2.850203213424424e-67
0.41666666666666663 2.0 0.0 2.000000000216949 1.1663640319384548e-10 -2.455912479307425e-65
0.5833333333333333 2.0 0.0 1.9999999830917679 7.188446304598543e-08 -1.7464337008905642e-63
0.75 2.0 0.0 1.9999999542286937 2.0031278017493252e-07 -1.0864518245663961e-61
0.9166666666666666 2.0 0.0 1.999999928977145 3.136100302835667e-07 -6.062135519306023e-60
1.0833333333333333 2.0 0.0 1.9999999486241697 2.278845690991516e-07 -3.0725714358609898e-58
1.25 2.0 0.0 2.0000000819438446 -3.504288535134322e-07 -1.4244864646060943e-56
1.4166666666666665 2.0 0.0 2.0000004337598867 -1.8404839882491547e-06 -6.0636642869503236e-55
1.5833333333333333 2.0 0.0 2.00000116782815 -4.9819620016954645e-06 -2.3739378149649954e-53
1.75 2.0 0.0 2.0000025218160564 -1.0916872594199754e-05 -8.548289091174405e-52
1.9166666666666665 2.0 0.0 2.0000048450999373 -2.1221074838160716e-05 -2.826629179989026e-50
2.083333333333333 2.0 0.0 2.000008649032707 -3.8127706415900476e-05 -8.551735704348133e-49
2.25 2.0 0.0 2.0000145864212535 -6.450855558731372e-05 -2.351308388844086e-47
2.4166666666666665 2.0 0.0 2.000022525808796 -9.976144019981578e-05 -5.803765865629009e-46
2.583333333333333 2.0 0.0 2.000029874306578 -0.000132425909526947 -1.2555518197789163e-44
2.75 2.0 0.0 2.0000354513400254 -0.00015667261278818842 -2.2523830569655327e-43
2.9166666666666665 2.0 0.0 2.0000394846343603 -0.00017533992517329658 -2.7918905336431368e-42
3.083333333333333 2.0 0.0 2.0000429062836584 -0.00018984132611408468 3.4032188376674753e-42
3.25 2.0 0.0 2.000046118560638 -0.00020411749649999587 1.637631564719423e-39
3.4166666666666665 2.0 0.0 2.0000499233629236 -0.00022114992472558828 6.69579852573674e-38
3.583333333333333 2.0 0.0 2.0000556139185264 -0.0002463840608469006 1.954092408969167e-36
3.75 2.0 0.0 2.0000654442706547 -0.0002898227734853098 4.767397604445987e-35
3.9166666666666665 2.0 0.0 2.0000833463890535 -0.0003690521832664897 1.0226604240371576e-33
4.083333333333333 2.0 0.0 2.0001119024960956 -0.0004955913431252943 1.972439459912412e-32
4.25 2.0 0.0 2.0001357210852184 -0.0006017263240847232 3.4602839938301873e-31
4.416666666666666 2.0 0.0 2.000148592071812 -0.0006573752600560442 5.5567186760349286e-30
4.583333333333333 2.0 0.0 2.0001524996949 -0.0006763144391054646 8.196099066332122e-29
4.75 2.0 0.0 2.0001520022434573 -0.0006733725075109667 1.111987969600823e-27
4.916666666666666 2.0 0.0 2.0001389984487385 -0.000615435143969989 1.38743175398427e-26
5.083333333333333 2.0 0.0 2.0000982296126297 -0.00043515344322761685 1.5890168470825486e-25
5.25 2.0 0.0 2.000008793098628 -3.8908794194874315e-05 1.6638083285143045e-24
5.416666666666666 2.0 0.0 1.9998551986590656 0.0006423251096177021 1.5810269060098325e-23
5.583333333333333 2.0 0.0 1.9997118761293877 0.0012600585009039603 1.3451909996525538e-22
5.75 2.0 0.0 1.9996365025858924 0.0016626756672253914 9.976476910669732e-22
5.916666666666666 2.0 0.0 1.9995825239374128 0.0017698486332778044 6.048058075300206e-21
6.083333333333333 2.0 0.0 1.9995885091185348 0.0018738813939948337 2.3764166023539362e-20
6.25 2.0 0.0 1.999587251787263 0.0018418929242447345 -4.8921798420998234e-20
6.416666666666666 2.0 0.0 1.9996078470105823 0.001710652581117586 -2.2864741340931845e-18
6.583333333333333 2.0 0.0 1.9996863615002964 0.001376761097284775 -3.049792409107363e-17
6.75 1.9999999999999998 0.0 1.9998343353507964 0.0007425725104617482 -3.023468242913689e-16
6.916666666666666 1.9999999999999976 0.0 1.9999684297223341 0.00017886999891744915 -2.5333401633201316e-15
7.083333333333333 1.9999999999999813 0.0 2.000033087044109 -0.00022750469412814953 -1.8747527228524837e-14
7.25 1.999999999999875 0.0 2.000092385824326 -0.0003343217180105221 -1.250209723893004e-13
7.416666666666666 1.9999999999992408 0.0 2.000103749563684 -0.00048139217248509487 -7.592478361812659e-13
7.583333333333333 1.9999999999957765 0.0 2.000112811393208 -0.0005149031446884094 -4.223508993071295e-12
7.75 1.9999999999784133 0.0 2.0001164707842345 -0.0005071955281773671 -2.1586786279083474e-11
7.916666666666666 1.9999999998985065 0.0 2.0001087707988043 -0.00047372788404955135 -1.0149337221417915e-10
8.083333333333332 1.999999999561234 0.0 2.0000822028295375 -0.0003648029404280037 -4.3876588070022077e-10
8.25 1.9999999982596433 0.0 2.0000501190011555 -0.0002362950938033121 -1.7403567350686184e-09
8.416666666666666 1.999999993694318 0.0 2.000032722665975 -0.00013072567990025802 -6.3056820221045696e-09
8.583333333333332 1.9999999792975776 0.0 2.000015688602477 -7.650977291282721e-05 -2.0702422360274937e-08
8.75 1.9999999393178214 0.0 2.000005594741839 -2.761779788200002e-05 -6.068217856011783e-08
8.916666666666666 1.9999998459177046 0.0 2.000000166585983 7.349992211367206e-06 -1.540822954409375e-07
9.083333333333332 1.9999996856319415 0.0 1.99999418623884 1.7836757304586767e-05 -3.1436805847154385e-07
9.25 1.999999623329943 0.0 1.9999920106942266 3.088693184051329e-05 -3.803967102260639e-07
9.416666666666666 2.0002499404706255 0.0 1.9999932448108597 4.0362187174310994e-05 5.882618480584264e-07
9.583333333333332 2.000255477361845 0.0 2.000000729950292 3.524303669186052e-05 6.1251530674769926e-06
9.75 2.0000269556797177 0.0 2.000025853009033 3.634678443282736e-05 2.695195306443837e-05
9.916666666666666 2.0000909893714907 0.0 2.000091364990957 8.01786885663736e-05 9.098937149079526e-05
10.083333333333332 2.000262077677205 0.0 2.000263424662622 0.0001812450846624512 0.00026207767720486466
10.25 2.000669374442667 0.0 2.0006719640415644 0.00036664418060403087 0.0006693744426668637
10.416666666666666 2.001543742210623 0.0 2.0015560227548908 0.0006244596965160759 0.0015437422106229165
10.583333333333332 2.0032458158338096 0.0 2.0032772503853735 0.0009206984395577947 0.003245815833809414
10.75 2.006254988727532 0.0 2.006309375738174 0.0012008749946496558 0.006254988727532051
10.916666666666666 2.011078429957128 0.0 2.0111408516676033 0.0013645131707198856 0.011078429957127956
11.083333333333332 2.018050136662097 0.0 2.018113311333803 0.0011688689254122587 0.018050136662097052
11.25 2.0270357568521313 0.0 2.027082678703197 0.0008581157536045139 0.027035756852131283
11.416666666666666 2.037135562558247 0.0 2.037086498060737 0.0015313759318252996 0.03713556255824667
11.583333333333332 2.04655067641497 0.0 2.046129879768731 0.004149164789584448 0.04655067641497013
11.75 2.052787138212377 0.0 2.0519853613092476 0.007013097984512891 0.05278713821237704
11.916666666666666 2.0532702614718277 0.0 2.0526043378522956 -0.008361334561775272 0.05327026147182771
12.083333333333332 2.0462396961242795 0.0 2.045696421630307 -0.008134094358473554 0.04623969612427934
12.25 2.031588407111769 0.0 2.0311742516994835 -0.00468396513960017 0.03158840711176899
12.416666666666666 2.011234779011009 0.0 2.011280711676476 -0.002589999705002434 0.011234779011009107
12.583333333333332 1.9887652209889912 0.0 1.9887609696340898 -0.0027079032657443885 -0.011234779011008871
12.75 1.968411592888231 0.0 1.9688484328674893 -0.0047870872437374215 -0.03158840711176899
12.916666666666666 1.9537603038757207 0.0 1.9543008338716912 -0.008003432193896607 -0.04623969612427922
13.083333333333332 1.9467297385281723 0.0 1.947381284922832 -0.008154503942490144 -0.05327026147182768
13.25 1.947212861787623 0.0 1.9480061924846575 0.006831609364531818 -0.05278713821237704
13.416666666666666 1.9534493235850299 0.0 1.9538732803180454 0.004084957634488575 -0.04655067641497021
13.583333333333332 1.9628644374417532 0.0 1.9629197067816357 0.0015257417127929386 -0.03713556255824678
13.75 1.9729642431478687 0.0 1.9729218878488914 0.000836063977278982 -0.027035756852131283
13.916666666666666 1.981949863337903 0.0 1.9818833632605224 0.001088620147275863 -0.01805013666209714
14.083333333333332 1.988921570042872 0.0 1.9888683090067365 0.0013391549345149816 -0.01107842995712802
14.25 1.993745011272468 0.0 1.9936919174417533 0.001184404219494197 -0.006254988727532051
14.416666666666666 1.9967541841661907 0.0 1.9967236585684924 0.0009183861980450227 -0.0032458158338094373
14.583333333333332 1.998456257789377 0.0 1.9984440597841486 0.0006241929660404716 -0.0015437422106229291
14.75 1.999330625557333 0.0 1.999328477302412 0.00037699222160430585 -0.0006693744426668637
14.916666666666666 1.9997379223227951 0.0 1.999737090709429 0.00019032805795627538 -0.00026207767720486753
15.083333333333332 1.9999090106285091 0.0 1.999902921503126 5.624017224521763e-05 -9.098937149079634e-05
15.25 1.9999730480469355 0.0 1.9999753917847762 3.26033971547792e-05 -2.695195306443837e-05
15.416666666666666 1.9999938748469326 0.0 2.0000049915724443 4.894170261424794e-05 -6.125153067477107e-06
15.583333333333332 1.9999994117381519 0.0 2.0000206249033226 9.854006714921917e-05 -5.882618480584505e-07
15.75 2.00000038039671 0.0 2.000034635193825 0.00015195895286011739 3.803967102260639e-07
15.916666666666666 2.0000003143680583 0.0 2.0000379458930366 0.00016543137158271857 3.143680584715458e-07
16.083333333333332 2.0000001540822954 0.0 2.000037384888393 0.00015774378730114548 1.5408229544093886e-07
16.25 2.0000000606821784 0.0 2.0000289969690854 0.00014673442747465125 6.068217856011783e-08
16.416666666666664 2.0000000207024224 0.0 2.000021561088647 7.48610502821723e-05 2.0702422360275453e-08
16.583333333333332 2.000000006305682 0.0 1.9999961485325957 -1.0764806688027149e-06 6.3056820221046515e-09
16.75 2.0000000017403567 0.0 1.9999640280068784 -0.00017099766549270116 1.7403567350686184e-09
16.916666666666664 2.000000000438766 0.0 1.9999156943993928 -0.000375820864907064 4.387658807002327e-10
17.083333333333332 2.0000000001014935 0.0 1.9998858902427574 -0.0004992427973129938 1.014933722141809e-10
17.25 2.0000000000215867 0.0 1.9998778301074467 -0.0005295824099512266 2.1586786279083474e-11
17.416666666666664 2.0000000000042233 0.0 1.9998821740018204 -0.0005339170539258152 4.2235089930714026e-12
17.583333333333332 2.0000000000007594 0.0 1.9998943496036776 -0.0004988443753737143 7.592478361812798e-13
17.75 2.0000000000001252 0.0 1.9999064592838567 -0.0003338496815290411 1.250209723893004e-13
17.916666666666664 2.0000000000000187 0.0 1.9999707423956683 -0.00020645298302351893 1.8747527228525408e-14
18.083333333333332 2.0000000000000027 0.0 2.0000439389445708 0.00022703527284066195 2.5333401633201907e-15
18.25 2.0000000000000004 0.0 2.0001846155499443 0.0008304617758132166 3.023468242913689e-16
18.416666666666664 2.0 0.0 2.000325431139986 0.0014318441892098265 3.049792409107492e-17
18.583333333333332 2.0 0.0 2.0003951180408017 0.0017248848531336823 2.2864741340932534e-18
18.75 2.0 0.0 2.0004116604436364 0.0018302818259999468 4.8921798420998234e-20
18.916666666666664 2.0 0.0 2.000407204625401 0.0018598937310631085 -2.3764166023539732e-20
19.083333333333332 2.0 0.0 2.000411565995761 0.0017451877443906251 -6.0480580753002996e-21
19.25 2.0 0.0 2.0003548590651743 0.0016209446676305717 -9.976476910669732e-22
19.416666666666664 2.0 0.0 2.0002741493535865 0.0012006452179873128 -1.3451909996525968e-22
19.583333333333332 2.0 0.0 2.000127302820822 0.0005646712696162379 -1.581026906009875e-23
19.75 2.0 0.0 1.999978961853306 -9.306554591822935e-05 -1.6638083285143045e-24
19.916666666666664 2.0 0.0 1.9998949295089168 -0.0004654353143552978 -1.5890168470826145e-25
20.083333333333332 2.0 0.0 1.9998566429204767 -0.0006351189924428745 -1.3874317539842994e-26
20.25 2.0 0.0 1.999844295231038 -0.0006898250133529302 -1.111987969600823e-27
20.416666666666664 2.0 0.0 1.999843683931544 -0.0006923140996486712 -8.196099066332472e-29
20.583333333333332 2.0 0.0 1.999847416074311 -0.0006758563684452045 -5.556718676035089e-30
20.75 2.0 0.0 1.9998591822716065 -0.0006237671865862348 -3.4602839938301873e-31
20.916666666666664 2.0 0.0 1.9998819697645973 -0.0005228321053471512 -1.972439459912529e-32
21.083333333333332 2.0 0.0 1.9999155296472115 -0.0003741681122248901 -1.0226604240371882e-33
21.25 2.0 0.0 1.9999459153712122 -0.00023954015555828178 -4.767397604445987e-35
21.416666666666664 2.0 0.0 1.9999658161795184 -0.0001513625124747414 -1.9540924089693182e-36
21.583333333333332 2.0 0.0 1.9999786544456186 -9.445880803136203e-05 -6.695798525736964e-38
21.75 2.0 0.0 1.9999869300741189 -5.7754502577586125e-05 -1.637631564719423e-39
21.916666666666664 2.0 0.0 1.9999922177923786 -3.428041863546638e-05 -3.4032188376691595e-42
22.083333333333332 2.0 0.0 1.9999955504327147 -1.9480960344045663e-05 2.791890533643185e-42
22.25 2.0 0.0 1.9999976102969117 -1.036508629864744e-05 2.2523830569655327e-43
22.416666666666664 2.0 0.0 1.9999988410569278 -4.978272422707956e-06 1.2555518197789972e-44
22.583333333333332 2.0 0.0 1.9999995334689074 -2.0008556008323306e-06 5.803765865629241e-46
22.75 2.0 0.0 1.9999998863503514 -4.907737130053506e-07 2.351308388844086e-47
22.916666666666664 2.0 0.0 2.0000000363748818 1.619777304117001e-07 8.551735704348721e-49
23.083333333333332 2.0 0.0 2.000000072587211 3.2147254748074907e-07 2.8266291799891444e-50
23.25 2.0 0.0 2.0000000561599007 2.487849392816092e-07 8.548289091174405e-52
23.416666666666664 2.0 0.0 2.000000027611656 1.2230890366054446e-07 2.3739378149650956e-53
23.583333333333332 2.0 0.0 2.0000000065905943 2.919178659539517e-08 6.063664286950499e-55
23.75 2.0 0.0 1.9999999970282785 -1.3167422838369849e-08 1.4244864646060943e-56
23.916666666666664 2.0 0.0 1.999999995400267 -2.0384404473307263e-08 3.072571435861167e-58
24.083333333333332 2.0 0.0 1.9999999970328293 -1.3154749076326788e-08 6.062135519306203e-60
24.25 2.0 0.0 1.999999998920129 -4.779150129891196e-09 1.0864518245663961e-61
24.416666666666664 2.0 0.0 1.9999999999845548 -1.2407745251406758e-11 1.7464337008906182e-63
24.583333333333332 2.0 0.0 2.000000000283465 1.3939844076378445e-09 2.455912479307503e-65
24.75 2.0 0.0 2.0000000002153686 1.118241496094559e-09 2.850203213424424e-67
24.916666666666664 2.0 0.0 2.0000000001050395 3.8531688001052326e-10 2.2393696239452313e-69
