1.9999999999999996 
1.9999999999999996 
1.9999999999999996 
1.9999999999999996 
1.9999999999999996 
1.9999999999999996 
1.9999999999999996 
1.9999999999999996 
1.9999999999999996 
1.9999999999999996 
1.9999999999999996 
1.9999999999999996 
1.9999999999999996 
1.9999999999999996 
2.0000000000000218 
2.0000000000034057 
2.0000000002745910 
2.0000000095744124 
2.0000000600188570 
1.9999957475463594 
1.9998943960286535 
1.9990139350139449 
1.9957500367075387 
1.9917309675950727 
1.9950374480053366 
2.0050056928209670 
2.0083895122038564 
2.0042815646937573 
2.0009877564886773 
2.0001056233425842 
2.0000042524850459 
1.9999999399811483 
1.9999999904255894 
1.9999999997254070 
1.9999999999965936 
1.9999999999999798 
1.9999999999999996 
1.9999999999999996 
1.9999999999999996 
1.9999999999999996 
1.9999999999999996 
1.9999999999999996 
1.9999999999999996 
1.9999999999999996 
1.9999999999999996 
1.9999999999999996 
1.9999999999999996 
1.9999999999999996 
1.9999999999999996 
1.9999999999999996 