1.9999999999999996 
1.9999999999999996 
1.9999999999999996 
1.9999999999999996 
1.9999999999999996 
1.9999999999999996 
1.9999999999999996 
1.9999999999999996 
1.9999999999999996 
1.9999999999999996 
1.9999999999999996 
1.9999999999999996 
1.9999999999999996 
1.9999999999999996 
1.9999999999999996 
1.9999999999999996 
1.9999999999999996 
1.9999999999999996 
1.9999999999999996 
1.9999999999999996 
1.9999999999999996 
1.9999999999999996 
1.9999999999999996 
1.9999999999999996 
1.9999999999999996 
1.9999999999999996 
1.9999999999999996 
1.9999999999999996 
1.9999999999999996 
1.9999999999999996 
1.9999999999999996 
1.9999999999999996 
1.9999999999999996 
1.9999999999999996 
1.9999999999999996 
1.9999999999999996 
1.9999999999999996 
1.9999999999999996 
1.9999999999999996 
1.9999999999999996 
1.9999999999999996 
1.9999999999999996 
1.9999999999999996 
1.9999999999999996 
1.9999999999999996 
1.9999999999999996 
1.9999999999999996 
1.9999999999999996 
1.9999999999999996 
1.9999999999999996 
1.9999999999999996 
1.9999999999999996 
1.9999999999999996 
1.9999999999999996 
1.9999999999999996 
1.9999999999999996 
1.9999999999999996 
1.9999999999999996 
1.9999999999999996 
1.9999999999999996 
1.9999999999999996 
1.9999999999999996 
1.9999999999999996 
1.9999999999999996 
1.9999999999999996 
1.9999999999999996 
1.9999999999999996 
1.9999999999999996 
1.9999999999999996 
1.9999999999999996 
1.9999999999999996 
1.9999999999999996 
1.9999999999999996 
1.9999999999999996 
1.9999999999999996 
1.9999999999999996 
1.9999999999999996 
1.9999999999999996 
1.9999999999999996 
1.9999999999999996 
1.9999999999999996 
1.9999999999999996 
1.9999999999999996 
1.9999999999999996 
1.9999999999999996 
1.9999999999999996 
1.9999999999999996 
1.9999999999999996 
1.9999999999999996 
1.9999999999999996 
1.9999999999999996 
1.9999999999999996 
1.9999999999999996 
1.9999999999999996 
1.9999999999999996 
1.9999999999999996 
1.9999999999999996 
1.9999999999999996 
1.9999999999999996 
1.9999999999999996 
1.9999999999999996 
1.9999999999999996 
1.9999999999999996 
1.9999999999999996 
1.9999999999999996 
1.9999999999999996 
1.9999999999999996 
1.9999999999999996 
1.9999999999999996 
1.9999999999999996 
1.9999999999999996 
1.9999999999999996 
1.9999999999999996 
1.9999999999999996 
1.9999999999999996 
1.9999999999999996 
1.9999999999999996 
1.9999999999999996 
1.9999999999999996 
1.9999999999999996 
1.9999999999999996 
1.9999999999999996 
1.9999999999999996 
1.9999999999999996 
1.9999999999999996 
1.9999999999999996 
1.9999999999999996 
1.9999999999999996 
1.9999999999999996 
1.9999999999999996 
1.9999999999999996 
1.9999999999999996 
1.9999999999999996 
1.9999999999999996 
1.9999999999999996 
1.9999999999999996 
1.9999999999999996 
1.9999999999999996 
1.9999999999999996 
1.9999999999999996 
1.9999999999999996 
1.9999999999999996 
1.9999999999999996 
1.9999999999999996 
1.9999999999999996 
1.9999999999999996 
1.9999999999999996 
1.9999999999999996 
1.9999999999999996 
1.9999999999999996 
1.9999999999999996 
1.9999999999999996 
1.9999999999999996 
1.9999999999999996 
1.9999999999999996 
1.9999999999999996 
1.9999999999999996 
1.9999999999999996 
1.9999999999999996 
1.9999999999999996 
1.9999999999999996 
1.9999999999999996 
1.9999999999999996 
1.9999999999999996 
1.9999999999999996 
1.9999999999999996 
1.9999999999999996 
1.9999999999999996 
1.9999999999999996 
1.9999999999999996 
1.9999999999999996 
1.9999999999999996 
1.9999999999999996 
1.9999999999999996 
1.9999999999999996 
1.9999999999999996 
1.9999999999999996 
1.9999999999999996 
1.9999999999999996 
1.9999999999999996 
1.9999999999999996 
1.9999999999999996 
1.9999999999999996 
1.9999999999999996 
1.9999999999999996 
1.9999999999999996 
1.9999999999999996 
1.9999999999999996 
1.9999999999999996 
1.9999999999999996 
1.9999999999999996 
1.9999999999999996 
1.9999999999999996 
1.9999999999999996 
1.9999999999999996 
1.9999999999999996 
1.9999999999999996 
1.9999999999999996 
1.9999999999999996 
1.9999999999999996 
1.9999999999999996 
1.9999999999999996 
1.9999999999999996 
1.9999999999999996 
1.9999999999999996 
1.9999999999999996 
1.9999999999999996 
1.9999999999999996 
1.9999999999999996 
1.9999999999999996 
1.9999999999999996 
1.9999999999999996 
1.9999999999999996 
1.9999999999999996 
1.9999999999999996 
1.9999999999999996 
1.9999999999999996 
1.9999999999999996 
1.9999999999999996 
2.0000000000000018 
2.0000000000000018 
2.0000000000000018 
1.9999999999999991 
2.0000000000000004 
2.0000000000000018 
2.0000000000000036 
2.0000000000000027 
2.0000000000000053 
2.0000000000000080 
2.0000000000000111 
2.0000000000000133 
2.0000000000000218 
2.0000000000000275 
2.0000000000000400 
2.0000000000000542 
2.0000000000000773 
2.0000000000001070 
2.0000000000001497 
2.0000000000002069 
2.0000000000002847 
2.0000000000003926 
2.0000000000005391 
2.0000000000007403 
2.0000000000010103 
2.0000000000013767 
2.0000000000018665 
2.0000000000025255 
2.0000000000034057 
2.0000000000045817 
2.0000000000061462 
2.0000000000082188 
2.0000000000109623 
2.0000000000145706 
2.0000000000193192 
2.0000000000255342 
2.0000000000336504 
2.0000000000442140 
2.0000000000579190 
2.0000000000756475 
2.0000000000985021 
2.0000000001278706 
2.0000000001654876 
2.0000000002135057 
2.0000000002745910 
2.0000000003520411 
2.0000000004498846 
2.0000000005730527 
2.0000000007275305 
2.0000000009205494 
2.0000000011607968 
2.0000000014586345 
2.0000000018263617 
2.0000000022784379 
2.0000000028317562 
2.0000000035058672 
2.0000000043231601 
2.0000000053089839 
2.0000000064916637 
2.0000000079023086 
2.0000000095744124 
2.0000000115430976 
2.0000000138438812 
2.0000000165108531 
2.0000000195739975 
2.0000000230554904 
2.0000000269646145 
2.0000000312909463 
2.0000000359953884 
2.0000000409984522 
2.0000000461651943 
2.0000000512860092 
2.0000000560523588 
2.0000000600263803 
2.0000000626030965 
2.0000000629637991 
2.0000000600188570 
2.0000000523381329 
2.0000000380667071 
2.0000000148235069 
1.9999999795800700 
1.9999999285163117 
1.9999998568499835 
1.9999997586360239 
1.9999996265318678 
1.9999994515243338 
1.9999992226135865 
1.9999989264493645 
1.9999985469145345 
1.9999980646510156 
1.9999974565230900 
1.9999966950132855 
1.9999957475463594 
1.9999945757373410 
1.9999931345603434 
1.9999913714357194 
1.9999892252343539 
1.9999866251992728 
1.9999834897866702 
1.9999797254303564 
1.9999752252362357 
1.9999698676160949 
1.9999635148731965 
1.9999560117556454 
1.9999471839972480 
1.9999368368697208 
1.9999247537744853 
1.9999106949066663 
1.9998943960286535 
1.9998755673951087 
1.9998538928758636 
1.9998290293272576 
1.9998006062665017 
1.9997682259067420 
1.9997314636131214 
1.9996898688416709 
1.9996429666233557 
1.9995902596546722 
1.9995312310537827 
1.9994653478371209 
1.9993920651653252 
1.9993108313993964 
1.9992210939978836 
1.9991223062736054 
1.9990139350139449 
1.9988954689522282 
1.9987664280591151 
1.9986263736025489 
1.9984749189029762 
1.9983117406874429 
1.9981365909224920 
1.9979493089816849 
1.9977498339799971 
1.9975382170847511 
1.9973146335917049 
1.9970793945364691 
1.9968329575959611 
1.9965759370229155 
1.9963091123495280 
1.9960334355940061 
1.9957500367075387 
1.9954602270085378 
1.9951655003668594 
1.9948675319225997 
1.9945681741525068 
1.9942694501313294 
1.9939735438753277 
1.9936827877001360 
1.9933996465744630 
1.9931266995036017 
1.9928666180319461 
1.9926221420097896 
1.9923960528264235 
1.9921911443667955 
1.9920101920024900 
1.9918559199774992 
1.9917309675950727 
1.9916378546518405 
1.9915789465994957 
1.9915564199409557 
1.9915722283871957 
1.9916280703116893 
1.9917253580417686 
1.9918651895195483 
1.9920483228493788 
1.9922751542241119 
1.9925456996887094 
1.9928595811572143 
1.9932160170480222 
1.9936138178433769 
1.9940513868122034 
1.9945267260619293 
1.9950374480053366 
1.9955807922437934 
1.9961536477796722 
1.9967525803796664 
1.9973738648186663 
1.9980135216422561 
1.9986673579973291 
1.9993310119959429 
1.9999999999999996 
2.0006697661458182 
2.0013357333697948 
2.0019933551516611 
2.0026381671618303 
2.0032658379854444 
2.0038722180994410 
2.0044533863004075 
2.0050056928209670 
2.0055257984298529 
2.0060107088852051 
2.0064578042001333 
2.0068648622820344 
2.0072300766200724 
2.0075520678154595 
2.0078298888735260 
2.0080630243013196 
2.0082513831765967 
2.0083952864696211 
2.0084954490056028 
2.0085529565497833 
2.0085692385770311 
2.0085460373516018 
2.0084853739893846 
2.0083895122038564 
2.0082609204483695 
2.0081022331618894 
2.0079162118039622 
2.0077057063291970 
2.0074736177037313 
2.0072228620081400 
2.0069563366052674 
2.0066768887798587 
2.0063872871819459 
2.0060901963294850 
2.0057881543504377 
2.0054835540711760 
2.0051786274890864 
2.0048754336032468 
2.0045758495192922 
2.0042815646937573 
2.0039940781395131 
2.0037146983780856 
2.0034445458961168 
2.0031845578423200 
2.0029354946873217 
2.0026979485616576 
2.0024723529859534 
2.0022589937118487 
2.0020580204012908 
2.0018694588852748 
2.0016932237598835 
2.0015291310969436 
2.0013769110681729 
2.0012362203047003 
2.0011066538375526 
2.0009877564886773 
2.0008790336057678 
2.0007799610573245 
2.0006899944260659 
2.0006085773596554 
2.0005351490563399 
2.0004691508804231 
2.0004100321174434 
2.0003572548921711 
2.0003102982835324 
2.0002686616796592 
2.0002318674233739 
2.0001994628036814 
2.0001710214523563 
2.0001461442067381 
2.0001244595003778 
2.0001056233425842 
2.0000893189461166 
2.0000752560598136 
2.0000631700596236 
2.0000528208476891 
2.0000439916050072 
2.0000364874387433 
2.0000301339608169 
2.0000247758297576 
2.0000202752835392 
2.0000165106867387 
2.0000133751113984 
2.0000107749672682 
2.0000086286935783 
2.0000068655215149 
2.0000054243137564 
2.0000042524850459 
2.0000033050056820 
2.0000025434881463 
2.0000019353554901 
2.0000014530891326 
2.0000010735526357 
2.0000007773874602 
2.0000005484761898 
2.0000003734683762 
2.0000002413640776 
2.0000001431500531 
2.0000000714836967 
2.0000000204199342 
1.9999999851764942 
1.9999999619332995 
1.9999999476618735 
1.9999999399811483 
1.9999999370362089 
1.9999999373969073 
1.9999999399736268 
1.9999999439476470 
1.9999999487139977 
1.9999999538348094 
1.9999999590015503 
1.9999999640046155 
1.9999999687090562 
1.9999999730353897 
1.9999999769445129 
1.9999999804260038 
1.9999999834891504 
1.9999999861561206 
1.9999999884569069 
1.9999999904255894 
1.9999999920976914 
1.9999999935083348 
1.9999999946910147 
1.9999999956768408 
1.9999999964941326 
1.9999999971682425 
1.9999999977215630 
1.9999999981736396 
1.9999999985413641 
1.9999999988392057 
1.9999999990794535 
1.9999999992724706 
1.9999999994269466 
1.9999999995501154 
1.9999999996479589 
1.9999999997254070 
1.9999999997864955 
1.9999999998345113 
1.9999999998721290 
1.9999999999014986 
1.9999999999243536 
1.9999999999420819 
1.9999999999557878 
1.9999999999663503 
1.9999999999744664 
1.9999999999806826 
1.9999999999854270 
1.9999999999890390 
1.9999999999917830 
1.9999999999938554 
1.9999999999954179 
1.9999999999965936 
1.9999999999974742 
1.9999999999981335 
1.9999999999986260 
1.9999999999989901 
1.9999999999992610 
1.9999999999994613 
1.9999999999996065 
1.9999999999997142 
1.9999999999997953 
1.9999999999998510 
1.9999999999998939 
1.9999999999999238 
1.9999999999999432 
1.9999999999999618 
1.9999999999999722 
1.9999999999999798 
1.9999999999999867 
1.9999999999999909 
1.9999999999999931 
1.9999999999999964 
1.9999999999999956 
1.9999999999999987 
1.9999999999999982 
1.9999999999999991 
1.9999999999999987 
1.9999999999999987 
2.0000000000000009 
1.9999999999999996 
1.9999999999999996 
1.9999999999999996 
1.9999999999999996 
1.9999999999999996 
1.9999999999999996 
1.9999999999999996 
1.9999999999999996 
1.9999999999999996 
1.9999999999999996 
1.9999999999999996 
1.9999999999999996 
1.9999999999999996 
1.9999999999999996 
1.9999999999999996 
1.9999999999999996 
1.9999999999999996 
1.9999999999999996 
1.9999999999999996 
1.9999999999999996 
1.9999999999999996 
1.9999999999999996 
1.9999999999999996 
1.9999999999999996 
1.9999999999999996 
1.9999999999999996 
1.9999999999999996 
1.9999999999999996 
1.9999999999999996 
1.9999999999999996 
1.9999999999999996 
1.9999999999999996 
1.9999999999999996 
1.9999999999999996 
1.9999999999999996 
1.9999999999999996 
1.9999999999999996 
1.9999999999999996 
1.9999999999999996 
1.9999999999999996 
1.9999999999999996 
1.9999999999999996 
1.9999999999999996 
1.9999999999999996 
1.9999999999999996 
1.9999999999999996 
1.9999999999999996 
1.9999999999999996 
1.9999999999999996 
1.9999999999999996 
1.9999999999999996 
1.9999999999999996 
1.9999999999999996 
1.9999999999999996 
1.9999999999999996 
1.9999999999999996 
1.9999999999999996 
1.9999999999999996 
1.9999999999999996 
1.9999999999999996 
1.9999999999999996 
1.9999999999999996 
1.9999999999999996 
1.9999999999999996 
1.9999999999999996 
1.9999999999999996 
1.9999999999999996 
1.9999999999999996 
1.9999999999999996 
1.9999999999999996 
1.9999999999999996 
1.9999999999999996 
1.9999999999999996 
1.9999999999999996 
1.9999999999999996 
1.9999999999999996 
1.9999999999999996 
1.9999999999999996 
1.9999999999999996 
1.9999999999999996 
1.9999999999999996 
1.9999999999999996 
1.9999999999999996 
1.9999999999999996 
1.9999999999999996 
1.9999999999999996 
1.9999999999999996 
1.9999999999999996 
1.9999999999999996 
1.9999999999999996 
1.9999999999999996 
1.9999999999999996 
1.9999999999999996 
1.9999999999999996 
1.9999999999999996 
1.9999999999999996 
1.9999999999999996 
1.9999999999999996 
1.9999999999999996 
1.9999999999999996 
1.9999999999999996 
1.9999999999999996 
1.9999999999999996 
1.9999999999999996 
1.9999999999999996 
1.9999999999999996 
1.9999999999999996 
1.9999999999999996 
1.9999999999999996 
1.9999999999999996 
1.9999999999999996 
1.9999999999999996 
1.9999999999999996 
1.9999999999999996 
1.9999999999999996 
1.9999999999999996 
1.9999999999999996 
1.9999999999999996 
1.9999999999999996 
1.9999999999999996 
1.9999999999999996 
1.9999999999999996 
1.9999999999999996 
1.9999999999999996 
1.9999999999999996 
1.9999999999999996 
1.9999999999999996 
1.9999999999999996 
1.9999999999999996 
1.9999999999999996 
1.9999999999999996 
1.9999999999999996 
1.9999999999999996 
1.9999999999999996 
1.9999999999999996 
1.9999999999999996 
1.9999999999999996 
1.9999999999999996 
1.9999999999999996 
1.9999999999999996 
1.9999999999999996 
1.9999999999999996 
1.9999999999999996 
1.9999999999999996 
1.9999999999999996 
1.9999999999999996 
1.9999999999999996 
1.9999999999999996 
1.9999999999999996 
1.9999999999999996 
1.9999999999999996 
1.9999999999999996 
1.9999999999999996 
1.9999999999999996 
1.9999999999999996 
1.9999999999999996 
1.9999999999999996 
1.9999999999999996 
1.9999999999999996 
1.9999999999999996 
1.9999999999999996 
1.9999999999999996 
1.9999999999999996 
1.9999999999999996 
1.9999999999999996 
1.9999999999999996 
1.9999999999999996 
1.9999999999999996 
1.9999999999999996 
1.9999999999999996 
1.9999999999999996 
1.9999999999999996 
1.9999999999999996 
1.9999999999999996 
1.9999999999999996 
1.9999999999999996 
1.9999999999999996 
1.9999999999999996 
1.9999999999999996 
1.9999999999999996 
1.9999999999999996 
1.9999999999999996 
1.9999999999999996 
1.9999999999999996 
1.9999999999999996 
1.9999999999999996 
1.9999999999999996 
1.9999999999999996 
1.9999999999999996 
1.9999999999999996 
1.9999999999999996 
1.9999999999999996 
1.9999999999999996 
1.9999999999999996 
1.9999999999999996 
1.9999999999999996 
1.9999999999999996 
1.9999999999999996 
1.9999999999999996 
1.9999999999999996 
1.9999999999999996 
1.9999999999999996 
1.9999999999999996 
1.9999999999999996 
1.9999999999999996 
1.9999999999999996 
1.9999999999999996 
1.9999999999999996 
1.9999999999999996 
1.9999999999999996 
1.9999999999999996 
1.9999999999999996 
1.9999999999999996 
1.9999999999999996 
1.9999999999999996 
1.9999999999999996 
1.9999999999999996 
1.9999999999999996 
1.9999999999999996 
1.9999999999999996 
1.9999999999999996 
