1.9999999999999996 
1.9999999999999996 
1.9999999999999996 
1.9999999999999996 
1.9999999999999996 
1.9999999999999996 
1.9999999999999996 
1.9999999999999996 
1.9999999999999996 
1.9999999999999996 
1.9999999999999996 
1.9999999999999996 
1.9999999999999996 
1.9999999999999996 
1.9999999999999996 
1.9999999999999996 
1.9999999999999996 
1.9999999999999996 
1.9999999999999996 
1.9999999999999996 
1.9999999999999996 
1.9999999999999996 
1.9999999999999996 
1.9999999999999996 
1.9999999999999996 
1.9999999999999996 
1.9999999999999996 
1.9999999999999996 
1.9999999999999996 
1.9999999999999996 
1.9999999999999996 
1.9999999999999996 
1.9999999999999996 
1.9999999999999996 
1.9999999999999996 
1.9999999999999996 
1.9999999999999996 
1.9999999999999996 
1.9999999999999996 
1.9999999999999996 
1.9999999999999996 
1.9999999999999996 
1.9999999999999996 
1.9999999999999996 
1.9999999999999996 
1.9999999999999996 
1.9999999999999996 
1.9999999999999996 
1.9999999999999996 
1.9999999999999996 
1.9999999999999996 
1.9999999999999996 
1.9999999999999996 
1.9999999999999996 
1.9999999999999996 
2.0000000000000018 
2.0000000000000036 
2.0000000000000111 
2.0000000000000400 
2.0000000000001497 
2.0000000000005391 
2.0000000000018665 
2.0000000000061462 
2.0000000000193192 
2.0000000000579190 
2.0000000001654876 
2.0000000004498846 
2.0000000011607968 
2.0000000028317562 
2.0000000064916637 
2.0000000138438812 
2.0000000269646145 
2.0000000461651943 
2.0000000626030965 
2.0000000380667071 
1.9999998568499835 
1.9999992226135865 
1.9999974565230900 
1.9999931345603434 
1.9999834897866702 
1.9999635148731965 
1.9999247537744853 
1.9998538928758636 
1.9997314636131214 
1.9995312310537827 
1.9992210939978836 
1.9987664280591151 
1.9981365909224920 
1.9973146335917049 
1.9963091123495280 
1.9951655003668594 
1.9939735438753277 
1.9928666180319461 
1.9920101920024900 
1.9915789465994957 
1.9917253580417686 
1.9925456996887094 
1.9940513868122034 
1.9961536477796722 
1.9986673579973291 
2.0013357333697948 
2.0038722180994410 
2.0060107088852051 
2.0075520678154595 
2.0083952864696211 
2.0085460373516018 
2.0081022331618894 
2.0072228620081400 
2.0060901963294850 
2.0048754336032468 
2.0037146983780856 
2.0026979485616576 
2.0018694588852748 
2.0012362203047003 
2.0007799610573245 
2.0004691508804231 
2.0002686616796592 
2.0001461442067381 
2.0000752560598136 
2.0000364874387433 
2.0000165106867387 
2.0000068655215149 
2.0000025434881463 
2.0000007773874602 
2.0000001431500531 
1.9999999619332995 
1.9999999373969073 
1.9999999538348094 
1.9999999730353897 
1.9999999861561206 
1.9999999935083348 
1.9999999971682425 
1.9999999988392057 
1.9999999995501154 
1.9999999998345113 
1.9999999999420819 
1.9999999999806826 
1.9999999999938554 
1.9999999999981335 
1.9999999999994613 
1.9999999999998510 
1.9999999999999618 
1.9999999999999909 
1.9999999999999987 
1.9999999999999987 
1.9999999999999996 
1.9999999999999996 
1.9999999999999996 
1.9999999999999996 
1.9999999999999996 
1.9999999999999996 
1.9999999999999996 
1.9999999999999996 
1.9999999999999996 
1.9999999999999996 
1.9999999999999996 
1.9999999999999996 
1.9999999999999996 
1.9999999999999996 
1.9999999999999996 
1.9999999999999996 
1.9999999999999996 
1.9999999999999996 
1.9999999999999996 
1.9999999999999996 
1.9999999999999996 
1.9999999999999996 
1.9999999999999996 
1.9999999999999996 
1.9999999999999996 
1.9999999999999996 
1.9999999999999996 
1.9999999999999996 
1.9999999999999996 
1.9999999999999996 
1.9999999999999996 
1.9999999999999996 
1.9999999999999996 
1.9999999999999996 
1.9999999999999996 
1.9999999999999996 
1.9999999999999996 
1.9999999999999996 
1.9999999999999996 
1.9999999999999996 
1.9999999999999996 
1.9999999999999996 
1.9999999999999996 
1.9999999999999996 
1.9999999999999996 
1.9999999999999996 
1.9999999999999996 
1.9999999999999996 
1.9999999999999996 
1.9999999999999996 
1.9999999999999996 
1.9999999999999996 
1.9999999999999996 
1.9999999999999996 
1.9999999999999996 