-9.950495049504950451e-01 9.052855418896557094e-01 -9.950495049504951006e-02
-9.851485148514851353e-01 9.061823081030189186e-01 -9.851485148514851908e-02
-9.752475247524752255e-01 9.070799626131043070e-01 -9.752475247524752811e-02
-9.653465346534653158e-01 9.079785063362046937e-01 -9.653465346534653713e-02
-9.554455445544554060e-01 9.088779401471249741e-01 -9.554455445544554615e-02
-9.455445544554454962e-01 9.097782649275714117e-01 -9.455445544554455517e-02
-9.356435643564355864e-01 9.106794815601293447e-01 -9.356435643564356419e-02
-9.257425742574256766e-01 9.115815909282587448e-01 -9.257425742574257321e-02
-9.158415841584158779e-01 9.124845939162935515e-01 -9.158415841584159611e-02
-9.059405940594059681e-01 9.133884914094443364e-01 -9.059405940594060513e-02
-8.960396039603960583e-01 9.142932842937969706e-01 -8.960396039603961416e-02
-8.861386138613861485e-01 9.151989734563179546e-01 -8.861386138613862318e-02
-8.762376237623762387e-01 9.161055597848504206e-01 -8.762376237623763220e-02
-8.663366336633663289e-01 9.170130441681174638e-01 -8.663366336633664122e-02
-8.564356435643564192e-01 9.179214274957225861e-01 -8.564356435643565024e-02
-8.465346534653465094e-01 9.188307106581501404e-01 -8.465346534653465926e-02
-8.366336633663365996e-01 9.197408945467671071e-01 -8.366336633663366829e-02
-8.267326732673268008e-01 9.206519800538228715e-01 -8.267326732673269118e-02
-8.168316831683168910e-01 9.215639680724510008e-01 -8.168316831683170021e-02
-8.069306930693069813e-01 9.224768594966705759e-01 -8.069306930693070923e-02
-7.970297029702970715e-01 9.233906552213849706e-01 -7.970297029702971825e-02
-7.871287128712871617e-01 9.243053561423847375e-01 -7.871287128712872727e-02
-7.772277227722772519e-01 9.252209631563477199e-01 -7.772277227722773629e-02
-7.673267326732673421e-01 9.261374771608399392e-01 -7.673267326732674531e-02
-7.574257425742574323e-01 9.270548990543163725e-01 -7.574257425742575434e-02
-7.475247524752475226e-01 9.279732297361227289e-01 -7.475247524752474948e-02
-7.376237623762376128e-01 9.288924701064935618e-01 -7.376237623762375850e-02
-7.277227722772277030e-01 9.298126210665577096e-01 -7.277227722772276752e-02
-7.178217821782177932e-01 9.307336835183359636e-01 -7.178217821782177654e-02
-7.079207920792078834e-01 9.316556583647417344e-01 -7.079207920792078557e-02
-6.980198019801979736e-01 9.325785465095833837e-01 -6.980198019801979459e-02
-6.881188118811880639e-01 9.335023488575645567e-01 -6.881188118811880361e-02
-6.782178217821781541e-01 9.344270663142855149e-01 -6.782178217821781263e-02
-6.683168316831682443e-01 9.353526997862424697e-01 -6.683168316831682165e-02
-6.584158415841583345e-01 9.362792501808309131e-01 -6.584158415841583067e-02
-6.485148514851484247e-01 9.372067184063446188e-01 -6.485148514851483970e-02
-6.386138613861386260e-01 9.381351053719773070e-01 -6.386138613861386260e-02
-6.287128712871287162e-01 9.390644119878223117e-01 -6.287128712871287162e-02
-6.188118811881188064e-01 9.399946391648765776e-01 -6.188118811881188064e-02
-6.089108910891088966e-01 9.409257878150468768e-01 -6.089108910891088966e-02
-5.990099009900989868e-01 9.418578588511371530e-01 -5.990099009900989868e-02
-5.891089108910891881e-01 9.427908531868292030e-01 -5.891089108910892158e-02
-5.792079207920792783e-01 9.437247717367036604e-01 -5.792079207920793060e-02
-5.693069306930693685e-01 9.446596154162913983e-01 -5.693069306930693962e-02
-5.594059405940594587e-01 9.455953851421079470e-01 -5.594059405940594865e-02
-5.495049504950495489e-01 9.465320818315819951e-01 -5.495049504950495767e-02
-5.396039603960396391e-01 9.474697064028774207e-01 -5.396039603960396669e-02
-5.297029702970297294e-01 9.484082597747993670e-01 -5.297029702970297571e-02
-5.198019801980198196e-01 9.493477428670561435e-01 -5.198019801980198473e-02
-5.099009900990099098e-01 9.502881566008606340e-01 -5.099009900990099375e-02
-5.000000000000000000e-01 9.512295018992861229e-01 -5.000000000000000278e-02
-4.900990099009900902e-01 9.521717796865272199e-01 -4.900990099009901180e-02
-4.801980198019801804e-01 9.531149908859772868e-01 -4.801980198019802082e-02
-4.702970297029702706e-01 9.540591364186413736e-01 -4.702970297029702984e-02
-4.603960396039603609e-01 9.550042172045126732e-01 -4.603960396039603886e-02
-4.504950495049504511e-01 9.559502341681004323e-01 -4.504950495049504788e-02
-4.405940594059405413e-01 9.568971882450715283e-01 -4.405940594059405691e-02
-4.306930693069306870e-01 9.578450803827964766e-01 -4.306930693069307287e-02
-4.207920792079208328e-01 9.587939115284382918e-01 -4.207920792079208883e-02
-4.108910891089109230e-01 9.597436826068543869e-01 -4.108910891089109785e-02
-4.009900990099010132e-01 9.606943945032713206e-01 -4.009900990099010687e-02
-3.910891089108911034e-01 9.616460480723005855e-01 -3.910891089108911589e-02
-3.811881188118811936e-01 9.625986441852996123e-01 -3.811881188118812491e-02
-3.712871287128712838e-01 9.635521838019049934e-01 -3.712871287128712700e-02
-3.613861386138613740e-01 9.645066680224045896e-01 -3.613861386138613602e-02
-3.514851485148514643e-01 9.654620980674526454e-01 -3.514851485148514504e-02
-3.415841584158415545e-01 9.664184751562008291e-01 -3.415841584158415406e-02
-3.316831683168316447e-01 9.673758003089537594e-01 -3.316831683168316308e-02
-3.217821782178217349e-01 9.683340741593107204e-01 -3.217821782178217210e-02
-3.118811881188118251e-01 9.692932968860151766e-01 -3.118811881188118459e-02
-3.019801980198019709e-01 9.702534683405944493e-01 -3.019801980198019709e-02
-2.920792079207921166e-01 9.712145883586063011e-01 -2.920792079207921305e-02
-2.821782178217822068e-01 9.721766571429836246e-01 -2.821782178217822207e-02
-2.722772277227722970e-01 9.731396755594530212e-01 -2.722772277227723109e-02
-2.623762376237623872e-01 9.741036452250717570e-01 -2.623762376237624011e-02
-2.524752475247524774e-01 9.750685683764522826e-01 -2.524752475247524913e-02
-2.425742574257425677e-01 9.760344475896123306e-01 -2.425742574257425815e-02
-2.326732673267326579e-01 9.770012854188920848e-01 -2.326732673267326718e-02
-2.227722772277227481e-01 9.779690839677928071e-01 -2.227722772277227620e-02
-2.128712871287128383e-01 9.789378444449025052e-01 -2.128712871287128522e-02
-2.029702970297029285e-01 9.799075669692578483e-01 -2.029702970297029424e-02
-1.930693069306930187e-01 9.808782510616647077e-01 -1.930693069306930326e-02
-1.831683168316831090e-01 9.818498969478095528e-01 -1.831683168316831228e-02
-1.732673267326732547e-01 9.828225068302129941e-01 -1.732673267326732477e-02
-1.633663366336634004e-01 9.837960843649269371e-01 -1.633663366336634074e-02
-1.534653465346534906e-01 9.847706311801319723e-01 -1.534653465346534976e-02
-1.435643564356435808e-01 9.857461422575527488e-01 -1.435643564356435878e-02
-1.336633663366336711e-01 9.867226057205129575e-01 -1.336633663366336780e-02
-1.237623762376237613e-01 9.877000126471986441e-01 -1.237623762376237682e-02
-1.138613861386138515e-01 9.886783750451756392e-01 -1.138613861386138584e-02
-1.039603960396039417e-01 9.896577371747711238e-01 -1.039603960396039486e-02
-9.405940594059403193e-02 9.906381579360885592e-01 -9.405940594059403886e-03
-8.415841584158412214e-02 9.916196544114070921e-01 -8.415841584158412908e-03
-7.425742574257421236e-02 9.926021326005260992e-01 -7.425742574257421930e-03
-6.435643564356430257e-02 9.935853720067191475e-01 -6.435643564356430951e-03
-5.445544554455444830e-02 9.945691345506713077e-01 -5.445544554455445177e-03
-4.455445544554459403e-02 9.955534016568677869e-01 -4.455445544554459403e-03
-3.465346534653468424e-02 9.965386322201111868e-01 -3.465346534653468424e-03
-2.475247524752477446e-02 9.975257950244347249e-01 -2.475247524752477446e-03
-1.485148514851486468e-02 9.985160107518193939e-01 -1.485148514851486468e-03
-4.950495049504954892e-03 9.995102748244941715e-01 -4.950495049504954892e-04
4.950495049504954892e-03 1.665483317562092669e+00 5.049504950495049549e-01
1.485148514851486468e-02 1.682066379809048051e+00 5.148514851485148647e-01
2.475247524752477446e-02 1.698818201864134458e+00 5.247524752475247745e-01
3.465346534653468424e-02 1.715741315548813928e+00 5.346534653465346842e-01
4.455445544554459403e-02 1.732838619826966520e+00 5.445544554455445940e-01
5.445544554455450381e-02 1.750112808788417462e+00 5.544554455445545038e-01
6.435643564356441360e-02 1.767568153896546423e+00 5.643564356435644136e-01
7.425742574257432338e-02 1.785208874536029944e+00 5.742574257425743234e-01
8.415841584158423316e-02 1.803039781958927446e+00 5.841584158415842332e-01
9.405940594059414295e-02 1.821066376798978537e+00 5.940594059405941429e-01
1.039603960396040527e-01 1.839294949971425730e+00 6.039603960396040527e-01
1.138613861386139625e-01 1.857732688802547827e+00 6.138613861386139625e-01
1.237623762376238723e-01 1.876387784902666223e+00 6.237623762376238723e-01
1.336633663366337821e-01 1.895269539675447090e+00 6.336633663366337821e-01
1.435643564356435808e-01 1.914388462260159240e+00 6.435643564356435808e-01
1.534653465346533796e-01 1.933756353636685299e+00 6.534653465346533796e-01
1.633663366336632894e-01 1.953386369692455160e+00 6.633663366336632894e-01
1.732673267326731992e-01 1.973293055379237604e+00 6.732673267326731992e-01
1.831683168316831090e-01 1.993492341820110703e+00 6.831683168316831090e-01
1.930693069306930187e-01 2.014001498517283384e+00 6.930693069306930187e-01
2.029702970297029285e-01 2.034839033805221575e+00 7.029702970297029285e-01
2.128712871287128383e-01 2.056024538501262544e+00 7.128712871287128383e-01
2.227722772277227481e-01 2.077578470372572372e+00 7.227722772277227481e-01
2.326732673267326579e-01 2.099521880512459582e+00 7.326732673267326579e-01
2.425742574257425677e-01 2.121876086828093033e+00 7.425742574257425677e-01
2.524752475247524774e-01 2.144662304281447440e+00 7.524752475247524774e-01
2.623762376237623872e-01 2.167901245871721283e+00 7.623762376237623872e-01
2.722772277227722970e-01 2.191612712094736182e+00 7.722772277227722970e-01
2.821782178217822068e-01 2.215815189241472360e+00 7.821782178217822068e-01
2.920792079207921166e-01 2.240525477950842781e+00 7.920792079207921166e-01
3.019801980198020264e-01 2.265758372616064165e+00 8.019801980198020264e-01
3.118811881188119361e-01 2.291526409495771688e+00 8.118811881188119361e-01
3.217821782178218459e-01 2.317839696901663693e+00 8.217821782178218459e-01
3.316831683168317557e-01 2.344705835089534229e+00 8.316831683168317557e-01
3.415841584158416655e-01 2.372129927083054923e+00 8.415841584158416655e-01
3.514851485148515753e-01 2.400114675450600643e+00 8.514851485148515753e-01
3.613861386138614851e-01 2.428660554314644671e+00 8.613861386138614851e-01
3.712871287128713949e-01 2.457766042550695751e+00 8.712871287128713949e-01
3.811881188118813046e-01 2.487427898717944785e+00 8.811881188118813046e-01
3.910891089108911034e-01 2.517641467089121399e+00 8.910891089108911034e-01
4.009900990099009022e-01 2.548400973089851806e+00 9.009900990099009022e-01
4.108910891089108119e-01 2.579699872092330537e+00 9.108910891089108119e-01
4.207920792079207217e-01 2.611530984754166784e+00 9.207920792079207217e-01
4.306930693069306315e-01 2.643887218196624200e+00 9.306930693069306315e-01
4.405940594059405413e-01 2.676760322976488027e+00 9.405940594059405413e-01
4.504950495049504511e-01 2.710145622905281382e+00 9.504950495049504511e-01
4.603960396039603609e-01 2.744028139201638794e+00 9.603960396039603609e-01
4.702970297029702706e-01 2.778425712452353924e+00 9.702970297029702706e-01
4.801980198019801804e-01 2.813258433770870148e+00 9.801980198019801804e-01
4.900990099009900902e-01 2.848748321020998731e+00 9.900990099009900902e-01
5.000000000000000000e-01 2.884236245444244506e+00 1.000000000000000000e+00
5.099009900990099098e-01 4.340604826561186513e+00 1.409900990099009821e+00
5.198019801980198196e-01 4.391263749991251686e+00 1.419801980198019731e+00
5.297029702970297294e-01 4.442648559803644481e+00 1.429702970297029641e+00
5.396039603960396391e-01 4.494643842244702370e+00 1.439603960396039550e+00
5.495049504950495489e-01 4.547227432181868423e+00 1.449504950495049460e+00
5.594059405940594587e-01 4.600394901332447439e+00 1.459405940594059370e+00
5.693069306930693685e-01 4.654149848793515787e+00 1.469306930693069280e+00
5.792079207920792783e-01 4.708494897936986057e+00 1.479207920792079189e+00
5.891089108910891881e-01 4.763433005732746750e+00 1.489108910891089099e+00
5.990099009900990978e-01 4.818967347833839732e+00 1.499009900990099009e+00
6.089108910891090076e-01 4.875101287515636983e+00 1.508910891089108919e+00
6.188118811881189174e-01 4.931838365139809000e+00 1.518811881188118829e+00
6.287128712871288272e-01 4.989182291578998729e+00 1.528712871287128738e+00
6.386138613861387370e-01 5.047136942647631130e+00 1.538613861386138648e+00
6.485148514851485357e-01 5.105706353971646294e+00 1.548514851485148558e+00
6.584158415841583345e-01 5.164894716188332069e+00 1.558415841584158468e+00
6.683168316831682443e-01 5.224706370455419524e+00 1.568316831683168378e+00
6.782178217821781541e-01 5.285145804265520830e+00 1.578217821782178287e+00
6.881188118811880639e-01 5.346217647565955744e+00 1.588118811881188197e+00
6.980198019801979736e-01 5.407926669185699531e+00 1.598019801980198107e+00
7.079207920792078834e-01 5.470277773572686186e+00 1.607920792079208017e+00
7.178217821782177932e-01 5.533275997845632510e+00 1.617821782178217926e+00
7.277227722772277030e-01 5.596926509165079722e+00 1.627722772277227836e+00
7.376237623762376128e-01 5.661234602427881235e+00 1.637623762376237746e+00
7.475247524752475226e-01 5.726205698288278967e+00 1.647524752475247656e+00
7.574257425742574323e-01 5.791845341506504319e+00 1.657425742574257566e+00
7.673267326732673421e-01 5.858159199623133695e+00 1.667326732673267475e+00
7.772277227722772519e-01 5.925153061953987610e+00 1.677227722772277385e+00
7.871287128712871617e-01 5.992832838896559267e+00 1.687128712871287295e+00
7.970297029702970715e-01 6.061204561535474156e+00 1.697029702970297205e+00
8.069306930693069813e-01 6.130274381529980943e+00 1.706930693069307114e+00
8.168316831683168910e-01 6.200048571265592834e+00 1.716831683168317024e+00
8.267326732673268008e-01 6.270533524242784651e+00 1.726732673267326934e+00
8.366336633663367106e-01 6.341735755692015530e+00 1.736633663366336844e+00
8.465346534653466204e-01 6.413661903351878912e+00 1.746534653465346754e+00
8.564356435643565302e-01 6.486318728490017449e+00 1.756435643564356663e+00
8.663366336633664400e-01 6.559713116846022984e+00 1.766336633663366573e+00
8.762376237623763497e-01 6.633852080295867815e+00 1.776237623762376483e+00
8.861386138613862595e-01 6.708742756909506610e+00 1.786138613861386393e+00
8.960396039603960583e-01 6.784392415819807454e+00 1.796039603960396080e+00
9.059405940594058571e-01 6.860808448877842025e+00 1.805940594059405768e+00
9.158415841584157668e-01 6.937998399406376748e+00 1.815841584158415678e+00
9.257425742574256766e-01 7.015969887293004525e+00 1.825742574257425588e+00
9.356435643564355864e-01 7.094730824031413974e+00 1.835643564356435498e+00
9.455445544554454962e-01 7.174288816484625464e+00 1.845544554455445407e+00
9.554455445544554060e-01 7.254652841004455510e+00 1.855445544554455317e+00
9.653465346534653158e-01 7.335828561677638859e+00 1.865346534653465227e+00
9.752475247524752255e-01 7.417831449657690257e+00 1.875247524752475137e+00
9.851485148514851353e-01 7.500650048605282727e+00 1.885148514851485047e+00
9.950495049504950451e-01 7.584349078955368029e+00 1.895049504950494956e+00
