-9.950495049504950451e-01 9.052855418896557094e-01 -9.950495049504951006e-02
-9.851485148514851353e-01 9.061823081030189186e-01 -9.851485148514851908e-02
-9.752475247524752255e-01 9.070799626131043070e-01 -9.752475247524752811e-02
-9.653465346534653158e-01 9.079785063362046937e-01 -9.653465346534653713e-02
-9.554455445544554060e-01 9.088779401471249741e-01 -9.554455445544554615e-02
-9.455445544554454962e-01 9.097782649275714117e-01 -9.455445544554455517e-02
-9.356435643564355864e-01 9.106794815601293447e-01 -9.356435643564356419e-02
-9.257425742574256766e-01 9.115815909282587448e-01 -9.257425742574257321e-02
-9.158415841584158779e-01 9.124845939162935515e-01 -9.158415841584159611e-02
-9.059405940594059681e-01 9.133884914094443364e-01 -9.059405940594060513e-02
-8.960396039603960583e-01 9.142932842937969706e-01 -8.960396039603961416e-02
-8.861386138613861485e-01 9.151989734563179546e-01 -8.861386138613862318e-02
-8.762376237623762387e-01 9.161055597848504206e-01 -8.762376237623763220e-02
-8.663366336633663289e-01 9.170130441681174638e-01 -8.663366336633664122e-02
-8.564356435643564192e-01 9.179214274957225861e-01 -8.564356435643565024e-02
-8.465346534653465094e-01 9.188307106581501404e-01 -8.465346534653465926e-02
-8.366336633663365996e-01 9.197408945467671071e-01 -8.366336633663366829e-02
-8.267326732673268008e-01 9.206519800538228715e-01 -8.267326732673269118e-02
-8.168316831683168910e-01 9.215639680724510008e-01 -8.168316831683170021e-02
-8.069306930693069813e-01 9.224768594966705759e-01 -8.069306930693070923e-02
-7.970297029702970715e-01 9.233906552213849706e-01 -7.970297029702971825e-02
-7.871287128712871617e-01 9.243053561423847375e-01 -7.871287128712872727e-02
-7.772277227722772519e-01 9.252209631563477199e-01 -7.772277227722773629e-02
-7.673267326732673421e-01 9.261374771608399392e-01 -7.673267326732674531e-02
-7.574257425742574323e-01 9.270548990543163725e-01 -7.574257425742575434e-02
-7.475247524752475226e-01 9.279732297361227289e-01 -7.475247524752474948e-02
-7.376237623762376128e-01 9.288924701064935618e-01 -7.376237623762375850e-02
-7.277227722772277030e-01 9.298126210665577096e-01 -7.277227722772276752e-02
-7.178217821782177932e-01 9.307336835183359636e-01 -7.178217821782177654e-02
-7.079207920792078834e-01 9.316556583647417344e-01 -7.079207920792078557e-02
-6.980198019801979736e-01 9.325785465095874915e-01 -6.980198019801979459e-02
-6.881188118811880639e-01 9.335023488575864281e-01 -6.881188118811880361e-02
-6.782178217821781541e-01 9.344270663143313671e-01 -6.782178217821781263e-02
-6.683168316831682443e-01 9.353526997862857684e-01 -6.683168316831682165e-02
-6.584158415841583345e-01 9.362792501808202550e-01 -6.584158415841583067e-02
-6.485148514851484247e-01 9.372067184062818912e-01 -6.485148514851483970e-02
-6.386138613861386260e-01 9.381351053719969579e-01 -6.386138613861386260e-02
-6.287128712871287162e-01 9.390644119880988683e-01 -6.287128712871287162e-02
-6.188118811881188064e-01 9.399946391653177802e-01 -6.188118811881188064e-02
-6.089108910891088966e-01 9.409257878150771859e-01 -6.089108910891088966e-02
-5.990099009900989868e-01 9.418578588501249627e-01 -5.990099009900989868e-02
-5.891089108910891881e-01 9.427908531852099427e-01 -5.891089108910892158e-02
-5.792079207920792783e-01 9.437247717366622490e-01 -5.792079207920793060e-02
-5.693069306930693685e-01 9.446596154202915319e-01 -5.693069306930693962e-02
-5.594059405940594587e-01 9.455953851490689344e-01 -5.594059405940594865e-02
-5.495049504950495489e-01 9.465320818340104969e-01 -5.495049504950495767e-02
-5.396039603960396391e-01 9.474697063904429228e-01 -5.396039603960396669e-02
-5.297029702970297294e-01 9.484082597463552311e-01 -5.297029702970297571e-02
-5.198019801980198196e-01 9.493477428434826670e-01 -5.198019801980198473e-02
-5.099009900990099098e-01 9.502881566224922194e-01 -5.099009900990099375e-02
-5.000000000000000000e-01 9.512295019955934183e-01 -5.000000000000000278e-02
-4.900990099009900902e-01 9.521717798274118572e-01 -4.900990099009901180e-02
-4.801980198019801804e-01 9.531149909525404862e-01 -4.801980198019802082e-02
-4.702970297029702706e-01 9.540591362415060672e-01 -4.702970297029702984e-02
-4.603960396039603609e-01 9.550042166880970962e-01 -4.603960396039603886e-02
-4.504950495049504511e-01 9.559502334541121193e-01 -4.504950495049504788e-02
-4.405940594059405413e-01 9.568971878057599412e-01 -4.405940594059405691e-02
-4.306930693069306870e-01 9.578450809252880838e-01 -4.306930693069307287e-02
-4.207920792079208328e-01 9.587939136629686221e-01 -4.207920792079208883e-02
-4.108910891089109230e-01 9.597436863599062562e-01 -4.108910891089109785e-02
-4.009900990099010132e-01 9.606943988727165706e-01 -4.009900990099010687e-02
-3.910891089108911034e-01 9.616460508509133698e-01 -3.910891089108911589e-02
-3.811881188118811936e-01 9.625986421883859778e-01 -3.811881188118812491e-02
-3.712871287128712838e-01 9.635521734598403443e-01 -3.712871287128712700e-02
-3.613861386138613740e-01 9.645066461339122377e-01 -3.613861386138613602e-02
-3.514851485148514643e-01 9.654620624579682842e-01 -3.514851485148514504e-02
-3.415841584158415545e-01 9.664184250849523483e-01 -3.415841584158415406e-02
-3.316831683168316447e-01 9.673757366344176711e-01 -3.316831683168316308e-02
-3.217821782178217349e-01 9.683339993394470824e-01 -3.217821782178217210e-02
-3.118811881188118251e-01 9.692932147726827097e-01 -3.118811881188118459e-02
-3.019801980198019709e-01 9.702533835905903237e-01 -3.019801980198019709e-02
-2.920792079207921166e-01 9.712145054609995221e-01 -2.920792079207921305e-02
-2.821782178217822068e-01 9.721765796304425722e-01 -2.821782178217822207e-02
-2.722772277227722970e-01 9.731396063337607316e-01 -2.722772277227723109e-02
-2.623762376237623872e-01 9.741035881170405641e-01 -2.623762376237624011e-02
-2.524752475247524774e-01 9.750685290048046738e-01 -2.524752475247524913e-02
-2.425742574257425677e-01 9.760344302657492088e-01 -2.425742574257425815e-02
-2.326732673267326579e-01 9.770012854006142611e-01 -2.326732673267326718e-02
-2.227722772277227481e-01 9.779690813998653809e-01 -2.227722772277227620e-02
-2.128712871287128383e-01 9.789378122156487949e-01 -2.128712871287128522e-02
-2.029702970297029285e-01 9.799074992761922509e-01 -2.029702970297029424e-02
-1.930693069306930187e-01 9.808781977156028065e-01 -1.930693069306930326e-02
-1.831683168316831090e-01 9.818499625586458723e-01 -1.831683168316831228e-02
-1.732673267326732547e-01 9.828227739243983185e-01 -1.732673267326732477e-02
-1.633663366336634004e-01 9.837964714329039406e-01 -1.633663366336634074e-02
-1.534653465346534906e-01 9.847707889042487395e-01 -1.534653465346534976e-02
-1.435643564356435808e-01 9.857455511450541330e-01 -1.435643564356435878e-02
-1.336633663366336711e-01 9.867209805594103766e-01 -1.336633663366336780e-02
-1.237623762376237613e-01 9.876978982139432706e-01 -1.237623762376237682e-02
-1.138613861386138515e-01 9.886774986348694227e-01 -1.138613861386138584e-02
-1.039603960396039417e-01 9.896609376123697288e-01 -1.039603960396039486e-02
-9.405940594059403193e-02 9.906494299703429984e-01 -9.405940594059403886e-03
-8.415841584158412214e-02 9.916447778586494621e-01 -8.415841584158412908e-03
-7.425742574257421236e-02 9.926499862816605679e-01 -7.425742574257421930e-03
-6.435643564356430257e-02 9.936699473637593538e-01 -6.435643564356430951e-03
-5.445544554455444830e-02 9.947122985327003786e-01 -5.445544554455445177e-03
-4.455445544554459403e-02 9.957885474390469893e-01 -4.455445544554459403e-03
-3.465346534653468424e-02 9.969155116486392298e-01 -3.465346534653468424e-03
-2.475247524752477446e-02 9.981170594881745295e-01 -2.475247524752477446e-03
-1.485148514851486468e-02 9.994260178118924420e-01 -1.485148514851486468e-03
-4.950495049504954892e-03 1.000888952992241787e+00 -4.950495049504954892e-04
4.950495049504954892e-03 1.668307704099174948e+00 5.049504950495049549e-01
1.485148514851486468e-02 1.685631499422798107e+00 5.148514851485148647e-01
2.475247524752477446e-02 1.703309471805536379e+00 5.247524752475247745e-01
3.465346534653468424e-02 1.721361480334414829e+00 5.346534653465346842e-01
4.455445544554459403e-02 1.739816399388287138e+00 5.445544554455445940e-01
5.445544554455450381e-02 1.758705231082527298e+00 5.544554455445545038e-01
6.435643564356441360e-02 1.778062018641900277e+00 5.643564356435644136e-01
7.425742574257432338e-02 1.797919377122940032e+00 5.742574257425743234e-01
8.415841584158423316e-02 1.818308356819506866e+00 5.841584158415842332e-01
9.405940594059414295e-02 1.839257402157910448e+00 5.940594059405941429e-01
1.039603960396040527e-01 1.860791392282627577e+00 6.039603960396040527e-01
1.138613861386139625e-01 1.882930828046598837e+00 6.138613861386139625e-01
1.237623762376238723e-01 1.905691228742130816e+00 6.237623762376238723e-01
1.336633663366337821e-01 1.929082789347702942e+00 6.336633663366337821e-01
1.435643564356435808e-01 1.953110325023845295e+00 6.435643564356435808e-01
1.534653465346533796e-01 1.977773500411041052e+00 6.534653465346533796e-01
1.633663366336632894e-01 2.003067312130809352e+00 6.633663366336632894e-01
1.732673267326731992e-01 2.028982768594415731e+00 6.732673267326731992e-01
1.831683168316831090e-01 2.055507695577841965e+00 6.831683168316831090e-01
1.930693069306930187e-01 2.082627591060785655e+00 6.930693069306930187e-01
2.029702970297029285e-01 2.110326458435549224e+00 7.029702970297029285e-01
2.128712871287128383e-01 2.138587561231907408e+00 7.128712871287128383e-01
2.227722772277227481e-01 2.167394061462345256e+00 7.227722772277227481e-01
2.326732673267326579e-01 2.196729523643222493e+00 7.326732673267326579e-01
2.425742574257425677e-01 2.226578284121096374e+00 7.425742574257425677e-01
2.524752475247524774e-01 2.256925698372540090e+00 7.524752475247524774e-01
2.623762376237623872e-01 2.287758286699255628e+00 7.623762376237623872e-01
2.722772277227722970e-01 2.319063801632673449e+00 7.722772277227722970e-01
2.821782178217822068e-01 2.350831239524947769e+00 7.821782178217822068e-01
2.920792079207921166e-01 2.383050815599170313e+00 7.920792079207921166e-01
3.019801980198020264e-01 2.415713917407169120e+00 8.019801980198020264e-01
3.118811881188119361e-01 2.448813047231644724e+00 8.118811881188119361e-01
3.217821782178218459e-01 2.482341760196766778e+00 8.217821782178218459e-01
3.316831683168317557e-01 2.516294602362945110e+00 8.316831683168317557e-01
3.415841584158416655e-01 2.550667051891537973e+00 8.415841584158416655e-01
3.514851485148515753e-01 2.585455467051988254e+00 8.514851485148515753e-01
3.613861386138614851e-01 2.620657044863092811e+00 8.613861386138614851e-01
3.712871287128713949e-01 2.656269798601243348e+00 8.712871287128713949e-01
3.811881188118813046e-01 2.692292552630473956e+00 8.811881188118813046e-01
3.910891089108911034e-01 2.728724981163331620e+00 8.910891089108911034e-01
4.009900990099009022e-01 2.765567628526770960e+00 9.009900990099009022e-01
4.108910891089108119e-01 2.802822100187157162e+00 9.108910891089108119e-01
4.207920792079207217e-01 2.840490863957196410e+00 9.207920792079207217e-01
4.306930693069306315e-01 2.878578294227533085e+00 9.306930693069306315e-01
4.405940594059405413e-01 2.917088150339971264e+00 9.405940594059405413e-01
4.504950495049504511e-01 2.956031591962200444e+00 9.504950495049504511e-01
4.603960396039603609e-01 2.995404306342052791e+00 9.603960396039603609e-01
4.702970297029702706e-01 3.035254383192490302e+00 9.702970297029702706e-01
4.801980198019801804e-01 3.075484202414538348e+00 9.801980198019801804e-01
4.900990099009900902e-01 3.116437691746539063e+00 9.900990099009900902e-01
5.000000000000000000e-01 3.157205407638180361e+00 1.000000000000000000e+00
5.099009900990099098e-01 4.753214130057308751e+00 1.409900990099009821e+00
5.198019801980198196e-01 4.810652986006521026e+00 1.419801980198019731e+00
5.297029702970297294e-01 4.868945084986817662e+00 1.429702970297029641e+00
5.396039603960396391e-01 4.927944135070299936e+00 1.439603960396039550e+00
5.495049504950495489e-01 4.987630522882755990e+00 1.449504950495049460e+00
5.594059405940594587e-01 5.048008462601341506e+00 1.459405940594059370e+00
5.693069306930693685e-01 5.109091738900128021e+00 1.469306930693069280e+00
5.792079207920792783e-01 5.170892392503054324e+00 1.479207920792079189e+00
5.891089108910891881e-01 5.233421972069592698e+00 1.489108910891089099e+00
5.990099009900990978e-01 5.296691210843112785e+00 1.499009900990099009e+00
6.089108910891090076e-01 5.360709848135601696e+00 1.508910891089108919e+00
6.188118811881189174e-01 5.425486523195579558e+00 1.518811881188118829e+00
6.287128712871288272e-01 5.491028731294889553e+00 1.528712871287128738e+00
6.386138613861387370e-01 5.557342845921231955e+00 1.538613861386138648e+00
6.485148514851485357e-01 5.624434212557628321e+00 1.548514851485148558e+00
6.584158415841583345e-01 5.692307320311963181e+00 1.558415841584158468e+00
6.683168316831682443e-01 5.760966052738284660e+00 1.568316831683168378e+00
6.782178217821781541e-01 5.830414003124768207e+00 1.578217821782178287e+00
6.881188118811880639e-01 5.900654818943722901e+00 1.588118811881188197e+00
6.980198019801979736e-01 5.971692540149605044e+00 1.598019801980198107e+00
7.079207920792078834e-01 6.043531929772317568e+00 1.607920792079208017e+00
7.178217821782177932e-01 6.116178825601148006e+00 1.617821782178217926e+00
7.277227722772277030e-01 6.189640506372770190e+00 1.627722772277227836e+00
7.376237623762376128e-01 6.263925936840466946e+00 1.637623762376237746e+00
7.475247524752475226e-01 6.339045589830590188e+00 1.647524752475247656e+00
7.574257425742574323e-01 6.415010556087501037e+00 1.657425742574257566e+00
7.673267326732673421e-01 6.491830946690647863e+00 1.667326732673267475e+00
7.772277227722772519e-01 6.569514044328393254e+00 1.677227722772277385e+00
7.871287128712871617e-01 6.648063021096802139e+00 1.687128712871287295e+00
7.970297029702970715e-01 6.727476722627859118e+00 1.697029702970297205e+00
8.069306930693069813e-01 6.807749756455081069e+00 1.706930693069307114e+00
8.168316831683168910e-01 6.888871040744062313e+00 1.716831683168317024e+00
8.267326732673268008e-01 6.970818220776364704e+00 1.726732673267326934e+00
8.366336633663367106e-01 7.053546892673848490e+00 1.736633663366336844e+00
8.465346534653466204e-01 7.136978906709917858e+00 1.746534653465346754e+00
8.564356435643565302e-01 7.220997416517223044e+00 1.756435643564356663e+00
8.663366336633664400e-01 7.305457640088885540e+00 1.766336633663366573e+00
8.762376237623763497e-01 7.390215917535387646e+00 1.776237623762376483e+00
8.861386138613862595e-01 7.475158220795162123e+00 1.786138613861386393e+00
8.960396039603960583e-01 7.560209989361486471e+00 1.796039603960396080e+00
9.059405940594058571e-01 7.645328339809395857e+00 1.805940594059405768e+00
9.158415841584157668e-01 7.730479199791204792e+00 1.815841584158415678e+00
9.257425742574256766e-01 7.815612068172430149e+00 1.825742574257425588e+00
9.356435643564355864e-01 7.900658154398955801e+00 1.835643564356435498e+00
9.455445544554454962e-01 7.985562581817695182e+00 1.845544554455445407e+00
9.554455445544554060e-01 8.070248554765653282e+00 1.855445544554455317e+00
9.653465346534653158e-01 8.154809791515694073e+00 1.865346534653465227e+00
9.752475247524752255e-01 8.239039455271335299e+00 1.875247524752475137e+00
9.851485148514851353e-01 8.323555189855127878e+00 1.885148514851485047e+00
9.950495049504950451e-01 8.407665494760244940e+00 1.895049504950494956e+00
