-9.950495049504950451e-01 9.052855419266891968e-01 -9.950495049504951006e-02
-9.851485148514851353e-01 9.061823081044022565e-01 -9.851485148514851908e-02
-9.752475247524752255e-01 9.070799622733010104e-01 -9.752475247524752811e-02
-9.653465346534653158e-01 9.079785060197501645e-01 -9.653465346534653713e-02
-9.554455445544554060e-01 9.088779414437442306e-01 -9.554455445544554615e-02
-9.455445544554454962e-01 9.097782683169473028e-01 -9.455445544554455517e-02
-9.356435643564355864e-01 9.106794827421453853e-01 -9.356435643564356419e-02
-9.257425742574256766e-01 9.115815809583380780e-01 -9.257425742574257321e-02
-9.158415841584158779e-01 9.124845645888105539e-01 -9.158415841584159611e-02
-9.059405940594059681e-01 9.133884408929162646e-01 -9.059405940594060513e-02
-8.960396039603960583e-01 9.142932177027214280e-01 -8.960396039603961416e-02
-8.861386138613861485e-01 9.151988986732371156e-01 -8.861386138613862318e-02
-8.762376237623762387e-01 9.161054829446113601e-01 -8.762376237623763220e-02
-8.663366336633663289e-01 9.170129680087217849e-01 -8.663366336633664122e-02
-8.564356435643564192e-01 9.179213523143784359e-01 -8.564356435643565024e-02
-8.465346534653465094e-01 9.188306359180781202e-01 -8.465346534653465926e-02
-8.366336633663365996e-01 9.197408198183156802e-01 -8.366336633663366829e-02
-8.267326732673268008e-01 9.206519051960734279e-01 -8.267326732673269118e-02
-8.168316831683168910e-01 9.215638930955764030e-01 -8.168316831683170021e-02
-8.069306930693069813e-01 9.224767844273518147e-01 -8.069306930693070923e-02
-7.970297029702970715e-01 9.233905800925359397e-01 -7.970297029702971825e-02
-7.871287128712871617e-01 9.243052809260546843e-01 -7.871287128712872727e-02
-7.772277227722772519e-01 9.252208878333059161e-01 -7.772277227722773629e-02
-7.673267326732673421e-01 9.261374019376542588e-01 -7.673267326732674531e-02
-7.574257425742574323e-01 9.270548235669932025e-01 -7.574257425742575434e-02
-7.475247524752475226e-01 9.279731535703981127e-01 -7.475247524752474948e-02
-7.376237623762376128e-01 9.288923957234422879e-01 -7.376237623762375850e-02
-7.277227722772277030e-01 9.298125479250043401e-01 -7.277227722772276752e-02
-7.178217821782177932e-01 9.307336003241630795e-01 -7.178217821782177654e-02
-7.079207920792078834e-01 9.316555729765176874e-01 -7.079207920792078557e-02
-6.980198019801979736e-01 9.325785151854695254e-01 -6.980198019801979459e-02
-6.881188118811880639e-01 9.335023644783497776e-01 -6.881188118811880361e-02
-6.782178217821781541e-01 9.344269053467917363e-01 -6.782178217821781263e-02
-6.683168316831682443e-01 9.353522763364735537e-01 -6.683168316831682165e-02
-6.584158415841583345e-01 9.362796921239073811e-01 -6.584158415841583067e-02
-6.485148514851484247e-01 9.372111856928546647e-01 -6.485148514851483970e-02
-6.386138613861386260e-01 9.381491658999927541e-01 -6.386138613861386260e-02
-6.287128712871287162e-01 9.390978483236309682e-01 -6.287128712871287162e-02
-6.188118811881188064e-01 9.400660672292241449e-01 -6.188118811881188064e-02
-6.089108910891088966e-01 9.410711040954141682e-01 -6.089108910891088966e-02
-5.990099009900989868e-01 9.421443642993676537e-01 -5.990099009900989868e-02
-5.891089108910891881e-01 9.433398237831790434e-01 -5.891089108910892158e-02
-5.792079207920792783e-01 9.447457464476067823e-01 -5.792079207920793060e-02
-5.693069306930693685e-01 9.464993948917481692e-01 -5.693069306930693962e-02
-5.594059405940594587e-01 9.488029708682358399e-01 -5.594059405940594865e-02
-5.495049504950495489e-01 9.519367239250734469e-01 -5.495049504950495767e-02
-5.396039603960396391e-01 9.562625783079267139e-01 -5.396039603960396669e-02
-5.297029702970297294e-01 9.622102049972433013e-01 -5.297029702970297571e-02
-5.198019801980198196e-01 9.702393200916014093e-01 -5.198019801980198473e-02
-5.099009900990099098e-01 9.807782969966221120e-01 -5.099009900990099375e-02
-5.000000000000000000e-01 9.941499292457650627e-01 -5.000000000000000278e-02
-4.900990099009900902e-01 1.010512357037735232e+00 -4.900990099009901180e-02
-4.801980198019801804e-01 1.029845015180541612e+00 -4.801980198019802082e-02
-4.702970297029702706e-01 1.051924014194994816e+00 -4.702970297029702984e-02
-4.603960396039603609e-01 1.076193523477290137e+00 -4.603960396039603886e-02
-4.504950495049504511e-01 1.101880697996576286e+00 -4.504950495049504788e-02
-4.405940594059405413e-01 1.128813192444382052e+00 -4.405940594059405691e-02
-4.306930693069306870e-01 1.158022389922848117e+00 -4.306930693069307287e-02
-4.207920792079208328e-01 1.190287902041520463e+00 -4.207920792079208883e-02
-4.108910891089109230e-01 1.219667816032968588e+00 -4.108910891089109785e-02
-4.009900990099010132e-01 1.237989591949956836e+00 -4.009900990099010687e-02
-3.910891089108911034e-01 1.245957788294865587e+00 -3.910891089108911589e-02
-3.811881188118811936e-01 1.247790844162327772e+00 -3.811881188118812491e-02
-3.712871287128712838e-01 1.247278236923865080e+00 -3.712871287128712700e-02
-3.613861386138613740e-01 1.241607962581639413e+00 -3.613861386138613602e-02
-3.514851485148514643e-01 1.226172868259000293e+00 -3.514851485148514504e-02
-3.415841584158415545e-01 1.194663587395460080e+00 -3.415841584158415406e-02
-3.316831683168316447e-01 1.141701228090404197e+00 -3.316831683168316308e-02
-3.217821782178217349e-01 1.083965833869780848e+00 -3.217821782178217210e-02
-3.118811881188118251e-01 1.044346520212104057e+00 -3.118811881188118459e-02
-3.019801980198019709e-01 1.018467516954169705e+00 -3.019801980198019709e-02
-2.920792079207921166e-01 1.001689171128884226e+00 -2.920792079207921305e-02
-2.821782178217822068e-01 9.910642351834951791e-01 -2.821782178217822207e-02
-2.722772277227722970e-01 9.845923183721884131e-01 -2.722772277227723109e-02
-2.623762376237623872e-01 9.808865219509708133e-01 -2.623762376237624011e-02
-2.524752475247524774e-01 9.789872603176059673e-01 -2.524752475247524913e-02
-2.425742574257425677e-01 9.782403417428010561e-01 -2.425742574257425815e-02
-2.326732673267326579e-01 9.782098459470107699e-01 -2.326732673267326718e-02
-2.227722772277227481e-01 9.786130785356670359e-01 -2.227722772277227620e-02
-2.128712871287128383e-01 9.792717354400652940e-01 -2.128712871287128522e-02
-2.029702970297029285e-01 9.800763938758754179e-01 -2.029702970297029424e-02
-1.930693069306930187e-01 9.809618309176100226e-01 -1.930693069306930326e-02
-1.831683168316831090e-01 9.818904723365728948e-01 -1.831683168316831228e-02
-1.732673267326732547e-01 9.828415652332529451e-01 -1.732673267326732477e-02
-1.633663366336634004e-01 9.838042917389926423e-01 -1.633663366336634074e-02
-1.534653465346534906e-01 9.847734696185801440e-01 -1.534653465346534976e-02
-1.435643564356435808e-01 9.857466625733428689e-01 -1.435643564356435878e-02
-1.336633663366336711e-01 9.867224425947336286e-01 -1.336633663366336780e-02
-1.237623762376237613e-01 9.876998487260604254e-01 -1.237623762376237682e-02
-1.138613861386138515e-01 9.886783585749665537e-01 -1.138613861386138584e-02
-1.039603960396039417e-01 9.896577987785609709e-01 -1.039603960396039486e-02
-9.405940594059403193e-02 9.906381620676087962e-01 -9.405940594059403886e-03
-8.415841584158412214e-02 9.916194771772532945e-01 -8.415841584158412908e-03
-7.425742574257421236e-02 9.926017613803003181e-01 -7.425742574257421930e-03
-6.435643564356430257e-02 9.935850210719625597e-01 -6.435643564356430951e-03
-5.445544554455444830e-02 9.945692555181484540e-01 -5.445544554455445177e-03
-4.455445544554459403e-02 9.955544639378193228e-01 -4.455445544554459403e-03
-3.465346534653468424e-02 9.965406520278268232e-01 -3.465346534653468424e-03
-2.475247524752477446e-02 9.975278167381946837e-01 -2.475247524752477446e-03
-1.485148514851486468e-02 9.985159503386024094e-01 -1.485148514851486468e-03
-4.950495049504954892e-03 9.995050493775480271e-01 -4.950495049504954892e-04
4.950495049504954892e-03 1.665467309705160659e+00 5.049504950495049549e-01
1.485148514851486468e-02 1.682039601565001430e+00 5.148514851485148647e-01
2.475247524752477446e-02 1.698776858507185850e+00 5.247524752475247745e-01
3.465346534653468424e-02 1.715680520665859632e+00 5.346534653465346842e-01
4.455445544554459403e-02 1.732752056430240772e+00 5.445544554455445940e-01
5.445544554455450381e-02 1.749992956054899018e+00 5.544554455445545038e-01
6.435643564356441360e-02 1.767406180923601688e+00 5.643564356435644136e-01
7.425742574257432338e-02 1.784992944848864393e+00 5.742574257425743234e-01
8.415841584158423316e-02 1.802752854935719684e+00 5.841584158415842332e-01
9.405940594059414295e-02 1.820685628480961604e+00 5.940594059405941429e-01
1.039603960396040527e-01 1.838788911555450323e+00 6.039603960396040527e-01
1.138613861386139625e-01 1.857054101922944067e+00 6.138613861386139625e-01
1.237623762376238723e-01 1.875461568494491749e+00 6.237623762376238723e-01
1.336633663366337821e-01 1.893973663744501490e+00 6.336633663366337821e-01
1.435643564356435808e-01 1.912526048622736674e+00 6.435643564356435808e-01
1.534653465346533796e-01 1.931019795447071585e+00 6.534653465346533796e-01
1.633663366336632894e-01 1.949319359924468920e+00 6.633663366336632894e-01
1.732673267326731992e-01 1.967265318204441282e+00 6.732673267326731992e-01
1.831683168316831090e-01 1.984779101329424922e+00 6.831683168316831090e-01
1.930693069306930187e-01 2.002532042918014454e+00 6.930693069306930187e-01
2.029702970297029285e-01 2.021203033604501265e+00 7.029702970297029285e-01
2.128712871287128383e-01 2.040598180034062015e+00 7.128712871287128383e-01
2.227722772277227481e-01 2.060514420498433807e+00 7.227722772277227481e-01
2.326732673267326579e-01 2.080816529322178532e+00 7.326732673267326579e-01
2.425742574257425677e-01 2.101421961035163655e+00 7.425742574257425677e-01
2.524752475247524774e-01 2.122284346421227319e+00 7.524752475247524774e-01
2.623762376237623872e-01 2.143379689203062988e+00 7.623762376237623872e-01
2.722772277227722970e-01 2.164696794879018782e+00 7.722772277227722970e-01
2.821782178217822068e-01 2.186231394825000063e+00 7.821782178217822068e-01
2.920792079207921166e-01 2.207982824250383835e+00 7.920792079207921166e-01
3.019801980198020264e-01 2.229952020093588505e+00 8.019801980198020264e-01
3.118811881188119361e-01 2.252140428477204193e+00 8.118811881188119361e-01
3.217821782178218459e-01 2.274549763001118663e+00 8.217821782178218459e-01
3.316831683168317557e-01 2.297182020535361247e+00 8.316831683168317557e-01
3.415841584158416655e-01 2.320039398482546034e+00 8.415841584158416655e-01
3.514851485148515753e-01 2.343124174333303777e+00 8.514851485148515753e-01
3.613861386138614851e-01 2.366438641115428787e+00 8.613861386138614851e-01
3.712871287128713949e-01 2.389985095246097924e+00 8.712871287128713949e-01
3.811881188118813046e-01 2.413765844924639747e+00 8.811881188118813046e-01
3.910891089108911034e-01 2.437783218798834639e+00 8.910891089108911034e-01
4.009900990099009022e-01 2.462039569678658779e+00 9.009900990099009022e-01
4.108910891089108119e-01 2.486537274991910351e+00 9.108910891089108119e-01
4.207920792079207217e-01 2.511278736350097684e+00 9.207920792079207217e-01
4.306930693069306315e-01 2.536266379318092845e+00 9.306930693069306315e-01
4.405940594059405413e-01 2.561502653515398187e+00 9.405940594059405413e-01
4.504950495049504511e-01 2.586990032874795009e+00 9.504950495049504511e-01
4.603960396039603609e-01 2.612731015926126332e+00 9.603960396039603609e-01
4.702970297029702706e-01 2.638728126060020607e+00 9.702970297029702706e-01
4.801980198019801804e-01 2.664983911785401727e+00 9.801980198019801804e-01
4.900990099009900902e-01 2.691500946959290097e+00 9.900990099009900902e-01
5.000000000000000000e-01 2.718281831079828237e+00 1.000000000000000000e+00
5.099009900990099098e-01 4.084480852931819506e+00 1.409900990099009821e+00
5.198019801980198196e-01 4.125123454397003897e+00 1.419801980198019731e+00
5.297029702970297294e-01 4.166170469814764132e+00 1.429702970297029641e+00
5.396039603960396391e-01 4.207625923305877258e+00 1.439603960396039550e+00
5.495049504950495489e-01 4.249493879033951593e+00 1.449504950495049460e+00
5.594059405940594587e-01 4.291777056543486069e+00 1.459405940594059370e+00
5.693069306930693685e-01 4.334480954281271892e+00 1.469306930693069280e+00
5.792079207920792783e-01 4.377609764017650562e+00 1.479207920792079189e+00
5.891089108910891881e-01 4.421167712616027146e+00 1.489108910891089099e+00
5.990099009900990978e-01 4.465159070070125580e+00 1.499009900990099009e+00
6.089108910891090076e-01 4.509588148869235980e+00 1.508910891089108919e+00
6.188118811881189174e-01 4.554459304392548979e+00 1.518811881188118829e+00
6.287128712871288272e-01 4.599776935354911167e+00 1.528712871287128738e+00
6.386138613861387370e-01 4.645545484333832853e+00 1.538613861386138648e+00
6.485148514851485357e-01 4.691769438277042070e+00 1.548514851485148558e+00
6.584158415841583345e-01 4.738453328754619776e+00 1.558415841584158468e+00
6.683168316831682443e-01 4.785601731920496427e+00 1.568316831683168378e+00
6.782178217821781541e-01 4.833219268716166361e+00 1.578217821782178287e+00
6.881188118811880639e-01 4.881310606103102856e+00 1.588118811881188197e+00
6.980198019801979736e-01 4.929880459192926168e+00 1.598019801980198107e+00
7.079207920792078834e-01 4.978933592439712896e+00 1.607920792079208017e+00
7.178217821782177932e-01 5.028474817726152679e+00 1.617821782178217926e+00
7.277227722772277030e-01 5.078508990106293197e+00 1.627722772277227836e+00
7.376237623762376128e-01 5.129041006424781557e+00 1.637623762376237746e+00
7.475247524752475226e-01 5.180075812330726670e+00 1.647524752475247656e+00
7.574257425742574323e-01 5.231618415249123188e+00 1.657425742574257566e+00
7.673267326732673421e-01 5.283673889592647832e+00 1.667326732673267475e+00
7.772277227722772519e-01 5.336247359670620583e+00 1.677227722772277385e+00
7.871287128712871617e-01 5.389343965359906008e+00 1.687128712871287295e+00
7.970297029702970715e-01 5.442968845102042152e+00 1.697029702970297205e+00
8.069306930693069813e-01 5.497127178377406942e+00 1.706930693069307114e+00
8.168316831683168910e-01 5.551824286405830478e+00 1.716831683168317024e+00
8.267326732673268008e-01 5.607065719298464757e+00 1.726732673267326934e+00
8.366336633663367106e-01 5.662857192961705088e+00 1.736633663366336844e+00
8.465346534653466204e-01 5.719204446320925506e+00 1.746534653465346754e+00
8.564356435643565302e-01 5.776113307356256499e+00 1.756435643564356663e+00
8.663366336633664400e-01 5.833589884701103401e+00 1.766336633663366573e+00
8.762376237623763497e-01 5.891640762620070859e+00 1.776237623762376483e+00
8.861386138613862595e-01 5.950273236226008677e+00 1.786138613861386393e+00
8.960396039603960583e-01 6.009495641299647417e+00 1.796039603960396080e+00
9.059405940594058571e-01 6.069317818750864291e+00 1.805940594059405768e+00
9.158415841584157668e-01 6.129751748439409731e+00 1.815841584158415678e+00
9.257425742574256766e-01 6.190812376687041763e+00 1.825742574257425588e+00
9.356435643564355864e-01 6.252518647085434367e+00 1.835643564356435498e+00
9.455445544554454962e-01 6.314894716017428244e+00 1.845544554455445407e+00
9.554455445544554060e-01 6.377971285003542157e+00 1.855445544554455317e+00
9.653465346534653158e-01 6.441786932992855874e+00 1.865346534653465227e+00
9.752475247524752255e-01 6.506389196097055461e+00 1.875247524752475137e+00
9.851485148514851353e-01 6.571833415714060322e+00 1.885148514851485047e+00
9.950495049504950451e-01 6.638239077889879880e+00 1.895049504950494956e+00
