-9.950495049504950451e-01 9.052855418896555983e-01 -9.950495049504951006e-02
-9.851485148514851353e-01 9.061823081030263571e-01 -9.851485148514851908e-02
-9.752475247524752255e-01 9.070799626131211824e-01 -9.752475247524752811e-02
-9.653465346534653158e-01 9.079785063361804909e-01 -9.653465346534653713e-02
-9.554455445544554060e-01 9.088779401470596930e-01 -9.554455445544554615e-02
-9.455445544554454962e-01 9.097782649276890954e-01 -9.455445544554455517e-02
-9.356435643564355864e-01 9.106794815604875026e-01 -9.356435643564356419e-02
-9.257425742574256766e-01 9.115815909280324814e-01 -9.257425742574257321e-02
-9.158415841584158779e-01 9.124845939148598095e-01 -9.158415841584159611e-02
-9.059405940594059681e-01 9.133884914092205154e-01 -9.059405940594060513e-02
-8.960396039603960583e-01 9.142932842986145614e-01 -8.960396039603961416e-02
-8.861386138613861485e-01 9.151989734617772543e-01 -8.861386138613862318e-02
-8.762376237623762387e-01 9.161055597750537016e-01 -8.762376237623763220e-02
-8.663366336633663289e-01 9.170130441393337106e-01 -8.663366336633664122e-02
-8.564356435643564192e-01 9.179214274893261472e-01 -8.564356435643565024e-02
-8.465346534653465094e-01 9.188307107364325210e-01 -8.465346534653465926e-02
-8.366336633663365996e-01 9.197408946818710351e-01 -8.366336633663366829e-02
-8.267326732673268008e-01 9.206519800418292432e-01 -8.267326732673269118e-02
-8.168316831683168910e-01 9.215639676702557237e-01 -8.168316831683170021e-02
-8.069306930693069813e-01 9.224768588103228195e-01 -8.069306930693070923e-02
-7.970297029702970715e-01 9.233906550124710844e-01 -7.970297029702971825e-02
-7.871287128712871617e-01 9.243053575439863501e-01 -7.871287128712872727e-02
-7.772277227722772519e-01 9.252209666320041492e-01 -7.772277227722773629e-02
-7.673267326732673421e-01 9.261374812375200438e-01 -7.673267326732674531e-02
-7.574257425742574323e-01 9.270548997982416273e-01 -7.574257425742575434e-02
-7.475247524752475226e-01 9.279732216218177232e-01 -7.475247524752474948e-02
-7.376237623762376128e-01 9.288924480096724112e-01 -7.376237623762375850e-02
-7.277227722772277030e-01 9.298125823043155158e-01 -7.277227722772276752e-02
-7.178217821782177932e-01 9.307336288006540226e-01 -7.178217821782177654e-02
-7.079207920792078834e-01 9.316555912281596630e-01 -7.079207920792078557e-02
-6.980198019801979736e-01 9.325784717187644013e-01 -6.980198019801979459e-02
-6.881188118811880639e-01 9.335022707328878289e-01 -6.881188118811880361e-02
-6.782178217821781541e-01 9.344269877266706548e-01 -6.782178217821781263e-02
-6.683168316831682443e-01 9.353526219836405531e-01 -6.683168316831682165e-02
-6.584158415841583345e-01 9.362791732297424119e-01 -6.584158415841583067e-02
-6.485148514851484247e-01 9.372066419552486094e-01 -6.485148514851483970e-02
-6.386138613861386260e-01 9.381350292684251801e-01 -6.386138613861386260e-02
-6.287128712871287162e-01 9.390643361177819504e-01 -6.287128712871287162e-02
-6.188118811881188064e-01 9.399945627344199472e-01 -6.188118811881188064e-02
-6.089108910891088966e-01 9.409257098802911168e-01 -6.089108910891088966e-02
-5.990099009900989868e-01 9.418577809645969356e-01 -5.990099009900989868e-02
-5.891089108910891881e-01 9.427907799553389978e-01 -5.891089108910892158e-02
-5.792079207920792783e-01 9.437247032049650430e-01 -5.792079207920793060e-02
-5.693069306930693685e-01 9.446595370497921085e-01 -5.693069306930693962e-02
-5.594059405940594587e-01 9.455952784196164362e-01 -5.594059405940594865e-02
-5.495049504950495489e-01 9.465319666957867639e-01 -5.495049504950495767e-02
-5.396039603960396391e-01 9.474696685636472271e-01 -5.396039603960396669e-02
-5.297029702970297294e-01 9.484083711970592301e-01 -5.297029702970297571e-02
-5.198019801980198196e-01 9.493478660949642434e-01 -5.198019801980198473e-02
-5.099009900990099098e-01 9.502878453629258759e-01 -5.099009900990099375e-02
-5.000000000000000000e-01 9.512283446050582292e-01 -5.000000000000000278e-02
-4.900990099009900902e-01 9.521702553915714073e-01 -4.900990099009901180e-02
-4.801980198019801804e-01 9.531151839003703108e-01 -4.801980198019802082e-02
-4.702970297029702706e-01 9.540647980763421465e-01 -4.702970297029702984e-02
-4.603960396039603609e-01 9.550211235124289599e-01 -4.603960396039603886e-02
-4.504950495049504511e-01 9.559877690644877912e-01 -4.504950495049504788e-02
-4.405940594059405413e-01 9.569714656183690993e-01 -4.405940594059405691e-02
-4.306930693069306870e-01 9.579840569362179092e-01 -4.306930693069307287e-02
-4.207920792079208328e-01 9.590453267085328193e-01 -4.207920792079208883e-02
-4.108910891089109230e-01 9.601869525005475303e-01 -4.108910891089109785e-02
-4.009900990099010132e-01 9.614576730755985956e-01 -4.009900990099010687e-02
-3.910891089108911034e-01 9.629294243738986125e-01 -3.910891089108911589e-02
-3.811881188118811936e-01 9.647036651832470167e-01 -3.811881188118812491e-02
-3.712871287128712838e-01 9.669163792837348614e-01 -3.712871287128712700e-02
-3.613861386138613740e-01 9.697394636735260365e-01 -3.613861386138613602e-02
-3.514851485148514643e-01 9.733757616261951018e-01 -3.514851485148514504e-02
-3.415841584158415545e-01 9.780454295236893358e-01 -3.415841584158415406e-02
-3.316831683168316447e-01 9.839631609830170600e-01 -3.316831683168316308e-02
-3.217821782178217349e-01 9.913090832542639230e-01 -3.217821782178217210e-02
-3.118811881188118251e-01 1.000199963595198804e+00 -3.118811881188118459e-02
-3.019801980198019709e-01 1.010669562729461290e+00 -3.019801980198019709e-02
-2.920792079207921166e-01 1.022664734545491561e+00 -2.920792079207921305e-02
-2.821782178217822068e-01 1.036056471762125453e+00 -2.821782178217822207e-02
-2.722772277227722970e-01 1.050658385306964648e+00 -2.722772277227723109e-02
-2.623762376237623872e-01 1.066248727089690762e+00 -2.623762376237624011e-02
-2.524752475247524774e-01 1.082603833924792980e+00 -2.524752475247524913e-02
-2.425742574257425677e-01 1.099551840056232521e+00 -2.425742574257425815e-02
-2.326732673267326579e-01 1.117038757348201461e+00 -2.326732673267326718e-02
-2.227722772277227481e-01 1.135190270538411816e+00 -2.227722772277227620e-02
-2.128712871287128383e-01 1.154368358279257656e+00 -2.128712871287128522e-02
-2.029702970297029285e-01 1.175217083241440585e+00 -2.029702970297029424e-02
-1.930693069306930187e-01 1.198438271176325953e+00 -1.930693069306930326e-02
-1.831683168316831090e-01 1.222648363177904152e+00 -1.831683168316831228e-02
-1.732673267326732547e-01 1.241894769773671969e+00 -1.732673267326732477e-02
-1.633663366336634004e-01 1.253070157475899782e+00 -1.633663366336634074e-02
-1.534653465346534906e-01 1.257566019818147751e+00 -1.534653465346534976e-02
-1.435643564356435808e-01 1.258603276707905394e+00 -1.435643564356435878e-02
-1.336633663366336711e-01 1.257344709059878607e+00 -1.336633663366336780e-02
-1.237623762376237613e-01 1.249904374075363034e+00 -1.237623762376237682e-02
-1.138613861386138515e-01 1.229143438459239679e+00 -1.138613861386138584e-02
-1.039603960396039417e-01 1.182944848992216302e+00 -1.039603960396039486e-02
-9.405940594059403193e-02 1.104365761197718676e+00 -9.405940594059403886e-03
-8.415841584158412214e-02 1.046009204263771419e+00 -8.415841584158412908e-03
-7.425742574257421236e-02 1.018908165216005912e+00 -7.425742574257421930e-03
-6.435643564356430257e-02 1.006735716371438993e+00 -6.435643564356430951e-03
-5.445544554455444830e-02 1.001392641056469746e+00 -5.445544554455445177e-03
-4.455445544554459403e-02 9.992137852184888036e-01 -4.455445544554459403e-03
-3.465346534653468424e-02 9.985202491370503974e-01 -3.465346534653468424e-03
-2.475247524752477446e-02 9.986344303152858703e-01 -2.475247524752477446e-03
-1.485148514851486468e-02 9.990926657375412967e-01 -1.485148514851486468e-03
-4.950495049504954892e-03 9.998637831117862529e-01 -4.950495049504954892e-04
4.950495049504954892e-03 1.665895601994085817e+00 5.049504950495049549e-01
1.485148514851486468e-02 1.682335182038444898e+00 5.148514851485148647e-01
2.475247524752477446e-02 1.698980083014223208e+00 5.247524752475247745e-01
3.465346534653468424e-02 1.715820054535384331e+00 5.346534653465346842e-01
4.455445544554459403e-02 1.732847796909418925e+00 5.445544554455445940e-01
5.445544554455450381e-02 1.750058202718563827e+00 5.544554455445545038e-01
6.435643564356441360e-02 1.767449358198696530e+00 5.643564356435644136e-01
7.425742574257432338e-02 1.785020204889367523e+00 5.742574257425743234e-01
8.415841584158423316e-02 1.802770603082890721e+00 5.841584158415842332e-01
9.405940594059414295e-02 1.820701004447149884e+00 5.940594059405941429e-01
1.039603960396040527e-01 1.838812262424414978e+00 6.039603960396040527e-01
1.138613861386139625e-01 1.857105517224370672e+00 6.138613861386139625e-01
1.237623762376238723e-01 1.875582107308002788e+00 6.237623762376238723e-01
1.336633663366337821e-01 1.894243494706799869e+00 6.336633663366337821e-01
1.435643564356435808e-01 1.913091214298735299e+00 6.435643564356435808e-01
1.534653465346533796e-01 1.932126857790132490e+00 6.534653465346533796e-01
1.633663366336632894e-01 1.951352085631217204e+00 6.633663366336632894e-01
1.732673267326731992e-01 1.970768642272468174e+00 6.732673267326731992e-01
1.831683168316831090e-01 1.990378355278550782e+00 6.831683168316831090e-01
1.930693069306930187e-01 2.010183119546253394e+00 6.930693069306930187e-01
2.029702970297029285e-01 2.030184877871588078e+00 7.029702970297029285e-01
2.128712871287128383e-01 2.050385605406235268e+00 7.128712871287128383e-01
2.227722772277227481e-01 2.070787299796123637e+00 7.227722772277227481e-01
2.326732673267326579e-01 2.091391976053194490e+00 7.326732673267326579e-01
2.425742574257425677e-01 2.112201664673692747e+00 7.425742574257425677e-01
2.524752475247524774e-01 2.133218411801907077e+00 7.524752475247524774e-01
2.623762376237623872e-01 2.154444280609651319e+00 7.623762376237623872e-01
2.722772277227722970e-01 2.175881353187278933e+00 7.722772277227722970e-01
2.821782178217822068e-01 2.197531732122959269e+00 7.821782178217822068e-01
2.920792079207921166e-01 2.219397540935960755e+00 7.920792079207921166e-01
3.019801980198020264e-01 2.241480923091124566e+00 8.019801980198020264e-01
3.118811881188119361e-01 2.263784040508081574e+00 8.118811881188119361e-01
3.217821782178218459e-01 2.286309073546845205e+00 8.217821782178218459e-01
3.316831683168317557e-01 2.309058224165961182e+00 8.316831683168317557e-01
3.415841584158416655e-01 2.332033721661002090e+00 8.415841584158416655e-01
3.514851485148515753e-01 2.355237827158779940e+00 8.514851485148515753e-01
3.613861386138614851e-01 2.378672831605071369e+00 8.613861386138614851e-01
3.712871287128713949e-01 2.402341044984839691e+00 8.712871287128713949e-01
3.811881188118813046e-01 2.426244781785701132e+00 8.811881188118813046e-01
3.910891089108911034e-01 2.450386354791059151e+00 8.910891089108911034e-01
4.009900990099009022e-01 2.474768089302524565e+00 9.009900990099009022e-01
4.108910891089108119e-01 2.499392358312430229e+00 9.108910891089108119e-01
4.207920792079207217e-01 2.524261619726634542e+00 9.207920792079207217e-01
4.306930693069306315e-01 2.549378421750633006e+00 9.306930693069306315e-01
4.405940594059405413e-01 2.574745348221092911e+00 9.405940594059405413e-01
4.504950495049504511e-01 2.600364912085244562e+00 9.504950495049504511e-01
4.603960396039603609e-01 2.626239446505234554e+00 9.603960396039603609e-01
4.702970297029702706e-01 2.652371096211670221e+00 9.702970297029702706e-01
4.801980198019801804e-01 2.678761981639226519e+00 9.801980198019801804e-01
4.900990099009900902e-01 2.705414317919958567e+00 9.900990099009900902e-01
5.000000000000000000e-01 2.732330312336523459e+00 1.000000000000000000e+00
5.099009900990099098e-01 4.105585680474872490e+00 1.409900990099009821e+00
5.198019801980198196e-01 4.146432000616991687e+00 1.419801980198019731e+00
5.297029702970297294e-01 4.187682554765622456e+00 1.429702970297029641e+00
5.396039603960396391e-01 4.229340802104818664e+00 1.439603960396039550e+00
5.495049504950495489e-01 4.271410023835325198e+00 1.449504950495049460e+00
5.594059405940594587e-01 4.313891928125906716e+00 1.459405940594059370e+00
5.693069306930693685e-01 4.356790727419623366e+00 1.469306930693069280e+00
5.792079207920792783e-01 4.400109002628305177e+00 1.479207920792079189e+00
5.891089108910891881e-01 4.443848983231485583e+00 1.489108910891089099e+00
5.990099009900990978e-01 4.488012485381803529e+00 1.499009900990099009e+00
6.089108910891090076e-01 4.532600833505559201e+00 1.508910891089108919e+00
6.188118811881189174e-01 4.577614775714526019e+00 1.518811881188118829e+00
6.287128712871288272e-01 4.623054392994750295e+00 1.528712871287128738e+00
6.386138613861387370e-01 4.668919003653723365e+00 1.538613861386138648e+00
6.485148514851485357e-01 4.715207065108170781e+00 1.548514851485148558e+00
6.584158415841583345e-01 4.761916075773159562e+00 1.558415841584158468e+00
6.683168316831682443e-01 4.809042480693111798e+00 1.568316831683168378e+00
6.782178217821781541e-01 4.856581585981218474e+00 1.578217821782178287e+00
6.881188118811880639e-01 4.904527489839797916e+00 1.588118811881188197e+00
6.980198019801979736e-01 4.952873042971948081e+00 1.598019801980198107e+00
7.079207920792078834e-01 5.001609859253593804e+00 1.607920792079208017e+00
7.178217821782177932e-01 5.050728407421915200e+00 1.617821782178217926e+00
7.277227722772277030e-01 5.100218221530598228e+00 1.627722772277227836e+00
7.376237623762376128e-01 5.150068265064552619e+00 1.637623762376237746e+00
7.475247524752475226e-01 5.200267474046695426e+00 1.647524752475247656e+00
7.574257425742574323e-01 5.250805542729226616e+00 1.657425742574257566e+00
7.673267326732673421e-01 5.301674306035420337e+00 1.667326732673267475e+00
7.772277227722772519e-01 5.352871120028973806e+00 1.677227722772277385e+00
7.871287128712871617e-01 5.404408027418451610e+00 1.687128712871287295e+00
7.970297029702970715e-01 5.456331540716623074e+00 1.697029702970297205e+00
8.069306930693069813e-01 5.508741961743808702e+00 1.706930693069307114e+00
8.168316831683168910e-01 5.561768088709889923e+00 1.716831683168317024e+00
8.267326732673268008e-01 5.615500932636406262e+00 1.726732673267326934e+00
8.366336633663367106e-01 5.669972394268675941e+00 1.736633663366336844e+00
8.465346534653466204e-01 5.725181322486720070e+00 1.746534653465346754e+00
8.564356435643565302e-01 5.781115920903259209e+00 1.756435643564356663e+00
8.663366336633664400e-01 5.837762368677371860e+00 1.766336633663366573e+00
8.762376237623763497e-01 5.895107724575582964e+00 1.776237623762376483e+00
8.861386138613862595e-01 5.953140343638749776e+00 1.786138613861386393e+00
8.960396039603960583e-01 6.011850701819181353e+00 1.796039603960396080e+00
9.059405940594058571e-01 6.071230528935608106e+00 1.805940594059405768e+00
9.158415841584157668e-01 6.131274131065495681e+00 1.815841584158415678e+00
9.257425742574256766e-01 6.191976164951856099e+00 1.825742574257425588e+00
9.356435643564355864e-01 6.253334713802778388e+00 1.835643564356435498e+00
9.455445544554454962e-01 6.315346255388922359e+00 1.845544554455445407e+00
9.554455445544554060e-01 6.378012901395764267e+00 1.855445544554455317e+00
9.653465346534653158e-01 6.441331094150879011e+00 1.865346534653465227e+00
9.752475247524752255e-01 6.505308304847089218e+00 1.875247524752475137e+00
9.851485148514851353e-01 6.569937557958391849e+00 1.885148514851485047e+00
9.950495049504950451e-01 6.635235541023396522e+00 1.895049504950494956e+00
