-9.950495049504950451e-01 9.052855418896557094e-01 -9.950495049504951006e-02
-9.851485148514851353e-01 9.061823081030189186e-01 -9.851485148514851908e-02
-9.752475247524752255e-01 9.070799626131043070e-01 -9.752475247524752811e-02
-9.653465346534653158e-01 9.079785063362046937e-01 -9.653465346534653713e-02
-9.554455445544554060e-01 9.088779401471249741e-01 -9.554455445544554615e-02
-9.455445544554454962e-01 9.097782649275714117e-01 -9.455445544554455517e-02
-9.356435643564355864e-01 9.106794815601293447e-01 -9.356435643564356419e-02
-9.257425742574256766e-01 9.115815909282619645e-01 -9.257425742574257321e-02
-9.158415841584158779e-01 9.124845939163162001e-01 -9.158415841584159611e-02
-9.059405940594059681e-01 9.133884914094818619e-01 -9.059405940594060513e-02
-8.960396039603960583e-01 9.142932842937872007e-01 -8.960396039603961416e-02
-8.861386138613861485e-01 9.151989734562347989e-01 -8.861386138613862318e-02
-8.762376237623762387e-01 9.161055597848807297e-01 -8.762376237623763220e-02
-8.663366336633663289e-01 9.170130441684767320e-01 -8.663366336633664122e-02
-8.564356435643564192e-01 9.179214274960165731e-01 -8.564356435643565024e-02
-8.465346534653465094e-01 9.188307106573812000e-01 -8.465346534653465926e-02
-8.366336633663365996e-01 9.197408945451177598e-01 -8.366336633663366829e-02
-8.267326732673268008e-01 9.206519800543494503e-01 -8.267326732673269118e-02
-8.168316831683168910e-01 9.215639680780660647e-01 -8.168316831683170021e-02
-8.069306930693069813e-01 9.224768595024319673e-01 -8.069306930693070923e-02
-7.970297029702970715e-01 9.233906552131677659e-01 -7.970297029702971825e-02
-7.871287128712871617e-01 9.243053561143510510e-01 -7.871287128712872727e-02
-7.772277227722772519e-01 9.252209631368673026e-01 -7.772277227722773629e-02
-7.673267326732673421e-01 9.261374772066932604e-01 -7.673267326732674531e-02
-7.574257425742574323e-01 9.270548991830064312e-01 -7.574257425742575434e-02
-7.475247524752475226e-01 9.279732298381659916e-01 -7.475247524752474948e-02
-7.376237623762376128e-01 9.288924699561684761e-01 -7.376237623762375850e-02
-7.277227722772277030e-01 9.298126205222745355e-01 -7.277227722772276752e-02
-7.178217821782177932e-01 9.307336828315162514e-01 -7.178217821782177654e-02
-7.079207920792078834e-01 9.316556583162975969e-01 -7.079207920792078557e-02
-6.980198019801979736e-01 9.325785480767314617e-01 -6.980198019801979459e-02
-6.881188118811880639e-01 9.335023523859732331e-01 -6.881188118811880361e-02
-6.782178217821781541e-01 9.344270705842223634e-01 -6.782178217821781263e-02
-6.683168316831682443e-01 9.353527015934147704e-01 -6.683168316831682165e-02
-6.584158415841583345e-01 9.362792448663219691e-01 -6.584158415841583067e-02
-6.485148514851484247e-01 9.372067012370370875e-01 -6.485148514851483970e-02
-6.386138613861386260e-01 9.381350731473541149e-01 -6.386138613861386260e-02
-6.287128712871287162e-01 9.390643640987434981e-01 -6.287128712871287162e-02
-6.188118811881188064e-01 9.399945776433287215e-01 -6.188118811881188064e-02
-6.089108910891088966e-01 9.409257164455901989e-01 -6.089108910891088966e-02
-5.990099009900989868e-01 9.418577818256168577e-01 -5.990099009900989868e-02
-5.891089108910891881e-01 9.427907739165599654e-01 -5.891089108910892158e-02
-5.792079207920792783e-01 9.437246923091953121e-01 -5.792079207920793060e-02
-5.693069306930693685e-01 9.446595367971015733e-01 -5.693069306930693962e-02
-5.594059405940594587e-01 9.455953076520122735e-01 -5.594059405940594865e-02
-5.495049504950495489e-01 9.465320051983109328e-01 -5.495049504950495767e-02
-5.396039603960396391e-01 9.474696294755374781e-01 -5.396039603960396669e-02
-5.297029702970297294e-01 9.484081812447568982e-01 -5.297029702970297571e-02
-5.198019801980198196e-01 9.493476637319248068e-01 -5.198019801980198473e-02
-5.099009900990099098e-01 9.502880814550623834e-01 -5.099009900990099375e-02
-5.000000000000000000e-01 9.512294337162735536e-01 -5.000000000000000278e-02
-4.900990099009900902e-01 9.521717092035230090e-01 -4.900990099009901180e-02
-4.801980198019801804e-01 9.531148959180966163e-01 -4.801980198019802082e-02
-4.702970297029702706e-01 9.540590093419807349e-01 -4.702970297029702984e-02
-4.603960396039603609e-01 9.550041084283124038e-01 -4.603960396039603886e-02
-4.504950495049504511e-01 9.559502489534859038e-01 -4.504950495049504788e-02
-4.405940594059405413e-01 9.568973702016404514e-01 -4.405940594059405691e-02
-4.306930693069306870e-01 9.578452233960745854e-01 -4.306930693069307287e-02
-4.207920792079208328e-01 9.587935194648895543e-01 -4.207920792079208883e-02
-4.108910891089109230e-01 9.597423465983212498e-01 -4.108910891089109785e-02
-4.009900990099010132e-01 9.606925824816217041e-01 -4.009900990099010687e-02
-3.910891089108911034e-01 9.616457139705276713e-01 -3.910891089108911589e-02
-3.811881188118811936e-01 9.626032440431024906e-01 -3.811881188118812491e-02
-3.712871287128712838e-01 9.635668939743213812e-01 -3.712871287128712700e-02
-3.613861386138613740e-01 9.645395565645833447e-01 -3.613861386138613602e-02
-3.514851485148514643e-01 9.655264570863841822e-01 -3.514851485148514504e-02
-3.415841584158415545e-01 9.665365818972395662e-01 -3.415841584158415406e-02
-3.316831683168316447e-01 9.675846382266077850e-01 -3.316831683168316308e-02
-3.217821782178217349e-01 9.686937543669864592e-01 -3.217821782178217210e-02
-3.118811881188118251e-01 9.698990002833353108e-01 -3.118811881188118459e-02
-3.019801980198019709e-01 9.712516112664149048e-01 -3.019801980198019709e-02
-2.920792079207921166e-01 9.728234860341441470e-01 -2.920792079207921305e-02
-2.821782178217822068e-01 9.747110930371521986e-01 -2.821782178217822207e-02
-2.722772277227722970e-01 9.770374194322870576e-01 -2.722772277227723109e-02
-2.623762376237623872e-01 9.799502133694164563e-01 -2.623762376237624011e-02
-2.524752475247524774e-01 9.836147967730237696e-01 -2.524752475247524913e-02
-2.425742574257425677e-01 9.882004992489523687e-01 -2.425742574257425815e-02
-2.326732673267326579e-01 9.938614680012762825e-01 -2.326732673267326718e-02
-2.227722772277227481e-01 1.000715002006593579e+00 -2.227722772277227620e-02
-2.128712871287128383e-01 1.008822773590458244e+00 -2.128712871287128522e-02
-2.029702970297029285e-01 1.018180920996668792e+00 -2.029702970297029424e-02
-1.930693069306930187e-01 1.028722665311730289e+00 -1.930693069306930326e-02
-1.831683168316831090e-01 1.040332015260001297e+00 -1.831683168316831228e-02
-1.732673267326732547e-01 1.052862509824516124e+00 -1.732673267326732477e-02
-1.633663366336634004e-01 1.066155126349088489e+00 -1.633663366336634074e-02
-1.534653465346534906e-01 1.080054276313854311e+00 -1.534653465346534976e-02
-1.435643564356435808e-01 1.094424641120947950e+00 -1.435643564356435878e-02
-1.336633663366336711e-01 1.109170723657153079e+00 -1.336633663366336780e-02
-1.237623762376237613e-01 1.124258922816158135e+00 -1.237623762376237682e-02
-1.138613861386138515e-01 1.139744729439965409e+00 -1.138613861386138584e-02
-1.039603960396039417e-01 1.155815113289161422e+00 -1.039603960396039486e-02
-9.405940594059403193e-02 1.172859835767740222e+00 -9.405940594059403886e-03
-8.415841584158412214e-02 1.191560119572842247e+00 -8.415841584158412908e-03
-7.425742574257421236e-02 1.212709717048978231e+00 -7.425742574257421930e-03
-6.435643564356430257e-02 1.234809175613003962e+00 -6.435643564356430951e-03
-5.445544554455444830e-02 1.251631991693617607e+00 -5.445544554455445177e-03
-4.455445544554459403e-02 1.260701686217742479e+00 -4.455445544554459403e-03
-3.465346534653468424e-02 1.263853694620702850e+00 -3.465346534653468424e-03
-2.475247524752477446e-02 1.264438415020454176e+00 -2.475247524752477446e-03
-1.485148514851486468e-02 1.261874124712546452e+00 -1.485148514851486468e-03
-4.950495049504954892e-03 1.251232615517896107e+00 -4.950495049504954892e-04
4.950495049504954892e-03 2.066171611703802480e+00 5.049504950495049549e-01
1.485148514851486468e-02 2.054699119137834984e+00 5.148514851485148647e-01
2.475247524752477446e-02 2.025161336340828733e+00 5.247524752475247745e-01
3.465346534653468424e-02 1.970501054929068907e+00 5.346534653465346842e-01
4.455445544554459403e-02 1.898494568411237093e+00 5.445544554455445940e-01
5.445544554455450381e-02 1.849597896952087206e+00 5.544554455445545038e-01
6.435643564356441360e-02 1.827268891330484424e+00 5.643564356435644136e-01
7.425742574257432338e-02 1.821541384755799298e+00 5.742574257425743234e-01
8.415841584158423316e-02 1.825619438682442475e+00 5.841584158415842332e-01
9.405940594059414295e-02 1.835392632283358694e+00 5.940594059405941429e-01
1.039603960396040527e-01 1.848515793462929047e+00 6.039603960396040527e-01
1.138613861386139625e-01 1.863672360374722725e+00 6.138613861386139625e-01
1.237623762376238723e-01 1.880119733556910644e+00 6.237623762376238723e-01
1.336633663366337821e-01 1.897432633273250957e+00 6.336633663366337821e-01
1.435643564356435808e-01 1.915362464385913288e+00 6.435643564356435808e-01
1.534653465346533796e-01 1.933760509383491533e+00 6.534653465346533796e-01
1.633663366336632894e-01 1.952535595748261965e+00 6.633663366336632894e-01
1.732673267326731992e-01 1.971630421086956408e+00 6.732673267326731992e-01
1.831683168316831090e-01 1.991008103071072455e+00 6.831683168316831090e-01
1.930693069306930187e-01 2.010644422259005193e+00 6.930693069306930187e-01
2.029702970297029285e-01 2.030523273663247252e+00 7.029702970297029285e-01
2.128712871287128383e-01 2.050633936217317377e+00 7.128712871287128383e-01
2.227722772277227481e-01 2.070969374855003764e+00 7.227722772277227481e-01
2.326732673267326579e-01 2.091525136835294951e+00 7.326732673267326579e-01
2.425742574257425677e-01 2.112298602976440787e+00 7.425742574257425677e-01
2.524752475247524774e-01 2.133288464322252498e+00 7.524752475247524774e-01
2.623762376237623872e-01 2.154494351742730185e+00 7.623762376237623872e-01
2.722772277227722970e-01 2.175916573973069479e+00 7.722772277227722970e-01
2.821782178217822068e-01 2.197555933494890201e+00 7.821782178217822068e-01
2.920792079207921166e-01 2.219413597581973985e+00 7.920792079207921166e-01
3.019801980198020264e-01 2.241491007387835133e+00 8.019801980198020264e-01
3.118811881188119361e-01 2.263789812285857739e+00 8.118811881188119361e-01
3.217821782178218459e-01 2.286311820092399305e+00 8.217821782178218459e-01
3.316831683168317557e-01 2.309058956830486231e+00 8.316831683168317557e-01
3.415841584158416655e-01 2.332033233019783047e+00 8.415841584158416655e-01
3.514851485148515753e-01 2.355236717005002589e+00 8.514851485148515753e-01
3.613861386138614851e-01 2.378671518309025679e+00 8.613861386138614851e-01
3.712871287128713949e-01 2.402339783580723864e+00 8.712871287128713949e-01
3.811881188118813046e-01 2.426243703213613934e+00 8.811881188118813046e-01
3.910891089108911034e-01 2.450385520960313812e+00 8.910891089108911034e-01
4.009900990099009022e-01 2.474767538346085871e+00 9.009900990099009022e-01
4.108910891089108119e-01 2.499392111451916865e+00 9.108910891089108119e-01
4.207920792079207217e-01 2.524261643078351547e+00 9.207920792079207217e-01
4.306930693069306315e-01 2.549378574231451644e+00 9.306930693069306315e-01
4.405940594059405413e-01 2.574745377193715878e+00 9.405940594059405413e-01
4.504950495049504511e-01 2.600364550830910559e+00 9.504950495049504511e-01
4.603960396039603609e-01 2.626238617855171764e+00 9.603960396039603609e-01
4.702970297029702706e-01 2.652370123735195762e+00 9.702970297029702706e-01
4.801980198019801804e-01 2.678761636731687101e+00 9.801980198019801804e-01
4.900990099009900902e-01 2.705415747515808711e+00 9.900990099009900902e-01
5.000000000000000000e-01 2.732335074392287400e+00 1.000000000000000000e+00
5.099009900990099098e-01 4.105597196808977500e+00 1.409900990099009821e+00
5.198019801980198196e-01 4.146449906948139308e+00 1.419801980198019731e+00
5.297029702970297294e-01 4.187709124238350178e+00 1.429702970297029641e+00
5.396039603960396391e-01 4.229378894014992341e+00 1.439603960396039550e+00
5.495049504950495489e-01 4.271463301573938054e+00 1.449504950495049460e+00
5.594059405940594587e-01 4.313965080368726390e+00 1.459405940594059370e+00
5.693069306930693685e-01 4.356889756819332327e+00 1.469306930693069280e+00
5.792079207920792783e-01 4.400241543567981140e+00 1.479207920792079189e+00
5.891089108910891881e-01 4.444024688208532581e+00 1.489108910891089099e+00
5.990099009900990978e-01 4.488243481453409345e+00 1.499009900990099009e+00
6.089108910891090076e-01 4.532902256673684960e+00 1.508910891089108919e+00
6.188118811881189174e-01 4.578005390548137932e+00 1.518811881188118829e+00
6.287128712871288272e-01 4.623557303756628656e+00 1.528712871287128738e+00
6.386138613861387370e-01 4.669562461660055064e+00 1.538613861386138648e+00
6.485148514851485357e-01 4.716025374913151325e+00 1.548514851485148558e+00
6.584158415841583345e-01 4.762950599957399334e+00 1.558415841584158468e+00
6.683168316831682443e-01 4.810342739354216413e+00 1.568316831683168378e+00
6.782178217821781541e-01 4.858206441941661069e+00 1.578217821782178287e+00
6.881188118811880639e-01 4.906546402828080744e+00 1.588118811881188197e+00
6.980198019801979736e-01 4.955367363269313152e+00 1.598019801980198107e+00
7.079207920792078834e-01 5.004674110509037099e+00 1.607920792079208017e+00
7.178217821782177932e-01 5.054471477691914849e+00 1.617821782178217926e+00
7.277227722772277030e-01 5.104764343980333408e+00 1.627722772277227836e+00
7.376237623762376128e-01 5.155557635005646233e+00 1.637623762376237746e+00
7.475247524752475226e-01 5.206856323747183879e+00 1.647524752475247656e+00
7.574257425742574323e-01 5.258665431849358640e+00 1.657425742574257566e+00
7.673267326732673421e-01 5.310990031277215806e+00 1.667326732673267475e+00
7.772277227722772519e-01 5.363835246121247735e+00 1.677227722772277385e+00
7.871287128712871617e-01 5.417206254342797678e+00 1.687128712871287295e+00
7.970297029702970715e-01 5.471108289308945771e+00 1.697029702970297205e+00
8.069306930693069813e-01 5.525546641047325735e+00 1.706930693069307114e+00
8.168316831683168910e-01 5.580526657176460681e+00 1.716831683168317024e+00
8.267326732673268008e-01 5.636053743393267368e+00 1.726732673267326934e+00
8.366336633663367106e-01 5.692133363278092162e+00 1.736633663366336844e+00
8.465346534653466204e-01 5.748771037148877383e+00 1.746534653465346754e+00
8.564356435643565302e-01 5.805972339865344445e+00 1.756435643564356663e+00
8.663366336633664400e-01 5.863742897733022374e+00 1.766336633663366573e+00
8.762376237623763497e-01 5.922088384661860161e+00 1.776237623762376483e+00
8.861386138613862595e-01 5.981014517400396358e+00 1.786138613861386393e+00
8.960396039603960583e-01 6.040527049715840313e+00 1.796039603960396080e+00
9.059405940594058571e-01 6.100631767434116171e+00 1.805940594059405768e+00
9.158415841584157668e-01 6.161334490417025300e+00 1.815841584158415678e+00
9.257425742574256766e-01 6.222641086889741047e+00 1.825742574257425588e+00
9.356435643564355864e-01 6.284557492957850933e+00 1.835643564356435498e+00
9.455445544554454962e-01 6.347089722207781115e+00 1.845544554455445407e+00
9.554455445544554060e-01 6.410243861608037719e+00 1.855445544554455317e+00
9.653465346534653158e-01 6.474026063790651264e+00 1.865346534653465227e+00
9.752475247524752255e-01 6.538442534164680353e+00 1.875247524752475137e+00
9.851485148514851353e-01 6.603499557338522230e+00 1.885148514851485047e+00
9.950495049504950451e-01 6.669203299584781419e+00 1.895049504950494956e+00
