-9.950495049504950451e-01 9.052855418896557094e-01 -9.950495049504951006e-02
-9.851485148514851353e-01 9.061823081030189186e-01 -9.851485148514851908e-02
-9.752475247524752255e-01 9.070799626131043070e-01 -9.752475247524752811e-02
-9.653465346534653158e-01 9.079785063362046937e-01 -9.653465346534653713e-02
-9.554455445544554060e-01 9.088779401471249741e-01 -9.554455445544554615e-02
-9.455445544554454962e-01 9.097782649275714117e-01 -9.455445544554455517e-02
-9.356435643564355864e-01 9.106794815601293447e-01 -9.356435643564356419e-02
-9.257425742574256766e-01 9.115815909282587448e-01 -9.257425742574257321e-02
-9.158415841584158779e-01 9.124845939162935515e-01 -9.158415841584159611e-02
-9.059405940594059681e-01 9.133884914094443364e-01 -9.059405940594060513e-02
-8.960396039603960583e-01 9.142932842937969706e-01 -8.960396039603961416e-02
-8.861386138613861485e-01 9.151989734563179546e-01 -8.861386138613862318e-02
-8.762376237623762387e-01 9.161055597848504206e-01 -8.762376237623763220e-02
-8.663366336633663289e-01 9.170130441681174638e-01 -8.663366336633664122e-02
-8.564356435643564192e-01 9.179214274957225861e-01 -8.564356435643565024e-02
-8.465346534653465094e-01 9.188307106581501404e-01 -8.465346534653465926e-02
-8.366336633663365996e-01 9.197408945467671071e-01 -8.366336633663366829e-02
-8.267326732673268008e-01 9.206519800538228715e-01 -8.267326732673269118e-02
-8.168316831683168910e-01 9.215639680724510008e-01 -8.168316831683170021e-02
-8.069306930693069813e-01 9.224768594966705759e-01 -8.069306930693070923e-02
-7.970297029702970715e-01 9.233906552213849706e-01 -7.970297029702971825e-02
-7.871287128712871617e-01 9.243053561423847375e-01 -7.871287128712872727e-02
-7.772277227722772519e-01 9.252209631563526049e-01 -7.772277227722773629e-02
-7.673267326732673421e-01 9.261374771608646972e-01 -7.673267326732674531e-02
-7.574257425742574323e-01 9.270548990543661105e-01 -7.574257425742575434e-02
-7.475247524752475226e-01 9.279732297361603655e-01 -7.475247524752474948e-02
-7.376237623762376128e-01 9.288924701064629197e-01 -7.376237623762375850e-02
-7.277227722772277030e-01 9.298126210664925395e-01 -7.277227722772276752e-02
-7.178217821782177932e-01 9.307336835184224499e-01 -7.178217821782177654e-02
-7.079207920792078834e-01 9.316556583651215417e-01 -7.079207920792078557e-02
-6.980198019801979736e-01 9.325785465099512006e-01 -6.980198019801979459e-02
-6.881188118811880639e-01 9.335023488571451145e-01 -6.881188118811880361e-02
-6.782178217821781541e-01 9.344270663127870469e-01 -6.782178217821781263e-02
-6.683168316831682443e-01 9.353526997851988600e-01 -6.683168316831682165e-02
-6.584158415841583345e-01 9.362792501832153391e-01 -6.584158415841583067e-02
-6.485148514851484247e-01 9.372067184129168060e-01 -6.485148514851483970e-02
-6.386138613861386260e-01 9.381351053767414960e-01 -6.386138613861386260e-02
-6.287128712871287162e-01 9.390644119793463140e-01 -6.287128712871287162e-02
-6.188118811881188064e-01 9.399946391383886546e-01 -6.188118811881188064e-02
-6.089108910891088966e-01 9.409257877889165567e-01 -6.089108910891088966e-02
-5.990099009900989868e-01 9.418578588681044694e-01 -5.990099009900989868e-02
-5.891089108910891881e-01 9.427908532816318132e-01 -5.891089108910892158e-02
-5.792079207920792783e-01 9.437247718781923700e-01 -5.792079207920793060e-02
-5.693069306930693685e-01 9.446596154712381121e-01 -5.693069306930693962e-02
-5.594059405940594587e-01 9.455953849239160380e-01 -5.594059405940594865e-02
-5.495049504950495489e-01 9.465320812569731901e-01 -5.495049504950495767e-02
-5.396039603960396391e-01 9.474697056889378466e-01 -5.396039603960396669e-02
-5.297029702970297294e-01 9.484082595245236780e-01 -5.297029702970297571e-02
-5.198019801980198196e-01 9.493477438903685783e-01 -5.198019801980198473e-02
-5.099009900990099098e-01 9.502881594355834238e-01 -5.099009900990099375e-02
-5.000000000000000000e-01 9.512295061853206501e-01 -5.000000000000000278e-02
-4.900990099009900902e-01 9.521717836939234125e-01 -4.900990099009901180e-02
-4.801980198019801804e-01 9.531149914970862280e-01 -4.801980198019802082e-02
-4.702970297029702706e-01 9.540591296895060136e-01 -4.702970297029702984e-02
-4.603960396039603609e-01 9.550041993572260246e-01 -4.603960396039603886e-02
-4.504950495049504511e-01 9.559502026357056259e-01 -4.504950495049504788e-02
-4.405940594059405413e-01 9.568971423403789256e-01 -4.405940594059405691e-02
-4.306930693069306870e-01 9.578450213464773100e-01 -4.306930693069307287e-02
-4.207920792079208328e-01 9.587938420376527215e-01 -4.207920792079208883e-02
-4.108910891089109230e-01 9.597436060628936616e-01 -4.108910891089109785e-02
-4.009900990099010132e-01 9.606943143574226962e-01 -4.009900990099010687e-02
-3.910891089108911034e-01 9.616459671708550427e-01 -3.910891089108911589e-02
-3.811881188118811936e-01 9.625985640430294588e-01 -3.811881188118812491e-02
-3.712871287128712838e-01 9.635521041777490581e-01 -3.712871287128712700e-02
-3.613861386138613740e-01 9.645065877083366379e-01 -3.613861386138613602e-02
-3.514851485148514643e-01 9.654620171868465439e-01 -3.514851485148514504e-02
-3.415841584158415545e-01 9.664183969970752131e-01 -3.415841584158415406e-02
-3.316831683168316447e-01 9.673757288618313188e-01 -3.316831683168316308e-02
-3.217821782178217349e-01 9.683340061125641496e-01 -3.217821782178217210e-02
-3.118811881188118251e-01 9.692932151101416594e-01 -3.118811881188118459e-02
-3.019801980198019709e-01 9.702533510033131137e-01 -3.019801980198019709e-02
-2.920792079207921166e-01 9.712144406629950044e-01 -2.920792079207921305e-02
-2.821782178217822068e-01 9.721765454091583214e-01 -2.821782178217822207e-02
-2.722772277227722970e-01 9.731397137175203937e-01 -2.722772277227723109e-02
-2.623762376237623872e-01 9.741038917501696481e-01 -2.623762376237624011e-02
-2.524752475247524774e-01 9.750688669316518453e-01 -2.524752475247524913e-02
-2.425742574257425677e-01 9.760343579049375329e-01 -2.425742574257425815e-02
-2.326732673267326579e-01 9.770002954595542466e-01 -2.326732673267326718e-02
-2.227722772277227481e-01 9.779671705359180844e-01 -2.227722772277227620e-02
-2.128712871287128383e-01 9.789361006242102148e-01 -2.128712871287128522e-02
-2.029702970297029285e-01 9.799083898649532109e-01 -2.029702970297029424e-02
-1.930693069306930187e-01 9.808852761545534538e-01 -1.930693069306930326e-02
-1.831683168316831090e-01 9.818683619534072093e-01 -1.831683168316831228e-02
-1.732673267326732547e-01 9.828603226491758882e-01 -1.732673267326732477e-02
-1.633663366336634004e-01 9.838656847978805020e-01 -1.633663366336634074e-02
-1.534653465346534906e-01 9.848917744067371416e-01 -1.534653465346534976e-02
-1.435643564356435808e-01 9.859499734428454065e-01 -1.435643564356435878e-02
-1.336633663366336711e-01 9.870573765049112103e-01 -1.336633663366336780e-02
-1.237623762376237613e-01 9.882388671856725537e-01 -1.237623762376237682e-02
-1.138613861386138515e-01 9.895295297427748604e-01 -1.138613861386138584e-02
-1.039603960396039417e-01 9.909771586327484894e-01 -1.039603960396039486e-02
-9.405940594059403193e-02 9.926444235757817536e-01 -9.405940594059403886e-03
-8.415841584158412214e-02 9.946100184948321044e-01 -8.415841584158412908e-03
-7.425742574257421236e-02 9.969679402492011011e-01 -7.425742574257421930e-03
-6.435643564356430257e-02 9.998240097588488862e-01 -6.435643564356430951e-03
-5.445544554455444830e-02 1.003289111727301064e+00 -5.445544554455445177e-03
-4.455445544554459403e-02 1.007468650589089298e+00 -4.455445544554459403e-03
-3.465346534653468424e-02 1.012453141325168282e+00 -3.465346534653468424e-03
-2.475247524752477446e-02 1.018289442989481763e+00 -2.475247524752477446e-03
-1.485148514851486468e-02 1.025061020929066480e+00 -1.485148514851486468e-03
-4.950495049504954892e-03 1.032466399414255553e+00 -4.950495049504954892e-04
4.950495049504954892e-03 1.726614811580712949e+00 5.049504950495049549e-01
1.485148514851486468e-02 1.751153456813735909e+00 5.148514851485148647e-01
2.475247524752477446e-02 1.776541475165971828e+00 5.247524752475247745e-01
3.465346534653468424e-02 1.802607357278147582e+00 5.346534653465346842e-01
4.455445544554459403e-02 1.829286039856728330e+00 5.445544554455445940e-01
5.445544554455450381e-02 1.856538049183679151e+00 5.544554455445545038e-01
6.435643564356441360e-02 1.884334889575699057e+00 5.643564356435644136e-01
7.425742574257432338e-02 1.912650129438499658e+00 5.742574257425743234e-01
8.415841584158423316e-02 1.941460173093581876e+00 5.841584158415842332e-01
9.405940594059414295e-02 1.970744103769659805e+00 5.940594059405941429e-01
1.039603960396040527e-01 2.000483604928954939e+00 6.039603960396040527e-01
1.138613861386139625e-01 2.030662878875522992e+00 6.138613861386139625e-01
1.237623762376238723e-01 2.061268560230013147e+00 6.237623762376238723e-01
1.336633663366337821e-01 2.092289645991049163e+00 6.336633663366337821e-01
1.435643564356435808e-01 2.123717487520182967e+00 6.435643564356435808e-01
1.534653465346533796e-01 2.155545915758861675e+00 6.534653465346533796e-01
1.633663366336632894e-01 2.187771573079687837e+00 6.633663366336632894e-01
1.732673267326731992e-01 2.220394483327226887e+00 6.732673267326731992e-01
1.831683168316831090e-01 2.253418823918260205e+00 6.831683168316831090e-01
1.930693069306930187e-01 2.286853821285408817e+00 6.930693069306930187e-01
2.029702970297029285e-01 2.320714703589133343e+00 7.029702970297029285e-01
2.128712871287128383e-01 2.355023668770745093e+00 7.128712871287128383e-01
2.227722772277227481e-01 2.389810765709045270e+00 7.227722772277227481e-01
2.326732673267326579e-01 2.425114388383891484e+00 7.326732673267326579e-01
2.425742574257425677e-01 2.460980808695983235e+00 7.425742574257425677e-01
2.524752475247524774e-01 2.497461985979573917e+00 7.524752475247524774e-01
2.623762376237623872e-01 2.534610971632434318e+00 7.623762376237623872e-01
2.722772277227722970e-01 2.572474789149415741e+00 7.722772277227722970e-01
2.821782178217822068e-01 2.611085898116302761e+00 7.821782178217822068e-01
2.920792079207921166e-01 2.650454993576040419e+00 7.920792079207921166e-01
3.019801980198020264e-01 2.690569817532026953e+00 8.019801980198020264e-01
3.118811881188119361e-01 2.731404125100517000e+00 8.118811881188119361e-01
3.217821782178218459e-01 2.772934969575085340e+00 8.217821782178218459e-01
3.316831683168317557e-01 2.815159418367493060e+00 8.316831683168317557e-01
3.415841584158416655e-01 2.858090474358079280e+00 8.415841584158416655e-01
3.514851485148515753e-01 2.901709995112207174e+00 8.514851485148515753e-01
3.613861386138614851e-01 2.945836273177033782e+00 8.613861386138614851e-01
3.712871287128713949e-01 2.989931067414109300e+00 8.712871287128713949e-01
3.811881188118813046e-01 3.033048762803947085e+00 8.811881188118813046e-01
3.910891089108911034e-01 3.074245667509964086e+00 8.910891089108911034e-01
4.009900990099009022e-01 3.113005934237695005e+00 9.009900990099009022e-01
4.108910891089108119e-01 3.149318752489640438e+00 9.108910891089108119e-01
4.207920792079207217e-01 3.183554581362653124e+00 9.207920792079207217e-01
4.306930693069306315e-01 3.216345571979955409e+00 9.306930693069306315e-01
4.405940594059405413e-01 3.248463313511240624e+00 9.405940594059405413e-01
4.504950495049504511e-01 3.280536323885748118e+00 9.504950495049504511e-01
4.603960396039603609e-01 3.312119205513012865e+00 9.603960396039603609e-01
4.702970297029702706e-01 3.342364269694349854e+00 9.702970297029702706e-01
4.801980198019801804e-01 3.369743142067829211e+00 9.801980198019801804e-01
4.900990099009900902e-01 3.391443753961667529e+00 9.900990099009900902e-01
5.000000000000000000e-01 3.402050741268853429e+00 1.000000000000000000e+00
5.099009900990099098e-01 5.079301746996685019e+00 1.409900990099009821e+00
5.198019801980198196e-01 5.077591786555020192e+00 1.419801980198019731e+00
5.297029702970297294e-01 5.048877705247123870e+00 1.429702970297029641e+00
5.396039603960396391e-01 4.980975735735951204e+00 1.439603960396039550e+00
5.495049504950495489e-01 4.858415774523992425e+00 1.449504950495049460e+00
5.594059405940594587e-01 4.705168814222947304e+00 1.459405940594059370e+00
5.693069306930693685e-01 4.604293964215530721e+00 1.469306930693069280e+00
5.792079207920792783e-01 4.558682314276852665e+00 1.479207920792079189e+00
5.891089108910891881e-01 4.548255531620551295e+00 1.489108910891089099e+00
5.990099009900990978e-01 4.559192532408921750e+00 1.499009900990099009e+00
6.089108910891090076e-01 4.582977486749075346e+00 1.508910891089108919e+00
6.188118811881189174e-01 4.614612847571535781e+00 1.518811881188118829e+00
6.287128712871288272e-01 4.651198620745715218e+00 1.528712871287128738e+00
6.386138613861387370e-01 4.691039759400144504e+00 1.538613861386138648e+00
6.485148514851485357e-01 4.733129524391225473e+00 1.548514851485148558e+00
6.584158415841583345e-01 4.776858027835414688e+00 1.558415841584158468e+00
6.683168316831682443e-01 4.821847920344724869e+00 1.568316831683168378e+00
6.782178217821781541e-01 4.867860758163550017e+00 1.578217821782178287e+00
6.881188118811880639e-01 4.914742794007121773e+00 1.588118811881188197e+00
6.980198019801979736e-01 4.962393019206800204e+00 1.598019801980198107e+00
7.079207920792078834e-01 5.010743962828181353e+00 1.607920792079208017e+00
7.178217821782177932e-01 5.059749932732408695e+00 1.617821782178217926e+00
7.277227722772277030e-01 5.109379677090904792e+00 1.627722772277227836e+00
7.376237623762376128e-01 5.159611719463974566e+00 1.637623762376237746e+00
7.475247524752475226e-01 5.210431339583294630e+00 1.647524752475247656e+00
7.574257425742574323e-01 5.261828584380033647e+00 1.657425742574257566e+00
7.673267326732673421e-01 5.313796934465685240e+00 1.667326732673267475e+00
7.772277227722772519e-01 5.366332394214723855e+00 1.677227722772277385e+00
7.871287128712871617e-01 5.419432859851795570e+00 1.687128712871287295e+00
7.970297029702970715e-01 5.473097672890419929e+00 1.697029702970297205e+00
8.069306930693069813e-01 5.527327299039103359e+00 1.706930693069307114e+00
8.168316831683168910e-01 5.582123093541683900e+00 1.716831683168317024e+00
8.267326732673268008e-01 5.637487126793716996e+00 1.726732673267326934e+00
8.366336633663367106e-01 5.693422053092378476e+00 1.736633663366336844e+00
8.465346534653466204e-01 5.749931009962850226e+00 1.746534653465346754e+00
8.564356435643565302e-01 5.807017540885295759e+00 1.756435643564356663e+00
8.663366336633664400e-01 5.864685533544198748e+00 1.766336633663366573e+00
8.762376237623763497e-01 5.922939173207659280e+00 1.776237623762376483e+00
8.861386138613862595e-01 5.981782901197906455e+00 1.786138613861386393e+00
8.960396039603960583e-01 6.041221389396229213e+00 1.796039603960396080e+00
9.059405940594058571e-01 6.101259504383610199e+00 1.805940594059405768e+00
9.158415841584157668e-01 6.161902306830126186e+00 1.815841584158415678e+00
9.257425742574256766e-01 6.223154996091471602e+00 1.825742574257425588e+00
9.356435643564355864e-01 6.285022969510072777e+00 1.835643564356435498e+00
9.455445544554454962e-01 6.347511669112175348e+00 1.845544554455445407e+00
9.554455445544554060e-01 6.410626845154357767e+00 1.855445544554455317e+00
9.653465346534653158e-01 6.474374016656621933e+00 1.865346534653465227e+00
9.752475247524752255e-01 6.538759498903511158e+00 1.875247524752475137e+00
9.851485148514851353e-01 6.603788370846075395e+00 1.885148514851485047e+00
9.950495049504950451e-01 6.669468441799118352e+00 1.895049504950494956e+00
