-9.950495049504950451e-01 9.052855418896557094e-01 -9.950495049504951006e-02
-9.851485148514851353e-01 9.061823081030189186e-01 -9.851485148514851908e-02
-9.752475247524752255e-01 9.070799626131043070e-01 -9.752475247524752811e-02
-9.653465346534653158e-01 9.079785063362046937e-01 -9.653465346534653713e-02
-9.554455445544554060e-01 9.088779401471249741e-01 -9.554455445544554615e-02
-9.455445544554454962e-01 9.097782649275714117e-01 -9.455445544554455517e-02
-9.356435643564355864e-01 9.106794815601293447e-01 -9.356435643564356419e-02
-9.257425742574256766e-01 9.115815909282587448e-01 -9.257425742574257321e-02
-9.158415841584158779e-01 9.124845939162935515e-01 -9.158415841584159611e-02
-9.059405940594059681e-01 9.133884914094443364e-01 -9.059405940594060513e-02
-8.960396039603960583e-01 9.142932842937969706e-01 -8.960396039603961416e-02
-8.861386138613861485e-01 9.151989734563179546e-01 -8.861386138613862318e-02
-8.762376237623762387e-01 9.161055597848504206e-01 -8.762376237623763220e-02
-8.663366336633663289e-01 9.170130441681169087e-01 -8.663366336633664122e-02
-8.564356435643564192e-01 9.179214274957234743e-01 -8.564356435643565024e-02
-8.465346534653465094e-01 9.188307106581674599e-01 -8.465346534653465926e-02
-8.366336633663365996e-01 9.197408945468111829e-01 -8.366336633663366829e-02
-8.267326732673268008e-01 9.206519800538597309e-01 -8.267326732673269118e-02
-8.168316831683168910e-01 9.215639680724166949e-01 -8.168316831683170021e-02
-8.069306930693069813e-01 9.224768594965968571e-01 -8.069306930693070923e-02
-7.970297029702970715e-01 9.233906552214885544e-01 -7.970297029702971825e-02
-7.871287128712871617e-01 9.243053561427969633e-01 -7.871287128712872727e-02
-7.772277227722772519e-01 9.252209631566155057e-01 -7.772277227722773629e-02
-7.673267326732673421e-01 9.261374771600772160e-01 -7.673267326732674531e-02
-7.574257425742574323e-01 9.270548990526581434e-01 -7.574257425742575434e-02
-7.475247524752475226e-01 9.279732297360848703e-01 -7.475247524752474948e-02
-7.376237623762376128e-01 9.288924701110832238e-01 -7.376237623762375850e-02
-7.277227722772277030e-01 9.298126210734987129e-01 -7.277227722772276752e-02
-7.178217821782177932e-01 9.307336835167493438e-01 -7.178217821782177654e-02
-7.079207920792078834e-01 9.316556583439565831e-01 -7.079207920792078557e-02
-6.980198019801979736e-01 9.325785464795758317e-01 -6.980198019801979459e-02
-6.881188118811880639e-01 9.335023488599971664e-01 -6.881188118811880361e-02
-6.782178217821781541e-01 9.344270663948577305e-01 -6.782178217821781263e-02
-6.683168316831682443e-01 9.353526999268356734e-01 -6.683168316831682165e-02
-6.584158415841583345e-01 9.362792502457205623e-01 -6.584158415841583067e-02
-6.485148514851484247e-01 9.372067181894154775e-01 -6.485148514851483970e-02
-6.386138613861386260e-01 9.381351047842722002e-01 -6.386138613861386260e-02
-6.287128712871287162e-01 9.390644112975267133e-01 -6.287128712871287162e-02
-6.188118811881188064e-01 9.399946390818175734e-01 -6.188118811881188064e-02
-6.089108910891088966e-01 9.409257892198743534e-01 -6.089108910891088966e-02
-5.990099009900989868e-01 9.418578621550703911e-01 -5.990099009900989868e-02
-5.891089108910891881e-01 9.427908575801683400e-01 -5.891089108910892158e-02
-5.792079207920792783e-01 9.437247747543773269e-01 -5.792079207920793060e-02
-5.693069306930693685e-01 9.446596131679602104e-01 -5.693069306930693962e-02
-5.594059405940594587e-01 9.455953732389775768e-01 -5.594059405940594865e-02
-5.495049504950495489e-01 9.465320566732765561e-01 -5.495049504950495767e-02
-5.396039603960396391e-01 9.474696662824626525e-01 -5.396039603960396669e-02
-5.297029702970297294e-01 9.484082053290021630e-01 -5.297029702970297571e-02
-5.198019801980198196e-01 9.493476767042283715e-01 -5.198019801980198473e-02
-5.099009900990099098e-01 9.502880823385065900e-01 -5.099009900990099375e-02
-5.000000000000000000e-01 9.512294231262335975e-01 -5.000000000000000278e-02
-4.900990099009900902e-01 9.521716993093432002e-01 -4.900990099009901180e-02
-4.801980198019801804e-01 9.531149108895552446e-01 -4.801980198019802082e-02
-4.702970297029702706e-01 9.540590576667191680e-01 -4.702970297029702984e-02
-4.603960396039603609e-01 9.550041391614687569e-01 -4.603960396039603886e-02
-4.504950495049504511e-01 9.559501553065574697e-01 -4.504950495049504788e-02
-4.405940594059405413e-01 9.568971080493086090e-01 -4.405940594059405691e-02
-4.306930693069306870e-01 9.578450017808793904e-01 -4.306930693069307287e-02
-4.207920792079208328e-01 9.587938396068008684e-01 -4.207920792079208883e-02
-4.108910891089109230e-01 9.597436166278735525e-01 -4.108910891089109785e-02
-4.009900990099010132e-01 9.606943191692358663e-01 -4.009900990099010687e-02
-3.910891089108911034e-01 9.616459402075663299e-01 -3.910891089108911589e-02
-3.811881188118811936e-01 9.625985054792703943e-01 -3.811881188118812491e-02
-3.712871287128712838e-01 9.635520783660740385e-01 -3.712871287128712700e-02
-3.613861386138613740e-01 9.645067060092830102e-01 -3.613861386138613602e-02
-3.514851485148514643e-01 9.654623167851887899e-01 -3.514851485148514504e-02
-3.415841584158415545e-01 9.664186666644434265e-01 -3.415841584158415406e-02
-3.316831683168316447e-01 9.673754738440772938e-01 -3.316831683168316308e-02
-3.217821782178217349e-01 9.683327746962642202e-01 -3.217821782178217210e-02
-3.118811881188118251e-01 9.692912951868910554e-01 -3.118811881188118459e-02
-3.019801980198019709e-01 9.702523652741708027e-01 -3.019801980198019709e-02
-2.920792079207921166e-01 9.712173714953226122e-01 -2.920792079207921305e-02
-2.821782178217822068e-01 9.721877481994543047e-01 -2.821782178217822207e-02
-2.722772277227722970e-01 9.731656799159589255e-01 -2.722772277227723109e-02
-2.623762376237623872e-01 9.741549994614163710e-01 -2.623762376237624011e-02
-2.524752475247524774e-01 9.751622251969973565e-01 -2.524752475247524913e-02
-2.425742574257425677e-01 9.761979182526119292e-01 -2.425742574257425815e-02
-2.326732673267326579e-01 9.772785268521982927e-01 -2.326732673267326718e-02
-2.227722772277227481e-01 9.784288041799880098e-01 -2.227722772277227620e-02
-2.128712871287128383e-01 9.796847682404367097e-01 -2.128712871287128522e-02
-2.029702970297029285e-01 9.810969922216852268e-01 -2.029702970297029424e-02
-1.930693069306930187e-01 9.827337527549649954e-01 -1.930693069306930326e-02
-1.831683168316831090e-01 9.846832393692301899e-01 -1.831683168316831228e-02
-1.732673267326732547e-01 9.870537189179660054e-01 -1.732673267326732477e-02
-1.633663366336634004e-01 9.899704045375317119e-01 -1.633663366336634074e-02
-1.534653465346534906e-01 9.935680061791144491e-01 -1.534653465346534976e-02
-1.435643564356435808e-01 9.979787246263235323e-01 -1.435643564356435878e-02
-1.336633663366336711e-01 1.003316818333400251e+00 -1.336633663366336780e-02
-1.237623762376237613e-01 1.009662533716662036e+00 -1.237623762376237682e-02
-1.138613861386138515e-01 1.017049482606382060e+00 -1.138613861386138584e-02
-1.039603960396039417e-01 1.025459558799182158e+00 -1.039603960396039486e-02
-9.405940594059403193e-02 1.034827582394210799e+00 -9.405940594059403886e-03
-8.415841584158412214e-02 1.045053844181347502e+00 -8.415841584158412908e-03
-7.425742574257421236e-02 1.056021142850503969e+00 -7.425742574257421930e-03
-6.435643564356430257e-02 1.067605906250276737e+00 -6.435643564356430951e-03
-5.445544554455444830e-02 1.079697353920030967e+00 -5.445544554455445177e-03
-4.455445544554459403e-02 1.092182677870748631e+00 -4.455445544554459403e-03
-3.465346534653468424e-02 1.104998972709964722e+00 -3.465346534653468424e-03
-2.475247524752477446e-02 1.118020713098303531e+00 -2.475247524752477446e-03
-1.485148514851486468e-02 1.131478513571361644e+00 -1.485148514851486468e-03
-4.950495049504954892e-03 1.144443702199147150e+00 -4.950495049504954892e-04
4.950495049504954892e-03 1.917990967947482472e+00 5.049504950495049549e-01
1.485148514851486468e-02 1.949623832476950813e+00 5.148514851485148647e-01
2.475247524752477446e-02 1.982249948852669696e+00 5.247524752475247745e-01
3.465346534653468424e-02 2.015753300471699205e+00 5.346534653465346842e-01
4.455445544554459403e-02 2.050228845796404631e+00 5.445544554455445940e-01
5.445544554455450381e-02 2.085803575015100275e+00 5.544554455445545038e-01
6.435643564356441360e-02 2.122539708330092534e+00 5.643564356435644136e-01
7.425742574257432338e-02 2.160319353730339564e+00 5.742574257425743234e-01
8.415841584158423316e-02 2.198849987703578535e+00 5.841584158415842332e-01
9.405940594059414295e-02 2.237827457914971951e+00 5.940594059405941429e-01
1.039603960396040527e-01 2.276927305828216674e+00 6.039603960396040527e-01
1.138613861386139625e-01 2.315333006779986658e+00 6.138613861386139625e-01
1.237623762376238723e-01 2.351568124634280110e+00 6.237623762376238723e-01
1.336633663366337821e-01 2.384524107752817201e+00 6.336633663366337821e-01
1.435643564356435808e-01 2.414107314657116810e+00 6.435643564356435808e-01
1.534653465346533796e-01 2.440944422097330868e+00 6.534653465346533796e-01
1.633663366336632894e-01 2.466023830974797271e+00 6.633663366336632894e-01
1.732673267326731992e-01 2.490459523432642097e+00 6.732673267326731992e-01
1.831683168316831090e-01 2.514518277557866277e+00 6.831683168316831090e-01
1.930693069306930187e-01 2.537329322570775147e+00 6.930693069306930187e-01
2.029702970297029285e-01 2.557529967997849152e+00 7.029702970297029285e-01
2.128712871287128383e-01 2.572816516566616585e+00 7.128712871287128383e-01
2.227722772277227481e-01 2.579107891522972817e+00 7.227722772277227481e-01
2.326732673267326579e-01 2.569066336190505950e+00 7.326732673267326579e-01
2.425742574257425677e-01 2.529998302425545020e+00 7.425742574257425677e-01
2.524752475247524774e-01 2.443830626596427802e+00 7.524752475247524774e-01
2.623762376237623872e-01 2.334561349022563626e+00 7.623762376237623872e-01
2.722772277227722970e-01 2.275679669936957694e+00 7.722772277227722970e-01
2.821782178217822068e-01 2.254537276192488005e+00 7.821782178217822068e-01
2.920792079207921166e-01 2.253450765311955095e+00 7.920792079207921166e-01
3.019801980198020264e-01 2.262837135736698979e+00 8.019801980198020264e-01
3.118811881188119361e-01 2.277797752101611728e+00 8.118811881188119361e-01
3.217821782178218459e-01 2.295868913296036595e+00 8.217821782178218459e-01
3.316831683168317557e-01 2.315790381039738222e+00 8.316831683168317557e-01
3.415841584158416655e-01 2.336896117794553973e+00 8.415841584158416655e-01
3.514851485148515753e-01 2.358820094741587159e+00 8.514851485148515753e-01
3.613861386138614851e-01 2.381352905950769205e+00 8.613861386138614851e-01
3.712871287128713949e-01 2.404370070462416464e+00 8.712871287128713949e-01
3.811881188118813046e-01 2.427794996941133210e+00 8.811881188118813046e-01
3.910891089108911034e-01 2.451579067419154434e+00 8.910891089108911034e-01
4.009900990099009022e-01 2.475690780106025723e+00 9.009900990099009022e-01
4.108910891089108119e-01 2.500109068181175065e+00 9.108910891089108119e-01
4.207920792079207217e-01 2.524820259800572231e+00 9.207920792079207217e-01
4.306930693069306315e-01 2.549814469946356965e+00 9.306930693069306315e-01
4.405940594059405413e-01 2.575086422359412541e+00 9.405940594059405413e-01
4.504950495049504511e-01 2.600630853761212169e+00 9.504950495049504511e-01
4.603960396039603609e-01 2.626447468787622697e+00 9.603960396039603609e-01
4.702970297029702706e-01 2.652532334108376411e+00 9.702970297029702706e-01
4.801980198019801804e-01 2.678889262080805356e+00 9.801980198019801804e-01
4.900990099009900902e-01 2.705512941829630869e+00 9.900990099009900902e-01
5.000000000000000000e-01 2.732412717586147899e+00 1.000000000000000000e+00
5.099009900990099098e-01 4.105696262195494661e+00 1.409900990099009821e+00
5.198019801980198196e-01 4.146533223208749064e+00 1.419801980198019731e+00
5.297029702970297294e-01 4.187778724413711018e+00 1.429702970297029641e+00
5.396039603960396391e-01 4.229436728386293254e+00 1.439603960396039550e+00
5.495049504950495489e-01 4.271511061096075146e+00 1.449504950495049460e+00
5.594059405940594587e-01 4.314004216799512292e+00 1.459405940594059370e+00
5.693069306930693685e-01 4.356921521346240667e+00 1.469306930693069280e+00
5.792079207920792783e-01 4.400267014536817456e+00 1.479207920792079189e+00
5.891089108910891881e-01 4.444044796439883704e+00 1.489108910891089099e+00
5.990099009900990978e-01 4.488259032791845016e+00 1.499009900990099009e+00
6.089108910891090076e-01 4.532913952379028721e+00 1.508910891089108919e+00
6.188118811881189174e-01 4.578013844916563713e+00 1.518811881188118829e+00
6.287128712871288272e-01 4.623563058136824111e+00 1.528712871287128738e+00
6.386138613861387370e-01 4.669565994691082800e+00 1.538613861386138648e+00
6.485148514851485357e-01 4.716027109633984082e+00 1.548514851485148558e+00
6.584158415841583345e-01 4.762950908836182329e+00 1.558415841584158468e+00
6.683168316831682443e-01 4.810341948161621417e+00 1.568316831683168378e+00
6.782178217821781541e-01 4.858204833019850177e+00 1.578217821782178287e+00
6.881188118811880639e-01 4.906544217998076718e+00 1.588118811881188197e+00
6.980198019801979736e-01 4.955364806518068654e+00 1.598019801980198107e+00
7.079207920792078834e-01 5.004671350661468843e+00 1.607920792079208017e+00
7.178217821782177932e-01 5.054468651362488352e+00 1.617821782178217926e+00
7.277227722772277030e-01 5.104761559074645128e+00 1.627722772277227836e+00
7.376237623762376128e-01 5.155554974844492655e+00 1.637623762376237746e+00
7.475247524752475226e-01 5.206853851572079250e+00 1.647524752475247656e+00
7.574257425742574323e-01 5.258663195189786421e+00 1.657425742574257566e+00
7.673267326732673421e-01 5.310988065563169158e+00 1.667326732673267475e+00
7.772277227722772519e-01 5.363833577050318269e+00 1.677227722772277385e+00
7.871287128712871617e-01 5.417204898770677346e+00 1.687128712871287295e+00
7.970297029702970715e-01 5.471107254688117649e+00 1.697029702970297205e+00
8.069306930693069813e-01 5.525545923612074084e+00 1.706930693069307114e+00
8.168316831683168910e-01 5.580526239192828086e+00 1.716831683168317024e+00
8.267326732673268008e-01 5.636053589955876575e+00 1.726732673267326934e+00
8.366336633663367106e-01 5.692133419396875560e+00 1.736633663366336844e+00
8.465346534653466204e-01 5.748771226144238966e+00 1.746534653465346754e+00
8.564356435643565302e-01 5.805972564188913942e+00 1.756435643564356663e+00
8.663366336633664400e-01 5.863743043177265690e+00 1.766336633663366573e+00
8.762376237623763497e-01 5.922088328761520692e+00 1.776237623762376483e+00
8.861386138613862595e-01 5.981014143001605277e+00 1.786138613861386393e+00
8.960396039603960583e-01 6.040526264812415391e+00 1.796039603960396080e+00
9.059405940594058571e-01 6.100630530449942412e+00 1.805940594059405768e+00
9.158415841584157668e-01 6.161332834031902905e+00 1.815841584158415678e+00
9.257425742574256766e-01 6.222639128084114013e+00 1.825742574257425588e+00
9.356435643564355864e-01 6.284555424116612166e+00 1.835643564356435498e+00
9.455445544554454962e-01 6.347087793203447958e+00 1.845544554455445407e+00
9.554455445544554060e-01 6.410242366616065723e+00 1.855445544554455317e+00
9.653465346534653158e-01 6.474025336379485296e+00 1.865346534653465227e+00
9.752475247524752255e-01 6.538442956044517196e+00 1.875247524752475137e+00
9.851485148514851353e-01 6.603501541018014009e+00 1.885148514851485047e+00
9.950495049504950451e-01 6.669207469806272215e+00 1.895049504950494956e+00
