1.9999999999999996 
1.9999999999999996 
1.9999999999999996 
1.9999999999999996 
1.9999999999999996 
1.9999999999999996 
1.9999999999999996 
1.9999999999999996 
1.9999999999999996 
1.9999999999999996 
1.9999999999999996 
1.9999999999999996 
1.9999999999999996 
1.9999999999999996 
1.9999999999999996 
1.9999999999999996 
1.9999999999999996 
1.9999999999999996 
1.9999999999999996 
1.9999999999999996 
1.9999999999999996 
1.9999999999999996 
1.9999999999999996 
1.9999999999999996 
1.9999999999999996 
1.9999999999999996 
1.9999999999999996 
1.9999999999999996 
1.9999999999999996 
1.9999999999999996 
1.9999999999999996 
1.9999999999999996 
1.9999999999999996 
1.9999999999999996 
1.9999999999999996 
1.9999999999999996 
1.9999999999999996 
1.9999999999999996 
1.9999999999999996 
1.9999999999999996 
1.9999999999999996 
1.9999999999999996 
1.9999999999999996 
1.9999999999999996 
1.9999999999999996 
1.9999999999999996 
1.9999999999999996 
1.9999999999999996 
1.9999999999999996 
1.9999999999999996 
1.9999999999999996 
1.9999999999999996 
1.9999999999999996 
1.9999999999999996 
1.9999999999999996 
1.9999999999999996 
1.9999999999999996 
1.9999999999999996 
1.9999999999999996 
1.9999999999999996 
1.9999999999999996 
1.9999999999999996 
1.9999999999999996 
1.9999999999999996 
1.9999999999999996 
1.9999999999999996 
1.9999999999999996 
1.9999999999999996 
1.9999999999999996 
1.9999999999999996 
1.9999999999999996 
1.9999999999999996 
1.9999999999999996 
1.9999999999999996 
1.9999999999999996 
1.9999999999999996 
1.9999999999999996 
1.9999999999999996 
1.9999999999999996 
1.9999999999999996 
1.9999999999999996 
1.9999999999999996 
1.9999999999999996 
1.9999999999999996 
1.9999999999999996 
1.9999999999999996 
1.9999999999999996 
1.9999999999999996 
1.9999999999999996 
1.9999999999999996 
1.9999999999999996 
1.9999999999999996 
1.9999999999999996 
1.9999999999999996 
1.9999999999999996 
1.9999999999999996 
1.9999999999999996 
1.9999999999999996 
1.9999999999999996 
1.9999999999999996 
1.9999999999999996 
1.9999999999999996 
1.9999999999999996 
1.9999999999999996 
1.9999999999999996 
1.9999999999999996 
1.9999999999999996 
1.9999999999999996 
1.9999999999999996 
1.9999999999999996 
1.9999999999999996 
1.9999999999999996 
1.9999999999999996 
1.9999999999999996 
1.9999999999999996 
1.9999999999999996 
1.9999999999999996 
1.9999999999999996 
1.9999999999999996 
1.9999999999999996 
1.9999999999999996 
1.9999999999999996 
1.9999999999999996 
1.9999999999999996 
1.9999999999999996 
1.9999999999999996 
1.9999999999999996 
1.9999999999999996 
1.9999999999999996 
1.9999999999999996 
1.9999999999999996 
1.9999999999999996 
1.9999999999999996 
1.9999999999999996 
1.9999999999999996 
1.9999999999999996 
1.9999999999999996 
1.9999999999999996 
1.9999999999999996 
1.9999999999999996 
1.9999999999999996 
1.9999999999999996 
1.9999999999999996 
1.9999999999999996 
1.9999999999999996 
1.9999999999999996 
1.9999999999999996 
1.9999999999999996 
1.9999999999999996 
1.9999999999999996 
1.9999999999999996 
1.9999999999999996 
1.9999999999999996 
1.9999999999999996 
1.9999999999999996 
1.9999999999999996 
1.9999999999999996 
1.9999999999999996 
1.9999999999999996 
1.9999999999999996 
1.9999999999999996 
1.9999999999999996 
1.9999999999999996 
1.9999999999999996 
1.9999999999999996 
1.9999999999999996 
1.9999999999999996 
1.9999999999999996 
1.9999999999999996 
1.9999999999999996 
1.9999999999999996 
1.9999999999999996 
1.9999999999999996 
1.9999999999999996 
1.9999999999999996 
1.9999999999999996 
1.9999999999999996 
1.9999999999999996 
1.9999999999999996 
1.9999999999999996 
1.9999999999999996 
1.9999999999999996 
1.9999999999999996 
1.9999999999999996 
1.9999999999999996 
1.9999999999999996 
1.9999999999999996 
1.9999999999999996 
1.9999999999999996 
1.9999999999999996 
1.9999999999999996 
1.9999999999999996 
1.9999999999999996 
1.9999999999999996 
1.9999999999999996 
1.9999999999999996 
1.9999999999999996 
1.9999999999999996 
1.9999999999999996 
1.9999999999999996 
1.9999999999999996 
1.9999999999999996 
1.9999999999999996 
1.9999999999999996 
1.9999999999999996 
1.9999999999999996 
1.9999999999999996 
1.9999999999999996 
1.9999999999999996 
1.9999999999999996 
1.9999999999999996 
1.9999999999999996 
1.9999999999999996 
1.9999999999999996 
1.9999999999999996 
1.9999999999999996 
1.9999999999999996 
1.9999999999999996 
1.9999999999999996 
1.9999999999999996 
2.0000000000000018 
2.0000000000000018 
2.0000000000000018 
2.0000000000000004 
1.9999999999999998 
2.0000000000000031 
2.0000000000000044 
2.0000000000000040 
2.0000000000000062 
2.0000000000000089 
2.0000000000000120 
2.0000000000000160 
2.0000000000000240 
2.0000000000000315 
2.0000000000000449 
2.0000000000000644 
2.0000000000000906 
2.0000000000001266 
2.0000000000001776 
2.0000000000002434 
2.0000000000003344 
2.0000000000004610 
2.0000000000006324 
2.0000000000008642 
2.0000000000011795 
2.0000000000016014 
2.0000000000021725 
2.0000000000029337 
2.0000000000039537 
2.0000000000053100 
2.0000000000071090 
2.0000000000094946 
2.0000000000126428 
2.0000000000167852 
2.0000000000222178 
2.0000000000293223 
2.0000000000385878 
2.0000000000506235 
2.0000000000662199 
2.0000000000863540 
2.0000000001122751 
2.0000000001455254 
2.0000000001880420 
2.0000000002422254 
2.0000000003110383 
2.0000000003981291 
2.0000000005079541 
2.0000000006459540 
2.0000000008187153 
2.0000000010341616 
2.0000000013017960 
2.0000000016329116 
2.0000000020408599 
2.0000000025412858 
2.0000000031523810 
2.0000000038950989 
2.0000000047933044 
2.0000000058738339 
2.0000000071664448 
2.0000000087035072 
2.0000000105194524 
2.0000000126497848 
2.0000000151295838 
2.0000000179912809 
2.0000000212614957 
2.0000000249566923 
2.0000000290772793 
2.0000000335997687 
2.0000000384665237 
2.0000000435724581 
2.0000000487479870 
2.0000000537374265 
2.0000000581718047 
2.0000000615349469 
2.0000000631214538 
2.0000000619850260 
2.0000000568753502 
2.0000000461614245 
2.0000000277391141 
1.9999999989201567 
1.9999999562998731 
1.9999998956002056 
1.9999998114846120 
1.9999996973409060 
1.9999995450279331 
1.9999993445815567 
1.9999990838753732 
1.9999987482312231 
1.9999983199745666 
1.9999977779296876 
1.9999970968499001 
1.9999962467780121 
1.9999951923327897 
1.9999938919177640 
1.9999922968494408 
1.9999903504030918 
1.9999879867755812 
1.9999851299662970 
1.9999816925792460 
1.9999775745515185 
1.9999726618160807 
1.9999668249096927 
1.9999599175401557 
1.9999517751307201 
1.9999422133633569 
1.9999310267469681 
1.9999179872409136 
1.9999028429688139 
1.9998853170623510 
1.9998651066791175 
1.9998418822431476 
1.9998152869607770 
1.9997849366679172 
1.9997504200679945 
1.9997112994216162 
1.9996671117502851 
1.9996173706161560 
1.9995615685382311 
1.9994991801022237 
1.9994296658161259 
1.9993524767567721 
1.9992670600433429 
1.9991728651628604 
1.9990693511592039 
1.9989559946815918 
1.9988322988711067 
1.9986978030441154 
1.9985520931104448 
1.9983948126415600 
1.9982256744805680 
1.9980444727619531 
1.9978510951849262 
1.9976455353612705 
1.9974279050364643 
1.9971984459632377 
1.9969575411894815 
1.9967057255088896 
1.9964436948133226 
1.9961723140810637 
1.9958926237359511 
1.9956058441187994 
1.9953133778250682 
1.9950168096816341 
1.9947179041607992 
1.9944186000608812 
1.9941210023200091 
1.9938273708723271 
1.9935401065028608 
1.9932617337084824 
1.9929948806262774 
1.9927422561464812 
1.9925066243837002 
1.9922907767362070 
1.9920975018177327 
1.9919295535977968 
1.9917896181345975 
1.9916802793274413 
1.9916039841527713 
1.9915630078783295 
1.9915594197730133 
1.9915950498450430 
1.9916714571476455 
1.9917899001893906 
1.9919513099750932 
1.9921562661830212 
1.9924049769549970 
1.9926972627376558 
1.9930325445664590 
1.9934098371288651 
1.9938277468800085 
1.9942844754142048 
1.9947778282186872 
1.9953052288539466 
1.9958637385181131 
1.9964500808628576 
1.9970606718365334 
1.9976916542382264 
1.9983389365760507 
1.9989982357362353 
1.9996651228884827 
2.0003350719796162 
2.0010035101041401 
2.0016658689888920 
2.0023176367912976 
2.0029544093886766 
2.0035719403308323 
2.0041661886407391 
2.0047333636787434 
2.0052699663346480 
2.0057728258779153 
2.0062391318786292 
2.0066664607078541 
2.0070527962344031 
2.0073965444516291 
2.0076965418909349 
2.0079520578033700 
2.0081627902148180 
2.0083288560792747 
2.0084507758663173 
2.0085294530192526 
2.0085661488078412 
2.0085624531714625 
2.0085202522038217 
2.0084416929683115 
2.0083291463529864 
2.0081851686771834 
2.0080124627480562 
2.0078138390367264 
2.0075921776018872 
2.0073503913353625 
2.0070913910420676 
2.0068180527974966 
2.0065331879525097 
2.0062395160791482 
2.0059396410751464 
2.0056360305702103 
2.0053309987059480 
2.0050266922945186 
2.0047250803002550 
2.0044279465339909 
2.0041368854026760 
2.0038533005169823 
2.0035784059275419 
2.0033132297356060 
2.0030586198067653 
2.0028152513056607 
2.0025836357656694 
2.0023641314091671 
2.0021569544409292 
2.0019621910485492 
2.0017798098589208 
2.0016096746181269 
2.0014515568825506 
2.0013051485315350 
2.0011700739351705 
2.0010459016348379 
2.0009321554180461 
2.0008283246924190 
2.0007338740863170 
2.0006482522248481 
2.0005708996497109 
2.0005012558694122 
2.0004387655424827 
2.0003828838104343 
2.0003330808093462 
2.0002888453989645 
2.0002496881563041 
2.0002151436869413 
2.0001847723115027 
2.0001581611876409 
2.0001349249290894 
2.0001147057831816 
2.0000971734272244 
2.0000820244417521 
2.0000689815158950 
2.0000577924364786 
2.0000482289084847 
2.0000400852501770 
2.0000331770017721 
2.0000273394819263 
2.0000224263218871 
2.0000183080028413 
2.0000148704177225 
2.0000120134750574 
2.0000096497586202 
2.0000077032536141 
2.0000061081470299 
2.0000048077073536 
2.0000037532464519 
2.0000029031647339 
2.0000022220788876 
2.0000016800303366 
2.0000012517714971 
2.0000009161260870 
2.0000006554191931 
2.0000004549724286 
2.0000003026592510 
2.0000001885154481 
2.0000001043998115 
2.0000000437001302 
2.0000000010798438 
1.9999999722608925 
1.9999999538385795 
1.9999999431246587 
1.9999999380149824 
1.9999999368785557 
1.9999999384650595 
1.9999999418282011 
1.9999999462625828 
1.9999999512520188 
1.9999999564275459 
1.9999999615334771 
1.9999999664002377 
1.9999999709227261 
1.9999999750433077 
1.9999999787385043 
1.9999999820087218 
1.9999999848704151 
1.9999999873502148 
1.9999999894805471 
1.9999999912964921 
1.9999999928335530 
1.9999999941261641 
1.9999999952066967 
1.9999999961048993 
1.9999999968476161 
1.9999999974587153 
1.9999999979591419 
1.9999999983670886 
1.9999999986982047 
1.9999999989658364 
1.9999999991812856 
1.9999999993540443 
1.9999999994920425 
1.9999999996018731 
1.9999999996889624 
1.9999999997577758 
1.9999999998119575 
1.9999999998544744 
1.9999999998877296 
1.9999999999136460 
1.9999999999337816 
1.9999999999493754 
1.9999999999614149 
1.9999999999706757 
1.9999999999777820 
1.9999999999832156 
1.9999999999873583 
1.9999999999905052 
1.9999999999928901 
1.9999999999946916 
1.9999999999960489 
1.9999999999970643 
1.9999999999978286 
1.9999999999983957 
1.9999999999988214 
1.9999999999991338 
1.9999999999993681 
1.9999999999995355 
1.9999999999996654 
1.9999999999997593 
1.9999999999998246 
1.9999999999998730 
1.9999999999999098 
1.9999999999999354 
1.9999999999999527 
1.9999999999999667 
1.9999999999999778 
1.9999999999999845 
1.9999999999999896 
1.9999999999999922 
1.9999999999999938 
1.9999999999999978 
1.9999999999999969 
1.9999999999999978 
1.9999999999999991 
2.0000000000000009 
1.9999999999999987 
2.0000000000000009 
1.9999999999999996 
1.9999999999999996 
1.9999999999999996 
1.9999999999999996 
1.9999999999999996 
1.9999999999999996 
1.9999999999999996 
1.9999999999999996 
1.9999999999999996 
1.9999999999999996 
1.9999999999999996 
1.9999999999999996 
1.9999999999999996 
1.9999999999999996 
1.9999999999999996 
1.9999999999999996 
1.9999999999999996 
1.9999999999999996 
1.9999999999999996 
1.9999999999999996 
1.9999999999999996 
1.9999999999999996 
1.9999999999999996 
1.9999999999999996 
1.9999999999999996 
1.9999999999999996 
1.9999999999999996 
1.9999999999999996 
1.9999999999999996 
1.9999999999999996 
1.9999999999999996 
1.9999999999999996 
1.9999999999999996 
1.9999999999999996 
1.9999999999999996 
1.9999999999999996 
1.9999999999999996 
1.9999999999999996 
1.9999999999999996 
1.9999999999999996 
1.9999999999999996 
1.9999999999999996 
1.9999999999999996 
1.9999999999999996 
1.9999999999999996 
1.9999999999999996 
1.9999999999999996 
1.9999999999999996 
1.9999999999999996 
1.9999999999999996 
1.9999999999999996 
1.9999999999999996 
1.9999999999999996 
1.9999999999999996 
1.9999999999999996 
1.9999999999999996 
1.9999999999999996 
1.9999999999999996 
1.9999999999999996 
1.9999999999999996 
1.9999999999999996 
1.9999999999999996 
1.9999999999999996 
1.9999999999999996 
1.9999999999999996 
1.9999999999999996 
1.9999999999999996 
1.9999999999999996 
1.9999999999999996 
1.9999999999999996 
1.9999999999999996 
1.9999999999999996 
1.9999999999999996 
1.9999999999999996 
1.9999999999999996 
1.9999999999999996 
1.9999999999999996 
1.9999999999999996 
1.9999999999999996 
1.9999999999999996 
1.9999999999999996 
1.9999999999999996 
1.9999999999999996 
1.9999999999999996 
1.9999999999999996 
1.9999999999999996 
1.9999999999999996 
1.9999999999999996 
1.9999999999999996 
1.9999999999999996 
1.9999999999999996 
1.9999999999999996 
1.9999999999999996 
1.9999999999999996 
1.9999999999999996 
1.9999999999999996 
1.9999999999999996 
1.9999999999999996 
1.9999999999999996 
1.9999999999999996 
1.9999999999999996 
1.9999999999999996 
1.9999999999999996 
1.9999999999999996 
1.9999999999999996 
1.9999999999999996 
1.9999999999999996 
1.9999999999999996 
1.9999999999999996 
1.9999999999999996 
1.9999999999999996 
1.9999999999999996 
1.9999999999999996 
1.9999999999999996 
1.9999999999999996 
1.9999999999999996 
1.9999999999999996 
1.9999999999999996 
1.9999999999999996 
1.9999999999999996 
1.9999999999999996 
1.9999999999999996 
1.9999999999999996 
1.9999999999999996 
1.9999999999999996 
1.9999999999999996 
1.9999999999999996 
1.9999999999999996 
1.9999999999999996 
1.9999999999999996 
1.9999999999999996 
1.9999999999999996 
1.9999999999999996 
1.9999999999999996 
1.9999999999999996 
1.9999999999999996 
1.9999999999999996 
1.9999999999999996 
1.9999999999999996 
1.9999999999999996 
1.9999999999999996 
1.9999999999999996 
1.9999999999999996 
1.9999999999999996 
1.9999999999999996 
1.9999999999999996 
1.9999999999999996 
1.9999999999999996 
1.9999999999999996 
1.9999999999999996 
1.9999999999999996 
1.9999999999999996 
1.9999999999999996 
1.9999999999999996 
1.9999999999999996 
1.9999999999999996 
1.9999999999999996 
1.9999999999999996 
1.9999999999999996 
1.9999999999999996 
1.9999999999999996 
1.9999999999999996 
1.9999999999999996 
1.9999999999999996 
1.9999999999999996 
1.9999999999999996 
1.9999999999999996 
1.9999999999999996 
1.9999999999999996 
1.9999999999999996 
1.9999999999999996 
1.9999999999999996 
1.9999999999999996 
1.9999999999999996 
1.9999999999999996 
1.9999999999999996 
1.9999999999999996 
1.9999999999999996 
1.9999999999999996 
1.9999999999999996 
1.9999999999999996 
1.9999999999999996 
1.9999999999999996 
1.9999999999999996 
1.9999999999999996 
1.9999999999999996 
1.9999999999999996 
1.9999999999999996 
1.9999999999999996 
1.9999999999999996 
1.9999999999999996 
1.9999999999999996 
1.9999999999999996 
1.9999999999999996 
1.9999999999999996 
1.9999999999999996 
1.9999999999999996 
1.9999999999999996 
1.9999999999999996 
1.9999999999999996 
1.9999999999999996 
1.9999999999999996 
1.9999999999999996 
1.9999999999999996 
1.9999999999999996 
1.9999999999999996 
1.9999999999999996 
1.9999999999999996 
1.9999999999999996 
1.9999999999999996 
1.9999999999999996 
1.9999999999999996 
1.9999999999999996 
1.9999999999999996 
1.9999999999999996 
1.9999999999999996 
1.9999999999999996 
1.9999999999999996 
1.9999999999999996 
1.9999999999999996 
1.9999999999999996 