-0.9983333333333333 0.39294214497279095 0.39292265329464915
-0.995 0.4028381279422296 0.4028059622171221
-0.9916666666666667 0.40910183278060636 0.4090838499564945
-0.9883333333333333 0.4110104600028604 0.41102653192687866
-0.985 0.40844327502317646 0.4085020990010654
-0.9816666666666667 0.4019082998119192 0.4019925515371606
-0.9783333333333333 0.39243618409859626 0.3925090749400215
-0.9750000000000001 0.38137971318894154 0.38141144587736564
-0.9716666666666667 0.37018455993754124 0.3701695330715554
-0.9683333333333333 0.360192764666341 0.3601513738221709
-0.9650000000000001 0.352513045531355 0.3524730938157609
-0.9616666666666667 0.3479594826781796 0.34793922448727627
-0.9583333333333333 0.3470374969530617 0.34703943376529556
-0.9550000000000001 0.349948862652158 0.3499669267330487
-0.9516666666666667 0.3565933025274741 0.3566199742496028
-0.9483333333333333 0.36655766590096883 0.36658656510668547
-0.9450000000000001 0.3790999185425353 0.3791241517387878
-0.9416666666666667 0.3931499199759685 0.393161163458949
-0.9383333333333332 0.40735712600500207 0.4073479710187552
-0.935 0.4202108140049916 0.42018067498978595
-0.9316666666666666 0.43023724729828633 0.4301986075801766
-0.9283333333333332 0.43624419488321525 0.4362217947443986
-0.925 0.43755097298661977 0.43756882527709273
-0.9216666666666666 0.4341315515406202 0.4341942330514902
-0.9183333333333333 0.4266209838457413 0.4267051841568196
-0.915 0.41618360261159276 0.41625031089711595
-0.9116666666666666 0.4042901839410876 0.4043101956166878
-0.9083333333333333 0.3924754106717869 0.3924477818720924
-0.905 0.38213787936164995 0.3820866740529908
-0.9016666666666666 0.37441361336965945 0.3743680924454095
-0.8983333333333333 0.3701201570697983 0.37009695148081767
-0.895 0.36974659671838667 0.3697464881637881
-0.8916666666666666 0.3734595915576386 0.37347530759778763
-0.8883333333333334 0.3811032833132953 0.3811270001246275
-0.885 0.3921860239744355 0.3922109291284327
-0.8816666666666666 0.40586419816184865 0.4058826859785275
-0.8783333333333334 0.4209484511124341 0.4209515283387135
-0.875 0.435964707138408 0.4359450991752113
-0.8716666666666666 0.44929499853298244 0.4492538564332897
-0.8683333333333334 0.459397979938324 0.4593509611733516
-0.865 0.4650718293217021 0.4650464084335485
-0.8616666666666666 0.4656900345248789 0.46570995455685615
-0.8583333333333334 0.46133421865121116 0.46140004243797295
-0.855 0.452777528864324 0.45286061341697753
-0.8516666666666666 0.44132546460556066 0.4413840606891978
-0.8483333333333334 0.4285704331357901 0.42857720969103225
-0.845 0.4161367108403308 0.41609548985458766
-0.8416666666666666 0.4054781029453177 0.40541685478398415
-0.8383333333333334 0.3977555225847999 0.39770424286812817
-0.835 0.393786825944296 0.39376044124905085
-0.8316666666666666 0.3940407113908538 0.39403804736571474
-0.8283333333333334 0.3986433325757697 0.3986561230682262
-0.825 0.4073761226900145 0.4073961801347916
-0.8216666666666667 0.4196600514410123 0.4196800828917704
-0.8183333333333334 0.43453995076983176 0.434551558920663
-0.815 0.4506977067233411 0.4506912503946985
-0.8116666666666668 0.4665287606928358 0.4664973292965134
-0.8083333333333333 0.4803057325449348 0.48025261409093695
-0.8049999999999999 0.4904235769673909 0.4903679128558827
-0.8016666666666667 0.49568049254333235 0.4956523543326149
-0.7983333333333333 0.4955173264974959 0.49553954457741284
-0.7949999999999999 0.4901370116899499 0.49020542693063224
-0.7916666666666667 0.4804620735381765 0.48054252374798284
-0.7883333333333333 0.4679465146125515 0.46799502743197674
-0.7849999999999999 0.4543076887291731 0.45429959758225913
-0.7816666666666667 0.44125970235226997 0.44120402070714104
-0.7783333333333333 0.4303099170972147 0.4302383417859208
-0.7749999999999999 0.4226414378703613 0.42258423078833907
-0.7716666666666667 0.4190689530746908 0.4190390335131604
-0.7683333333333333 0.4200362755613477 0.4200304994425606
-0.7649999999999999 0.4256230565191476 0.42563224742064326
-0.7616666666666667 0.4355401360433216 0.43555574046537004
-0.7583333333333333 0.4491113992447293 0.44912555539173793
-0.7549999999999999 0.46525945103131033 0.4652628969918343
-0.7516666666666667 0.4825275119449696 0.4825100154697577
-0.7483333333333333 0.49917376732851504 0.4991290577439029
-0.7449999999999999 0.5133600387793352 0.5132939776375152
-0.7416666666666667 0.523422731552969 0.523358226411208
-0.7383333333333333 0.5281710563650001 0.5281405381180595
-0.735 0.5271275580040106 0.5271522092696201
-0.7316666666666667 0.520630810384988 0.5207010446293359
-0.7283333333333333 0.5097641672538661 0.5098402202061452
-0.725 0.49613727210515735 0.49617358328467753
-0.7216666666666667 0.4815953826314869 0.4815707727036198
-0.7183333333333333 0.46794230730753616 0.46787133726910685
-0.7150000000000001 0.4567369940476619 0.45665481655468054
-0.7116666666666667 0.4491817386337378 0.44911838325290776
-0.7083333333333333 0.4460842195128307 0.44605032443790793
-0.7050000000000001 0.44785836921311994 0.4478488385016858
-0.7016666666666667 0.4545306671876109 0.45453549717550557
-0.6983333333333333 0.46573265163096034 0.46574290255780326
-0.6950000000000001 0.48068055482491 0.48068769679347084
-0.6916666666666667 0.49816337068453403 0.4981572128012816
-0.6883333333333332 0.5165754382851776 0.5165452489105662
-0.685 0.5340312008765017 0.5339716795779657
-0.6816666666666666 0.5485812172231009 0.548501267260352
-0.6783333333333332 0.5585098632755239 0.5584363961435655
-0.675 0.5626498097059476 0.5626172669612037
-0.6716666666666666 0.5606207975241064 0.5606478912841287
-0.6683333333333332 0.5529120064850098 0.5529830383241181
-0.665 0.540779173776296 0.5408488153686366
-0.6616666666666666 0.5259944709069536 0.5260163268812412
-0.6583333333333332 0.5105336264289201 0.5104908418165683
-0.655 0.49628964102015005 0.49620259477527584
-0.6516666666666666 0.4848707466152017 0.4847776854635724
-0.6483333333333333 0.4774951024317656 0.477425306465733
-0.645 0.4749591317186256 0.47492072386760154
-0.6416666666666666 0.4776413358165686 0.4776273207137158
-0.6383333333333333 0.48550760919631103 0.48550723683003755
-0.635 0.49810058502761206 0.49810448601935126
-0.6316666666666666 0.5145173620530636 0.5145162184204313
-0.6283333333333333 0.5334012309825815 0.533383854241457
-0.625 0.552987188798095 0.5529424652871138
-0.6216666666666666 0.5712398608824659 0.5711638432125211
-0.6183333333333334 0.5860991499292408 0.5860042868116397
-0.615 0.5958054224329853 0.5957228367651293
-0.6116666666666666 0.5992287841115079 0.5991945047775
-0.6083333333333334 0.5961028321238272 0.5961322518420253
-0.605 0.5870829010194756 0.5871536112514155
-0.6016666666666666 0.5736087068200344 0.5736700036863684
-0.5983333333333334 0.5576215328510008 0.5576270132891725
-0.595 0.5412297238722242 0.5411675774767167
-0.5916666666666666 0.5264145643214989 0.5263109715838642
-0.5883333333333334 0.514830919624024 0.5147265375048661
-0.585 0.5077091309408261 0.5076317566475966
-0.5816666666666666 0.5058296718832265 0.5057846466668514
-0.5783333333333334 0.5095294403572955 0.5095081186512626
-0.575 0.5187055114626133 0.5186969462608798
-0.5716666666666665 0.5328010433899585 0.5327961346500303
-0.5683333333333334 0.5507815646603135 0.5507710006224747
-0.565 0.5711318732944083 0.5711042796465429
-0.5616666666666666 0.5919169984639924 0.5918616023029952
-0.5583333333333333 0.6109462204118566 0.6108609221625052
-0.5549999999999999 0.6260506237297041 0.6259513607344216
-0.5516666666666666 0.6354362162228246 0.6353572391906643
-0.5483333333333333 0.6380261051819918 0.638002749279542
-0.5449999999999999 0.6336855559150683 0.63372693804405
-0.5416666666666666 0.6232521334875704 0.623326498291605
-0.5383333333333333 0.6083610999624898 0.608410814645989
-0.5349999999999999 0.5911290783000197 0.5911072921337042
-0.5316666666666667 0.5737987229278257 0.573698925707939
-0.5283333333333333 0.5584382780682543 0.5582932814101484
-0.5249999999999999 0.5467462256484317 0.5466007225879056
-0.5216666666666667 0.5399610212804015 0.5398436849787676
-0.5183333333333333 0.5388419929584802 0.5387580108282386
-0.5149999999999999 0.5436775693350568 0.5436190442272368
-0.5116666666666667 0.5542868678146342 0.5542444693145898
-0.5083333333333333 0.5700019604591903 0.569967760078391
-0.5049999999999999 0.5896433737159945 0.5896077092351211
-0.5016666666666667 0.6115239483797279 0.6114737498933397
-0.4983333333333333 0.6335280505626991 0.6334510765333436
-0.49499999999999994 0.6533047903782285 0.6531993637138612
-0.49166666666666664 0.6685796725874231 0.668464407499875
-0.4883333333333333 0.6775357588907448 0.67744779182715
-0.48499999999999993 0.6791663721770338 0.6791403928500298
-0.48166666666666663 0.6734873901314159 0.673526881798996
-0.47833333333333333 0.6615351454386967 0.6616009394955379
-0.475 0.6451519135162547 0.6451829206030038
-0.4716666666666666 0.626635476341848 0.6265887848615979
-0.4683333333333333 0.6083640103942112 0.6082420346641529
-0.46499999999999997 0.5924909629813455 0.5923341376058721
-0.4616666666666666 0.5807550282136388 0.5806099506872462
-0.4583333333333333 0.5743982856552071 0.5742906692258417
-0.45499999999999996 0.5741531610022985 0.5740838919699848
-0.4516666666666666 0.580251974815372 0.5802093521245644
-0.4483333333333333 0.5924257561855817 0.592396582888965
-0.44499999999999995 0.6098827632037057 0.6098545877540575
-0.4416666666666666 0.6312840597238868 0.631242754559834
-0.4383333333333333 0.6547564249089957 0.6546858463998547
-0.435 0.677992909947076 0.6778804370653372
-0.43166666666666664 0.6984785018198705 0.698326024677647
-0.4283333333333333 0.7138379415115695 0.7136711356587981
-0.425 0.7222446481095927 0.722107849376473
-0.42166666666666663 0.7227810682311113 0.7227121415776178
-0.4183333333333333 0.715633737350099 0.7156339301122316
-0.415 0.702054681087753 0.7020805804102015
-0.4116666666666666 0.68410448117731 0.6840942606994236
-0.40833333333333327 0.6642674376884834 0.6641833405271163
-0.40499999999999997 0.6450579523067911 0.6449103839390193
-0.4016666666666666 0.62871246815521 0.6285469929085425
-0.39833333333333326 0.617006075771123 0.6168681780586818
-0.39499999999999996 0.6111795224295193 0.6110889345115533
-0.39166666666666666 0.6119319475446618 0.6118829445739185
-0.3883333333333333 0.6194310646546043 0.6194075679783042
-0.38499999999999995 0.6333085978547962 0.6332950319530679
-0.38166666666666665 0.6526350709899413 0.652617208786764
-0.3783333333333333 0.6758965699154005 0.6758587706381192
-0.37499999999999994 0.7010191178704362 0.7009448513197681
-0.37166666666666665 0.725493974257666 0.7253725720061708
-0.3683333333333333 0.7466391077286029 0.7464775157073391
-0.36499999999999994 0.7619850741518764 0.7618159780478024
-0.36166666666666664 0.7697109700362702 0.769583633479169
-0.3583333333333333 0.7690090037913465 0.7689598870096581
-0.3549999999999999 0.760257472568834 0.7602799378999954
-0.3516666666666666 0.7449413278034982 0.7449825475397565
-0.34833333333333333 0.7253504994809139 0.7253440674864494
-0.345 0.7041606535374405 0.7040712084886522
-0.3416666666666666 0.6840225835890552 0.6838660228014224
-0.3383333333333333 0.6672530518004272 0.6670777838962578
-0.33499999999999996 0.6556592899626565 0.6555090456439522
-0.3316666666666666 0.6504752418975945 0.6503660703002324
-0.3283333333333333 0.6523596747710614 0.6522834423949184
-0.32499999999999996 0.6614062410526662 0.6613467222299387
-0.3216666666666666 0.6771349581885984 0.6770780747336708
-0.3183333333333333 0.698463428155339 0.6983970886343134
-0.31499999999999995 0.7236861713402583 0.723596838344171
-0.3116666666666666 0.7505132375919132 0.7503867778146642
-0.3083333333333333 0.7762239442719722 0.7760535734482991
-0.305 0.7979676062289986 0.797766414317629
-0.30166666666666664 0.8131891263919433 0.8129967755889083
-0.2983333333333333 0.8200907356887207 0.8199602204194254
-0.295 0.8179967960750691 0.8179611081667986
-0.29166666666666663 0.8074994740388103 0.8075418825199259
-0.2883333333333333 0.7903340995191865 0.7903909180017661
-0.285 0.7690306633291105 0.7690306207320015
-0.2816666666666666 0.7464604839009542 0.7463713577058386
-0.27833333333333327 0.725410350656982 0.7252548384532387
-0.27499999999999997 0.7082741780180067 0.7081048940918753
-0.2716666666666666 0.696886611889509 0.6967464264084493
-0.26833333333333326 0.6924687501654196 0.6923702893047095
-0.26499999999999996 0.6956311164084366 0.6955639590514316
-0.2616666666666666 0.706382789614743 0.7063306692038094
-0.25833333333333325 0.7241183903219873 0.7240678174306094
-0.25499999999999995 0.7475860708454526 0.7475245600121082
-0.25166666666666665 0.7748711203868952 0.7747838884296738
-0.2483333333333333 0.8034519602081065 0.8033239599920367
-0.24499999999999994 0.8303863147529241 0.830211674895865
-0.24166666666666664 0.8526546871170059 0.8524501330279909
-0.23833333333333329 0.8676270084778638 0.8674367593137577
-0.23499999999999993 0.8735483514900793 0.8734263084933211
-0.23166666666666663 0.8698993875429627 0.8698724791093739
-0.22833333333333328 0.8575091969623603 0.8575497264578937
-0.22499999999999992 0.8383810663427194 0.8384164953876513
-0.22166666666666662 0.8152953511039269 0.8152540127741127
-0.21833333333333327 0.7913226991727935 0.7911803924178689
-0.2149999999999999 0.7693849109479304 0.7691745939413819
-0.21166666666666661 0.7519493736500802 0.751729809098023
-0.20833333333333331 0.7408729103118513 0.7406878212158976
-0.20499999999999996 0.7373570947106176 0.737217926055267
-0.2016666666666666 0.7419554572822626 0.7418515205045777
-0.1983333333333333 0.7545808211241054 0.7544965563125707
-0.19499999999999995 0.7744873232064414 0.7744096490216796
-0.1916666666666666 0.8002357289686701 0.8001517047841923
-0.1883333333333333 0.829683359408657 0.8295771944954782
-0.18499999999999994 0.860061020524855 0.8599171396216523
-0.1816666666666666 0.8881958873520247 0.8880100038652747
-0.1783333333333333 0.910901203994248 0.9106943905647311
-0.17499999999999993 0.9254849584477352 0.9253061106497301
-0.17166666666666658 0.9302571270435123 0.9301604104038094
-0.16833333333333328 0.9248806065951588 0.9248857982530598
-0.16499999999999998 0.9104452933873532 0.9105129573395401
-0.16166666666666663 0.8892400338901287 0.8892888394600238
-0.15833333333333327 0.8643053631496551 0.8642637490927447
-0.15499999999999997 0.8389142789848216 0.8387661095967762
-0.15166666666666662 0.8161219936250897 0.8159093666994698
-0.14833333333333326 0.7984651495095189 0.798250745481164
-0.14499999999999996 0.7878169559174671 0.7876425322972409
-0.1416666666666666 0.7853520753382914 0.785225021866827
-0.13833333333333325 0.7915573145915032 0.7914641570592593
-0.13499999999999995 0.8062362682418892 0.806160177237826
-0.1316666666666666 0.828485995430124 0.8284125687527994
-0.12833333333333324 0.8566604641184851 0.8565743995176431
-0.12499999999999994 0.8883692411900906 0.8882518843564908
-0.12166666666666665 0.9205793283742927 0.9204135986002476
-0.11833333333333329 0.949879307334446 0.9496629180232418
-0.11499999999999994 0.972918674478695 0.9726786003741817
-0.11166666666666664 0.9869590498699666 0.9867508118524697
-0.10833333333333328 0.990399823429978 0.99027924186832
-0.10499999999999993 0.983113773923667 0.9830943970523768
-0.10166666666666663 0.9664762818715553 0.966508412159682
-0.09833333333333327 0.9430792761327311 0.9430754697450723
-0.09499999999999992 0.9162327176973979 0.9161251140315996
-0.09166666666666662 0.8894142727069642 0.8891981440529917
-0.08833333333333326 0.8658103260044538 0.8655390058307335
-0.08499999999999991 0.8480219905599736 0.8477627472086486
-0.08166666666666661 0.8379324660179334 0.8377249922016432
-0.07833333333333331 0.8366813243999447 0.8365289594769683
-0.07499999999999996 0.8446778240198022 0.8445647863627406
-0.0716666666666666 0.861601939356465 0.8615108512138823
-0.0683333333333333 0.8863754361955934 0.8862912838266
-0.06499999999999995 0.9171245443166499 0.917030309630616
-0.06166666666666659 0.9511902820624519 0.9510651605062919
-0.05833333333333329 0.9852596097184041 0.9850859476095642
-0.05499999999999994 1.0156756261268987 1.0154540474602538
-0.05166666666666658 1.038929811234203 1.0386935602178684
-0.048333333333333284 1.0522557371542671 1.0520659860644668
-0.04499999999999993 1.0541692455631049 1.0540808766152423
-0.041666666666666574 1.044782358196503 1.0447994338291156
-0.038333333333333275 1.0257812707507528 1.0258412479671435
-0.034999999999999976 1.00007832583627 1.0000863679457805
-0.03166666666666662 0.9712615086164361 0.9711527142241979
-0.028333333333333266 0.9430147262656665 0.9427941824182832
-0.024999999999999967 0.9186526305635508 0.9183820631535274
-0.021666666666666612 0.9008354198978229 0.9005836691905391
-0.018333333333333257 0.8914492242536605 0.8912520054044114
-0.014999999999999958 0.8915894602893081 0.8914453048473484
-0.011666666666666603 0.9015757938656876 0.9014660650584043
-0.008333333333333248 0.9209486318046238 0.9208543728027215
-0.004999999999999949 0.9484344948177552 0.948338775887921
-0.0016666666666666496 0.9819093564428997 0.9817927583082984
0.0016666666666667052 1.0184239445712553 1.018264028979047
0.0050000000000001155 1.0543690739465932 1.0541491153678781
0.008333333333333415 1.0858368919452914 1.0855627192920971
0.011666666666666714 1.109169086841051 1.1088825725047582
0.015000000000000124 1.1215924419693282 1.121361756492927
0.018333333333333424 1.121768882391726 1.1216482804932828
0.021666666666666723 1.110080685008394 1.1100649377943161
0.025000000000000133 1.0885507391260014 1.0885658851930606
0.028333333333333433 1.0604288269813065 1.0603758581291602
0.03166666666666673 1.0295888297112699 1.029409834876681
0.03500000000000003 0.9999216802981857 0.9996346715002543
0.03833333333333333 0.9748666977201832 0.9745428842543458
0.04166666666666674 0.9571371416781896 0.9568465231686192
0.04500000000000004 0.9486142801157422 0.9483881331845886
0.04833333333333334 0.9503393183717981 0.9501717231283666
0.05166666666666675 0.962528930430868 0.962399401395107
0.05500000000000005 0.9845663066793539 0.9844555522036912
0.05833333333333335 1.0149609200825855 1.0148512928747255
0.06166666666666676 1.0513143572406107 1.051184746295472
0.06500000000000006 1.090364450713836 1.090190953241589
0.06833333333333336 1.128190109026593 1.1279570583523473
0.07166666666666677 1.1606287710388703 1.160347223536732
0.07500000000000007 1.183883335827409 1.1836031585703448
0.07833333333333337 1.1951981845862103 1.1949925629615117
0.08166666666666678 1.1934135990126413 1.1933327230605058
0.08500000000000008 1.1792147033117266 1.1792403739237232
0.08833333333333337 1.1549873799898005 1.1550316185422125
0.09166666666666679 1.1243354538897412 1.1242937805832325
0.09500000000000008 1.0914257706416746 1.091246221402129
0.09833333333333338 1.0603562450239408 1.060067905302048
0.1016666666666668 1.0346865399154193 1.034367671232457
0.1050000000000001 1.0171762684281582 1.0168960745906275
0.10833333333333339 1.0096932333214421 1.0094775991549922
0.1116666666666668 1.0132132636422473 1.0130514194446278
0.1150000000000001 1.0278351379531456 1.027704160430623
0.1183333333333334 1.0527653274248112 1.0526444970535374
0.1216666666666667 1.0862724907868198 1.086142286968526
0.125 1.1256580638253137 1.1254953538436483
0.1283333333333334 1.167323626903939 1.1671038227340875
0.1316666666666667 1.207021006409206 1.2067312100447039
0.135 1.2403312023913786 1.239990113344681
0.13833333333333342 1.2633323974980484 1.2629999443734892
0.14166666666666672 1.273314264267079 1.2730694740649364
0.14500000000000002 1.2693303850453828 1.2692192596045624
0.14833333333333343 1.2524028138413794 1.2523943629815197
0.15166666666666673 1.2253070102401618 1.225301145203812
0.15500000000000003 1.1920169021441727 1.191907393611053
0.15833333333333344 1.1569984899270467 1.1567434494879256
0.16166666666666674 1.12455575760049 1.1241981362769113
0.16500000000000004 1.0983636328981987 1.0979895071409396
0.16833333333333345 1.0812206385009888 1.0808979379098216
0.17166666666666675 1.0749716083102103 1.074720467513738
0.17500000000000004 1.0805145895371926 1.0803197539328537
0.17833333333333345 1.0978138964083701 1.0976507904743835
0.18166666666666675 1.1258777643986824 1.1257250871402917
0.18500000000000005 1.1627081987621626 1.162545410713884
0.18833333333333346 1.205279084677238 1.2050818475447618
0.19166666666666676 1.2496317819860208 1.2493756718424838
0.19500000000000006 1.2911767178575868 1.2908525760236356
0.19833333333333347 1.3252390890485297 1.3248739337466673
0.20166666666666677 1.3477898035320601 1.3474531297213488
0.20500000000000007 1.3561949931362076 1.355969343122252
0.20833333333333348 1.3497591639287705 1.3496827231717787
0.21166666666666678 1.3298767643702423 1.3299025179794604
0.21500000000000008 1.299739552687531 1.2997538508870894
0.21833333333333338 1.2637069567767305 1.2636019439035033
0.22166666666666668 1.2265493709070934 1.2262932399163762
0.2250000000000001 1.192775028141215 1.192422953633082
0.2283333333333334 1.1661682504892057 1.1658110237563406
0.2316666666666667 1.14955822974483 1.1492595021278125
0.2350000000000001 1.1447563243571146 1.1445287316606452
0.2383333333333334 1.1525690074521395 1.1523921329376687
0.2416666666666667 1.1728077205336174 1.1726548036407443
0.2450000000000001 1.204258767556333 1.2041069046684076
0.2483333333333334 1.2446294856770102 1.24445559670869
0.2516666666666667 1.2905371921729358 1.2903141132431568
0.2550000000000001 1.3376386198168344 1.3373411273767448
0.2583333333333334 1.3809896466727498 1.3806126754499919
0.2616666666666667 1.41566302959532 1.415243336791136
0.2650000000000001 1.4375435146763262 1.4371616285012223
0.2683333333333334 1.4441084883052355 1.4438509831524842
0.2716666666666667 1.4349536681277917 1.4348507858694701
0.27500000000000013 1.411882616980815 1.4118720350996026
0.27833333333333343 1.3785300955443067 1.378487173308561
0.28166666666666673 1.3396556436237104 1.3394748230038511
0.28500000000000014 1.3003382669697832 1.3000013710889922
0.28833333333333344 1.2652876810052436 1.2648640394647588
0.29166666666666674 1.2383908994991335 1.2379766152565517
0.29500000000000015 1.2224986757872676 1.2221535483295687
0.29833333333333345 1.2193772670291048 1.2191072664518658
0.30166666666666675 1.2297262316294395 1.22950664239586
0.30500000000000005 1.2531837034409927 1.2529860459478115
0.30833333333333335 1.2882880093809914 1.2880879822862985
0.31166666666666676 1.3324215349066835 1.3321938176991683
0.31500000000000006 1.3818144378080532 1.3815297054725466
0.31833333333333336 1.431714188158753 1.4313475981169113
0.32166666666666677 1.4768104761200023 1.4763626493770896
0.32500000000000007 1.5119300936871158 1.5114488915441007
0.32833333333333337 1.5328967112366954 1.5324737227277025
0.3316666666666668 1.5373375273788386 1.5370616238112882
0.3350000000000001 1.5251823855907773 1.5250734254994822
0.3383333333333334 1.4986817929145952 1.498660825705932
0.3416666666666668 1.4619400353026581 1.4618721802899886
0.3450000000000001 1.4201304701936588 1.4199142959249305
0.3483333333333334 1.3786438428258267 1.378275726730684
0.3516666666666668 1.3423875984281282 1.341950052186252
0.3550000000000001 1.315343861890761 1.3149362225141032
0.3583333333333334 1.3003748916720452 1.3000513735796355
0.3616666666666668 1.299188966935054 1.2989480144021432
0.3650000000000001 1.312361664187511 1.3121736741646788
0.3683333333333334 1.339335148197853 1.339168886411973
0.3716666666666668 1.3783712001511979 1.3781993428620807
0.3750000000000001 1.4264946197727297 1.4262876619144016
0.3783333333333334 1.4795163113864713 1.4792409106725324
0.3816666666666668 1.5322498658908486 1.5318801983441326
0.3850000000000001 1.5790090382276474 1.5785505813500555
0.3883333333333334 1.614384645945392 1.6138953511177883
0.3916666666666667 1.6341686424649617 1.633748818241207
0.395 1.636180472841871 1.6359173304460264
0.39833333333333343 1.6207295831734192 1.62062848018408
0.4016666666666667 1.5905522009675335 1.5905155445621273
0.405 1.5502483093556185 1.5501322847165615
0.40833333333333344 1.5054177628814636 1.5051287814259517
0.41166666666666674 1.4617650191079714 1.4613177912367594
0.41500000000000004 1.4243904740448634 1.4238827615577265
0.41833333333333345 1.3973628517052208 1.3968977518468932
0.42166666666666675 1.383544815925155 1.383171351846435
0.42500000000000004 1.384572391941437 1.3842826427979678
0.42833333333333345 1.4008781851556895 1.4006393577778709
0.43166666666666675 1.4316832907448445 1.4314630309028922
0.43500000000000005 1.4749416776025883 1.4747110651374613
0.43833333333333346 1.5272855094762778 1.5270123452686173
0.44166666666666676 1.5840729456045282 1.5837217039917078
0.44500000000000006 1.639659390842619 1.6392056255720011
0.4483333333333335 1.6879752265307388 1.687432048585614
0.45166666666666677 1.7233892229633285 1.722826956982622
0.45500000000000007 1.7416955403577354 1.7412237383930642
0.4583333333333335 1.740952271226428 1.740655084126454
0.4616666666666668 1.7218964131501857 1.7217628375426681
0.4650000000000001 1.6877894558393194 1.6877028516346173
0.4683333333333335 1.6437527252015007 1.6435618617116172
0.4716666666666668 1.5958241078812931 1.5954450861976128
0.4750000000000001 1.5500225281046218 1.5494885165036352
0.4783333333333335 1.5116354843654596 1.5110575629387224
0.4816666666666668 1.4848087947197823 1.4842914558694358
0.4850000000000001 1.4723932764729648 1.4719793578023943
0.4883333333333334 1.4759368592400068 1.4756127953565747
0.4916666666666667 1.4957080524598823 1.4954393749308952
0.4950000000000001 1.530679117508162 1.5304336512059817
0.4983333333333334 1.5784620730081365 1.5782099589328364
0.5016666666666667 1.6352589340933654 1.634965562374363
0.5050000000000001 1.695940367646121 1.6955684855088924
0.5083333333333334 1.7543799308942851 1.753907325944001
0.5116666666666667 1.8041199567701505 1.8035683361502945
0.5150000000000001 1.8393254686284886 1.8387774272822965
0.5183333333333334 1.8558316038242657 1.8554033850184557
0.5216666666666667 1.8519855333792705 1.8517534214462479
0.5250000000000001 1.8290021093680455 1.8289337358879774
0.5283333333333334 1.7907081933193971 1.7906649718088032
0.5316666666666667 1.742771393595073 1.7425944343641158
0.5350000000000001 1.6916779037089786 1.6912936504379998
0.5383333333333334 1.6437605890015934 1.643219927387998
0.5416666666666667 1.604487086797823 1.6039116381736984
0.5450000000000002 1.578069739266753 1.5775618730419396
0.5483333333333335 1.5673339881833803 1.5669276006058976
0.5516666666666667 1.5737220738601028 1.573396128137743
0.5550000000000002 1.5973149168712417 1.5970315885215882
0.5583333333333335 1.6368052810374563 1.6365308332892035
0.5616666666666668 1.6894260556716105 1.6891286468402613
0.5650000000000002 1.7509091100655843 1.7505518327551406
0.5683333333333335 1.8156017996294715 1.8151469882045936
0.5716666666666668 1.8768732013689005 1.8763037238750047
0.5750000000000001 1.9278761800318327 1.9272262717851758
0.5783333333333334 1.9625951334603422 1.9619632475033657
0.5816666666666668 1.9769500596454839 1.9764611538744672
0.5850000000000001 1.9696317025989245 1.9693547954902622
0.5883333333333334 1.9423852800649388 1.9422677298751014
0.5916666666666668 1.8996434897064607 1.899528161376614
0.5950000000000001 1.8476442735729781 1.8473700501682009
0.5983333333333334 1.7933310338415587 1.7928398581006442
0.6016666666666668 1.743348711604793 1.7427117742558242
0.6050000000000001 1.7033369533731764 1.702686250671189
0.6083333333333334 1.6775629071198106 1.6769974166166
0.6116666666666668 1.6688116901505756 1.6683554787071122
0.6150000000000001 1.6784003004143146 1.6780244833016327
0.6183333333333334 1.7061959569822427 1.7058589385163532
0.6216666666666668 1.7505781169667962 1.750243770355469
0.6250000000000001 1.8083601578066908 1.8079933524370908
0.6283333333333334 1.8747613277117783 1.8743214902595078
0.6316666666666668 1.9435690100130576 1.9430173443859233
0.6350000000000001 2.0076266321682126 2.0069513068216223
0.6383333333333334 2.059699953323819 2.0589484286532596
0.6416666666666668 2.0936211441801107 2.0929075362544562
0.6450000000000001 2.105444307137605 2.104900031880012
0.6483333333333334 2.094262317890266 2.0939456610993563
0.6516666666666668 2.06240530487934 2.0622411468992974
0.6550000000000001 2.0149523934137434 2.0147660429454235
0.6583333333333334 1.9587348378887324 1.9583666751501418
0.6616666666666667 1.9011606686202125 1.9005719832442003
0.665 1.8491836381511055 1.8484676733373397
0.6683333333333334 1.808606049916029 1.807904943842774
0.6716666666666667 1.7837368938440072 1.7831458573187313
0.675 1.7773044311925046 1.7768384138057032
0.6783333333333335 1.7904786750501505 1.790102343430769
0.6816666666666668 1.8228841393111601 1.8225531776806103
0.685 1.872549765554348 1.872225797350045
0.6883333333333335 1.935825681762181 1.9354696685475163
0.6916666666666668 2.00737360241056 2.0069404510498527
0.6950000000000001 2.080383718380816 2.079832866120994
0.6983333333333335 2.147154588577969 2.146479201812239
0.7016666666666668 2.200071573140394 2.1993316609549156
0.7050000000000001 2.232848750280103 2.2321714686454084
0.7083333333333335 2.241729153952367 2.2412469344126507
0.7116666666666668 2.2262703800953023 2.2260238978916025
0.7150000000000001 2.189443844121037 2.1893300737096864
0.7183333333333335 2.1370155773130155 2.1368402483744866
0.7216666666666668 2.076431868046358 2.076037445682482
0.7250000000000001 2.015571206244805 2.014938721733518
0.7283333333333335 1.9616914334859323 1.9609343772597208
0.7316666666666668 1.9207468710131363 1.9200141190774607
0.7350000000000001 1.8970740285075194 1.8964543042641961
0.7383333333333335 1.8933260123760665 1.8928246954841843
0.7416666666666668 1.9105016647501165 1.9100783680728415
0.7450000000000001 1.94795060865625 1.9475600259328818
0.7483333333333335 2.003310401008884 2.0029133471853786
0.7516666666666668 2.0724206915564385 2.071975817594674
0.7550000000000001 2.149338391263989 2.148798346835911
0.7583333333333334 2.2266190563893535 2.2259449099302953
0.7616666666666667 2.2959996501919027 2.2951942866157244
0.7650000000000001 2.349496778154485 2.348637778524107
0.7683333333333334 2.3807467549405668 2.379977731549718
0.7716666666666667 2.3862421509945877 2.3856974278067415
0.7750000000000001 2.3660718292055716 2.3657741830321903
0.7783333333333334 2.323906468960326 2.323726203927298
0.7816666666666667 2.2662391210191952 2.2659665148807147
0.7850000000000001 2.2011513888247847 2.200636480670802
0.7883333333333334 2.1369963634155384 2.1362436039472175
0.7916666666666667 2.0813297345946333 2.0804728911769597
0.7950000000000002 2.040245841774091 2.0394378880365576
0.7983333333333335 2.01809290316522 2.017413080051472
0.8016666666666667 2.017428595725058 2.0168704982904693
0.8050000000000002 2.039053681276201 2.0385699714609204
0.8083333333333335 2.082007213824887 2.0815494389000015
0.8116666666666668 2.1434905717600627 2.1430164094196265
0.8150000000000002 2.2187820907059717 2.218245801297418
0.8183333333333335 2.301284377255528 2.300635056417656
0.8216666666666668 2.382881088076502 2.382081423263193
0.8250000000000002 2.4547339529787147 2.453797735993445
0.8283333333333335 2.508508027811881 2.5075315527364257
0.8316666666666668 2.53780883825501 2.5369513971655673
0.8350000000000002 2.5394450350186606 2.5388396475284023
0.8383333333333335 2.5141071417476146 2.513755136587418
0.8416666666666668 2.4662244218274267 2.465968575732039
0.8450000000000001 2.403056433018458 2.402674593870449
0.8483333333333334 2.3333387529399534 2.332693488399186
0.8516666666666668 2.2659014269520075 2.265024199359083
0.8550000000000001 2.208590171222149 2.207635819860046
0.8583333333333334 2.167625898039104 2.166750972055141
0.8616666666666668 2.1473510830444362 2.1466258480736533
0.8650000000000001 2.150205488598353 2.14961392808508
0.8683333333333334 2.17676185719026 2.1762522867305543
0.8716666666666668 2.225709173850492 2.225231628290318
0.8750000000000001 2.293763654777968 2.293273056927052
0.8783333333333334 2.375587788379587 2.375033728882487
0.8816666666666668 2.46387832316569 2.4632060356256047
0.8850000000000001 2.549810393205613 2.5489842952755586
0.8883333333333334 2.6239606001450415 2.623005754704635
0.8916666666666668 2.677665864275076 2.676696402448576
0.8950000000000001 2.7045549813718472 2.703741913749206
0.8983333333333334 2.7018252880818294 2.7012933553560274
0.9016666666666668 2.670843057762155 2.670564902154749
0.9050000000000001 2.616856516999753 2.616643266095605
0.9083333333333334 2.547930323299318 2.5475473642781443
0.9116666666666668 2.473470887301373 2.4727949671895795
0.9150000000000001 2.4027856785440393 2.4018751318761558
0.9183333333333334 2.3440009701013245 2.34302854616021
0.9216666666666669 2.3034492573766143 2.3025706058322375
0.9250000000000002 2.2854480088896514 2.2847209375174633
0.9283333333333335 2.2922941135473573 2.2916910810024778
0.9316666666666668 2.324298991497345 2.3237628445558185
0.935 2.3797578897817733 2.379236387495943
0.9383333333333335 2.4548484269984816 2.454293535757057
0.9416666666666668 2.5435589559858633 2.5429162140078576
0.9450000000000001 2.6378269978124496 2.6370397230578417
0.9483333333333335 2.7280837178567334 2.727121815440466
0.9516666666666668 2.804315148131404 2.8032200244038865
0.9550000000000001 2.85756036588117 2.8564685940488057
0.9583333333333335 2.8815330008424267 2.8806294147729665
0.9616666666666668 2.873897823686785 2.8732985695185564
0.9650000000000001 2.83677444757446 2.836423522761863
0.9683333333333335 2.7762911920963584 2.775971347875066
0.9716666666666668 2.701355237962172 2.7008260032989395
0.9750000000000001 2.6220587131874638 2.6212178098130776
0.9783333333333335 2.548185005663895 2.5471211591596874
0.9816666666666668 2.4881297561358364 2.487033318077781
0.9850000000000001 2.448320393923137 2.447344409306913
0.9883333333333335 2.4330281034527452 2.43221733210147
0.9916666666666668 2.4443791737698755 2.4436952818096223
0.9950000000000001 2.482386672553024 2.481767772369778
0.9983333333333334 2.54490390708598 2.5442948469390836
