-0.9933333333333334 0.4064820503519311 0.4088503052639592
-0.98 0.39745966855070874 0.4007782887882387
-0.9666666666666667 0.35600578422951235 0.353113461248853
-0.9533333333333334 0.35282273498008415 0.3668486439075116
-0.94 0.40032650535307923 0.399086937277233
-0.9266666666666667 0.4375028809200964 0.4437609221719492
-0.9133333333333333 0.4103218115712467 0.411182395307482
-0.8999999999999999 0.371799827981095 0.3765883351914262
-0.8866666666666667 0.38625913512260796 0.39688996951688815
-0.8733333333333333 0.44294174673871833 0.4439301252949093
-0.86 0.4641005000380445 0.4728337948317849
-0.8466666666666667 0.4222167123489807 0.4200129091575315
-0.8333333333333333 0.3933700818724979 0.40820609595401847
-0.8200000000000001 0.4268498878590554 0.4320485579225698
-0.8066666666666666 0.48590982883696204 0.49110404939082153
-0.7933333333333333 0.4857549968109915 0.49485023413156537
-0.78 0.43544018256149747 0.4331903070058172
-0.7666666666666666 0.4222614930974185 0.4433571192608367
-0.7533333333333333 0.47385739781059893 0.476344158874866
-0.74 0.5265097790148362 0.5368137293297401
-0.7266666666666667 0.5031824425412151 0.5103631302858194
-0.7133333333333334 0.4524432927247961 0.4569477777790131
-0.7 0.4596044419873287 0.4797301128697896
-0.6866666666666666 0.5255464032358944 0.5296335254238715
-0.6733333333333333 0.5623959018634729 0.577070737025827
-0.6599999999999999 0.5182254578514495 0.5216766042583534
-0.6466666666666666 0.4755888260792587 0.49243256166771243
-0.6333333333333333 0.5059053210295138 0.5198960083809745
-0.62 0.579214774176186 0.5878618954253793
-0.6066666666666667 0.5922552061360904 0.6086833550105138
-0.5933333333333333 0.5335123829989846 0.5341214241496502
-0.58 0.5069782048338117 0.5345319462309055
-0.5666666666666667 0.560772942296653 0.5686410456201065
-0.5533333333333333 0.6315458407934703 0.6451052353623834
-0.54 0.6162385739129619 0.6296598378062651
-0.5266666666666666 0.5520450550679699 0.5543703741060129
-0.5133333333333333 0.5482905144728343 0.5760431841313316
-0.49999999999999994 0.6226551064890122 0.6263608400693812
-0.48666666666666664 0.6792908323433683 0.6951453636799902
-0.47333333333333333 0.6360095047933627 0.6423178234671876
-0.45999999999999996 0.5768466409222172 0.5894721536140651
-0.4466666666666666 0.6005645620636632 0.6211892713238107
-0.4333333333333333 0.6887360215648651 0.6953245503600463
-0.42 0.7201124884561353 0.7386240622176197
-0.4066666666666666 0.6544351872130316 0.6549496586563364
-0.39333333333333326 0.6107104892104064 0.638044550294429
-0.37999999999999995 0.6638912932649151 0.6751125362526413
-0.36666666666666664 0.7551709421868383 0.767104255258468
-0.35333333333333333 0.7532910653911019 0.7704116807664427
-0.33999999999999997 0.675090671750239 0.6742032760836061
-0.3266666666666666 0.656003968452573 0.6909251853385353
-0.3133333333333333 0.7370619007019764 0.7427784017094081
-0.3 0.8177514514854016 0.8360514761648018
-0.2866666666666666 0.7800227699677444 0.7926479607528922
-0.27333333333333326 0.7017710174591715 0.7109037958792158
-0.25999999999999995 0.7144402964197131 0.7466257996738995
-0.24666666666666665 0.8173169090524328 0.8252156060775491
-0.23333333333333328 0.8728992516321238 0.8971755067060161
-0.21999999999999992 0.8032294466338534 0.8093730725069546
-0.2066666666666666 0.7381203193505238 0.7660525360554093
-0.1933333333333333 0.7867490306387674 0.8087793957234002
-0.17999999999999994 0.9004134112217832 0.9150924293700755
-0.16666666666666657 0.918675848019551 0.9450224468799575
-0.15333333333333327 0.827020208066172 0.8287937497859247
-0.13999999999999996 0.7873670597336668 0.8315569117886822
-0.12666666666666665 0.8722497677145612 0.8856917384717142
-0.11333333333333329 0.9811956787713725 1.004983560857587
-0.09999999999999992 0.955426072376418 0.9792011050032432
-0.08666666666666661 0.85605402785599 0.8640699823381667
-0.0733333333333333 0.8520730466738504 0.9001166087055642
-0.05999999999999994 0.9684499743494225 0.9811526750511033
-0.04666666666666658 1.0546709526359224 1.0873376894330102
-0.03333333333333327 0.9858248894624293 1.0025575833636864
-0.019999999999999962 0.8950016271335975 0.9225713246167806
-0.006666666666666654 0.9337900545895983 0.9723881548305733
0.00666666666666671 1.0709045305044522 1.0897046400557784
0.02000000000000013 1.1173164044435069 1.154823815779502
0.03333333333333344 1.0143789335094784 1.0226980636889385
0.046666666666666745 0.9481630242121639 0.9991162341929681
0.06000000000000005 1.0325778579030611 1.057720739696585
0.07333333333333336 1.173608300255004 1.2022147765771374
0.08666666666666678 1.1681505693098895 1.2043373853695778
0.10000000000000009 1.0466534553664761 1.0543177016474026
0.1133333333333334 1.0191647004114146 1.0824143545813918
0.1266666666666667 1.1464606091213603 1.16489321397504
0.14 1.2700556717958942 1.309706097645228
0.15333333333333343 1.2091602965038868 1.2385427690296136
0.16666666666666674 1.0885232284660187 1.113029720635661
0.18000000000000005 1.1106009612218983 1.1695829035444283
0.19333333333333347 1.271053361436104 1.294473983979203
0.20666666666666678 1.3547926723923618 1.4045017823037242
0.22000000000000008 1.2449742775128136 1.2647475027487602
0.2333333333333334 1.1456075808636867 1.2005332782836171
0.2466666666666667 1.2235156142301815 1.267863043651378
0.2600000000000001 1.3996970845728023 1.435665191013883
0.27333333333333343 1.4249662284723499 1.478911305467399
0.28666666666666674 1.2820138571613124 1.2964452315322346
0.30000000000000004 1.222865454024635 1.3039273163603051
0.31333333333333335 1.3567381505509952 1.3900327951080085
0.32666666666666677 1.52438102220459 1.5765294067329605
0.3400000000000001 1.4812825029968215 1.5320253527787973
0.3533333333333334 1.327508111994942 1.353595284864788
0.3666666666666668 1.3242034937204838 1.4115782837462427
0.3800000000000001 1.5062706954359295 1.5407586650775014
0.3933333333333334 1.637437079708439 1.7047262351765582
0.40666666666666673 1.5280351966687262 1.568295855968373
0.42000000000000004 1.3886719311644231 1.4469911701590066
0.43333333333333346 1.4519350936922373 1.5255461215650938
0.44666666666666677 1.665099912928256 1.711657794759434
0.4600000000000001 1.7335630114813156 1.8097522041754244
0.4733333333333335 1.5723035465089397 1.600857550322709
0.4866666666666668 1.4721235034930071 1.5684115824148086
0.5000000000000001 1.6060255341656768 1.6614315796485652
0.5133333333333334 1.8238506295544294 1.8888707095765016
0.5266666666666667 1.811446349930398 1.88743990632933
0.5400000000000001 1.6227481406271718 1.6531619219446265
0.5533333333333335 1.5834163340282732 1.7003084666097787
0.5666666666666668 1.7832529435255708 1.8319361241726007
0.5800000000000001 1.9724713813442964 2.056983894905751
0.5933333333333334 1.874370739773256 1.9399044612379241
0.6066666666666668 1.6884613079622577 1.7465971693226106
0.6200000000000001 1.7264752982558076 1.8358055450312962
0.6333333333333334 1.976654441912191 2.034234262770501
0.6466666666666668 2.1026566335546026 2.2023609348881896
0.6600000000000001 1.9296620512353324 1.9794649132022353
0.6733333333333335 1.7781068401930846 1.8842122471187124
0.6866666666666668 1.902781550483078 1.990189296158244
0.7000000000000001 2.175784019136112 2.2550048970374785
0.7133333333333335 2.2102217362480867 2.316859267102588
0.7266666666666668 1.9873507409155875 2.030089152805762
0.7400000000000001 1.8992999557788306 2.0465315074962827
0.7533333333333334 2.110339533835245 2.183549086225597
0.7666666666666667 2.368200786353242 2.475250452975537
0.7800000000000001 2.2965266873568067 2.3991085490961748
0.7933333333333334 2.0586509795371217 2.122629483172301
0.8066666666666668 2.0579950037099004 2.2159712368464666
0.8200000000000002 2.342743967945468 2.4223337507460974
0.8333333333333335 2.5421353734881333 2.675824928050952
0.8466666666666668 2.368451960218606 2.4564078133554963
0.8600000000000001 2.1547057155034843 2.272594263482665
0.8733333333333334 2.2576332155701717 2.3966866900374937
0.8866666666666668 2.5889355333501096 2.6922294807462674
0.9000000000000001 2.6896193186265975 2.8398320884216135
0.9133333333333334 2.437111486154478 2.509264771160775
0.9266666666666667 2.285699234475751 2.465292943698654
0.9400000000000001 2.4979610058994766 2.6130709692098635
0.9533333333333335 2.8342844744867346 2.9712544833973293
0.9666666666666668 2.8089431247985335 2.961375470098357
0.9800000000000001 2.5159785485817583 2.5954067770439853
0.9933333333333334 2.460133231305546 2.6742787000054724
