-0.9983333333333333 0.39294214497279095 0.39294672867242236
-0.995 0.4028381279422296 0.4028538644677748
-0.9916666666666667 0.40910183278060636 0.40912866182783947
-0.9883333333333333 0.4110104600028604 0.4110399855943403
-0.985 0.40844327502317646 0.4084589019787196
-0.9816666666666667 0.4019082998119192 0.40189828934005
-0.9783333333333333 0.39243618409859626 0.3924098490884783
-0.9750000000000001 0.38137971318894154 0.3813601979885487
-0.9716666666666667 0.37018455993754124 0.3701925484403523
-0.9683333333333333 0.360192764666341 0.36022339466270314
-0.9650000000000001 0.352513045531355 0.3525485082099597
-0.9616666666666667 0.3479594826781796 0.34798157986391365
-0.9583333333333333 0.3470374969530617 0.3470492689327349
-0.9550000000000001 0.349948862652158 0.34995226661134393
-0.9516666666666667 0.3565933025274741 0.3565951503206255
-0.9483333333333333 0.36655766590096883 0.3665582619570869
-0.9450000000000001 0.3790999185425353 0.3791007035500506
-0.9416666666666667 0.3931499199759685 0.39315043100539115
-0.9383333333333332 0.40735712600500207 0.40735729145485144
-0.935 0.4202108140049916 0.42021754328603567
-0.9316666666666666 0.43023724729828633 0.4302563526199482
-0.9283333333333332 0.43624419488321525 0.43627388436063397
-0.925 0.43755097298661977 0.4375820967739176
-0.9216666666666666 0.4341315515406202 0.4341444416503091
-0.9183333333333333 0.4266209838457413 0.42660684348712674
-0.915 0.41618360261159276 0.41615509346812685
-0.9116666666666666 0.4042901839410876 0.40427318835035647
-0.9083333333333333 0.3924754106717869 0.3924886075251174
-0.905 0.38213787936164995 0.3821730089292873
-0.9016666666666666 0.37441361336965945 0.3744500822963869
-0.8983333333333333 0.3701201570697983 0.3701420135829189
-0.895 0.36974659671838667 0.3697575067446479
-0.8916666666666666 0.3734595915576386 0.3734631754651483
-0.8883333333333334 0.3811032833132953 0.38110492960917935
-0.885 0.3921860239744355 0.39218703812115085
-0.8816666666666666 0.40586419816184865 0.40586533353321674
-0.8783333333333334 0.4209484511124341 0.42094881949397933
-0.875 0.435964707138408 0.4359658277800269
-0.8716666666666666 0.44929499853298244 0.4493041194356622
-0.8683333333333334 0.459397979938324 0.4594203946286784
-0.865 0.4650718293217021 0.4651051632676157
-0.8616666666666666 0.4656900345248789 0.46572170976390626
-0.8583333333333334 0.46133421865121116 0.46134390374935835
-0.855 0.452777528864324 0.4527592128834612
-0.8516666666666666 0.44132546460556066 0.4412950948256946
-0.8483333333333334 0.4285704331357901 0.42855698819773475
-0.845 0.4161367108403308 0.4161553726395086
-0.8416666666666666 0.4054781029453177 0.4055179055203464
-0.8383333333333334 0.3977555225847999 0.39779220980814234
-0.835 0.393786825944296 0.39380883997914207
-0.8316666666666666 0.3940407113908538 0.39405031426749504
-0.8283333333333334 0.3986433325757697 0.3986475237479098
-0.825 0.4073761226900145 0.40737745419835825
-0.8216666666666667 0.4196600514410123 0.4196614670465842
-0.8183333333333334 0.43453995076983176 0.43454165441129866
-0.815 0.4506977067233411 0.45069778944523176
-0.8116666666666668 0.4665287606928358 0.46653112837203314
-0.8083333333333333 0.4803057325449348 0.4803178654472787
-0.8049999999999999 0.4904235769673909 0.49044937503103736
-0.8016666666666667 0.49568049254333235 0.49571761471199605
-0.7983333333333333 0.4955173264974959 0.4955490160523715
-0.7949999999999999 0.4901370116899499 0.49014271385709746
-0.7916666666666667 0.4804620735381765 0.4804396274338678
-0.7883333333333333 0.4679465146125515 0.4679148197467472
-0.7849999999999999 0.4543076887291731 0.4542988558061691
-0.7816666666666667 0.44125970235226997 0.44128396830822886
-0.7783333333333333 0.4303099170972147 0.4303544958633526
-0.7749999999999999 0.4226414378703613 0.4226775911116437
-0.7716666666666667 0.4190689530746908 0.41909150713258336
-0.7683333333333333 0.4200362755613477 0.42004420792382163
-0.7649999999999999 0.4256230565191476 0.42562816440450646
-0.7616666666666667 0.4355401360433216 0.4355411947489537
-0.7583333333333333 0.4491113992447293 0.4491130918590892
-0.7549999999999999 0.46525945103131033 0.465261939137277
-0.7516666666666667 0.4825275119449696 0.48252729807979167
-0.7483333333333333 0.49917376732851504 0.49917760863699384
-0.7449999999999999 0.5133600387793352 0.5133758791153522
-0.7416666666666667 0.523422731552969 0.5234520450701712
-0.7383333333333333 0.5281710563650001 0.5282118958522757
-0.735 0.5271275580040106 0.5271587179644488
-0.7316666666666667 0.520630810384988 0.520631759996482
-0.7283333333333333 0.5097641672538661 0.5097377033210642
-0.725 0.49613727210515735 0.4961049693494979
-0.7216666666666667 0.4815953826314869 0.4815922167814124
-0.7183333333333333 0.46794230730753616 0.4679722626726519
-0.7150000000000001 0.4567369940476619 0.45678630926676744
-0.7116666666666667 0.4491817386337378 0.4492167235718467
-0.7083333333333333 0.4460842195128307 0.4461075873004593
-0.7050000000000001 0.44785836921311994 0.44786445327909596
-0.7016666666666667 0.4545306671876109 0.4545368109053832
-0.6983333333333333 0.46573265163096034 0.46573364334394807
-0.6950000000000001 0.48068055482491 0.48068234236856555
-0.6916666666666667 0.49816337068453403 0.4981667867678744
-0.6883333333333332 0.5165754382851776 0.5165750992655829
-0.685 0.5340312008765017 0.5340367052367808
-0.6816666666666666 0.5485812172231009 0.5486014559192669
-0.6783333333333332 0.5585098632755239 0.5585429404429625
-0.675 0.5626498097059476 0.5626940519010152
-0.6716666666666666 0.5606207975241064 0.5606508446062611
-0.6683333333333332 0.5529120064850098 0.5529075103244943
-0.665 0.540779173776296 0.540748864676951
-0.6616666666666666 0.5259944709069536 0.5259624675909844
-0.6583333333333332 0.5105336264289201 0.5105371278784286
-0.655 0.49628964102015005 0.49632535553973395
-0.6516666666666666 0.4848707466152017 0.4849245572804254
-0.6483333333333333 0.4774951024317656 0.4775284914850737
-0.645 0.4749591317186256 0.4749834011939392
-0.6416666666666666 0.4776413358165686 0.47764564430939466
-0.6383333333333333 0.48550760919631103 0.4855146964874605
-0.635 0.49810058502761206 0.4981018361641443
-0.6316666666666666 0.5145173620530636 0.5145190591969755
-0.6283333333333333 0.5334012309825815 0.5334055756386697
-0.625 0.552987188798095 0.5529870794157785
-0.6216666666666666 0.5712398608824659 0.5712472444767756
-0.6183333333333334 0.5860991499292408 0.5861244257189884
-0.615 0.5958054224329853 0.5958427083476132
-0.6116666666666666 0.5992287841115079 0.5992759620757417
-0.6083333333333334 0.5961028321238272 0.5961311850530996
-0.605 0.5870829010194756 0.5870724506616314
-0.6016666666666666 0.5736087068200344 0.5735747824148958
-0.5983333333333334 0.5576215328510008 0.5575907940820712
-0.595 0.5412297238722242 0.5412405485056726
-0.5916666666666666 0.5264145643214989 0.5264557763344468
-0.5883333333333334 0.514830919624024 0.5148884033615665
-0.585 0.5077091309408261 0.5077405367752876
-0.5816666666666666 0.5058296718832265 0.50585483491129
-0.5783333333333334 0.5095294403572955 0.5095329389776907
-0.575 0.5187055114626133 0.5187145371071558
-0.5716666666666665 0.5328010433899585 0.5328047333863517
-0.5683333333333334 0.5507815646603135 0.550785110152171
-0.565 0.5711318732944083 0.5711387852984535
-0.5616666666666666 0.5919169984639924 0.5919184563398454
-0.5583333333333333 0.6109462204118566 0.6109549076104107
-0.5549999999999999 0.6260506237297041 0.6260781653155945
-0.5516666666666666 0.6354362162228246 0.6354721294599566
-0.5483333333333333 0.6380261051819918 0.6380664466299635
-0.5449999999999999 0.6336855559150683 0.6336997079192705
-0.5416666666666666 0.6232521334875704 0.6232215947375938
-0.5383333333333333 0.6083610999624898 0.6083091749670646
-0.5349999999999999 0.5911290783000197 0.5910862436305633
-0.5316666666666667 0.5737987229278257 0.5738042705057389
-0.5283333333333333 0.5584382780682543 0.5584737567690955
-0.5249999999999999 0.5467462256484317 0.5467978174386572
-0.5216666666666667 0.5399610212804015 0.5399837683773041
-0.5183333333333333 0.5388419929584802 0.5388621936355618
-0.5149999999999999 0.5436775693350568 0.543674996461598
-0.5116666666666667 0.5542868678146342 0.5542899292087381
-0.5083333333333333 0.5700019604591903 0.5699976889110119
-0.5049999999999999 0.5896433737159945 0.589634068705974
-0.5016666666666667 0.6115239483797279 0.611514571484389
-0.4983333333333333 0.6335280505626991 0.6335100333311048
-0.49499999999999994 0.6533047903782285 0.653292340023923
-0.49166666666666664 0.6685796725874231 0.6685878211888884
-0.4883333333333333 0.6775357588907448 0.6775520515251583
-0.48499999999999993 0.6791663721770338 0.679185572329141
-0.48166666666666663 0.6734873901314159 0.6734794145705465
-0.47833333333333333 0.6615351454386967 0.6614841490839234
-0.475 0.6451519135162547 0.6450884993309858
-0.4716666666666666 0.626635476341848 0.626592589456224
-0.4683333333333333 0.6083640103942112 0.608378180844934
-0.46499999999999997 0.5924909629813455 0.5925343656746929
-0.4616666666666666 0.5807550282136388 0.5808116830056111
-0.4583333333333333 0.5743982856552071 0.5744213768773688
-0.45499999999999996 0.5741531610022985 0.574173660242456
-0.4516666666666666 0.580251974815372 0.5802475210309506
-0.4483333333333333 0.5924257561855817 0.5924260117201887
-0.44499999999999995 0.6098827632037057 0.609876773086039
-0.4416666666666666 0.6312840597238868 0.6312728936959001
-0.4383333333333333 0.6547564249089957 0.65474829727116
-0.435 0.677992909947076 0.677981780684102
-0.43166666666666664 0.6984785018198705 0.6984785433803898
-0.4283333333333333 0.7138379415115695 0.7138661812473786
-0.425 0.7222446481095927 0.7222842403620305
-0.42166666666666663 0.7227810682311113 0.7228207534632703
-0.4183333333333333 0.715633737350099 0.7156424330469315
-0.415 0.702054681087753 0.7020165131278129
-0.4116666666666666 0.68410448117731 0.6840554899993928
-0.40833333333333327 0.6642674376884834 0.664241158445914
-0.40499999999999997 0.6450579523067911 0.645086704311171
-0.4016666666666666 0.62871246815521 0.6287599345404655
-0.39833333333333326 0.617006075771123 0.6170562628694307
-0.39499999999999996 0.6111795224295193 0.611187632385569
-0.39166666666666666 0.6119319475446618 0.6119345489881219
-0.3883333333333333 0.6194310646546043 0.6194071095740139
-0.38499999999999995 0.6333085978547962 0.6332891220369873
-0.38166666666666665 0.6526350709899413 0.6526122905482705
-0.3783333333333333 0.6758965699154005 0.6758701622638517
-0.37499999999999994 0.7010191178704362 0.7009989593601067
-0.37166666666666665 0.725493974257666 0.725476523302206
-0.3683333333333333 0.7466391077286029 0.7466376258462089
-0.36499999999999994 0.7619850741518764 0.7620159142172935
-0.36166666666666664 0.7697109700362702 0.769754616944357
-0.3583333333333333 0.7690090037913465 0.7690470205345143
-0.3549999999999999 0.760257472568834 0.7602593548594587
-0.3516666666666666 0.7449413278034982 0.7448953585259055
-0.34833333333333333 0.7253504994809139 0.7252989683873028
-0.345 0.7041606535374405 0.7041398272024493
-0.3416666666666666 0.6840225835890552 0.6840606527148928
-0.3383333333333333 0.6672530518004272 0.6673071499975805
-0.33499999999999996 0.6556592899626565 0.6557139545702679
-0.3316666666666666 0.6504752418975945 0.6504883956231511
-0.3283333333333333 0.6523596747710614 0.6523716769906664
-0.32499999999999996 0.6614062410526662 0.6613951859960122
-0.3216666666666666 0.6771349581885984 0.6771303139364145
-0.3183333333333333 0.698463428155339 0.6984584612068911
-0.31499999999999995 0.7236861713402583 0.723675640529068
-0.3116666666666666 0.7505132375919132 0.7505078876298532
-0.3083333333333333 0.7762239442719722 0.7762213767191143
-0.305 0.7979676062289986 0.7979775504624942
-0.30166666666666664 0.8131891263919433 0.8132300222242855
-0.2983333333333333 0.8200907356887207 0.8201371924867045
-0.295 0.8179967960750691 0.8180257555768532
-0.29166666666666663 0.8074994740388103 0.8074844133903168
-0.2883333333333333 0.7903340995191865 0.7902670917703667
-0.285 0.7690306633291105 0.768964146040564
-0.2816666666666666 0.7464604839009542 0.7464315683847988
-0.27833333333333327 0.725410350656982 0.7254435675295818
-0.27499999999999997 0.7082741780180067 0.7083188393696433
-0.2716666666666666 0.696886611889509 0.6969293657178772
-0.26833333333333326 0.6924687501654196 0.6924701209612575
-0.26499999999999996 0.6956311164084366 0.6956336316836782
-0.2616666666666666 0.706382789614743 0.7063646109402588
-0.25833333333333325 0.7241183903219873 0.7241073553261156
-0.25499999999999995 0.7475860708454526 0.7475764578358155
-0.25166666666666665 0.7748711203868952 0.7748562594699177
-0.2483333333333333 0.8034519602081065 0.8034428189338448
-0.24499999999999994 0.8303863147529241 0.8303836202836812
-0.24166666666666664 0.8526546871170059 0.8526695770890501
-0.23833333333333329 0.8676270084778638 0.8676738328583724
-0.23499999999999993 0.8735483514900793 0.8736019157103017
-0.23166666666666663 0.8698993875429627 0.8699303690396337
-0.22833333333333328 0.8575091969623603 0.8574917349669238
-0.22499999999999992 0.8383810663427194 0.838316537888601
-0.22166666666666662 0.8152953511039269 0.8152401887751344
-0.21833333333333327 0.7913226991727935 0.7913141147924294
-0.2149999999999999 0.7693849109479304 0.7694396291917223
-0.21166666666666661 0.7519493736500802 0.752009078382629
-0.20833333333333331 0.7408729103118513 0.7409262493983637
-0.20499999999999996 0.7373570947106176 0.7373643377950329
-0.2016666666666666 0.7419554572822626 0.7419646442155536
-0.1983333333333333 0.7545808211241054 0.7545665962281953
-0.19499999999999995 0.7744873232064414 0.7744771938466678
-0.1916666666666666 0.8002357289686701 0.8002275012957805
-0.1883333333333333 0.829683359408657 0.8296642960450363
-0.18499999999999994 0.860061020524855 0.8600461361169537
-0.1816666666666666 0.8881958873520247 0.8881924637233327
-0.1783333333333333 0.910901203994248 0.9109107155199465
-0.17499999999999993 0.9254849584477352 0.9255302310639464
-0.17166666666666658 0.9302571270435123 0.9303064070994671
-0.16833333333333328 0.9248806065951588 0.9248934939264053
-0.16499999999999998 0.9104452933873532 0.910412219666718
-0.16166666666666663 0.8892400338901287 0.8891577040547881
-0.15833333333333327 0.8643053631496551 0.8642466233600995
-0.15499999999999997 0.8389142789848216 0.8389053949197195
-0.15166666666666662 0.8161219936250897 0.8161840198809471
-0.14833333333333326 0.7984651495095189 0.7985184072343829
-0.14499999999999996 0.7878169559174671 0.7878689672797492
-0.1416666666666666 0.7853520753382914 0.7853495831868957
-0.13833333333333325 0.7915573145915032 0.7915673872697493
-0.13499999999999995 0.8062362682418892 0.8062171286847195
-0.1316666666666666 0.828485995430124 0.8284767541002491
-0.12833333333333324 0.8566604641184851 0.8566541746039843
-0.12499999999999994 0.8883692411900906 0.8883486974877548
-0.12166666666666665 0.9205793283742927 0.9205713632789343
-0.11833333333333329 0.949879307334446 0.9498817644851746
-0.11499999999999994 0.972918674478695 0.9729378711006871
-0.11166666666666664 0.9869590498699666 0.9870209108744357
-0.10833333333333328 0.990399823429978 0.9904512042898095
-0.10499999999999993 0.983113773923667 0.9831301026288239
-0.10166666666666663 0.9664762818715553 0.9664369659500434
-0.09833333333333327 0.9430792761327311 0.9429966313261712
-0.09499999999999992 0.9162327176973979 0.9161814176438261
-0.09166666666666662 0.8894142727069642 0.8894229641351228
-0.08833333333333326 0.8658103260044538 0.8658819936000799
-0.08499999999999991 0.8480219905599736 0.8480820477466745
-0.08166666666666661 0.8379324660179334 0.8379808805229845
-0.07833333333333331 0.8366813243999447 0.836681259610045
-0.07499999999999996 0.8446778240198022 0.844681672394901
-0.0716666666666666 0.861601939356465 0.8615856299136448
-0.0683333333333333 0.8863754361955934 0.8863624471497102
-0.06499999999999995 0.9171245443166499 0.9171148688851782
-0.06166666666666659 0.9511902820624519 0.9511711652440646
-0.05833333333333329 0.9852596097184041 0.9852438429754122
-0.05499999999999994 1.0156756261268987 1.0156802953829105
-0.05166666666666658 1.038929811234203 1.0389569653989041
-0.048333333333333284 1.0522557371542671 1.0523109087086817
-0.04499999999999993 1.0541692455631049 1.0542275388552937
-0.041666666666666574 1.044782358196503 1.044783467938194
-0.038333333333333275 1.0257812707507528 1.0257290448221383
-0.034999999999999976 1.00007832583627 0.9999867509084959
-0.03166666666666662 0.9712615086164361 0.9712185597404193
-0.028333333333333266 0.9430147262656665 0.9430256864209834
-0.024999999999999967 0.9186526305635508 0.9187416893209148
-0.021666666666666612 0.9008354198978229 0.9008821044912013
-0.018333333333333257 0.8914492242536605 0.8915121616745214
-0.014999999999999958 0.8915894602893081 0.8915671658520253
-0.011666666666666603 0.9015757938656876 0.9015956267610338
-0.008333333333333248 0.9209486318046238 0.920923214570819
-0.004999999999999949 0.9484344948177552 0.948417497713961
-0.0016666666666666496 0.9819093564428997 0.9819107051257243
0.0016666666666667052 1.0184239445712553 1.018392448242112
0.0050000000000001155 1.0543690739465932 1.054356332325841
0.008333333333333415 1.0858368919452914 1.0858610565926625
0.011666666666666714 1.109169086841051 1.1091851737355407
0.015000000000000124 1.1215924419693282 1.1216708079894981
0.018333333333333424 1.121768882391726 1.1218256425060893
0.021666666666666723 1.110080685008394 1.1100638692260814
0.025000000000000133 1.0885507391260014 1.0884988568846778
0.028333333333333433 1.0604288269813065 1.0603253797163275
0.03166666666666673 1.0295888297112699 1.0295598461085984
0.03500000000000003 0.9999216802981857 0.9999385939730752
0.03833333333333333 0.9748666977201832 0.9749731226773841
0.04166666666666674 0.9571371416781896 0.9571773898135001
0.04500000000000004 0.9486142801157422 0.9486780234483738
0.04833333333333334 0.9503393183717981 0.9503155713496467
0.05166666666666675 0.962528930430868 0.9625446706901024
0.05500000000000005 0.9845663066793539 0.9845372079122083
0.05833333333333335 1.0149609200825855 1.0149492883311284
0.06166666666666676 1.0513143572406107 1.0513113314582512
0.06500000000000006 1.090364450713836 1.0903336436652384
0.06833333333333336 1.128190109026593 1.1281878511706556
0.07166666666666677 1.1606287710388703 1.1606440083050862
0.07500000000000007 1.183883335827409 1.1839157895123023
0.07833333333333337 1.1951981845862103 1.1952798876283155
0.08166666666666678 1.1934135990126413 1.1934551984733328
0.08500000000000008 1.1792147033117266 1.179202423442881
0.08833333333333337 1.1549873799898005 1.1549097106735888
0.09166666666666679 1.1243354538897412 1.1242388091833448
0.09500000000000008 1.0914257706416746 1.0913965555206728
0.09833333333333338 1.0603562450239408 1.0604015297327642
0.1016666666666668 1.0346865399154193 1.034783578950221
0.1050000000000001 1.0171762684281582 1.0172320523379585
0.10833333333333339 1.0096932333214421 1.009739588308269
0.1116666666666668 1.0132132636422473 1.0131972651124022
0.1150000000000001 1.0278351379531456 1.0278397250684717
0.1183333333333334 1.0527653274248112 1.0527528141516433
0.1216666666666667 1.0862724907868198 1.0862501303776098
0.125 1.1256580638253137 1.1256523347862437
0.1283333333333334 1.167323626903939 1.1673030562191042
0.1316666666666667 1.207021006409206 1.2069956505561217
0.135 1.2403312023913786 1.2403651749169948
0.13833333333333342 1.2633323974980484 1.2633759877306372
0.14166666666666672 1.273314264267079 1.273380351155804
0.14500000000000002 1.2693303850453828 1.2694022353419265
0.14833333333333343 1.2524028138413794 1.2523541109396095
0.15166666666666673 1.2253070102401618 1.2252361110117462
0.15500000000000003 1.1920169021441727 1.1919035342272601
0.15833333333333344 1.1569984899270467 1.1570104923812694
0.16166666666666674 1.12455575760049 1.1245723477665837
0.16500000000000004 1.0983636328981987 1.0985200278942546
0.16833333333333345 1.0812206385009888 1.0812103586033424
0.17166666666666675 1.0749716083102103 1.075087046572324
0.17500000000000004 1.0805145895371926 1.0804287171048728
0.17833333333333345 1.0978138964083701 1.097869472335986
0.18166666666666675 1.1258777643986824 1.125838868574679
0.18500000000000005 1.1627081987621626 1.162668387722067
0.18833333333333346 1.205279084677238 1.205307865433059
0.19166666666666676 1.2496317819860208 1.249576514818183
0.19500000000000006 1.2911767178575868 1.2911614633299968
0.19833333333333347 1.3252390890485297 1.3253152204958365
0.20166666666666677 1.3477898035320601 1.3477969881047416
0.20500000000000007 1.3561949931362076 1.356309761815107
0.20833333333333348 1.3497591639287705 1.349811082979877
0.21166666666666678 1.3298767643702423 1.3298074167121672
0.21500000000000008 1.299739552687531 1.2996659812340798
0.21833333333333338 1.2637069567767305 1.2635917038120859
0.22166666666666668 1.2265493709070934 1.2265688738103404
0.2250000000000001 1.192775028141215 1.192813971456122
0.2283333333333334 1.1661682504892057 1.1663142022377306
0.2316666666666667 1.14955822974483 1.1495735009304544
0.2350000000000001 1.1447563243571146 1.1448271803955592
0.2383333333333334 1.1525690074521395 1.1525276506078395
0.2416666666666667 1.1728077205336174 1.1728221586213543
0.2450000000000001 1.204258767556333 1.2042263854726138
0.2483333333333334 1.2446294856770102 1.244611457074338
0.2516666666666667 1.2905371921729358 1.290537664519321
0.2550000000000001 1.3376386198168344 1.3376066587852322
0.2583333333333334 1.3809896466727498 1.3809982416214859
0.2616666666666667 1.41566302959532 1.415705576016036
0.2650000000000001 1.4375435146763262 1.437602375395214
0.2683333333333334 1.4441084883052355 1.4442040066110913
0.2716666666666667 1.4349536681277917 1.4349793087964209
0.27500000000000013 1.411882616980815 1.4118263984058144
0.27833333333333343 1.3785300955443067 1.3784172241526607
0.28166666666666673 1.3396556436237104 1.3395642088013189
0.28500000000000014 1.3003382669697832 1.3003508191515871
0.28833333333333344 1.2652876810052436 1.2653709742526884
0.29166666666666674 1.2383908994991335 1.2385093352405192
0.29500000000000015 1.2224986757872676 1.2225394120360886
0.29833333333333345 1.2193772670291048 1.2194262900001953
0.30166666666666675 1.2297262316294395 1.2296897359038739
0.30500000000000005 1.2531837034409927 1.2531839347670193
0.30833333333333335 1.2882880093809914 1.288285125105812
0.31166666666666676 1.3324215349066835 1.332390611827692
0.31500000000000006 1.3818144378080532 1.3818143350378658
0.31833333333333336 1.431714188158753 1.4317104131730227
0.32166666666666677 1.4768104761200023 1.4767778911208267
0.32500000000000007 1.5119300936871158 1.5119989395502484
0.32833333333333337 1.5328967112366954 1.53296899677125
0.3316666666666668 1.5373375273788386 1.5373838485445663
0.3350000000000001 1.5251823855907773 1.52525201771333
0.3383333333333334 1.4986817929145952 1.4985662943388491
0.3416666666666668 1.4619400353026581 1.461857600305013
0.3450000000000001 1.4201304701936588 1.420001518625791
0.3483333333333334 1.3786438428258267 1.3787478107815327
0.3516666666666668 1.3423875984281282 1.34238613244346
0.3550000000000001 1.315343861890761 1.3155941078764195
0.3583333333333334 1.3003748916720452 1.3002616390687058
0.3616666666666668 1.299188966935054 1.2993955892412776
0.3650000000000001 1.312361664187511 1.3121926955011407
0.3683333333333334 1.339335148197853 1.3394204784056447
0.3716666666666668 1.3783712001511979 1.3783583675122668
0.3750000000000001 1.4264946197727297 1.4263987674690537
0.3783333333333334 1.4795163113864713 1.4795825570674412
0.3816666666666668 1.5322498658908486 1.5321999248277558
0.3850000000000001 1.5790090382276474 1.5789466077690042
0.3883333333333334 1.614384645945392 1.614551052899629
0.3916666666666667 1.6341686424649617 1.6341681083120947
0.395 1.636180472841871 1.636273995154331
0.39833333333333343 1.6207295831734192 1.6207961999096439
0.4016666666666667 1.5905522009675335 1.5903927119499404
0.405 1.5502483093556185 1.5501854277983198
0.40833333333333344 1.5054177628814636 1.5052882086851525
0.41166666666666674 1.4617650191079714 1.4619017156279763
0.41500000000000004 1.4243904740448634 1.4243894913615347
0.41833333333333345 1.3973628517052208 1.3976173143932333
0.42166666666666675 1.383544815925155 1.383443255106867
0.42500000000000004 1.384572391941437 1.3847365611379412
0.42833333333333345 1.4008781851556895 1.400756091182227
0.43166666666666675 1.4316832907448445 1.4317424328426647
0.43500000000000005 1.4749416776025883 1.4749080757850428
0.43833333333333346 1.5272855094762778 1.5272121889845243
0.44166666666666676 1.5840729456045282 1.5841045035906145
0.44500000000000006 1.639659390842619 1.6395937258507556
0.4483333333333335 1.6879752265307388 1.6879783540665896
0.45166666666666677 1.7233892229633285 1.7235196018269199
0.45500000000000007 1.7416955403577354 1.7417422192713046
0.4583333333333335 1.740952271226428 1.7410872506705934
0.4616666666666668 1.7218964131501857 1.721884945980716
0.4650000000000001 1.6877894558393194 1.68767770857343
0.4683333333333335 1.6437527252015007 1.6436290056652822
0.4716666666666668 1.5958241078812931 1.5957742910423942
0.4750000000000001 1.5500225281046218 1.5500809711216506
0.4783333333333335 1.5116354843654596 1.5117720736292912
0.4816666666666668 1.4848087947197823 1.4849069218814366
0.4850000000000001 1.4723932764729648 1.4724565370233877
0.4883333333333334 1.4759368592400068 1.4759301104416682
0.4916666666666667 1.4957080524598823 1.4957118856560134
0.4950000000000001 1.530679117508162 1.5306467562863886
0.4983333333333334 1.5784620730081365 1.5784343444179396
0.5016666666666667 1.6352589340933654 1.6352458591360115
0.5050000000000001 1.695940367646121 1.69589413053846
0.5083333333333334 1.7543799308942851 1.7543735585912932
0.5116666666666667 1.8041199567701505 1.8041637048178314
0.5150000000000001 1.8393254686284886 1.8393816592248013
0.5183333333333334 1.8558316038242657 1.8559894999970146
0.5216666666666667 1.8519855333792705 1.8520621617403414
0.5250000000000001 1.8290021093680455 1.8289863939781799
0.5283333333333334 1.7907081933193971 1.7905917396107776
0.5316666666666667 1.742771393595073 1.7426374992773201
0.5350000000000001 1.6916779037089786 1.6916237140112045
0.5383333333333334 1.6437605890015934 1.6438695503135783
0.5416666666666667 1.604487086797823 1.6045821770374114
0.5450000000000002 1.578069739266753 1.578245175642651
0.5483333333333335 1.5673339881833803 1.5672758682620982
0.5516666666666667 1.5737220738601028 1.5738498482693433
0.5550000000000002 1.5973149168712417 1.5972028988000744
0.5583333333333335 1.6368052810374563 1.6367753216522496
0.5616666666666668 1.6894260556716105 1.689464858807768
0.5650000000000002 1.7509091100655843 1.7508191719317017
0.5683333333333335 1.8156017996294715 1.815605314099229
0.5716666666666668 1.8768732013689005 1.8769466889150932
0.5750000000000001 1.9278761800318327 1.927816199360113
0.5783333333333334 1.9625951334603422 1.9627781666900983
0.5816666666666668 1.9769500596454839 1.9770997383583877
0.5850000000000001 1.9696317025989245 1.96960028358423
0.5883333333333334 1.9423852800649388 1.9424670481987263
0.5916666666666668 1.8996434897064607 1.8993920128786335
0.5950000000000001 1.8476442735729781 1.847624391420489
0.5983333333333334 1.7933310338415587 1.793140834093427
0.6016666666666668 1.743348711604793 1.7436987032198608
0.6050000000000001 1.7033369533731764 1.703148802567263
0.6083333333333334 1.6775629071198106 1.6780857223616779
0.6116666666666668 1.6688116901505756 1.6683616780708352
0.6150000000000001 1.6784003004143146 1.6788715265957466
0.6183333333333334 1.7061959569822427 1.7058359414664186
0.6216666666666668 1.7505781169667962 1.750642593690184
0.6250000000000001 1.8083601578066908 1.808488889652113
0.6283333333333334 1.8747613277117783 1.8745046217345338
0.6316666666666668 1.9435690100130576 1.9436963968387504
0.6350000000000001 2.0076266321682126 2.0077340538800055
0.6383333333333334 2.059699953323819 2.059490655445705
0.6416666666666668 2.0936211441801107 2.094001726516275
0.6450000000000001 2.105444307137605 2.105506931314948
0.6483333333333334 2.094262317890266 2.0942062516931084
0.6516666666666668 2.06240530487934 2.0625537057141226
0.6550000000000001 2.0149523934137434 2.0145906917637317
0.6583333333333334 1.9587348378887324 1.9587849889738722
0.6616666666666667 1.9011606686202125 1.9008988455783091
0.665 1.8491836381511055 1.8496756866309643
0.6683333333333334 1.808606049916029 1.80827600327881
0.6716666666666667 1.7837368938440072 1.7844029941801853
0.675 1.7773044311925046 1.776717872778982
0.6783333333333335 1.7904786750501505 1.7910183213150845
0.6816666666666668 1.8228841393111601 1.8224706938615163
0.685 1.872549765554348 1.8726441351512122
0.6883333333333335 1.935825681762181 1.9360048315525469
0.6916666666666668 2.00737360241056 2.0070848320567998
0.6950000000000001 2.080383718380816 2.080573669971226
0.6983333333333335 2.147154588577969 2.147255574968138
0.7016666666666668 2.200071573140394 2.199849602918367
0.7050000000000001 2.232848750280103 2.233302465234817
0.7083333333333335 2.241729153952367 2.2416886557571516
0.7116666666666668 2.2262703800953023 2.2262416542586343
0.7150000000000001 2.189443844121037 2.1895050466724166
0.7183333333333335 2.1370155773130155 2.1366897250095187
0.7216666666666668 2.076431868046358 2.076416511013424
0.7250000000000001 2.015571206244805 2.0154525554360196
0.7283333333333335 1.9616914334859323 1.9620283138944616
0.7316666666666668 1.9207468710131363 1.9206843245748506
0.7350000000000001 1.8970740285075194 1.8973899144289939
0.7383333333333335 1.8933260123760665 1.893158868597515
0.7416666666666668 1.9105016647501165 1.9106379343168127
0.7450000000000001 1.94795060865625 1.9478185829589831
0.7483333333333335 2.003310401008884 2.003374403807207
0.7516666666666668 2.0724206915564385 2.072442858649289
0.7550000000000001 2.149338391263989 2.14926424416951
0.7583333333333334 2.2266190563893535 2.226709742187774
0.7616666666666667 2.2959996501919027 2.2959709789736693
0.7650000000000001 2.349496778154485 2.3495339563921194
0.7683333333333334 2.3807467549405668 2.3809592766891834
0.7716666666666667 2.3862421509945877 2.3862644633013836
0.7750000000000001 2.3660718292055716 2.3661754048049346
0.7783333333333334 2.323906468960326 2.323742199582286
0.7816666666666667 2.2662391210191952 2.2660779450146866
0.7850000000000001 2.2011513888247847 2.2009616766777036
0.7883333333333334 2.1369963634155384 2.1371427724104586
0.7916666666666667 2.0813297345946333 2.081349461627755
0.7950000000000002 2.040245841774091 2.0406003267194546
0.7983333333333335 2.01809290316522 2.0179415507666354
0.8016666666666667 2.017428595725058 2.0177258769455646
0.8050000000000002 2.039053681276201 2.0388221280780794
0.8083333333333335 2.082007213824887 2.0821254546822843
0.8116666666666668 2.1434905717600627 2.1435060363202094
0.8150000000000002 2.2187820907059717 2.2186654693431915
0.8183333333333335 2.301284377255528 2.3013992626740727
0.8216666666666668 2.382881088076502 2.3828646724574485
0.8250000000000002 2.4547339529787147 2.4546445245112953
0.8283333333333335 2.508508027811881 2.5087614636131885
0.8316666666666668 2.53780883825501 2.537840389882813
0.8350000000000002 2.5394450350186606 2.5395409534262363
0.8383333333333335 2.5141071417476146 2.514205334928576
0.8416666666666668 2.4662244218274267 2.465930454790218
0.8450000000000001 2.403056433018458 2.402953716357366
0.8483333333333334 2.3333387529399534 2.3331138854381974
0.8516666666666668 2.2659014269520075 2.266161163431746
0.8550000000000001 2.208590171222149 2.2085304155064716
0.8583333333333334 2.167625898039104 2.168098600324844
0.8616666666666668 2.1473510830444362 2.147101920243301
0.8650000000000001 2.150205488598353 2.150560035657426
0.8683333333333334 2.17676185719026 2.176499365959316
0.8716666666666668 2.225709173850492 2.2259105051106887
0.8750000000000001 2.293763654777968 2.2937660686798647
0.8783333333333334 2.375587788379587 2.3754620384650345
0.8816666666666668 2.46387832316569 2.4640560614493743
0.8850000000000001 2.549810393205613 2.5496656601042167
0.8883333333333334 2.6239606001450415 2.623886506341754
0.8916666666666668 2.677665864275076 2.677938677621521
0.8950000000000001 2.7045549813718472 2.7044261247017936
0.8983333333333334 2.7018252880818294 2.7020813896720903
0.9016666666666668 2.670843057762155 2.670809227302918
0.9050000000000001 2.616856516999753 2.616669518908512
0.9083333333333334 2.547930323299318 2.547718689972209
0.9116666666666668 2.473470887301373 2.4734719212210576
0.9150000000000001 2.4027856785440393 2.4027765822674
0.9183333333333334 2.3440009701013245 2.3444183740845266
0.9216666666666669 2.3034492573766143 2.3032855703246313
0.9250000000000002 2.2854480088896514 2.2860057877227584
0.9283333333333335 2.2922941135473573 2.291738649603132
0.9316666666666668 2.324298991497345 2.324784486653611
0.935 2.3797578897817733 2.3796721538366237
0.9383333333333335 2.4548484269984816 2.4546144831828496
0.9416666666666668 2.5435589559858633 2.5438880118299854
0.9450000000000001 2.6378269978124496 2.637615700329396
0.9483333333333335 2.7280837178567334 2.727818707346221
0.9516666666666668 2.804315148131404 2.804841077375217
0.9550000000000001 2.85756036588117 2.8572672336747877
0.9583333333333335 2.8815330008424267 2.8817393574199817
0.9616666666666668 2.873897823686785 2.8744391060511045
0.9650000000000001 2.83677444757446 2.836175600149354
0.9683333333333335 2.7762911920963584 2.7765858835969124
0.9716666666666668 2.701355237962172 2.700627171111773
0.9750000000000001 2.6220587131874638 2.6227022678949488
0.9783333333333335 2.548185005663895 2.547292083341082
0.9816666666666668 2.4881297561358364 2.4897574310749424
0.9850000000000001 2.448320393923137 2.446704064874049
0.9883333333333335 2.4330281034527452 2.4351699287838664
0.9916666666666668 2.4443791737698755 2.442339674944555
0.9950000000000001 2.482386672553024 2.483896780634147
0.9983333333333334 2.54490390708598 2.544412059766322
