-0.9933333333333334 0.4064820503519311 0.4058485221051595
-0.98 0.39745966855070874 0.39841083271295513
-0.9666666666666667 0.35600578422951235 0.34893805159243024
-0.9533333333333334 0.35282273498008415 0.3555401585599133
-0.94 0.40032650535307923 0.4001984901473118
-0.9266666666666667 0.4375028809200964 0.43970699741226066
-0.9133333333333333 0.4103218115712467 0.4099322410437324
-0.8999999999999999 0.371799827981095 0.36758425329928324
-0.8866666666666667 0.38625913512260796 0.39037873139535945
-0.8733333333333333 0.44294174673871833 0.44388283407368434
-0.86 0.4641005000380445 0.4689697071184664
-0.8466666666666667 0.4222167123489807 0.4193029669440944
-0.8333333333333333 0.3933700818724979 0.39440106087487514
-0.8200000000000001 0.4268498878590554 0.43119244687303593
-0.8066666666666666 0.48590982883696204 0.4891189463560998
-0.7933333333333333 0.4857549968109915 0.49216650321214844
-0.78 0.43544018256149747 0.43093508712999035
-0.7666666666666666 0.4222614930974185 0.4285284164503781
-0.7533333333333333 0.47385739781059893 0.4785553990653573
-0.74 0.5265097790148362 0.5332140345563863
-0.7266666666666667 0.5031824425412151 0.5091585418669146
-0.7133333333333334 0.4524432927247961 0.44976892257279744
-0.7 0.4596044419873287 0.4691449427475176
-0.6866666666666666 0.5255464032358944 0.5315518789856299
-0.6733333333333333 0.5623959018634729 0.5730443171939009
-0.6599999999999999 0.5182254578514495 0.5216975247628541
-0.6466666666666666 0.4755888260792587 0.47865577016791727
-0.6333333333333333 0.5059053210295138 0.5167868081383018
-0.62 0.579214774176186 0.588003409391388
-0.6066666666666667 0.5922552061360904 0.6061793766304696
-0.5933333333333333 0.5335123829989846 0.5344097383276405
-0.58 0.5069782048338117 0.5177311606548525
-0.5666666666666667 0.560772942296653 0.5729655209327524
-0.5533333333333333 0.6315458407934703 0.6453078689159739
-0.54 0.6162385739129619 0.6318288461422952
-0.5266666666666666 0.5520450550679699 0.553599240603159
-0.5133333333333333 0.5482905144728343 0.5653522378879262
-0.49999999999999994 0.6226551064890122 0.6367698093470644
-0.48666666666666664 0.6792908323433683 0.6985240006900565
-0.47333333333333333 0.6360095047933627 0.6497088173730847
-0.45999999999999996 0.5768466409222172 0.5835241376523658
-0.4466666666666666 0.6005645620636632 0.6205342195621422
-0.4333333333333333 0.6887360215648651 0.7055010370881367
-0.42 0.7201124884561353 0.7435817586983684
-0.4066666666666666 0.6544351872130316 0.6635804357291146
-0.39333333333333326 0.6107104892104064 0.6255458279329051
-0.37999999999999995 0.6638912932649151 0.6843969832099304
-0.36666666666666664 0.7551709421868383 0.7756964076882542
-0.35333333333333333 0.7532910653911019 0.7784060021832795
-0.33999999999999997 0.675090671750239 0.6811345459061335
-0.3266666666666666 0.656003968452573 0.6787821111353414
-0.3133333333333333 0.7370619007019764 0.758364313663505
-0.3 0.8177514514854016 0.8436851707047113
-0.2866666666666666 0.7800227699677444 0.8034425428229437
-0.27333333333333326 0.7017710174591715 0.7103227895652752
-0.25999999999999995 0.7144402964197131 0.7420598649498057
-0.24666666666666665 0.8173169090524328 0.8408285442165473
-0.23333333333333328 0.8728992516321238 0.9044746262928227
-0.21999999999999992 0.8032294466338534 0.8215226958647439
-0.2066666666666666 0.7381203193505238 0.7551483408287616
-0.1933333333333333 0.7867490306387674 0.815957349083563
-0.17999999999999994 0.9004134112217832 0.9277869330092813
-0.16666666666666657 0.918675848019551 0.9537911938465342
-0.15333333333333327 0.827020208066172 0.8395803999317509
-0.13999999999999996 0.7873670597336668 0.8149882538051547
-0.12666666666666665 0.8722497677145612 0.9021329267790094
-0.11333333333333329 0.9811956787713725 1.014561179080408
-0.09999999999999992 0.955426072376418 0.99052581804488
-0.08666666666666661 0.85605402785599 0.8679815779113792
-0.0733333333333333 0.8520730466738504 0.8880483967295864
-0.05999999999999994 0.9684499743494225 1.0005369305662466
-0.04666666666666658 1.0546709526359224 1.0955684896610216
-0.03333333333333327 0.9858248894624293 1.016531993559557
-0.019999999999999962 0.8950016271335975 0.9145334364623627
-0.006666666666666654 0.9337900545895983 0.9739858712031949
0.00666666666666671 1.0709045305044522 1.1075570911524582
0.02000000000000013 1.1173164044435069 1.1649827033091205
0.03333333333333344 1.0143789335094784 1.0382510612303573
0.046666666666666745 0.9481630242121639 0.9813628006339143
0.06000000000000005 1.0325778579030611 1.0750311997044646
0.07333333333333336 1.173608300255004 1.2179779943034954
0.08666666666666678 1.1681505693098895 1.2194467808283114
0.10000000000000009 1.0466534553664761 1.0669455196246154
0.1133333333333334 1.0191647004114146 1.065967577156873
0.1266666666666667 1.1464606091213603 1.1920398364423808
0.14 1.2700556717958942 1.3246057293076492
0.15333333333333343 1.2091602965038868 1.2585130543138887
0.16666666666666674 1.0885232284660187 1.114065379453371
0.18000000000000005 1.1106009612218983 1.1660389537084583
0.19333333333333347 1.271053361436104 1.3218648913839803
0.20666666666666678 1.3547926723923618 1.4193219269742179
0.22000000000000008 1.2449742775128136 1.2867815300803804
0.2333333333333334 1.1456075808636867 1.1856315990307802
0.2466666666666667 1.2235156142301815 1.2828665479173726
0.2600000000000001 1.3996970845728023 1.4585842183913966
0.27333333333333343 1.4249662284723499 1.4961775273470352
0.28666666666666674 1.2820138571613124 1.3160011418333255
0.30000000000000004 1.222865454024635 1.280860522278973
0.31333333333333335 1.3567381505509952 1.4192748538439948
0.32666666666666677 1.52438102220459 1.5948045055070552
0.3400000000000001 1.4812825029968215 1.5532999143666557
0.3533333333333334 1.327508111994942 1.3619215687623565
0.3666666666666668 1.3242034937204838 1.396476598590037
0.3800000000000001 1.5062706954359295 1.5744643522311454
0.3933333333333334 1.637437079708439 1.7213677219256303
0.40666666666666673 1.5280351966687262 1.5938122565210213
0.42000000000000004 1.3886719311644231 1.436682887738854
0.43333333333333346 1.4519350936922373 1.5325222147543305
0.44666666666666677 1.665099912928256 1.7430563048591878
0.4600000000000001 1.7335630114813156 1.8296466452645803
0.4733333333333335 1.5723035465089397 1.6283721205495243
0.4866666666666668 1.4721235034930071 1.543163822140872
0.5000000000000001 1.6060255341656768 1.6923768539297757
0.5133333333333334 1.8238506295544294 1.916450811363184
0.5266666666666667 1.811446349930398 1.914227399600374
0.5400000000000001 1.6227481406271718 1.6746567580920817
0.5533333333333335 1.5834163340282732 1.6772743911431705
0.5666666666666668 1.7832529435255708 1.8772887303358141
0.5800000000000001 1.9724713813442964 2.083558129568412
0.5933333333333334 1.874370739773256 1.9750971509801816
0.6066666666666668 1.6884613079622577 1.7508343521852567
0.6200000000000001 1.7264752982558076 1.8360542379689957
0.6333333333333334 1.976654441912191 2.082544517910816
0.6466666666666668 2.1026566335546026 2.232129066863303
0.6600000000000001 1.9296620512353324 2.0202131252754545
0.6733333333333335 1.7781068401930846 1.8660168129331582
0.6866666666666668 1.902781550483078 2.0219062439080298
0.7000000000000001 2.175784019136112 2.298712734241649
0.7133333333333335 2.2102217362480867 2.3528269448884997
0.7266666666666668 1.9873507409155875 2.068079236036893
0.7400000000000001 1.8992999557788306 2.0183039437709827
0.7533333333333334 2.110339533835245 2.2388272600819814
0.7666666666666667 2.368200786353242 2.5136827989926527
0.7800000000000001 2.2965266873568067 2.4426096909888275
0.7933333333333334 2.0586509795371217 2.143214295971926
0.8066666666666668 2.0579950037099004 2.202499605433173
0.8200000000000002 2.342743967945468 2.485020987925954
0.8333333333333335 2.5421353734881333 2.7126891664153847
0.8466666666666668 2.368451960218606 2.5064052959780785
0.8600000000000001 2.1547057155034843 2.2637371867167393
0.8733333333333334 2.2576332155701717 2.418423367387106
0.8866666666666668 2.5889355333501096 2.7509929778123317
0.9000000000000001 2.6896193186265975 2.8814648611511644
0.9133333333333334 2.437111486154478 2.5609156491147216
0.9266666666666667 2.285699234475751 2.433111902638509
0.9400000000000001 2.4979610058994766 2.671171369926885
0.9533333333333335 2.8342844744867346 3.0230160482403514
0.9666666666666668 2.8089431247985335 3.0121582430767124
0.9800000000000001 2.5159785485817583 2.6349004155461357
0.9933333333333334 2.460133231305546 2.645330821936907
