-0.9983333333333333 0.39294214497279095 0.39292265329465026
-0.995 0.4028381279422296 0.40280596221712306
-0.9916666666666667 0.40910183278060636 0.40908384995649505
-0.9883333333333333 0.4110104600028604 0.4110265319268784
-0.985 0.40844327502317646 0.4085020990010654
-0.9816666666666667 0.4019082998119192 0.4019925515371606
-0.9783333333333333 0.39243618409859626 0.3925090749400215
-0.9750000000000001 0.38137971318894154 0.38141144587736336
-0.9716666666666667 0.37018455993754124 0.3701695330715564
-0.9683333333333333 0.360192764666341 0.36015137382217144
-0.9650000000000001 0.352513045531355 0.3524730938157467
-0.9616666666666667 0.3479594826781796 0.3479392244873029
-0.9583333333333333 0.3470374969530617 0.3470394337652924
-0.9550000000000001 0.349948862652158 0.34996692673293117
-0.9516666666666667 0.3565933025274741 0.35661997424985964
-0.9483333333333333 0.36655766590096883 0.36658656510669074
-0.9450000000000001 0.3790999185425353 0.3791241517379635
-0.9416666666666667 0.3931499199759685 0.3931611634599125
-0.9383333333333332 0.40735712600500207 0.4073479710195309
-0.935 0.4202108140049916 0.42018067498771755
-0.9316666666666666 0.43023724729828633 0.4301986075804601
-0.9283333333333332 0.43624419488321525 0.4362217947456627
-0.925 0.43755097298661977 0.437568825276992
-0.9216666666666666 0.4341315515406202 0.434194233051473
-0.9183333333333333 0.4266209838457413 0.4267051841559423
-0.915 0.41618360261159276 0.41625031089681075
-0.9116666666666666 0.4042901839410876 0.40431019561742326
-0.9083333333333333 0.3924754106717869 0.39244778187304896
-0.905 0.38213787936164995 0.38208667405236124
-0.9016666666666666 0.37441361336965945 0.37436809244400526
-0.8983333333333333 0.3701201570697983 0.3700969514813327
-0.895 0.36974659671838667 0.369746488165652
-0.8916666666666666 0.3734595915576386 0.373475307597677
-0.8883333333333334 0.3811032833132953 0.3811270001218024
-0.885 0.3921860239744355 0.3922109291267229
-0.8816666666666666 0.40586419816184865 0.4058826859856584
-0.8783333333333334 0.4209484511124341 0.42095152834183247
-0.875 0.435964707138408 0.4359450991610286
-0.8716666666666666 0.44929499853298244 0.44925385643276117
-0.8683333333333334 0.459397979938324 0.4593509611858996
-0.865 0.4650718293217021 0.4650464084349544
-0.8616666666666666 0.4656900345248789 0.4657099545557916
-0.8583333333333334 0.46133421865121116 0.4614000424299233
-0.855 0.452777528864324 0.45286061341107053
-0.8516666666666666 0.44132546460556066 0.44138406069477387
-0.8483333333333334 0.4285704331357901 0.4285772097023193
-0.845 0.4161367108403308 0.41609548985553024
-0.8416666666666666 0.4054781029453177 0.40541685477012973
-0.8383333333333334 0.3977555225847999 0.39770424286003864
-0.835 0.393786825944296 0.3937604412644006
-0.8316666666666666 0.3940407113908538 0.3940380473820058
-0.8283333333333334 0.3986433325757697 0.398656123052356
-0.825 0.4073761226900145 0.40739618010304646
-0.8216666666666667 0.4196600514410123 0.41968008290999004
-0.8183333333333334 0.43453995076983176 0.4345515589775975
-0.815 0.4506977067233411 0.45069125036733426
-0.8116666666666668 0.4665287606928358 0.46649732923260706
-0.8083333333333333 0.4803057325449348 0.48025261411385467
-0.8049999999999999 0.4904235769673909 0.49036791287882797
-0.8016666666666667 0.49568049254333235 0.49565235435103705
-0.7983333333333333 0.4955173264974959 0.4955395445970906
-0.7949999999999999 0.4901370116899499 0.4902054269004602
-0.7916666666666667 0.4804620735381765 0.4805425237135309
-0.7883333333333333 0.4679465146125515 0.4679950274228033
-0.7849999999999999 0.4543076887291731 0.45429959761350863
-0.7816666666666667 0.44125970235226997 0.44120402074333204
-0.7783333333333333 0.4303099170972147 0.43023834178591297
-0.7749999999999999 0.4226414378703613 0.4225842307431028
-0.7716666666666667 0.4190689530746908 0.41903903347567695
-0.7683333333333333 0.4200362755613477 0.420030499474466
-0.7649999999999999 0.4256230565191476 0.42563224749186324
-0.7616666666666667 0.4355401360433216 0.43555574048721124
-0.7583333333333333 0.4491113992447293 0.44912555532124115
-0.7549999999999999 0.46525945103131033 0.46526289682076183
-0.7516666666666667 0.4825275119449696 0.48251001547971256
-0.7483333333333333 0.49917376732851504 0.4991290580883596
-0.7449999999999999 0.5133600387793352 0.5132939777534584
-0.7416666666666667 0.523422731552969 0.5233582261915029
-0.7383333333333333 0.5281710563650001 0.5281405378583948
-0.735 0.5271275580040106 0.52715220906485
-0.7316666666666667 0.520630810384988 0.5207010447848408
-0.7283333333333333 0.5097641672538661 0.509840220626431
-0.725 0.49613727210515735 0.49617358356547026
-0.7216666666666667 0.4815953826314869 0.48157077247249547
-0.7183333333333333 0.46794230730753616 0.46787133666728037
-0.7150000000000001 0.4567369940476619 0.4566548162696846
-0.7116666666666667 0.4491817386337378 0.4491183838361085
-0.7083333333333333 0.4460842195128307 0.44605032536804445
-0.7050000000000001 0.44785836921311994 0.4478488384312216
-0.7016666666666667 0.4545306671876109 0.45453549572334434
-0.6983333333333333 0.46573265163096034 0.4657429013349166
-0.6950000000000001 0.48068055482491 0.48068769778896775
-0.6916666666666667 0.49816337068453403 0.4981572158833857
-0.6883333333333332 0.5165754382851776 0.5165452504950355
-0.685 0.5340312008765017 0.5339716767114807
-0.6816666666666666 0.5485812172231009 0.5485012626398967
-0.6783333333333332 0.5585098632755239 0.5584363937059469
-0.675 0.5626498097059476 0.5626172691930237
-0.6716666666666666 0.5606207975241064 0.5606478984606212
-0.6683333333333332 0.5529120064850098 0.5529830451635396
-0.665 0.540779173776296 0.540848814885256
-0.6616666666666666 0.5259944709069536 0.5260163159206173
-0.6583333333333332 0.5105336264289201 0.5104908267045465
-0.655 0.49628964102015005 0.4962025905747597
-0.6516666666666666 0.4848707466152017 0.4847777043163919
-0.6483333333333333 0.4774951024317656 0.4774253401949944
-0.645 0.4749591317186256 0.4749207396828794
-0.6416666666666666 0.4776413358165686 0.4776272863229546
-0.6383333333333333 0.48550760919631103 0.48550716295875407
-0.635 0.49810058502761206 0.49810443496154533
-0.6316666666666666 0.5145173620530636 0.514516250443718
-0.6283333333333333 0.5334012309825815 0.5333839693515678
-0.625 0.552987188798095 0.5529425948062685
-0.6216666666666666 0.5712398608824659 0.571163896387468
-0.6183333333333334 0.5860991499292408 0.5860042290483718
-0.615 0.5958054224329853 0.595722709195426
-0.6116666666666666 0.5992287841115079 0.5991943970578751
-0.6083333333333334 0.5961028321238272 0.5961322598710632
-0.605 0.5870829010194756 0.5871537482014417
-0.6016666666666666 0.5736087068200344 0.5736701464216876
-0.5983333333333334 0.5576215328510008 0.5576269221634691
-0.595 0.5412297238722242 0.5411670336330454
-0.5916666666666666 0.5264145643214989 0.5263100185277174
-0.5883333333333334 0.514830919624024 0.5147256906744423
-0.585 0.5077091309408261 0.5076319463976766
-0.5816666666666666 0.5058296718832265 0.5057867084154857
-0.5783333333333334 0.5095294403572955 0.5095119919604795
-0.575 0.5187055114626133 0.5187012146339609
-0.5716666666666665 0.5328010433899585 0.5327983710106101
-0.5683333333333334 0.5507815646603135 0.5507687968159254
-0.565 0.5711318732944083 0.5710965865039668
-0.5616666666666666 0.5919169984639924 0.5918494512328307
-0.5583333333333333 0.6109462204118566 0.610847048212525
-0.5549999999999999 0.6260506237297041 0.6259397403049596
-0.5516666666666666 0.6354362162228246 0.6353521383449934
-0.5483333333333333 0.6380261051819918 0.6380071998128223
-0.5449999999999999 0.6336855559150683 0.6337420492810352
-0.5416666666666666 0.6232521334875704 0.6233509130671406
-0.5383333333333333 0.6083610999624898 0.6084405578431195
-0.5349999999999999 0.5911290783000197 0.5911362502151749
-0.5316666666666667 0.5737987229278257 0.573720166712139
-0.5283333333333333 0.5584382780682543 0.5583010537540988
-0.5249999999999999 0.5467462256484317 0.5465920988997086
-0.5216666666666667 0.5399610212804015 0.5398194260568787
-0.5183333333333333 0.5388419929584802 0.5387226114615423
-0.5149999999999999 0.5436775693350568 0.5435802150914383
-0.5116666666666667 0.5542868678146342 0.5542106146614646
-0.5083333333333333 0.5700019604591903 0.5699444305228998
-0.5049999999999999 0.5896433737159945 0.5895978409913718
-0.5016666666666667 0.6115239483797279 0.6114788182785004
-0.4983333333333333 0.6335280505626991 0.6334702052786396
-0.49499999999999994 0.6533047903782285 0.653229465625259
-0.49166666666666664 0.6685796725874231 0.6685013834467753
-0.4883333333333333 0.6775357588907448 0.6774866600681023
-0.48499999999999993 0.6791663721770338 0.6791763070367669
-0.48166666666666663 0.6734873901314159 0.6735560165300325
-0.47833333333333333 0.6615351454386967 0.661620464093686
-0.475 0.6451519135162547 0.6451911849743799
-0.4716666666666666 0.626635476341848 0.6265851332632051
-0.4683333333333333 0.6083640103942112 0.6082269787384176
-0.46499999999999997 0.5924909629813455 0.5923097601935595
-0.4616666666666666 0.5807550282136388 0.5805802825953013
-0.4583333333333333 0.5743982856552071 0.5742616009548887
-0.45499999999999996 0.5741531610022985 0.5740620039135338
-0.4516666666666666 0.580251974815372 0.5801998241552616
-0.4483333333333333 0.5924257561855817 0.5924021980938438
-0.44499999999999995 0.6098827632037057 0.6098757569963787
-0.4416666666666666 0.6312840597238868 0.6312768155384888
-0.4383333333333333 0.6547564249089957 0.6547262874314294
-0.435 0.677992909947076 0.6779193886446947
-0.43166666666666664 0.6984785018198705 0.6983564729792597
-0.4283333333333333 0.7138379415115695 0.7136867254128728
-0.425 0.7222446481095927 0.7221052431883754
-0.42166666666666663 0.7227810682311113 0.722691162326508
-0.4183333333333333 0.715633737350099 0.7155970619140656
-0.415 0.702054681087753 0.7020334864997132
-0.4116666666666666 0.68410448117731 0.6840445830771282
-0.40833333333333327 0.6642674376884834 0.66413931933758
-0.40499999999999997 0.6450579523067911 0.6448785285917673
-0.4016666666666666 0.62871246815521 0.6285308497759172
-0.39833333333333326 0.617006075771123 0.6168684928684134
-0.39499999999999996 0.6111795224295193 0.6111045615762353
-0.39166666666666666 0.6119319475446618 0.6119109065155834
-0.3883333333333333 0.6194310646546043 0.6194429186227126
-0.38499999999999995 0.6333085978547962 0.6333319354173649
-0.38166666666666665 0.6526350709899413 0.652650751647275
-0.3783333333333333 0.6758965699154005 0.675885191065233
-0.37499999999999994 0.7010191178704362 0.700961167053544
-0.37166666666666665 0.725493974257666 0.7253767292687426
-0.3683333333333333 0.7466391077286029 0.7464684605373411
-0.36499999999999994 0.7619850741518764 0.7617941966801687
-0.36166666666666664 0.7697109700362702 0.7695514767229079
-0.3583333333333333 0.7690090037913465 0.7689213051156725
-0.3549999999999999 0.760257472568834 0.7602403435944252
-0.3516666666666666 0.7449413278034982 0.7449479691264862
-0.34833333333333333 0.7253504994809139 0.7253200528863805
-0.345 0.7041606535374405 0.7040618418989552
-0.3416666666666666 0.6840225835890552 0.6838731577649717
-0.3383333333333333 0.6672530518004272 0.6671005559444911
-0.33499999999999996 0.6556592899626565 0.6555437167929035
-0.3316666666666666 0.6504752418975945 0.6504060546715378
-0.3283333333333333 0.6523596747710614 0.6523199011123799
-0.32499999999999996 0.6614062410526662 0.6613714164427591
-0.3216666666666666 0.6771349581885984 0.6770857329364365
-0.3183333333333333 0.698463428155339 0.6983851955329528
-0.31499999999999995 0.7236861713402583 0.7235655710735452
-0.3116666666666666 0.7505132375919132 0.7503401117860339
-0.3083333333333333 0.7762239442719722 0.7759984895312164
-0.305 0.7979676062289986 0.7977104168886625
-0.30166666666666664 0.8131891263919433 0.8129473776475784
-0.2983333333333333 0.8200907356887207 0.8199234890051982
-0.295 0.8179967960750691 0.8179405175791112
-0.29166666666666663 0.8074994740388103 0.807539006675857
-0.2883333333333333 0.7903340995191865 0.7904051134928676
-0.285 0.7690306633291105 0.7690593306311335
-0.2816666666666666 0.7464604839009542 0.7464102666045891
-0.27833333333333327 0.725410350656982 0.7252982973722888
-0.27499999999999997 0.7082741780180067 0.7081468454516517
-0.2716666666666666 0.696886611889509 0.6967818099869801
-0.26833333333333326 0.6924687501654196 0.6923956400844403
-0.26499999999999996 0.6956311164084366 0.6955769762222935
-0.2616666666666666 0.706382789614743 0.7063297727096819
-0.25833333333333325 0.7241183903219873 0.724052609829888
-0.25499999999999995 0.7475860708454526 0.7474963794707149
-0.25166666666666665 0.7748711203868952 0.7747460620479267
-0.2483333333333333 0.8034519602081065 0.8032818784666904
-0.24499999999999994 0.8303863147529241 0.8301714652699469
-0.24166666666666664 0.8526546871170059 0.8524175037225226
-0.23833333333333329 0.8676270084778638 0.8674168741134725
-0.23499999999999993 0.8735483514900793 0.8734225197338005
-0.23166666666666663 0.8698993875429627 0.8698859716859823
-0.22833333333333328 0.8575091969623603 0.8575793699557879
-0.22499999999999992 0.8383810663427194 0.8384584709998544
-0.22166666666666662 0.8152953511039269 0.8153022103566238
-0.21833333333333327 0.7913226991727935 0.7912268939929388
-0.2149999999999999 0.7693849109479304 0.7692111934568981
-0.21166666666666661 0.7519493736500802 0.7517499808714903
-0.20833333333333331 0.7408729103118513 0.7406878956632971
-0.20499999999999996 0.7373570947106176 0.7371973450128912
-0.2016666666666666 0.7419554572822626 0.741812808106619
-0.1983333333333333 0.7545808211241054 0.7544452706500929
-0.19499999999999995 0.7744873232064414 0.7743540459493895
-0.1916666666666666 0.8002357289686701 0.8001002702623622
-0.1883333333333333 0.829683359408657 0.8295361051436987
-0.18499999999999994 0.860061020524855 0.859891054540167
-0.1816666666666666 0.8881958873520247 0.888001968411519
-0.1783333333333333 0.910901203994248 0.9107049890939143
-0.17499999999999993 0.9254849584477352 0.9253341985107435
-0.17166666666666658 0.9302571270435123 0.930202955136941
-0.16833333333333328 0.9248806065951588 0.9249379275151469
-0.16499999999999998 0.9104452933873532 0.9105689152820587
-0.16166666666666663 0.8892400338901287 0.8893425883108598
-0.15833333333333327 0.8643053631496551 0.8643100340083139
-0.15499999999999997 0.8389142789848216 0.8388010353188057
-0.15166666666666662 0.8161219936250897 0.8159304912167096
-0.14833333333333326 0.7984651495095189 0.7982567573448802
-0.14499999999999996 0.7878169559174671 0.7876331223430564
-0.1416666666666666 0.7853520753382914 0.7852012313321483
-0.13833333333333325 0.7915573145915032 0.7914288715596558
-0.13499999999999995 0.8062362682418892 0.8061182029044753
-0.1316666666666666 0.828485995430124 0.8283702183892054
-0.12833333333333324 0.8566604641184851 0.8565381665769322
-0.12499999999999994 0.8883692411900906 0.8882271545868408
-0.12166666666666665 0.9205793283742927 0.9204044648249078
-0.11833333333333329 0.949879307334446 0.9496718402915896
-0.11499999999999994 0.972918674478695 0.972705649539206
-0.11166666666666664 0.9869590498699666 0.9867934956319077
-0.10833333333333328 0.990399823429978 0.990332760260924
-0.10499999999999993 0.983113773923667 0.9831519272208536
-0.10166666666666663 0.9664762818715553 0.9665620049731182
-0.09833333333333327 0.9430792761327311 0.9431175010874857
-0.09499999999999992 0.9162327176973979 0.9161495654222744
-0.09166666666666662 0.8894142727069642 0.88920145026067
-0.08833333333333326 0.8658103260044538 0.8655204663278516
-0.08499999999999991 0.8480219905599736 0.8477246416211518
-0.08166666666666661 0.8379324660179334 0.8376723902978014
-0.07833333333333331 0.8366813243999447 0.8364693454802917
-0.07499999999999996 0.8446778240198022 0.8445070006405232
-0.0716666666666666 0.861601939356465 0.8614624592809242
-0.0683333333333333 0.8863754361955934 0.8862573891264471
-0.06499999999999995 0.9171245443166499 0.9170143668517592
-0.06166666666666659 0.9511902820624519 0.9510691850202202
-0.05833333333333329 0.9852596097184041 0.9851098338179928
-0.05499999999999994 1.0156756261268987 1.015495588219101
-0.05166666666666658 1.038929811234203 1.038748852274131
-0.048333333333333284 1.0522557371542671 1.0521296901356538
-0.04499999999999993 1.0541692455631049 1.0541468835720438
-0.041666666666666574 1.044782358196503 1.0448617871005328
-0.038333333333333275 1.0257812707507528 1.0258947664872913
-0.034999999999999976 1.00007832583627 1.000127126315532
-0.03166666666666662 0.9712615086164361 0.9711781617844623
-0.028333333333333266 0.9430147262656665 0.9428030341840655
-0.024999999999999967 0.9186526305635508 0.9183741678084782
-0.021666666666666612 0.9008354198978229 0.9005601559857048
-0.018333333333333257 0.8914492242536605 0.8912155837033684
-0.014999999999999958 0.8915894602893081 0.8914003999775764
-0.011666666666666603 0.9015757938656876 0.9014186175031758
-0.008333333333333248 0.9209486318046238 0.9208109707907098
-0.004999999999999949 0.9484344948177552 0.9483053120266626
-0.0016666666666666496 0.9819093564428997 0.9817739204717214
0.0016666666666667052 1.0184239445712553 1.0182630799066061
0.0050000000000001155 1.0543690739465932 1.0541674407876702
0.008333333333333415 1.0858368919452914 1.085599465105685
0.011666666666666714 1.109169086841051 1.1089343989301454
0.015000000000000124 1.1215924419693282 1.1214231402174963
0.018333333333333424 1.121768882391726 1.1217120753751857
0.021666666666666723 1.110080685008394 1.1101231944153676
0.025000000000000133 1.0885507391260014 1.0886112714443592
0.028333333333333433 1.0604288269813065 1.0604026421372525
0.03166666666666673 1.0295888297112699 1.0294145637727374
0.03500000000000003 0.9999216802981857 0.9996165107079126
0.03833333333333333 0.9748666977201832 0.9745037606404929
0.04166666666666674 0.9571371416781896 0.9567909725379373
0.04500000000000004 0.9486142801157422 0.9483229430438556
0.04833333333333334 0.9503393183717981 0.9501053045109329
0.05166666666666675 0.962528930430868 0.9623399214576474
0.05500000000000005 0.9845663066793539 0.9844091031017503
0.05833333333333335 1.0149609200825855 1.014822108594981
0.06166666666666676 1.0513143572406107 1.0511757736803016
0.06500000000000006 1.090364450713836 1.0902034753767886
0.06833333333333336 1.128190109026593 1.1279903852694866
0.07166666666666677 1.1606287710388703 1.1603987452834548
0.07500000000000007 1.183883335827409 1.1836685227976642
0.07833333333333337 1.1951981845862103 1.1950661647807155
0.08166666666666678 1.1934135990126413 1.1934082921229134
0.08500000000000008 1.1792147033117266 1.179311786170559
0.08833333333333337 1.1549873799898005 1.1550935685140555
0.09166666666666679 1.1243354538897412 1.1243421841648173
0.09500000000000008 1.0914257706416746 1.0912783565845876
0.09833333333333338 1.0603562450239408 1.0600823087756117
0.1016666666666668 1.0346865399154193 1.0343639749796547
0.1050000000000001 1.0171762684281582 1.016875049891694
0.10833333333333339 1.0096932333214421 1.0094414071474
0.1116666666666668 1.0132132636422473 1.0130037650187096
0.1150000000000001 1.0278351379531456 1.0276502255200417
0.1183333333333334 1.0527653274248112 1.052590521073192
0.1216666666666667 1.0862724907868198 1.0860944503214234
0.125 1.1256580638253137 1.125459040115811
0.1283333333333334 1.167323626903939 1.167083465065725
0.1316666666666667 1.207021006409206 1.2067297691639087
0.135 1.2403312023913786 1.2400087565303268
0.13833333333333342 1.2633323974980484 1.2630378412257515
0.14166666666666672 1.273314264267079 1.2731235121777167
0.14500000000000002 1.2693303850453828 1.269284331687415
0.14833333333333343 1.2524028138413794 1.252463741776591
0.15166666666666673 1.2253070102401618 1.2253670841147606
0.15500000000000003 1.1920169021441727 1.1919623087177904
0.15833333333333344 1.1569984899270467 1.1567810263725593
0.16166666666666674 1.12455575760049 1.124214035846569
0.16500000000000004 1.0983636328981987 1.0979816610391038
0.16833333333333345 1.0812206385009888 1.0808667059560402
0.17166666666666675 1.0749716083102103 1.074668664775768
0.17500000000000004 1.0805145895371926 1.0802524680609529
0.17833333333333345 1.0978138964083701 1.0975750865780052
0.18166666666666675 1.1258777643986824 1.1256491664283867
0.18500000000000005 1.1627081987621626 1.1624766260671735
0.18833333333333346 1.205279084677238 1.2050260713472376
0.19166666666666676 1.2496317819860208 1.2493376419875672
0.19500000000000006 1.2911767178575868 1.2908354743414048
0.19833333333333347 1.3252390890485297 1.324879336844102
0.20166666666666677 1.3477898035320601 1.3474810109029587
0.20500000000000007 1.3561949931362076 1.3560176489623919
0.20833333333333348 1.3497591639287705 1.3497476539693838
0.21166666666666678 1.3298767643702423 1.3299788474036234
0.21500000000000008 1.299739552687531 1.2998354069136537
0.21833333333333338 1.2637069567767305 1.2636823666483905
0.22166666666666668 1.2265493709070934 1.2263667447177642
0.2250000000000001 1.192775028141215 1.192484897731616
0.2283333333333334 1.1661682504892057 1.1658580178441111
0.2316666666666667 1.14955822974483 1.1492892438915567
0.2350000000000001 1.1447563243571146 1.1445397806301996
0.2383333333333334 1.1525690074521395 1.1523838868784795
0.2416666666666667 1.1728077205336174 1.1726277548655326
0.2450000000000001 1.204258767556333 1.2040628825585926
0.2483333333333334 1.2446294856770102 1.2443978455415543
0.2516666666666667 1.2905371921729358 1.2902473227913749
0.2550000000000001 1.3376386198168344 1.3372710130373278
0.2583333333333334 1.3809896466727498 1.3805452311797821
0.2616666666666667 1.41566302959532 1.415184459986794
0.2650000000000001 1.4375435146763262 1.4371164774341632
0.2683333333333334 1.4441084883052355 1.4438234752948047
0.2716666666666667 1.4349536681277917 1.434843444040394
0.27500000000000013 1.411882616980815 1.41188560119988
0.27833333333333343 1.3785300955443067 1.3785205090058505
0.28166666666666673 1.3396556436237104 1.3395248895552612
0.28500000000000014 1.3003382669697832 1.3000633860518946
0.28833333333333344 1.2652876810052436 1.2649317617303915
0.29166666666666674 1.2383908994991335 1.2380426983128627
0.29500000000000015 1.2224986757872676 1.2222104081454321
0.29833333333333345 1.2193772670291048 1.2191483266345922
0.30166666666666675 1.2297262316294395 1.229526900663455
0.30500000000000005 1.2531837034409927 1.2529821783036506
0.30833333333333335 1.2882880093809914 1.2880586611783293
0.31166666666666676 1.3324215349066835 1.3321399763298474
0.31500000000000006 1.3818144378080532 1.3814545131086455
0.31833333333333336 1.431714188158753 1.4312564377961912
0.32166666666666677 1.4768104761200023 1.476262548630535
0.32500000000000007 1.5119300936871158 1.5113475760432302
0.32833333333333337 1.5328967112366954 1.5323789714142133
0.3316666666666668 1.5373375273788386 1.536980259749026
0.3350000000000001 1.5251823855907773 1.5250107322350472
0.3383333333333334 1.4986817929145952 1.4986204045592324
0.3416666666666668 1.4619400353026581 1.4618558229175989
0.3450000000000001 1.4201304701936588 1.4199221964323674
0.3483333333333334 1.3786438428258267 1.3783065668752283
0.3516666666666668 1.3423875984281282 1.3420010188805334
0.3550000000000001 1.315343861890761 1.3150031231463912
0.3583333333333334 1.3003748916720452 1.30012901938268
0.3616666666666668 1.299188966935054 1.2990306986707285
0.3650000000000001 1.312361664187511 1.3122557894761002
0.3683333333333334 1.339335148197853 1.3392454622161278
0.3716666666666668 1.3783712001511979 1.3782660713087944
0.3750000000000001 1.4264946197727297 1.4263407684520444
0.3783333333333334 1.4795163113864713 1.4792772739241102
0.3816666666666668 1.5322498658908486 1.531897536497958
0.3850000000000001 1.5790090382276474 1.5785475580203352
0.3883333333333334 1.614384645945392 1.6138717700005412
0.3916666666666667 1.6341686424649617 1.6337058799287578
0.395 1.636180472841871 1.6358576874907511
0.39833333333333343 1.6207295831734192 1.6205561339943604
0.4016666666666667 1.5905522009675335 1.5904356035660852
0.405 1.5502483093556185 1.5500505535655962
0.40833333333333344 1.5054177628814636 1.505051273876448
0.41166666666666674 1.4617650191079714 1.461250100905096
0.41500000000000004 1.4243904740448634 1.423829569525803
0.41833333333333345 1.3973628517052208 1.3968626255489816
0.42166666666666675 1.383544815925155 1.383156751477622
0.42500000000000004 1.384572391941437 1.3842898644825978
0.42833333333333345 1.4008781851556895 1.4006683163926827
0.43166666666666675 1.4316832907448445 1.4315120713767078
0.43500000000000005 1.4749416776025883 1.474776964696979
0.43833333333333346 1.5272855094762778 1.5270902963662505
0.44166666666666676 1.5840729456045282 1.5838053472876488
0.44500000000000006 1.639659390842619 1.6392878161919273
0.4483333333333335 1.6879752265307388 1.6875057059932324
0.45166666666666677 1.7233892229633285 1.7228854250456387
0.45500000000000007 1.7416955403577354 1.7412616752222982
0.4583333333333335 1.740952271226428 1.7406687817582296
0.4616666666666668 1.7218964131501857 1.7217504503961059
0.4650000000000001 1.6877894558393194 1.687664729316443
0.4683333333333335 1.6437527252015007 1.6435004277988368
0.4716666666666668 1.5958241078812931 1.595364672653013
0.4750000000000001 1.5500225281046218 1.5493949341899091
0.4783333333333335 1.5116354843654596 1.5109576350873413
0.4816666666666668 1.4848087947197823 1.484192484617979
0.4850000000000001 1.4723932764729648 1.4718882861359885
0.4883333333333334 1.4759368592400068 1.475535374103615
0.4916666666666667 1.4957080524598823 1.4953799964520766
0.4950000000000001 1.530679117508162 1.5303956911327399
0.4983333333333334 1.5784620730081365 1.578195995217999
0.5016666666666667 1.6352589340933654 1.6349771147477807
0.5050000000000001 1.695940367646121 1.6956057342149808
0.5083333333333334 1.7543799308942851 1.7539690416445657
0.5116666666666667 1.8041199567701505 1.8036516435416623
0.5150000000000001 1.8393254686284886 1.8388779210190846
0.5183333333333334 1.8558316038242657 1.855515554515836
0.5216666666666667 1.8519855333792705 1.8518709781086278
0.5250000000000001 1.8290021093680455 1.8290502426921968
0.5283333333333334 1.7907081933193971 1.7907744430439638
0.5316666666666667 1.742771393595073 1.7426917649944933
0.5350000000000001 1.6916779037089786 1.691374861336081
0.5383333333333334 1.6437605890015934 1.6432821818161654
0.5416666666666667 1.604487086797823 1.6039531277260233
0.5450000000000002 1.578069739266753 1.5775816303368388
0.5483333333333335 1.5673339881833803 1.5669253282643605
0.5516666666666667 1.5737220738601028 1.5733721715059958
0.5550000000000002 1.5973149168712417 1.5969870996447066
0.5583333333333335 1.6368052810374563 1.636467935875956
0.5616666666666668 1.6894260556716105 1.6890504776657609
0.5650000000000002 1.7509091100655843 1.7504625646485787
0.5683333333333335 1.8156017996294715 1.8150517052937025
0.5716666666666668 1.8768732013689005 1.8762079809444605
0.5750000000000001 1.9278761800318327 1.9271357555077526
0.5783333333333334 1.9625951334603422 1.961883456610244
0.5816666666666668 1.9769500596454839 1.9763968867960569
0.5850000000000001 1.9696317025989245 1.9693098820339698
0.5883333333333334 1.9423852800649388 1.9422447476533824
0.5916666666666668 1.8996434897064607 1.8995282304453678
0.5950000000000001 1.8476442735729781 1.8473928161183755
0.5983333333333334 1.7933310338415587 1.7928835332933015
0.6016666666666668 1.743348711604793 1.7427732761044328
0.6050000000000001 1.7033369533731764 1.702761373490263
0.6083333333333334 1.6775629071198106 1.6770810130826008
0.6116666666666668 1.6688116901505756 1.668441575904754
0.6150000000000001 1.6784003004143146 1.6781065244688727
0.6183333333333334 1.7061959569822427 1.7059304843051137
0.6216666666666668 1.7505781169667962 1.7502990632133657
0.6250000000000001 1.8083601578066908 1.8080274283397226
0.6283333333333334 1.8747613277117783 1.8743304121851783
0.6316666666666668 1.9435690100130576 1.9429986804178907
0.6350000000000001 2.0076266321682126 2.0069043510479214
0.6383333333333334 2.059699953323819 2.0588743192968115
0.6416666666666668 2.0936211441801107 2.092809433492052
0.6450000000000001 2.105444307137605 2.104782921489136
0.6483333333333334 2.094262317890266 2.0938159482359975
0.6516666666666668 2.06240530487934 2.0621061818386215
0.6550000000000001 2.0149523934137434 2.0146334482644908
0.6583333333333334 1.9587348378887324 1.9582435951317427
0.6616666666666667 1.9011606686202125 1.9004644269277808
0.665 1.8491836381511055 1.8483801812131806
0.6683333333333334 1.808606049916029 1.8078406142256442
0.6716666666666667 1.7837368938440072 1.7831066611177595
0.675 1.7773044311925046 1.7768255994535818
0.6783333333333335 1.7904786750501505 1.790116573772242
0.6816666666666668 1.8228841393111601 1.8225942553223902
0.685 1.872549765554348 1.8722924651331916
0.6883333333333335 1.935825681762181 1.9355596634665702
0.6916666666666668 2.00737360241056 2.007050453119226
0.6950000000000001 2.080383718380816 2.0799584631577406
0.6983333333333335 2.147154588577969 2.1466151792859396
0.7016666666666668 2.200071573140394 2.1994722363681904
0.7050000000000001 2.232848750280103 2.2323105511721053
0.7083333333333335 2.241729153952367 2.2413786432475695
0.7116666666666668 2.2262703800953023 2.226142887978547
0.7150000000000001 2.189443844121037 2.189431869787221
0.7183333333333335 2.1370155773130155 2.1369214994078707
0.7216666666666668 2.076431868046358 2.0760959780924235
0.7250000000000001 2.015571206244805 2.014973473261913
0.7283333333333335 1.9616914334859323 1.9609451910677724
0.7316666666666668 1.9207468710131363 1.9200015155883368
0.7350000000000001 1.8970740285075194 1.896419349110583
0.7383333333333335 1.8933260123760665 1.8927690324948054
0.7416666666666668 1.9105016647501165 1.910004306859383
0.7450000000000001 1.94795060865625 1.9474705763466047
0.7483333333333335 2.003310401008884 2.0028122296631303
0.7516666666666668 2.0724206915564385 2.0718674342769656
0.7550000000000001 2.149338391263989 2.148687576696502
0.7583333333333334 2.2266190563893535 2.2258368578957954
0.7616666666666667 2.2959996501919027 2.2950941288169173
0.7650000000000001 2.349496778154485 2.3485504497649163
0.7683333333333334 2.3807467549405668 2.379907596789269
0.7716666666666667 2.3862421509945877 2.3856480163147786
0.7750000000000001 2.3660718292055716 2.3657478703688075
0.7783333333333334 2.323906468960326 2.3237240619291004
0.7816666666666667 2.2662391210191952 2.2659882770769406
0.7850000000000001 2.2011513888247847 2.2006806241694035
0.7883333333333334 2.1369963634155384 2.1363075245145584
0.7916666666666667 2.0813297345946333 2.080553098451379
0.7950000000000002 2.040245841774091 2.039530177665732
0.7983333333333335 2.01809290316522 2.0175126410803035
0.8016666666666667 2.017428595725058 2.016971955122048
0.8050000000000002 2.039053681276201 2.038667538282579
0.8083333333333335 2.082007213824887 2.081637357628101
0.8116666666666668 2.1434905717600627 2.143089273801585
0.8150000000000002 2.2187820907059717 2.2182986625907586
0.8183333333333335 2.301284377255528 2.3006636630337685
0.8216666666666668 2.382881088076502 2.3820825980028744
0.8250000000000002 2.4547339529787147 2.453769665214951
0.8283333333333335 2.508508027811881 2.5074740268077167
0.8316666666666668 2.53780883825501 2.536865975414007
0.8350000000000002 2.5394450350186606 2.538729618682645
0.8383333333333335 2.5141071417476146 2.513625301073458
0.8416666666666668 2.4662244218274267 2.4658248653377233
0.8450000000000001 2.403056433018458 2.4025235799321147
0.8483333333333334 2.3333387529399534 2.332541900196518
0.8516666666666668 2.2659014269520075 2.2648784519347833
0.8550000000000001 2.208590171222149 2.207501566007519
0.8583333333333334 2.167625898039104 2.1666328472233487
0.8616666666666668 2.1473510830444362 2.1465274820550464
0.8650000000000001 2.150205488598353 2.149538146086278
0.8683333333333334 2.17676185719026 2.1762013586760367
0.8716666666666668 2.225709173850492 2.225207462930933
0.8750000000000001 2.293763654777968 2.2932771752647048
0.8783333333333334 2.375587788379587 2.3750670005193895
0.8816666666666668 2.46387832316569 2.463268426478089
0.8850000000000001 2.549810393205613 2.549074660444065
0.8883333333333334 2.6239606001450415 2.6231216346967834
0.8916666666666668 2.677665864275076 2.6768339811354704
0.8950000000000001 2.7045549813718472 2.7038961880117336
0.8983333333333334 2.7018252880818294 2.70145845639807
0.9016666666666668 2.670843057762155 2.670734553788238
0.9050000000000001 2.616856516999753 2.616811290613254
0.9083333333333334 2.547930323299318 2.5477081528938488
0.9116666666666668 2.473470887301373 2.4729438135315713
0.9150000000000001 2.4027856785440393 2.4020083329499204
0.9183333333333334 2.3440009701013245 2.3431433188984263
0.9216666666666669 2.3034492573766143 2.3026648974779933
0.9250000000000002 2.2854480088896514 2.284793224387969
0.9283333333333335 2.2922941135473573 2.29174020124654
0.9316666666666668 2.324298991497345 2.3237878808097316
0.935 2.3797578897817733 2.3792366225377384
0.9383333333333335 2.4548484269984816 2.454268533638192
0.9416666666666668 2.5435589559858633 2.5428660344953107
0.9450000000000001 2.6378269978124496 2.6369651696946685
0.9483333333333335 2.7280837178567334 2.72702463678508
0.9516666666666668 2.804315148131404 2.8031030784517577
0.9550000000000001 2.85756036588117 2.8563358749179377
0.9583333333333335 2.8815330008424267 2.88048586237295
0.9616666666666668 2.873897823686785 2.873149764980111
0.9650000000000001 2.83677444757446 2.836275281144581
0.9683333333333335 2.7762911920963584 2.775829262288541
0.9716666666666668 2.701355237962172 2.7006950529217435
0.9750000000000001 2.6220587131874638 2.621102128337145
0.9783333333333335 2.548185005663895 2.5470239735945803
0.9816666666666668 2.4881297561358364 2.4869570776313124
0.9850000000000001 2.448320393923137 2.447290902655392
0.9883333333333335 2.4330281034527452 2.4321879223474188
0.9916666666666668 2.4443791737698755 2.4436908119617553
0.9950000000000001 2.482386672553024 2.4817887839147574
0.9983333333333334 2.54490390708598 2.5443412265194043
