-0.9983333333333333 0.39294214497279095 0.3929125941826183
-0.995 0.4028381279422296 0.40272656203828233
-0.9916666666666667 0.40910183278060636 0.4088709123673624
-0.9883333333333333 0.4110104600028604 0.41066602574677413
-0.985 0.40844327502317646 0.40804125304741895
-0.9816666666666667 0.4019082998119192 0.40153279097138306
-0.9783333333333333 0.39243618409859626 0.3921594549331495
-0.9750000000000001 0.38137971318894154 0.38123075441292265
-0.9716666666666667 0.37018455993754124 0.37014435402997936
-0.9683333333333333 0.360192764666341 0.36021354833650854
-0.9650000000000001 0.352513045531355 0.3525452790402299
-0.9616666666666667 0.3479594826781796 0.34797100339568954
-0.9583333333333333 0.3470374969530617 0.34701912261696033
-0.9550000000000001 0.349948862652158 0.3499098527845061
-0.9516666666666667 0.3565933025274741 0.35655299098205917
-0.9483333333333333 0.36655766590096883 0.3665370564704722
-0.9450000000000001 0.3790999185425353 0.3791134016573702
-0.9416666666666667 0.3931499199759685 0.3931963221259561
-0.9383333333333332 0.40735712600500207 0.407412130967553
-0.935 0.4202108140049916 0.4202271433896744
-0.9316666666666666 0.43023724729828633 0.430159623248468
-0.9283333333333332 0.43624419488321525 0.4360380769839839
-0.925 0.43755097298661977 0.43722989541337864
-0.9216666666666666 0.4341315515406202 0.4337611702108076
-0.9183333333333333 0.4266209838457413 0.4262912647453745
-0.915 0.41618360261159276 0.4159657268572964
-0.9116666666666666 0.4042901839410876 0.4042066947614148
-0.9083333333333333 0.3924754106717869 0.39249971978301523
-0.905 0.38213787936164995 0.3822172576868582
-0.9016666666666666 0.37441361336965945 0.3744974831284569
-0.8983333333333333 0.3701201570697983 0.37017837421091027
-0.895 0.36974659671838667 0.36977335501340025
-0.8916666666666666 0.3734595915576386 0.3734675208485808
-0.8883333333333334 0.3811032833132953 0.381114336138621
-0.885 0.3921860239744355 0.39222255825188235
-0.8816666666666666 0.40586419816184865 0.4059400226132922
-0.8783333333333334 0.4209484511124341 0.42105921040184924
-0.875 0.435964707138408 0.4360804858937052
-0.8716666666666666 0.44929499853298244 0.44936247482751657
-0.8683333333333334 0.459397979938324 0.45935898833924904
-0.865 0.4650718293217021 0.46489517774553446
-0.8616666666666666 0.4656900345248789 0.46539837446197596
-0.8583333333333334 0.46133421865121116 0.4610033013752137
-0.855 0.452777528864324 0.4525025045008436
-0.8516666666666666 0.44132546460556066 0.44117529458500504
-0.8483333333333334 0.4285704331357901 0.4285603224836597
-0.845 0.4161367108403308 0.4162322570485036
-0.8416666666666666 0.4054781029453177 0.4056219377226411
-0.8383333333333334 0.3977555225847999 0.39789659595810056
-0.835 0.393786825944296 0.39389752225045405
-0.8316666666666666 0.3940407113908538 0.39411893564916606
-0.8283333333333334 0.3986433325757697 0.39870525772013676
-0.825 0.4073761226900145 0.40744635101389093
-0.8216666666666667 0.4196600514410123 0.41976213954262886
-0.8183333333333334 0.43453995076983176 0.4346867073961026
-0.815 0.4506977067233411 0.45088093295907095
-0.8116666666666668 0.4665287606928358 0.46671228330680636
-0.8083333333333333 0.4803057325449348 0.48042998082143995
-0.8049999999999999 0.4904235769673909 0.4904280995471668
-0.8016666666666667 0.49568049254333235 0.4955386845354207
-0.7983333333333333 0.4955173264974959 0.49526206816696416
-0.7949999999999999 0.4901370116899499 0.4898543447326057
-0.7916666666666667 0.4804620735381765 0.4802515077860934
-0.7883333333333333 0.4679465146125515 0.4678735751251989
-0.7849999999999999 0.4543076887291731 0.4543793876653403
-0.7816666666666667 0.44125970235226997 0.4414336740185616
-0.7783333333333333 0.4303099170972147 0.43052456839249265
-0.7749999999999999 0.4226414378703613 0.4228458593835013
-0.7716666666666667 0.4190689530746908 0.41923857848345114
-0.7683333333333333 0.4200362755613477 0.42017305155575746
-0.7649999999999999 0.4256230565191476 0.42574686150267504
-0.7616666666666667 0.4355401360433216 0.43567823023937513
-0.7583333333333333 0.4491113992447293 0.4492883335981323
-0.7549999999999999 0.46525945103131033 0.46548654114103233
-0.7516666666666667 0.4825275119449696 0.4827919833032789
-0.7483333333333333 0.49917376732851504 0.4994325217634321
-0.7449999999999999 0.5133600387793352 0.5135471471944368
-0.7416666666666667 0.523422731552969 0.5234762245751374
-0.7383333333333333 0.5281710563650001 0.5280702747942122
-0.735 0.5271275580040106 0.5269166892285446
-0.7316666666666667 0.520630810384988 0.5204062156530249
-0.7283333333333333 0.5097641672538661 0.5096287229586662
-0.725 0.49613727210515735 0.4961517877458844
-0.7216666666666667 0.4815953826314869 0.48175787509375007
-0.7183333333333333 0.46794230730753616 0.46820240286018044
-0.7150000000000001 0.4567369940476619 0.4570293773658294
-0.7116666666666667 0.4491817386337378 0.4494562969270376
-0.7083333333333333 0.4460842195128307 0.4463199647835029
-0.7050000000000001 0.44785836921311994 0.448061614027648
-0.7016666666666667 0.4545306671876109 0.4547251455049247
-0.6983333333333333 0.46573265163096034 0.4659482619077815
-0.6950000000000001 0.48068055482491 0.48094258085876324
-0.6916666666666667 0.49816337068453403 0.49848105930206665
-0.6883333333333332 0.5165754382851776 0.516930637710513
-0.685 0.5340312008765017 0.5343732265325543
-0.6816666666666666 0.5485812172231009 0.5488377896973463
-0.6783333333333332 0.5585098632755239 0.5586184419436601
-0.675 0.5626498097059476 0.562597147802397
-0.6716666666666666 0.5606207975241064 0.560463406733861
-0.6683333333333332 0.5529120064850098 0.5527564103831072
-0.665 0.540779173776296 0.5407304550011494
-0.6616666666666666 0.5259944709069536 0.5261073979958539
-0.6583333333333332 0.5105336264289201 0.5107964867485267
-0.655 0.49628964102015005 0.4966441184026431
-0.6516666666666666 0.4848707466152017 0.4852483918909813
-0.6483333333333333 0.4774951024317656 0.4778472947537027
-0.645 0.4749591317186256 0.47526899919994514
-0.6416666666666666 0.4776413358165686 0.4779198815652288
-0.6383333333333333 0.48550760919631103 0.4857825678523565
-0.635 0.49810058502761206 0.4984044446612458
-0.6316666666666666 0.5145173620530636 0.5148758037956871
-0.6283333333333333 0.5334012309825815 0.5338207428819899
-0.625 0.552987188798095 0.5534433356367765
-0.6216666666666666 0.5712398608824659 0.5716736963421838
-0.6183333333333334 0.5860991499292408 0.5864321779256754
-0.615 0.5958054224329853 0.5959756913593873
-0.6116666666666666 0.5992287841115079 0.5992320922908237
-0.6083333333333334 0.5961028321238272 0.5960090574373538
-0.605 0.5870829010194756 0.5870085017355468
-0.6016666666666666 0.5736087068200344 0.573659761018561
-0.5983333333333334 0.5576215328510008 0.5578454488183203
-0.595 0.5412297238722242 0.541604302401198
-0.5916666666666666 0.5264145643214989 0.5268734238111674
-0.5883333333333334 0.514830919624024 0.5153026277880982
-0.585 0.5077091309408261 0.5081466204340487
-0.5816666666666666 0.5058296718832265 0.5062201118161032
-0.5783333333333334 0.5095294403572955 0.5098885979488705
-0.575 0.5187055114626133 0.5190657300344772
-0.5716666666666665 0.5328010433899585 0.5331987428792103
-0.5683333333333334 0.5507815646603135 0.5512448117564672
-0.565 0.5711318732944083 0.5716668406860301
-0.5616666666666666 0.5919169984639924 0.5924958785849135
-0.5583333333333333 0.6109462204118566 0.6115055273743629
-0.5549999999999999 0.6260506237297041 0.6265106003593823
-0.5516666666666666 0.6354362162228246 0.6357416595047571
-0.5483333333333333 0.6380261051819918 0.6381884322689526
-0.5449999999999999 0.6336855559150683 0.6337936684369998
-0.5416666666666666 0.6232521334875704 0.6234352213843272
-0.5383333333333333 0.6083610999624898 0.6087234402725146
-0.5349999999999999 0.5911290783000197 0.5917024580755705
-0.5316666666666667 0.5737987229278257 0.5745410214651167
-0.5283333333333333 0.5584382780682543 0.559267767149181
-0.5249999999999999 0.5467462256484317 0.5475842036999216
-0.5216666666666667 0.5399610212804015 0.5407598946902816
-0.5183333333333333 0.5388419929584802 0.5395916576097542
-0.5149999999999999 0.5436775693350568 0.5443964679086588
-0.5116666666666667 0.5542868678146342 0.5550076970992217
-0.5083333333333333 0.5700019604591903 0.5707576867273478
-0.5049999999999999 0.5896433737159945 0.5904537286172721
-0.5016666666666667 0.6115239483797279 0.6123817044405325
-0.4983333333333333 0.6335280505626991 0.63438955478971
-0.49499999999999994 0.6533047903782285 0.6540933531793167
-0.49166666666666664 0.6685796725874231 0.6692081363121926
-0.4883333333333333 0.6775357588907448 0.6779499433080491
-0.48499999999999993 0.6791663721770338 0.6793872414264629
-0.48166666666666663 0.6734873901314159 0.6736158156252763
-0.47833333333333333 0.6615351454386967 0.661707485404162
-0.475 0.6451519135162547 0.645473934569921
-0.4716666666666666 0.626635476341848 0.6271385363645036
-0.4683333333333333 0.6083640103942112 0.6090067886572046
-0.46499999999999997 0.5924909629813455 0.5931961412888825
-0.4616666666666666 0.5807550282136388 0.5814525192593452
-0.4583333333333333 0.5743982856552071 0.5750520948597992
-0.45499999999999996 0.5741531610022985 0.5747660883746769
-0.4516666666666666 0.580251974815372 0.5808556939452466
-0.4483333333333333 0.5924257561855817 0.5930663153951539
-0.44499999999999995 0.6098827632037057 0.6106063065487839
-0.4416666666666666 0.6312840597238868 0.6321217629672252
-0.4383333333333333 0.6547564249089957 0.6557060377021651
-0.435 0.677992909947076 0.6790028926193443
-0.43166666666666664 0.6984785018198705 0.69945538054522
-0.4283333333333333 0.7138379415115695 0.7146802468818346
-0.425 0.7222446481095927 0.7228934290912088
-0.42166666666666663 0.7227810682311113 0.723261503241449
-0.4183333333333333 0.715633737350099 0.7160526142850099
-0.415 0.702054681087753 0.7025470669917491
-0.4116666666666666 0.68410448117731 0.6847640649747522
-0.40833333333333327 0.6642674376884834 0.6651064027488385
-0.40499999999999997 0.6450579523067911 0.6460157030336033
-0.4016666666666666 0.62871246815521 0.6296975443174282
-0.39833333333333326 0.617006075771123 0.6179407047975802
-0.39499999999999996 0.6111795224295193 0.6120254870617412
-0.39166666666666666 0.6119319475446618 0.6126945060647486
-0.3883333333333333 0.6194310646546043 0.6201469878294869
-0.38499999999999995 0.6333085978547962 0.6340274434234008
-0.38166666666666665 0.6526350709899413 0.6534021260397385
-0.3783333333333333 0.6758965699154005 0.6767372193388796
-0.37499999999999994 0.7010191178704362 0.7019229714480544
-0.37166666666666665 0.725493974257666 0.7264046086535075
-0.3683333333333333 0.7466391077286029 0.7474625612467661
-0.36499999999999994 0.7619850741518764 0.7626265791564477
-0.36166666666666664 0.7697109700362702 0.7701297110838353
-0.3583333333333333 0.7690090037913465 0.7692568817257925
-0.3549999999999999 0.760257472568834 0.7604671674025674
-0.3516666666666666 0.7449413278034982 0.7452637092223947
-0.34833333333333333 0.7253504994809139 0.7258825441122809
-0.345 0.7041606535374405 0.7049105881921505
-0.3416666666666666 0.6840225835890552 0.6849267869453421
-0.3383333333333333 0.6672530518004272 0.6682236044039112
-0.33499999999999996 0.6556592899626565 0.6566287763578456
-0.3316666666666666 0.6504752418975945 0.6514164555715765
-0.3283333333333333 0.6523596747710614 0.6532807856627009
-0.32499999999999996 0.6614062410526662 0.6623395360841061
-0.3216666666666666 0.6771349581885984 0.6781238475290673
-0.3183333333333333 0.698463428155339 0.6995465016929557
-0.31499999999999995 0.7236861713402583 0.7248793684636384
-0.3116666666666666 0.7505132375919132 0.7517919545617144
-0.3083333333333333 0.7762239442719722 0.7775133475938321
-0.305 0.7979676062289986 0.7991554632273663
-0.30166666666666664 0.8131891263919433 0.8141692006614691
-0.2983333333333333 0.8200907356887207 0.8208217322274303
-0.295 0.8179967960750691 0.8185380168423513
-0.29166666666666663 0.8074994740388103 0.8079894252393212
-0.2883333333333333 0.7903340995191865 0.7909196758435104
-0.285 0.7690306633291105 0.7697951250065178
-0.2816666666666666 0.7464604839009542 0.7473958682960458
-0.27833333333333327 0.725410350656982 0.7264414530696164
-0.27499999999999997 0.7082741780180067 0.7093086267956905
-0.2716666666666666 0.696886611889509 0.6978587173352545
-0.26833333333333326 0.6924687501654196 0.6933586469571122
-0.26499999999999996 0.6956311164084366 0.6964604408513424
-0.2616666666666666 0.706382789614743 0.70719868931322
-0.25833333333333325 0.7241183903219873 0.7249757889034714
-0.25499999999999995 0.7475860708454526 0.748530655429454
-0.25166666666666665 0.7748711203868952 0.7759212235315325
-0.2483333333333333 0.8034519602081065 0.8045807945330882
-0.24499999999999994 0.8303863147529241 0.8315147071252477
-0.24166666666666664 0.8526546871170059 0.853669722424808
-0.23833333333333329 0.8676270084778638 0.8684323970014661
-0.23499999999999993 0.8735483514900793 0.8741260738830684
-0.23166666666666663 0.8698993875429627 0.8703396054115675
-0.22833333333333328 0.8575091969623603 0.8579770954193625
-0.22499999999999992 0.8383810663427194 0.8390358360150021
-0.22166666666666662 0.8152953511039269 0.8162145887976825
-0.21833333333333327 0.7913226991727935 0.7924789755933088
-0.2149999999999999 0.7693849109479304 0.7706805301345283
-0.21166666666666661 0.7519493736500802 0.7532758201248761
-0.20833333333333331 0.7408729103118513 0.7421570718309926
-0.20499999999999996 0.7373570947106176 0.7385777913394829
-0.2016666666666666 0.7419554572822626 0.7431354147359983
-0.1983333333333333 0.7545808211241054 0.7557679554412184
-0.19499999999999995 0.7744873232064414 0.7757351017234331
-0.1916666666666666 0.8002357289686701 0.8015842029111374
-0.1883333333333333 0.829683359408657 0.8311390039572848
-0.18499999999999994 0.860061020524855 0.8615782389236772
-0.1816666666666666 0.8881958873520247 0.8896724525278954
-0.1783333333333333 0.910901203994248 0.9122038287014285
-0.17499999999999993 0.9254849584477352 0.9265081197287045
-0.17166666666666658 0.9302571270435123 0.9309891362013345
-0.16833333333333328 0.9248806065951588 0.925428497024154
-0.16499999999999998 0.9104452933873532 0.9109885279758839
-0.16166666666666663 0.8892400338901287 0.8899401528130304
-0.15833333333333327 0.8643053631496551 0.8652328163381695
-0.15499999999999997 0.8389142789848216 0.840034561977442
-0.15166666666666662 0.8161219936250897 0.8173369689730923
-0.14833333333333326 0.7984651495095189 0.7996733277799133
-0.14499999999999996 0.7878169559174671 0.7889570930168082
-0.1416666666666666 0.7853520753382914 0.7864162071711116
-0.13833333333333325 0.7915573145915032 0.7925803687243301
-0.13499999999999995 0.8062362682418892 0.8072765054766469
-0.1316666666666666 0.828485995430124 0.8296051452420062
-0.12833333333333324 0.8566604641184851 0.8579041300828881
-0.12499999999999994 0.8883692411900906 0.8897457168953276
-0.12166666666666665 0.9205793283742927 0.9220411395760987
-0.11833333333333329 0.949879307334446 0.9513218138306353
-0.11499999999999994 0.972918674478695 0.9742122219296856
-0.11166666666666664 0.9869590498699666 0.9880135829162275
-0.10833333333333328 0.990399823429978 0.991227795118632
-0.10499999999999993 0.983113773923667 0.9838418305714047
-0.10166666666666663 0.9664762818715553 0.9672882927120925
-0.09833333333333327 0.9430792761327311 0.9441233736752842
-0.09499999999999992 0.9162327176973979 0.9175536586769992
-0.09166666666666662 0.8894142727069642 0.890950385842705
-0.08833333333333326 0.8658103260044538 0.8674439379234639
-0.08499999999999991 0.8480219905599736 0.8496428640176956
-0.08166666666666661 0.8379324660179334 0.8394791203169827
-0.07833333333333331 0.8366813243999447 0.8381495606410708
-0.07499999999999996 0.8446778240198022 0.8461063955999206
-0.0716666666666666 0.861601939356465 0.8630504583395121
-0.0683333333333333 0.8863754361955934 0.8879026613299624
-0.06499999999999995 0.9171245443166499 0.9187668197521435
-0.06166666666666659 0.9511902820624519 0.9529386933572297
-0.05833333333333329 0.9852596097184041 0.9870421818845012
-0.05499999999999994 1.0156756261268987 1.0173614733298209
-0.05166666666666658 1.038929811234203 1.040372266528468
-0.048333333333333284 1.0522557371542671 1.0533669022294685
-0.04499999999999993 1.0541692455631049 1.0549825967109538
-0.041666666666666574 1.044782358196503 1.0454547646851806
-0.038333333333333275 1.0257812707507528 1.0265207694567113
-0.034999999999999976 1.00007832583627 1.0010416646699574
-0.03166666666666662 0.9712615086164361 0.9724894484771389
-0.028333333333333266 0.9430147262656665 0.9444383240609033
-0.024999999999999967 0.9186526305635508 0.9201516149582296
-0.021666666666666612 0.9008354198978229 0.9023042487514813
-0.018333333333333257 0.8914492242536605 0.892836513575276
-0.014999999999999958 0.8915894602893081 0.892903220249281
-0.011666666666666603 0.9015757938656876 0.9028668244886637
-0.008333333333333248 0.9209486318046238 0.9222875086681008
-0.004999999999999949 0.9484344948177552 0.9498892044467373
-0.0016666666666666496 0.9819093564428997 0.9835224125774616
0.0016666666666667052 1.0184239445712553 1.0201880340699083
0.0050000000000001155 1.0543690739465932 1.0562095958366238
0.008333333333333415 1.0858368919452914 1.0876200677037295
0.011666666666666714 1.109169086841051 1.1107505989607553
0.015000000000000124 1.1215924419693282 1.1228940231023667
0.018333333333333424 1.121768882391726 1.122838458729658
0.021666666666666723 1.110080685008394 1.1110869144987365
0.025000000000000133 1.0885507391260014 1.0896999717149247
0.028333333333333433 1.0604288269813065 1.061859254014597
0.03166666666666673 1.0295888297112699 1.031313119869524
0.03500000000000003 0.9999216802981857 1.0018449374657903
0.03833333333333333 0.9748666977201832 0.9768530431451639
0.04166666666666674 0.9571371416781896 0.9590770647428205
0.04500000000000004 0.9486142801157422 0.950460203257528
0.04833333333333334 0.9503393183717981 0.9521056441606469
0.05166666666666675 0.962528930430868 0.9642715198123823
0.05500000000000005 0.9845663066793539 0.9863570591268043
0.05833333333333335 1.0149609200825855 1.0168634268964527
0.06166666666666676 1.0513143572406107 1.05335881992643
0.06500000000000006 1.090364450713836 1.0925219515049232
0.06833333333333336 1.128190109026593 1.1303571890250357
0.07166666666666677 1.1606287710388703 1.162643393196285
0.07500000000000007 1.183883335827409 1.1855868256500077
0.07833333333333337 1.1951981845862103 1.1965235611193288
0.08166666666666678 1.1934135990126413 1.1944421379183128
0.08500000000000008 1.1792147033117266 1.1801513176967895
0.08833333333333337 1.1549873799898005 1.1560605072418955
0.09166666666666679 1.1243354538897412 1.1256864281574135
0.09500000000000008 1.0914257706416746 1.0930586094576895
0.09833333333333338 1.0603562450239408 1.0621669843510264
0.1016666666666668 1.0346865399154193 1.0365374225498183
0.1050000000000001 1.0171762684281582 1.0189641943900993
0.10833333333333339 1.0096932333214421 1.0113821461096617
0.1116666666666668 1.0132132636422473 1.014830462370719
0.1150000000000001 1.0278351379531456 1.0294485651842455
0.1183333333333334 1.0527653274248112 1.0544572452603775
0.1216666666666667 1.0862724907868198 1.0881141597787267
0.125 1.1256580638253137 1.1276829658284473
0.1283333333333334 1.167323626903939 1.1695004974076297
0.1316666666666667 1.207021006409206 1.2092402587814506
0.135 1.2403312023913786 1.242427296753282
0.13833333333333342 1.2633323974980484 1.2651533641266866
0.14166666666666672 1.273314264267079 1.2748124661836504
0.14500000000000002 1.2693303850453828 1.270612184125964
0.14833333333333343 1.2524028138413794 1.2536882815093722
0.15166666666666673 1.2253070102401618 1.2268187852569339
0.15500000000000003 1.1920169021441727 1.1938713331046134
0.15833333333333344 1.1569984899270467 1.1591669152786925
0.16166666666666674 1.12455575760049 1.126907085746148
0.16500000000000004 1.0983636328981987 1.1007460598607384
0.16833333333333345 1.0812206385009888 1.0835298627466494
0.17166666666666675 1.0749716083102103 1.077178173672515
0.17500000000000004 1.0805145895371926 1.082654629218273
0.17833333333333345 1.0978138964083701 1.0999625760661247
0.18166666666666675 1.1258777643986824 1.1281204777928915
0.18500000000000005 1.1627081987621626 1.1651128020816341
0.18833333333333346 1.205279084677238 1.2078664186230044
0.19166666666666676 1.2496317819860208 1.2523475202959606
0.19500000000000006 1.2911767178575868 1.2938812081838673
0.19833333333333347 1.3252390890485297 1.3277392039883766
0.20166666666666677 1.3477898035320601 1.349920265491816
0.20500000000000007 1.3561949931362076 1.3579148987996439
0.20833333333333348 1.3497591639287705 1.3511963599755494
0.21166666666666678 1.3298767643702423 1.3312745470760712
0.21500000000000008 1.299739552687531 1.3013323612841048
0.21833333333333338 1.2637069567767305 1.2656083244003278
0.22166666666666668 1.2265493709070934 1.2287212430054182
0.2250000000000001 1.192775028141215 1.1950808838434617
0.2283333333333334 1.1661682504892057 1.1684601863281163
0.2316666666666667 1.14955822974483 1.151743902088471
0.2350000000000001 1.1447563243571146 1.146821631848276
0.2383333333333334 1.1525690074521395 1.1545646634648385
0.2416666666666667 1.1728077205336174 1.1748206387527167
0.2450000000000001 1.204258767556333 1.206382435721184
0.2483333333333334 1.2446294856770102 1.2469350472509062
0.2516666666666667 1.2905371921729358 1.2930422957469525
0.2550000000000001 1.3376386198168344 1.3402791152996376
0.2583333333333334 1.3809896466727498 1.3836139072325992
0.2616666666666667 1.41566302959532 1.4180737855579801
0.2650000000000001 1.4375435146763262 1.4395898111489076
0.2683333333333334 1.4441084883052355 1.4457840763459997
0.2716666666666667 1.4349536681277917 1.436428636669397
0.27500000000000013 1.411882616980815 1.4134290157345077
0.27833333333333343 1.3785300955443067 1.3803844268821246
0.28166666666666673 1.3396556436237104 1.341911107772355
0.28500000000000014 1.3003382669697832 1.3029285608875862
0.28833333333333344 1.2652876810052436 1.2680524192162723
0.29166666666666674 1.2383908994991335 1.2411683328943544
0.29500000000000015 1.2224986757872676 1.2251930889693465
0.29833333333333345 1.2193772670291048 1.2219782566383701
0.30166666666666675 1.2297262316294395 1.2322909940007336
0.30500000000000005 1.2531837034409927 1.255805161306102
0.30833333333333335 1.2882880093809914 1.2910624560096027
0.31166666666666676 1.3324215349066835 1.335416517188039
0.31500000000000006 1.3818144378080532 1.3850343933005385
0.31833333333333336 1.431714188158753 1.4350715054721206
0.32166666666666677 1.4768104761200023 1.480125115002781
0.32500000000000007 1.5119300936871158 1.514983001884432
0.32833333333333337 1.5328967112366954 1.5355334650800894
0.3316666666666668 1.5373375273788386 1.5395681948614257
0.3350000000000001 1.5251823855907773 1.5271998764278814
0.3383333333333334 1.4986817929145952 1.500768133480305
0.3416666666666668 1.4619400353026581 1.4643185512736476
0.3450000000000001 1.4201304701936588 1.4228635849938276
0.3483333333333334 1.3786438428258267 1.3816324824297785
0.3516666666666668 1.3423875984281282 1.3454514432845905
0.3550000000000001 1.315343861890761 1.3183194168497856
0.3583333333333334 1.3003748916720452 1.3031791169427294
0.3616666666666668 1.299188966935054 1.3018325438458502
0.3650000000000001 1.312361664187511 1.314924270314017
0.3683333333333334 1.339335148197853 1.341927732876164
0.3716666666666668 1.3783712001511979 1.3811010908441987
0.3750000000000001 1.4264946197727297 1.4294319145084997
0.3783333333333334 1.4795163113864713 1.482658144697036
0.3816666666666668 1.5322498658908486 1.5354929314624026
0.3850000000000001 1.5790090382276474 1.5821569305060015
0.3883333333333334 1.614384645945392 1.617214478381472
0.3916666666666667 1.6341686424649617 1.6365455594170566
0.395 1.636180472841871 1.6381554394152498
0.39833333333333343 1.6207295831734192 1.6225402819321968
0.4016666666666667 1.5905522009675335 1.5925081219297743
0.405 1.5502483093556185 1.552573935325688
0.40833333333333344 1.5054177628814636 1.5081583897114232
0.41166666666666674 1.4617650191079714 1.4648026312378475
0.41500000000000004 1.4243904740448634 1.4275369704973084
0.41833333333333345 1.3973628517052208 1.4004612036419746
0.42166666666666675 1.383544815925155 1.386526808682456
0.42500000000000004 1.384572391941437 1.3874634961504366
0.42833333333333345 1.4008781851556895 1.4037697407000131
0.43166666666666675 1.4316832907448445 1.4346954721189498
0.43500000000000005 1.4749416776025883 1.478186877774335
0.43833333333333346 1.5272855094762778 1.5308288456532904
0.44166666666666676 1.5840729456045282 1.587891076246485
0.44500000000000006 1.639659390842619 1.643616822494996
0.4483333333333335 1.6879752265307388 1.6918425500541905
0.45166666666666677 1.7233892229633285 1.7269237500995274
0.45500000000000007 1.7416955403577354 1.7447664559357547
0.4583333333333335 1.740952271226428 1.7436348285002716
0.4616666666666668 1.7218964131501857 1.7244539712475788
0.4650000000000001 1.6877894558393194 1.6905382584068858
0.4683333333333335 1.6437527252015007 1.6468990185531105
0.4716666666666668 1.5958241078812931 1.599380647882271
0.4750000000000001 1.5500225281046218 1.5538415007695157
0.4783333333333335 1.5116354843654596 1.5155132786439796
0.4816666666666668 1.4848087947197823 1.4885884611636968
0.4850000000000001 1.4723932764729648 1.476016255842762
0.4883333333333334 1.4759368592400068 1.4794402985598079
0.4916666666666667 1.4957080524598823 1.499191638891588
0.4950000000000001 1.530679117508162 1.5342651620455243
0.4983333333333334 1.5784620730081365 1.5822571880092764
0.5016666666666667 1.6352589340933654 1.6393141908616555
0.5050000000000001 1.695940367646121 1.7002107230645485
0.5083333333333334 1.7543799308942851 1.758701073070581
0.5116666666666667 1.8041199567701505 1.8082354002942744
0.5150000000000001 1.8393254686284886 1.8429842123315017
0.5183333333333334 1.8558316038242657 1.8589254373267627
0.5216666666666667 1.8519855333792705 1.8546368578888135
0.5250000000000001 1.8290021093680455 1.8315214888254627
0.5283333333333334 1.7907081933193971 1.793435912487708
0.5316666666666667 1.742771393595073 1.7459091556722055
0.5350000000000001 1.6916779037089786 1.6952176917006772
0.5383333333333334 1.6437605890015934 1.6475355210337561
0.5416666666666667 1.604487086797823 1.608287613140296
0.5450000000000002 1.578069739266753 1.5817470739109902
0.5483333333333335 1.5673339881833803 1.570846059105357
0.5516666666666667 1.5737220738601028 1.5771242986866465
0.5550000000000002 1.5973149168712417 1.6007230950592626
0.5583333333333335 1.6368052810374563 1.640353852507153
0.5616666666666668 1.6894260556716105 1.6932279104519923
0.5650000000000002 1.7509091100655843 1.755012973729374
0.5683333333333335 1.8156017996294715 1.8199500757193698
0.5716666666666668 1.8768732013689005 1.8812826530556157
0.5750000000000001 1.9278761800318327 1.9320767054975667
0.5783333333333334 1.9625951334603422 1.9663419801117001
0.5816666666666668 1.9769500596454839 1.980166159521801
0.5850000000000001 1.9696317025989245 1.9724833617242856
0.5883333333333334 1.9423852800649388 1.945216618853888
0.5916666666666668 1.8996434897064607 1.9027995325353486
0.5950000000000001 1.8476442735729781 1.851302881304323
0.5983333333333334 1.7933310338415587 1.7974486731255903
0.6016666666666668 1.743348711604793 1.7477308307129726
0.6050000000000001 1.7033369533731764 1.707763984738988
0.6083333333333334 1.6775629071198106 1.6818908513348825
0.6116666666666668 1.6688116901505756 1.673009623551475
0.6150000000000001 1.6784003004143146 1.6825357543515338
0.6183333333333334 1.7061959569822427 1.7103952892773266
0.6216666666666668 1.7505781169667962 1.7549822246783697
0.6250000000000001 1.8083601578066908 1.8130806652933165
0.6283333333333334 1.8747613277117783 1.8798336839870202
0.6316666666666668 1.9435690100130576 1.948908280864667
0.6350000000000001 2.0076266321682126 2.0130131838686323
0.6383333333333334 2.059699953323819 2.0648324496681445
0.6416666666666668 2.0936211441801107 2.098246039901155
0.6450000000000001 2.105444307137605 2.1095047829688305
0.6483333333333334 2.094262317890266 2.0979603297000855
0.6516666666666668 2.06240530487934 2.066109675506061
0.6550000000000001 2.0149523934137434 2.0190032860649083
0.6583333333333334 1.9587348378887324 1.9632780895434174
0.6616666666666667 1.9011606686202125 1.9061118074947763
0.665 1.8491836381511055 1.8543173937485071
0.6683333333333334 1.808606049916029 1.813691773576748
0.6716666666666667 1.7837368938440072 1.788638233776302
0.675 1.7773044311925046 1.782009536168142
0.6783333333333335 1.7904786750501505 1.7950757321586062
0.6816666666666668 1.8228841393111601 1.82751476421246
0.685 1.872549765554348 1.8773614000464307
0.6883333333333335 1.935825681762181 1.9409252114614834
0.6916666666666668 2.00737360241056 2.012778312721173
0.6950000000000001 2.080383718380816 2.0859792719745305
0.6983333333333335 2.147154588577969 2.1526909775544736
0.7016666666666668 2.200071573140394 2.2052321064942317
0.7050000000000001 2.232848750280103 2.2373946069244375
0.7083333333333335 2.241729153952367 2.2456506950801045
0.7116666666666668 2.2262703800953023 2.229830052235973
0.7150000000000001 2.189443844121037 2.1930542908851733
0.7183333333333335 2.1370155773130155 2.141025917944562
0.7216666666666668 2.076431868046358 2.080967235331722
0.7250000000000001 2.015571206244805 2.020517399049076
0.7283333333333335 1.9616914334859323 1.9668040887787575
0.7316666666666668 1.9207468710131363 1.9257949113171515
0.7350000000000001 1.8970740285075194 1.9019358668342425
0.7383333333333335 1.8933260123760665 1.898011573849079
0.7416666666666668 1.9105016647501165 1.9151212406025777
0.7450000000000001 1.94795060865625 1.9526647329415128
0.7483333333333335 2.003310401008884 2.0082799097420456
0.7516666666666668 2.0724206915564385 2.0777568472266434
0.7550000000000001 2.149338391263989 2.1550494064955874
0.7583333333333334 2.2266190563893535 2.232566292927726
0.7616666666666667 2.2959996501919027 2.301900589977095
0.7650000000000001 2.349496778154485 2.355013043636929
0.7683333333333334 2.3807467549405668 2.3856479920343676
0.7716666666666667 2.3862421509945877 2.3905581387414614
0.7750000000000001 2.3660718292055716 2.3701129506707
0.7783333333333334 2.323906468960326 2.328111660915684
0.7816666666666667 2.2662391210191952 2.2709475804970602
0.7850000000000001 2.2011513888247847 2.206452222639763
0.7883333333333334 2.1369963634155384 2.1427367758139413
0.7916666666666667 2.0813297345946333 2.0872434799053945
0.7950000000000002 2.040245841774091 2.0461017358341627
0.7983333333333335 2.01809290316522 2.0237837225514683
0.8016666666666667 2.017428595725058 2.0229830941809146
0.8050000000000002 2.039053681276201 2.0445997517737675
0.8083333333333335 2.082007213824887 2.0877188527533086
0.8116666666666668 2.1434905717600627 2.1495345592251223
0.8150000000000002 2.2187820907059717 2.2252632784340096
0.8183333333333335 2.301284377255528 2.3081877987068578
0.8216666666666668 2.382881088076502 2.3900290757233065
0.8250000000000002 2.4547339529787147 2.4618004905193582
0.8283333333333335 2.508508027811881 2.5151273286427553
0.8316666666666668 2.53780883825501 2.5437565865055793
0.8350000000000002 2.5394450350186606 2.544787993828
0.8383333333333335 2.5141071417476146 2.5191978290633554
0.8416666666666668 2.4662244218274267 2.4715183400906318
0.8450000000000001 2.403056433018458 2.4088720922402764
0.8483333333333334 2.3333387529399534 2.339720806797942
0.8516666666666668 2.2659014269520075 2.272653681247184
0.8550000000000001 2.208590171222149 2.215422625293659
0.8583333333333334 2.167625898039104 2.174307937490523
0.8616666666666668 2.1473510830444362 2.1537944992107443
0.8650000000000001 2.150205488598353 2.1564662048423813
0.8683333333333334 2.17676185719026 2.182993228008641
0.8716666666666668 2.225709173850492 2.232102889478183
0.8750000000000001 2.293763654777968 2.300492705098746
0.8783333333333334 2.375587788379587 2.3827476945252357
0.8816666666666668 2.46387832316569 2.471426223340811
0.8850000000000001 2.549810393205613 2.5575257998807435
0.8883333333333334 2.6239606001450415 2.631474971769394
0.8916666666666668 2.677665864275076 2.684594643306245
0.8950000000000001 2.7045549813718472 2.7106958044028997
0.8983333333333334 2.7018252880818294 2.707301285981785
0.9016666666666668 2.670843057762155 2.6760669345541617
0.9050000000000001 2.616856516999753 2.6223145789075897
0.9083333333333334 2.547930323299318 2.553931990715891
0.9116666666666668 2.473470887301373 2.4800277705708473
0.9150000000000001 2.4027856785440393 2.4096704502875133
0.9183333333333334 2.3440009701013245 2.350911964140937
0.9216666666666669 2.3034492573766143 2.310165929363131
0.9250000000000002 2.2854480088896514 2.2919056874064143
0.9283333333333335 2.2922941135473573 2.298575710015032
0.9316666666666668 2.324298991497345 2.3305817982949657
0.935 2.3797578897817733 2.3862511832341653
0.9383333333333335 2.4548484269984816 2.4617333681189018
0.9416666666666668 2.5435589559858633 2.5509255901092933
0.9450000000000001 2.6378269978124496 2.645610614961202
0.9483333333333335 2.7280837178567334 2.736030426834584
0.9516666666666668 2.804315148131404 2.8120280546573433
0.9550000000000001 2.85756036588117 2.86465463847742
0.9583333333333335 2.8815330008424267 2.887846325542565
0.9616666666666668 2.873897823686785 2.879619011317801
0.9650000000000001 2.83677444757446 2.8423713150551233
0.9683333333333335 2.7762911920963584 2.782263865487381
0.9716666666666668 2.701355237962172 2.707982681545785
0.9750000000000001 2.6220587131874638 2.6293006874822034
0.9783333333333335 2.548185005663895 2.555770080403888
0.9816666666666668 2.4881297561358364 2.4957372111460376
0.9850000000000001 2.448320393923137 2.455736200571737
0.9883333333333335 2.4330281034527452 2.4402099362306586
0.9916666666666668 2.4443791737698755 2.451437322472482
0.9950000000000001 2.482386672553024 2.4895235280584265
0.9983333333333334 2.54490390708598 2.552348730207896
