-0.9933333333333334 0.4064820503519311 0.40584852229103285
-0.98 0.39745966855070874 0.3984108325430973
-0.9666666666666667 0.35600578422951235 0.3489380511284287
-0.9533333333333334 0.35282273498008415 0.35554015923166804
-0.94 0.40032650535307923 0.4001984908194567
-0.9266666666666667 0.4375028809200964 0.4397069970097034
-0.9133333333333333 0.4103218115712467 0.40993223914919813
-0.8999999999999999 0.371799827981095 0.3675842516299821
-0.8866666666666667 0.38625913512260796 0.39037873704339965
-0.8733333333333333 0.44294174673871833 0.44388283537714224
-0.86 0.4641005000380445 0.4689697014551292
-0.8466666666666667 0.4222167123489807 0.41930296856298194
-0.8333333333333333 0.3933700818724979 0.3944010567139462
-0.8200000000000001 0.4268498878590554 0.43119244234906995
-0.8066666666666666 0.48590982883696204 0.489118897589289
-0.7933333333333333 0.4857549968109915 0.4921665080118628
-0.78 0.43544018256149747 0.4309352577969191
-0.7666666666666666 0.4222614930974185 0.428528558696625
-0.7533333333333333 0.47385739781059893 0.4785551952365377
-0.74 0.5265097790148362 0.5332129340366671
-0.7266666666666667 0.5031824425412151 0.5091573163732732
-0.7133333333333334 0.4524432927247961 0.4497695293904659
-0.7 0.4596044419873287 0.46914847360703654
-0.6866666666666666 0.5255464032358944 0.5315580654570797
-0.6733333333333333 0.5623959018634729 0.5730474857599455
-0.6599999999999999 0.5182254578514495 0.521689183314199
-0.6466666666666666 0.4755888260792587 0.47862982109550095
-0.6333333333333333 0.5059053210295138 0.5167286359200509
-0.62 0.579214774176186 0.5878958316566237
-0.6066666666666667 0.5922552061360904 0.6060219381357311
-0.5933333333333333 0.5335123829989846 0.5342218626266046
-0.58 0.5069782048338117 0.5175218736740741
-0.5666666666666667 0.560772942296653 0.572755257041296
-0.5533333333333333 0.6315458407934703 0.6452137801232828
-0.54 0.6162385739129619 0.6319849279134631
-0.5266666666666666 0.5520450550679699 0.5539128147758052
-0.5133333333333333 0.5482905144728343 0.5657361752604158
-0.49999999999999994 0.6226551064890122 0.6371578637404642
-0.48666666666666664 0.6792908323433683 0.6987518905072807
-0.47333333333333333 0.6360095047933627 0.649682929402055
-0.45999999999999996 0.5768466409222172 0.5833630593694542
-0.4466666666666666 0.6005645620636632 0.6203006487895165
-0.4333333333333333 0.6887360215648651 0.7052715151875001
-0.42 0.7201124884561353 0.7434675077406128
-0.4066666666666666 0.6544351872130316 0.6636010580405945
-0.39333333333333326 0.6107104892104064 0.6255996980974519
-0.37999999999999995 0.6638912932649151 0.6844492959042472
-0.36666666666666664 0.7551709421868383 0.7756910190821807
-0.35333333333333333 0.7532910653911019 0.7783422208201567
-0.33999999999999997 0.675090671750239 0.6810934746372765
-0.3266666666666666 0.656003968452573 0.6788213454833764
-0.3133333333333333 0.7370619007019764 0.7585592443875079
-0.3 0.8177514514854016 0.8440818726783761
-0.2866666666666666 0.7800227699677444 0.8039830816367679
-0.27333333333333326 0.7017710174591715 0.7108741221176823
-0.25999999999999995 0.7144402964197131 0.7426499052189744
-0.24666666666666665 0.8173169090524328 0.841438018076561
-0.23333333333333328 0.8728992516321238 0.9049961916966738
-0.21999999999999992 0.8032294466338534 0.8218373284596925
-0.2066666666666666 0.7381203193505238 0.755295614864838
-0.1933333333333333 0.7867490306387674 0.8159536295802459
-0.17999999999999994 0.9004134112217832 0.9276105364822531
-0.16666666666666657 0.918675848019551 0.9534613537553329
-0.15333333333333327 0.827020208066172 0.8391951796672542
-0.13999999999999996 0.7873670597336668 0.8145813389944718
-0.12666666666666665 0.8722497677145612 0.9017188393167307
-0.11333333333333329 0.9811956787713725 1.0142132266672916
-0.09999999999999992 0.955426072376418 0.9903635504508226
-0.08666666666666661 0.85605402785599 0.8679962921931632
-0.0733333333333333 0.8520730466738504 0.8881744533365215
-0.05999999999999994 0.9684499743494225 1.0007433405773132
-0.04666666666666658 1.0546709526359224 1.0957167149537257
-0.03333333333333327 0.9858248894624293 1.0164958894106002
-0.019999999999999962 0.8950016271335975 0.9143374220460054
-0.006666666666666654 0.9337900545895983 0.973645560405726
0.00666666666666671 1.0709045305044522 1.1071054605392225
0.02000000000000013 1.1173164044435069 1.1645640309041243
0.03333333333333344 1.0143789335094784 1.0380144867787129
0.046666666666666745 0.9481630242121639 0.9812782347167046
0.06000000000000005 1.0325778579030611 1.075125977170091
0.07333333333333336 1.173608300255004 1.2182725894081115
0.08666666666666678 1.1681505693098895 1.2198875776547558
0.10000000000000009 1.0466534553664761 1.0673923731218737
0.1133333333333334 1.0191647004114146 1.0664221904114841
0.1266666666666667 1.1464606091213603 1.192520415488914
0.14 1.2700556717958942 1.3250700132347393
0.15333333333333343 1.2091602965038868 1.2588904746595055
0.16666666666666674 1.0885232284660187 1.1143812070582746
0.18000000000000005 1.1106009612218983 1.1663891408606744
0.19333333333333347 1.271053361436104 1.3223143523323746
0.20666666666666678 1.3547926723923618 1.4198567086467988
0.22000000000000008 1.2449742775128136 1.2872724305047063
0.2333333333333334 1.1456075808636867 1.1860267958684287
0.2466666666666667 1.2235156142301815 1.2831989315556331
0.2600000000000001 1.3996970845728023 1.4588182068316358
0.27333333333333343 1.4249662284723499 1.496268360282833
0.28666666666666674 1.2820138571613124 1.3159740229595358
0.30000000000000004 1.222865454024635 1.280784767864121
0.31333333333333335 1.3567381505509952 1.4191740898322807
0.32666666666666677 1.52438102220459 1.5947148558550852
0.3400000000000001 1.4812825029968215 1.5532396701469104
0.3533333333333334 1.327508111994942 1.3618459236814577
0.3666666666666668 1.3242034937204838 1.3963457549613496
0.3800000000000001 1.5062706954359295 1.5742186791739736
0.3933333333333334 1.637437079708439 1.7209666172896636
0.40666666666666673 1.5280351966687262 1.5933203268269498
0.42000000000000004 1.3886719311644231 1.4361587502741684
0.43333333333333346 1.4519350936922373 1.531928742291564
0.44666666666666677 1.665099912928256 1.7424124004238175
0.4600000000000001 1.7335630114813156 1.8290733565363666
0.4733333333333335 1.5723035465089397 1.628008042978685
0.4866666666666668 1.4721235034930071 1.542964909471423
0.5000000000000001 1.6060255341656768 1.6923497523362196
0.5133333333333334 1.8238506295544294 1.9165998267940827
0.5266666666666667 1.811446349930398 1.9144991616650362
0.5400000000000001 1.6227481406271718 1.6749310819552976
0.5533333333333335 1.5834163340282732 1.67754009046465
0.5666666666666668 1.7832529435255708 1.8775374981246395
0.5800000000000001 1.9724713813442964 2.083742274508217
0.5933333333333334 1.874370739773256 1.9751764606671447
0.6066666666666668 1.6884613079622577 1.7508442167782734
0.6200000000000001 1.7264752982558076 1.836047257293885
0.6333333333333334 1.976654441912191 2.082576201244442
0.6466666666666668 2.1026566335546026 2.2322665007532128
0.6600000000000001 1.9296620512353324 2.020500753054153
0.6733333333333335 1.7781068401930846 1.8664611105811515
0.6866666666666668 1.902781550483078 2.022638677438255
0.7000000000000001 2.175784019136112 2.2998335862647963
0.7133333333333335 2.2102217362480867 2.3542409716316897
0.7266666666666668 1.9873507409155875 2.0695235722175473
0.7400000000000001 1.8992999557788306 2.0198512489477776
0.7533333333333334 2.110339533835245 2.2406718114639625
0.7666666666666667 2.368200786353242 2.5157940314908824
0.7800000000000001 2.2965266873568067 2.444611144260187
0.7933333333333334 2.0586509795371217 2.1448458244096993
0.8066666666666668 2.0579950037099004 2.2040182738419634
0.8200000000000002 2.342743967945468 2.4864960592801935
0.8333333333333335 2.5421353734881333 2.714026394626222
0.8466666666666668 2.368451960218606 2.5073539584886726
0.8600000000000001 2.1547057155034843 2.264330022588448
0.8733333333333334 2.2576332155701717 2.418768766386923
0.8866666666666668 2.5889355333501096 2.7510689987094348
0.9000000000000001 2.6896193186265975 2.881249908803639
0.9133333333333334 2.437111486154478 2.560462078603819
0.9266666666666667 2.285699234475751 2.432465623112969
0.9400000000000001 2.4979610058994766 2.6702279002251843
0.9533333333333335 2.8342844744867346 3.0217487172756248
0.9666666666666668 2.8089431247985335 3.0107459105483425
0.9800000000000001 2.5159785485817583 2.633568802826888
0.9933333333333334 2.460133231305546 2.6439510960545984
