-0.9933333333333334 0.4064820503519311 0.40655253796251556
-0.98 0.39745966855070874 0.40272945028966206
-0.9666666666666667 0.35600578422951235 0.3558651295380071
-0.9533333333333334 0.35282273498008415 0.3515634687297071
-0.94 0.40032650535307923 0.39826722310690155
-0.9266666666666667 0.4375028809200964 0.43742481388164234
-0.9133333333333333 0.4103218115712467 0.4139283854468095
-0.8999999999999999 0.371799827981095 0.36866324310229237
-0.8866666666666667 0.38625913512260796 0.38359409446010073
-0.8733333333333333 0.44294174673871833 0.4386193175468047
-0.86 0.4641005000380445 0.4642596054921331
-0.8466666666666667 0.4222167123489807 0.422487513638527
-0.8333333333333333 0.3933700818724979 0.38815363213380605
-0.8200000000000001 0.4268498878590554 0.4219998090302129
-0.8066666666666666 0.48590982883696204 0.4796586453116115
-0.7933333333333333 0.4857549968109915 0.48581987741014676
-0.78 0.43544018256149747 0.4312933066916128
-0.7666666666666666 0.4222614930974185 0.4154645305515239
-0.7533333333333333 0.47385739781059893 0.466053907498041
-0.74 0.5265097790148362 0.5191262218846793
-0.7266666666666667 0.5031824425412151 0.5018815915608998
-0.7133333333333334 0.4524432927247961 0.4439603068355074
-0.7 0.4596044419873287 0.4509121412261242
-0.6866666666666666 0.5255464032358944 0.514293799767368
-0.6733333333333333 0.5623959018634729 0.55465381910794
-0.6599999999999999 0.5182254578514495 0.5135548485506101
-0.6466666666666666 0.4755888260792587 0.4636476738314172
-0.6333333333333333 0.5059053210295138 0.49425214615437807
-0.62 0.579214774176186 0.5643594870841812
-0.6066666666666667 0.5922552061360904 0.5839960798661987
-0.5933333333333333 0.5335123829989846 0.5232798929263127
-0.58 0.5069782048338117 0.4920480912565987
-0.5666666666666667 0.560772942296653 0.5446978805108016
-0.5533333333333333 0.6315458407934703 0.6136197372834508
-0.54 0.6162385739129619 0.6065444441411827
-0.5266666666666666 0.5520450550679699 0.5359015425342939
-0.5133333333333333 0.5482905144728343 0.5308011900872894
-0.49999999999999994 0.6226551064890122 0.6019080349770123
-0.48666666666666664 0.6792908323433683 0.6602774335316706
-0.47333333333333333 0.6360095047933627 0.6237930855335453
-0.45999999999999996 0.5768466409222172 0.5564165063227677
-0.4466666666666666 0.6005645620636632 0.5806193041991294
-0.4333333333333333 0.6887360215648651 0.6643369634793157
-0.42 0.7201124884561353 0.7022040121618702
-0.4066666666666666 0.6544351872130316 0.6384127453791446
-0.39333333333333326 0.6107104892104064 0.5879722083143704
-0.37999999999999995 0.6638912932649151 0.640692822339329
-0.36666666666666664 0.7551709421868383 0.7281038150238399
-0.35333333333333333 0.7532910653911019 0.7362029413788109
-0.33999999999999997 0.675090671750239 0.6534485653742198
-0.3266666666666666 0.656003968452573 0.63129880819931
-0.3133333333333333 0.7370619007019764 0.709296069453174
-0.3 0.8177514514854016 0.7894290165783764
-0.2866666666666666 0.7800227699677444 0.7619346082089029
-0.27333333333333326 0.7017710174591715 0.6746250247867767
-0.25999999999999995 0.7144402964197131 0.6871959026608079
-0.24666666666666665 0.8173169090524328 0.784503528473883
-0.23333333333333328 0.8728992516321238 0.8450053826379089
-0.21999999999999992 0.8032294466338534 0.7814076559769515
-0.2066666666666666 0.7381203193505238 0.706954003030027
-0.1933333333333333 0.7867490306387674 0.7556193348406626
-0.17999999999999994 0.9004134112217832 0.8630666444343327
-0.16666666666666657 0.918675848019551 0.8918229642905435
-0.15333333333333327 0.827020208066172 0.7988092813131997
-0.13999999999999996 0.7873670597336668 0.7533142058770685
-0.12666666666666665 0.8722497677145612 0.8355690795251676
-0.11333333333333329 0.9811956787713725 0.9408073836478622
-0.09999999999999992 0.955426072376418 0.9283473639537807
-0.08666666666666661 0.85605402785599 0.8204848508596561
-0.0733333333333333 0.8520730466738504 0.8149697087029989
-0.05999999999999994 0.9684499743494225 0.9250518597984736
-0.04666666666666658 1.0546709526359224 1.0133506389088467
-0.03333333333333327 0.9858248894624293 0.9554894120849533
-0.019999999999999962 0.8950016271335975 0.8530447296649124
-0.006666666666666654 0.9337900545895983 0.8919702405622426
0.00666666666666671 1.0709045305044522 1.0204137155778603
0.02000000000000013 1.1173164044435069 1.0763280083516276
0.03333333333333344 1.0143789335094784 0.9769448086390703
0.046666666666666745 0.9481630242121639 0.9013965771287048
0.06000000000000005 1.0325778579030611 0.9838199926886348
0.07333333333333336 1.173608300255004 1.1172267939976284
0.08666666666666678 1.1681505693098895 1.1271778201197764
0.10000000000000009 1.0466534553664761 0.9997909252908705
0.1133333333333334 1.0191647004114146 0.9681808194657329
0.1266666666666667 1.1464606091213603 1.0888930173581735
0.14 1.2700556717958942 1.2102964075043308
0.15333333333333343 1.2091602965038868 1.1656024070466324
0.16666666666666674 1.0885232284660187 1.0324319524683614
0.18000000000000005 1.1106009612218983 1.0540785430095239
0.19333333333333347 1.271053361436104 1.2036484878115516
0.20666666666666678 1.3547926723923618 1.294077324936074
0.22000000000000008 1.2449742775128136 1.1944236516566495
0.2333333333333334 1.1456075808636867 1.082145687275848
0.2466666666666667 1.2235156142301815 1.1588132619821807
0.2600000000000001 1.3996970845728023 1.3230218441154968
0.27333333333333343 1.4249662284723499 1.364182138839281
0.28666666666666674 1.2820138571613124 1.2204957671342678
0.30000000000000004 1.222865454024635 1.1534918142558177
0.31333333333333335 1.3567381505509952 1.2811130772034292
0.32666666666666677 1.52438102220459 1.4409164586236503
0.3400000000000001 1.4812825029968215 1.4186453830435717
0.3533333333333334 1.327508111994942 1.253595054413494
0.3666666666666668 1.3242034937204838 1.2481028633760207
0.3800000000000001 1.5062706954359295 1.4175497995912876
0.3933333333333334 1.637437079708439 1.5503428505901529
0.40666666666666673 1.5280351966687262 1.4588194629378783
0.42000000000000004 1.3886719311644231 1.303682878345431
0.43333333333333346 1.4519350936922373 1.366095004170218
0.44666666666666677 1.665099912928256 1.5626954521473782
0.4600000000000001 1.7335630114813156 1.645031783443642
0.4733333333333335 1.5723035465089397 1.4908610553119144
0.4866666666666668 1.4721235034930071 1.3781679662512092
0.5000000000000001 1.6060255341656768 1.5065950064633875
0.5133333333333334 1.8238506295544294 1.709556442793919
0.5266666666666667 1.811446349930398 1.7209407237094432
0.5400000000000001 1.6227481406271718 1.525404402500148
0.5533333333333335 1.5834163340282732 1.480598730362079
0.5666666666666668 1.7832529435255708 1.6667399490269896
0.5800000000000001 1.9724713813442964 1.849984345071136
0.5933333333333334 1.874370739773256 1.7777441165951977
0.6066666666666668 1.6884613079622577 1.5752824965981174
0.6200000000000001 1.7264752982558076 1.611964018221411
0.6333333333333334 1.976654441912191 1.84112120374174
0.6466666666666668 2.1026566335546026 1.9757684981972974
0.6600000000000001 1.9296620512353324 1.8202626299771543
0.6733333333333335 1.7781068401930846 1.6515932282211134
0.6866666666666668 1.902781550483078 1.7719013932806962
0.7000000000000001 2.175784019136112 2.0220439707099493
0.7133333333333335 2.2102217362480867 2.0804549382347535
0.7266666666666668 1.9873507409155875 1.8592131176266231
0.7400000000000001 1.8992999557788306 1.7609737120730347
0.7533333333333334 2.110339533835245 1.9582837639986266
0.7666666666666667 2.368200786353242 2.2001322489990147
0.7800000000000001 2.2965266873568067 2.161298838692094
0.7933333333333334 2.0586509795371217 1.9096615039727163
0.8066666666666668 2.0579950037099004 1.9058292965597075
0.8200000000000002 2.342743967945468 2.1658674769359365
0.8333333333333335 2.5421353734881333 2.364910546761843
0.8466666666666668 2.368451960218606 2.2207904961346365
0.8600000000000001 2.1547057155034843 1.9866581776000638
0.8733333333333334 2.2576332155701717 2.0861771152915862
0.8866666666666668 2.5889355333501096 2.386137104907778
0.9000000000000001 2.6896193186265975 2.50679670076319
0.9133333333333334 2.437111486154478 2.2684721234181495
0.9266666666666667 2.285699234475751 2.101052730239454
0.9400000000000001 2.4979610058994766 2.3005075813656006
0.9533333333333335 2.8342844744867346 2.6083802269163296
0.9666666666666668 2.8089431247985335 2.619979076115298
0.9800000000000001 2.5159785485817583 2.3209130737503942
0.9933333333333334 2.460133231305546 2.258116654447159
