-0.9933333333333334 0.4064820503519311 0.40885030511502485
-0.98 0.39745966855070874 0.40077828943974925
-0.9666666666666667 0.35600578422951235 0.35311346117038567
-0.9533333333333334 0.35282273498008415 0.3668486427703866
-0.94 0.40032650535307923 0.3990869385932686
-0.9266666666666667 0.4375028809200964 0.44376092196583594
-0.9133333333333333 0.4103218115712467 0.41118239683279795
-0.8999999999999999 0.371799827981095 0.37658833740133557
-0.8866666666666667 0.38625913512260796 0.39688995708303537
-0.8733333333333333 0.44294174673871833 0.4439301306379734
-0.86 0.4641005000380445 0.4728338056472797
-0.8466666666666667 0.4222167123489807 0.4200129103115021
-0.8333333333333333 0.3933700818724979 0.40820611382742006
-0.8200000000000001 0.4268498878590554 0.43204853156949863
-0.8066666666666666 0.48590982883696204 0.4911040921729613
-0.7933333333333333 0.4857549968109915 0.49485021379659905
-0.78 0.43544018256149747 0.4331901473322212
-0.7666666666666666 0.4222614930974185 0.44335700217380736
-0.7533333333333333 0.47385739781059893 0.4763443429020515
-0.74 0.5265097790148362 0.536815032315981
-0.7266666666666667 0.5031824425412151 0.5103642476986137
-0.7133333333333334 0.4524432927247961 0.4569470077352561
-0.7 0.4596044419873287 0.4797263007992936
-0.6866666666666666 0.5255464032358944 0.5296269003420839
-0.6733333333333333 0.5623959018634729 0.5770698307546692
-0.6599999999999999 0.5182254578514495 0.5216916701574073
-0.6466666666666666 0.4755888260792587 0.4924692981221637
-0.6333333333333333 0.5059053210295138 0.5199841086434398
-0.62 0.579214774176186 0.5880309265987483
-0.6066666666666667 0.5922552061360904 0.6089373287627672
-0.5933333333333333 0.5335123829989846 0.5344374504092192
-0.58 0.5069782048338117 0.5349398185052127
-0.5666666666666667 0.560772942296653 0.5691838918373188
-0.5533333333333333 0.6315458407934703 0.6455516803694831
-0.54 0.6162385739129619 0.6293301408665939
-0.5266666666666666 0.5520450550679699 0.5537494604360664
-0.5133333333333333 0.5482905144728343 0.574967036321729
-0.49999999999999994 0.6226551064890122 0.625508608855488
-0.48666666666666664 0.6792908323433683 0.6945986622547919
-0.47333333333333333 0.6360095047933627 0.6419757401640739
-0.45999999999999996 0.5768466409222172 0.5893317179154711
-0.4466666666666666 0.6005645620636632 0.621225480548553
-0.4333333333333333 0.6887360215648651 0.6955279436971779
-0.42 0.7201124884561353 0.7389475296913535
-0.4066666666666666 0.6544351872130316 0.6552690511883976
-0.39333333333333326 0.6107104892104064 0.6383429248086696
-0.37999999999999995 0.6638912932649151 0.6753221330501806
-0.36666666666666664 0.7551709421868383 0.7672941887017087
-0.35333333333333333 0.7532910653911019 0.7705571003927145
-0.33999999999999997 0.675090671750239 0.6741589228338019
-0.3266666666666666 0.656003968452573 0.6906805409942385
-0.3133333333333333 0.7370619007019764 0.7420406541825442
-0.3 0.8177514514854016 0.8352733127213094
-0.2866666666666666 0.7800227699677444 0.7920077249664355
-0.27333333333333326 0.7017710174591715 0.7103729026674818
-0.25999999999999995 0.7144402964197131 0.7462194124591143
-0.24666666666666665 0.8173169090524328 0.8248881961401121
-0.23333333333333328 0.8728992516321238 0.8969236262196026
-0.21999999999999992 0.8032294466338534 0.8092540626888208
-0.2066666666666666 0.7381203193505238 0.7660390327432902
-0.1933333333333333 0.7867490306387674 0.8089017192995593
-0.17999999999999994 0.9004134112217832 0.9153320572651382
-0.16666666666666657 0.918675848019551 0.9453082066295313
-0.15333333333333327 0.827020208066172 0.8290712146455945
-0.13999999999999996 0.7873670597336668 0.8318408958186735
-0.12666666666666665 0.8722497677145612 0.8859623391720979
-0.11333333333333329 0.9811956787713725 1.0052048796213162
-0.09999999999999992 0.955426072376418 0.9791453655242661
-0.08666666666666661 0.85605402785599 0.8637620960597915
-0.0733333333333333 0.8520730466738504 0.89945422552691
-0.05999999999999994 0.9684499743494225 0.9801695969058155
-0.04666666666666658 1.0546709526359224 1.0864174919025567
-0.03333333333333327 0.9858248894624293 1.0018649462622558
-0.019999999999999962 0.8950016271335975 0.9220585309730648
-0.006666666666666654 0.9337900545895983 0.9721232230692028
0.00666666666666671 1.0709045305044522 1.0896500107927234
0.02000000000000013 1.1173164044435069 1.1549570992967664
0.03333333333333344 1.0143789335094784 1.0229272991981841
0.046666666666666745 0.9481630242121639 0.9993807934862302
0.06000000000000005 1.0325778579030611 1.0579514551295932
0.07333333333333336 1.173608300255004 1.2021973881397217
0.08666666666666678 1.1681505693098895 1.2040270505779114
0.10000000000000009 1.0466534553664761 1.0539256062616555
0.1133333333333334 1.0191647004114146 1.0819049398944212
0.1266666666666667 1.1464606091213603 1.1643918689010728
0.14 1.2700556717958942 1.3091872488507537
0.15333333333333343 1.2091602965038868 1.237985957460835
0.16666666666666674 1.0885232284660187 1.1124833939018388
0.18000000000000005 1.1106009612218983 1.1689400070764016
0.19333333333333347 1.271053361436104 1.2938427657352454
0.20666666666666678 1.3547926723923618 1.4039439018462394
0.22000000000000008 1.2449742775128136 1.2643287042214784
0.2333333333333334 1.1456075808636867 1.2002185607603288
0.2466666666666667 1.2235156142301815 1.2676557111532312
0.2600000000000001 1.3996970845728023 1.4355276235263537
0.27333333333333343 1.4249662284723499 1.4788509744963805
0.28666666666666674 1.2820138571613124 1.2964536186467002
0.30000000000000004 1.222865454024635 1.3039555241667924
0.31333333333333335 1.3567381505509952 1.390037275902079
0.32666666666666677 1.52438102220459 1.5763048781894744
0.3400000000000001 1.4812825029968215 1.5314234954087667
0.3533333333333334 1.327508111994942 1.3528923993911928
0.3666666666666668 1.3242034937204838 1.4106244639011805
0.3800000000000001 1.5062706954359295 1.5398775794102901
0.3933333333333334 1.637437079708439 1.7040513776354345
0.40666666666666673 1.5280351966687262 1.5679020059886193
0.42000000000000004 1.3886719311644231 1.4468344674637508
0.43333333333333346 1.4519350936922373 1.5256893636224484
0.44666666666666677 1.665099912928256 1.7120927906710874
0.4600000000000001 1.7335630114813156 1.8104240106415719
0.4733333333333335 1.5723035465089397 1.6016445351244868
0.4866666666666668 1.4721235034930071 1.5693349469322637
0.5000000000000001 1.6060255341656768 1.662601767636131
0.5133333333333334 1.8238506295544294 1.890248880366368
0.5266666666666667 1.811446349930398 1.8887204304793048
0.5400000000000001 1.6227481406271718 1.6542029663358917
0.5533333333333335 1.5834163340282732 1.701236628165254
0.5666666666666668 1.7832529435255708 1.8327700029545504
0.5800000000000001 1.9724713813442964 2.057754780315063
0.5933333333333334 1.874370739773256 1.940045409175288
0.6066666666666668 1.6884613079622577 1.746147024987269
0.6200000000000001 1.7264752982558076 1.8343599943556024
0.6333333333333334 1.976654441912191 2.0319276551246137
0.6466666666666668 2.1026566335546026 2.2001850925015294
0.6600000000000001 1.9296620512353324 1.9776247556144189
0.6733333333333335 1.7781068401930846 1.882582355942584
0.6866666666666668 1.902781550483078 1.9887355685857986
0.7000000000000001 2.175784019136112 2.25347501042671
0.7133333333333335 2.2102217362480867 2.315375796515791
0.7266666666666668 1.9873507409155875 2.0288830757069176
0.7400000000000001 1.8992999557788306 2.0453957280872967
0.7533333333333334 2.110339533835245 2.182478018867262
0.7666666666666667 2.368200786353242 2.4741556634020068
0.7800000000000001 2.2965266873568067 2.3981811903191685
0.7933333333333334 2.0586509795371217 2.1219388008309057
0.8066666666666668 2.0579950037099004 2.2154069677341792
0.8200000000000002 2.342743967945468 2.4219477242357814
0.8333333333333335 2.5421353734881333 2.675580000740904
0.8466666666666668 2.368451960218606 2.456364510210435
0.8600000000000001 2.1547057155034843 2.272721116404614
0.8733333333333334 2.2576332155701717 2.3970372935561715
0.8866666666666668 2.5889355333501096 2.6928317230998076
0.9000000000000001 2.6896193186265975 2.8406071880747614
0.9133333333333334 2.437111486154478 2.5100544569771683
0.9266666666666667 2.285699234475751 2.4661520272201027
0.9400000000000001 2.4979610058994766 2.6140546182020907
0.9533333333333335 2.8342844744867346 2.972371490587025
0.9666666666666668 2.8089431247985335 2.9624477559787845
0.9800000000000001 2.5159785485817583 2.5962928571248614
0.9933333333333334 2.460133231305546 2.6751163388204278
