0.0625 2.1293109862153843 4.420000000000355 2.129310986217136 4.420000000000098 -1.1497184111213586e-69
0.1875 2.129310986215567 4.41999999999978 2.129310986217184 4.41999999999995 -4.956512554488603e-68
0.3125 2.1293109862156094 4.4199999999995505 2.129310986217188 4.419999999999912 -1.5606895560755955e-66
0.4375 2.129310986215701 4.419999999999199 2.129310986217206 4.419999999999836 -4.221871484767452e-65
0.5625 2.1293109862157715 4.419999999998898 2.1293109862172153 4.419999999999779 -1.0331249664820779e-63
0.6875 2.1293109862158457 4.419999999998588 2.129310986217226 4.4199999999997175 -2.340279915629186e-62
0.8125 2.1293109862159127 4.419999999998294 2.1293109862172357 4.419999999999657 -4.9677240512015786e-61
0.9375 2.129310986215977 4.419999999998009 2.1293109862172446 4.419999999999598 -9.952641974695324e-60
1.0625 2.129310986216038 4.4199999999977315 2.129310986217253 4.419999999999536 -1.8904090561110707e-58
1.1875 2.1293109862160953 4.419999999997462 2.129310986217261 4.419999999999472 -3.4139735638802406e-57
1.3125 2.1293109862161477 4.419999999997205 2.12931098621727 4.419999999999406 -5.872877688638674e-56
1.4375 2.129310986216197 4.419999999996958 2.1293109862172788 4.419999999999337 -9.634018146557815e-55
1.5625 2.1293109862162405 4.419999999996724 2.1293109862172894 4.419999999999267 -1.5078490196182649e-53
1.6875 2.1293109862162796 4.419999999996502 2.1293109862173005 4.4199999999991935 -2.2516961084400117e-52
1.8125 2.129310986216314 4.419999999996291 2.1293109862173116 4.419999999999114 -3.206647879385634e-51
1.9375 2.1293109862163444 4.419999999996089 2.1293109862173245 4.419999999999028 -4.350333912421186e-50
2.0625 2.129310986216371 4.4199999999958965 2.129310986217341 4.419999999998931 -5.612421917410396e-49
2.1875 2.1293109862163937 4.419999999995712 2.129310986217353 4.419999999998841 -6.866290082952759e-48
2.3125 2.129310986216413 4.419999999995541 2.1293109862173294 4.419999999998841 -7.931474614496866e-47
2.4375 2.129310986216428 4.419999999995376 2.1293109862172344 4.419999999999016 -8.590853396874958e-46
2.5625 2.1293109862164394 4.4199999999952215 2.12931098621715 4.419999999999162 -8.623273722320799e-45
2.6875 2.129310986216447 4.419999999995077 2.1293109862174906 4.419999999998247 -7.847597927876126e-44
2.8125 2.129310986216451 4.419999999994943 2.129310986218954 4.419999999994527 -6.16927538059152e-43
2.9375 2.129310986216453 4.419999999994811 2.1293109862213084 4.419999999988583 -3.6173956053941074e-42
3.0625 2.1293109862164545 4.419999999994685 2.129310986220429 4.419999999990703 -3.603800524878784e-42
3.1875 2.129310986216455 4.419999999994562 2.1293109862062254 4.420000000026066 3.3073113098458767e-40
3.3125 2.1293109862164554 4.419999999994443 2.1293109861706405 4.420000000114777 7.007674905386313e-39
3.4375 2.129310986216455 4.419999999994326 2.129310986137264 4.420000000197973 1.0342698109135129e-37
3.5625 2.1293109862164563 4.419999999994209 2.1293109862041604 4.420000000030978 1.2964282047082334e-36
3.6875 2.129310986216457 4.419999999994089 2.1293109865354722 4.419999999204247 1.4633673851942304e-35
3.8125 2.129310986216459 4.419999999993969 2.1293109871788314 4.419999997598934 1.5256449707696942e-34
3.9375 2.1293109862164616 4.419999999993849 2.1293109876410874 4.419999996445483 1.4886155797128192e-33
4.0625 2.1293109862164643 4.419999999993731 2.129310986462798 4.419999999385316 1.3698442674456298e-32
4.1875 2.1293109862164696 4.419999999993614 2.129310981532936 4.420000011685589 1.1944977329459876e-31
4.3125 2.129310986216474 4.419999999993501 2.1293109720857215 4.4200000352570115 9.90034257306422e-31
4.4375 2.1293109862164803 4.4199999999933866 2.1293109624492623 4.4200000593005875 7.814765201370724e-30
4.5625 2.1293109862164856 4.419999999993275 2.12931096546902 4.420000051765948 5.881650691709571e-29
4.6875 2.1293109862164927 4.419999999993159 2.129311001525946 4.419999961808499 4.223370350087268e-28
4.8125 2.1293109862165003 4.419999999993048 2.129311089991202 4.4199997411047125 2.893556671295461e-27
4.9375 2.1293109862165087 4.419999999992937 2.1293112352227674 4.419999378742615 1.890757597486316e-26
5.0625 2.1293109862165176 4.419999999992829 2.1293114159853737 4.419998927693923 1.177190424551076e-25
5.1875 2.1293109862165265 4.419999999992724 2.129311589277379 4.41999849533902 6.971695163562433e-25
5.3125 2.1293109862165354 4.419999999992617 2.1293117111808098 4.419998191209596 3.91712255151615e-24
5.4375 2.129310986216546 4.419999999992512 2.1293117618313806 4.419998064801273 2.0794935839713404e-23
5.5625 2.1293109862165576 4.419999999992406 2.129311755284096 4.419998081120426 1.0363087742791856e-22
5.6875 2.129310986216569 4.419999999992303 2.1293117263734347 4.419998153253237 4.795469821729646e-22
5.8125 2.1293109862165824 4.419999999992202 2.1293117055086728 4.419998205311469 2.0196850576742936e-21
5.9375 2.1293109862165958 4.419999999992106 2.1293117024482053 4.419998212948012 7.416412590413098e-21
6.0625 2.129310986216609 4.419999999992008 2.12931171019621 4.419998193616097 2.0997746765631944e-20
6.1875 2.1293109862166224 4.419999999991916 2.129311719910743 4.41999816937756 1.970926387775956e-20
6.3125 2.129310986216635 4.419999999991828 2.1293117292244688 4.419998146139065 -3.06488886306849e-19
6.4375 2.129310986216648 4.419999999991742 2.1293117369957093 4.419998126749192 -3.2470451229757577e-18
6.5625 2.129310986216663 4.419999999991655 2.129311733317071 4.419998135927704 -2.2526004271834337e-17
6.6875 2.1293109862166766 4.419999999991569 2.1293116977152833 4.419998224749753 -1.3095803341512223e-16
6.8125 2.129310986216691 4.419999999991489 2.129311609606094 4.419998444564447 -6.821465540280686e-16
6.9375 2.1293109862167023 4.419999999991413 2.129311464324629 4.419998807051377 -3.273862560930351e-15
7.0625 2.1293109862167032 4.419999999991337 2.129311283496196 4.419999258264377 -1.4685412509578057e-14
7.1875 2.129310986216659 4.419999999991264 2.129311110281061 4.419999690427013 -6.207521160722045e-14
7.3125 2.1293109862164386 4.419999999991195 2.1293109884451313 4.419999994387318 -2.4851468597291215e-13
7.4375 2.1293109862155766 4.419999999991127 2.129310937760671 4.420000120877673 -9.453492026144965e-13
7.5625 2.1293119862124685 4.419999999991064 2.1293109441619045 4.420000104915003 -3.424064082240977e-12
7.6875 2.129311986201902 4.419999999991003 2.1293109727104085 4.420000033659425 -1.182378394443425e-11
7.8125 2.1293119861677408 4.419999999990946 2.1293109929156335 4.419999983161468 -3.895171607363096e-11
7.9375 2.1293119860625773 4.419999999990892 2.129310995423223 4.419999976641927 -1.224382624174479e-10
8.0625 2.1293119857543705 4.419999999990838 2.129310988530672 4.41999999307032 -3.6709291014105447e-10
8.1875 2.1293119848954896 4.4199999999907895 2.1293109828381023 4.420000005130663 -1.04885094347367e-09
8.3125 2.12931198262468 4.419999999990745 2.1293109806225305 4.420000004992803 -2.8513434431676317e-09
8.4375 2.129311976948277 4.419999999990709 2.1293109767031315 4.420000000608922 -7.357063536790531e-09
8.5625 2.129311963606147 4.419999999990676 2.129310963873866 4.4199999993292645 -1.794754306433284e-08
8.6875 2.129311934382875 4.419999999990643 2.129310934012932 4.42000000092027 -4.114386207184302e-08
8.8125 2.1293118756775873 4.419999999990613 2.1293108747447147 4.420000002324821 -8.774186992060323e-08
8.9375 2.1293117709123965 4.4199999999905835 2.129310769800676 4.420000002771072 -1.7090045283630125e-07
9.0625 2.129311617601359 4.419999999990557 2.1293106162998896 4.420000003244531 -2.9259285286963165e-07
9.1875 2.1293114863495215 4.41999999999053 2.129310484717756 4.420000004068685 -3.9677550466495557e-07
9.3125 2.12931168226547 4.4199999999905035 2.1293106804038215 4.420000004642318 -2.4126500111955035e-07
9.4375 2.1293131292279464 4.419999999990479 2.1293121273247024 4.420000004746177 9.072782688430747e-07
9.5625 2.1293171934174873 4.419999999990453 2.1293171911001956 4.420000005779366 4.927042275346514e-06
9.6875 2.129331295106862 4.419999999990427 2.1293312905963413 4.420000011251918 1.6120474057228993e-05
9.8125 2.129365804527768 4.419999999990404 2.129365794949899 4.4200000238962485 4.351309689093828e-05
9.9375 2.1294428141776853 4.419999999990383 2.129442800264986 4.4200000347151915 0.00010464246498845123
10.0625 2.1296023030820077 4.41999999999036 2.129602300280009 4.420000006989883 0.00023124836428342147
10.1875 2.129911778861347 4.419999999990333 2.129911826178909 4.4199998818800506 0.0004769382424958915
10.3125 2.1304775089425174 4.41999999999031 2.1304776465245925 4.419999656503306 0.0009261376581602602
10.4375 2.131454833065325 4.4199999999902895 2.131455010431549 4.419999556643818 0.0017023680759536896
10.5625 2.1330529416480637 4.419999999990269 2.1330528632597243 4.420000190928468 0.0029722455289856228
10.6875 2.1355274960282293 4.419999999990249 2.1355264413798256 4.420002552776749 0.004940010699781705
10.8125 2.139153651010469 4.419999999990233 2.139150249203082 4.420008397058796 0.0078267031465639
10.9375 2.144173832867414 4.419999999990225 2.1441655222338394 4.420020836417198 0.011829333546431228
11.0625 2.1507201853672964 4.419999999990219 2.1507019814136443 4.42004607966323 0.017059485212843672
11.1875 2.158720907330747 4.419999999990215 2.1586834304215348 4.420095576705489 0.023467831089443454
11.3125 2.1678107391438486 4.419999999990207 2.167737560696118 4.420187980599942 0.03076987894119322
11.4375 2.1772745373152698 4.419999999990201 2.1771390876920655 4.4203504660919375 0.03839608071209057
11.5625 2.1860543961606806 4.419999999990195 2.1858232844661387 4.420601272840394 0.04549242572358476
11.6875 2.1928418886754315 4.419999999990188 2.1925205194159867 4.420846144173889 0.05099223738725463
11.8125 2.196257998892719 4.419999999990182 2.195874007629871 4.42100058385669 0.053764721194172214
11.9375 2.1950984741852166 4.419999999990176 2.194677027755641 4.421106930609919 0.05282320629055684
12.0625 2.1885986714022483 4.419999999990171 2.1881544907398784 4.421167958778328 0.047552344591757154
12.1875 2.1766571792588536 4.419999999990168 2.1761970934567194 4.421191600651137 0.03789755473400547
12.3125 2.1599574847286025 4.419999999990169 2.159486677331573 4.421204358493486 0.024459631507370596
12.4375 2.139943702468735 4.41999999999018 2.1394650142883602 4.421213703545251 0.008456005565417002
12.5625 2.118636981627131 4.419999999990191 2.1181512388314916 4.421217425992722 -0.008456005565417002
12.6875 2.0983168993999426 4.419999999990201 2.097824848876658 4.421215545104491 -0.024459631507370596
12.8125 2.0811287906079294 4.419999999990214 2.0806311585259167 4.421212082921887 -0.03789755473400547
12.9375 2.068704997769488 4.419999999990225 2.06820291663451 4.421210401967607 -0.047552344591757154
13.0625 2.061895094380333 4.419999999990237 2.0613904129200638 4.421210653695423 -0.05282320629055684
13.1875 2.0606765629700354 4.41999999999025 2.0601714008227643 4.421211456070481 -0.053764721194172214
13.3125 2.0642628571549038 4.4199999999902655 2.0637590503080663 4.421211349319567 -0.05099223738725463
13.4375 2.0713610165739613 4.419999999990282 2.0708597553428505 4.42121040600758 -0.04549242572358476
13.5625 2.0804888056838866 4.419999999990296 2.0799907156621673 4.421209349520053 -0.03839608071209057
13.6875 2.090260352266757 4.419999999990306 2.0897656697070306 4.421208986950799 -0.03076987894119322
13.8125 2.0995809154391374 4.419999999990315 2.0990895002242693 4.421209168473234 -0.023467831089443454
13.9375 2.107732779568855 4.419999999990325 2.107244170021202 4.421209345263263 -0.017059485212843672
14.0625 1.9841882144821852 4.419999999990336 1.9840605322562335 4.421209049673838 -0.11182933354643124
14.1875 1.989552600552781 4.419999999990347 1.9898804341795682 4.421208279347529 -0.10782670314656391
14.3125 1.9934122864703945 4.419999999990355 1.993593630716829 4.4212073846920275 -0.1049400106997817
14.4375 1.9960389979869941 4.419999999990365 1.996220371332412 4.421206800264436 -0.10297224552898562
14.5625 1.9977322816377021 4.419999999990376 1.9979137627949897 4.421206464727771 -0.10170236807595369
14.6875 1.9987666126188957 4.41999999999039 1.998948130729545 4.421206084863407 -0.10092613765816026
14.8125 1.999364929698041 4.419999999990404 1.9995464072578097 4.4212054568928 -0.1004769382424959
14.9375 1.9996921044609062 4.419999999990419 1.9998734883058322 4.4212046343659095 -0.10023124836428343
15.0625 1.9998606795499208 4.419999999990436 2.000041963259621 4.421203866672262 -0.10010464246498846
15.1875 1.9999420680125986 4.419999999990457 2.0001232707027468 4.421203279483153 -0.10004351309689094
15.3125 1.9999785378846684 4.4199999999904875 2.0001596647041175 4.421202748188842 -0.10001612047405724
15.4375 1.9999934403680268 4.419999999990531 2.000174466585418 4.421202068461403 -0.10000492704227536
15.5625 1.9999987920953095 4.4199999999905835 2.000179678462083 4.421201139443162 -0.10000090727826885
15.6875 2.0000003212103263 4.419999999990648 2.000181046136862 4.421200062068663 -0.09999975873499889
15.8125 2.0000005282493483 4.419999999990726 2.000181105830152 4.421199081632006 -0.09999960322449535
15.9375 2.0000003895455043 4.419999999990815 2.0001808523637408 4.421198321513385 -0.09999970740714714
16.0625 2.0000002275300233 4.419999999990917 2.000180598599319 4.421197711639794 -0.09999982909954717
16.1875 2.0000001168166093 4.419999999991029 2.0001804009032793 4.42119713274886 -0.09999991225813008
16.3125 2.00000005477819 4.419999999991151 2.000180249300054 4.421196536511152 -0.09999995885613794
16.4375 2.000000023895657 4.419999999991282 2.000180133170939 4.4211959690605305 -0.09999998205245694
16.5625 2.000000009795932 4.419999999991427 2.0001800473356326 4.421195492281862 -0.09999999264293646
16.6875 2.0000000037971635 4.419999999991576 2.0001799818851436 4.421195096784739 -0.09999999714865657
16.8125 2.000000001397341 4.419999999991727 2.000179921802278 4.421194712842945 -0.09999999895114907
16.9375 2.000000000489612 4.419999999991875 2.000179858175504 4.421194295351956 -0.0999999996329071
17.0625 2.0000000001638236 4.419999999992024 2.00017979819744 4.421193897466147 -0.09999999987756174
17.1875 2.0000000000526064 4.419999999992171 2.0001797610445915 4.4211936522713104 -0.09999999996104829
17.3125 2.0000000000164224 4.419999999992317 2.0001797624345174 4.421193662656331 -0.09999999998817623
17.4375 2.000000000005174 4.419999999992463 2.000179802480223 4.421193926846252 -0.09999999999657594
17.5625 2.000000000001811 4.419999999992601 2.000179863683046 4.421194333024577 -0.09999999999905465
17.6875 2.000000000000825 4.419999999992728 2.000179920024267 4.421194707114749 -0.0999999999997515
17.8125 2.0000000000005222 4.419999999992845 2.000179953247427 4.421194926533102 -0.09999999999993793
17.9375 2.000000000000411 4.419999999992948 2.0001799620841783 4.421194984687416 -0.09999999999998532
18.0625 2.0000000000003535 4.419999999993038 2.00017995851821 4.42119496075199 -0.09999999999999673
18.1875 2.0000000000003135 4.4199999999931165 2.0001799582833404 4.421194959107121 -0.09999999999999933
18.3125 2.0000000000002824 4.419999999993184 2.0001799733096983 4.421195059155037 -0.09999999999999988
18.4375 2.000000000000256 4.419999999993241 2.000180009929527 4.42119530294447 -0.09999999999999998
18.5625 2.000000000000235 4.419999999993285 2.000180071697559 4.421195713859657 -0.1
18.6875 2.000000000000217 4.419999999993321 2.000180161822334 4.421196311875368 -0.1
18.8125 2.0000000000002034 4.419999999993343 2.0001802800183315 4.421197094741313 -0.1
18.9375 2.0000000000001927 4.419999999993361 2.0001804099947083 4.421197965372522 -0.1
19.0625 2.000000000000183 4.419999999993378 2.0001805131396635 4.421198649473579 -0.1
19.1875 2.000000000000175 4.419999999993394 2.000180546876189 4.4211988277364025 -0.1
19.3125 2.000000000000167 4.419999999993408 2.000180478506237 4.421198305326841 -0.1
19.4375 2.0000000000001608 4.4199999999934185 2.0001802646953335 4.421196814649841 -0.1
19.5625 2.0000000000001545 4.419999999993429 2.0001798081037725 4.421193743028 -0.1
19.6875 2.000000000000147 4.419999999993439 2.0001789419099123 4.421188021341466 -0.1
19.8125 2.0000000000001403 4.41999999999345 2.0001774081803676 4.4211778975582 -0.1
19.9375 2.0000000000001332 4.419999999993459 2.000174805454125 4.421160661154235 -0.1
20.0625 2.0000000000001266 4.419999999993467 2.000170545754315 4.421132404660318 -0.1
20.1875 2.000000000000119 4.419999999993479 2.000163738862711 4.421087221994945 -0.1
20.3125 2.00000000000011 4.4199999999934985 2.000153234041897 4.421017476706378 -0.1
20.4375 2.0000000000001013 4.41999999999352 2.00013758972034 4.4209136003819 -0.1
20.5625 2.0000000000000915 4.4199999999935375 2.0001153646830314 4.420766025610795 -0.1
20.6875 2.000000000000082 4.4199999999935535 2.0000867873323576 4.42057626406781 -0.1
20.8125 2.000000000000073 4.419999999993573 2.0000574729809086 4.4203815831468845 -0.1
20.9375 2.0000000000000635 4.419999999993594 2.0000356943635063 4.42023694242641 -0.1
21.0625 2.000000000000054 4.419999999993615 2.000021434940653 4.420142215206708 -0.1
21.1875 2.0000000000000444 4.419999999993634 2.0000124802589396 4.420082682866338 -0.1
21.3125 2.0000000000000355 4.419999999993655 2.000007055210877 4.420046554166584 -0.1
21.4375 2.0000000000000284 4.419999999993673 2.0000038703145426 4.420025285032728 -0.1
21.5625 2.0000000000000213 4.419999999993689 2.000002045212425 4.42001311329572 -0.1
21.6875 2.0000000000000138 4.419999999993707 2.000001016304964 4.4200063867425525 -0.1
21.8125 2.000000000000007 4.419999999993726 2.00000045489234 4.4200028401222475 -0.1
21.9375 2.0 4.419999999993743 2.0000001665589964 4.420001054638425 -0.1
22.0625 1.9999999999999956 4.4199999999937525 2.000000031096488 4.420000198398819 -0.1
22.1875 1.999999999999993 4.41999999999376 1.9999999789796026 4.419999860046914 -0.1
22.3125 1.9999999999999905 4.419999999993767 1.9999999710881777 4.419999808065182 -0.1
22.4375 1.9999999999999871 4.419999999993772 1.9999999812558644 4.419999875536458 -0.1
22.5625 1.9999999999999842 4.419999999993777 1.999999993202102 4.4199999548652125 -0.1
22.6875 1.9999999999999811 4.419999999993784 2.0000000002818465 4.420000001866899 -0.1
22.8125 1.9999999999999798 4.419999999993785 2.0000000024110394 4.420000016002824 -0.1
22.9375 1.99999999999998 4.4199999999937845 2.0000000018962223 4.420000012584531 -0.1
23.0625 1.999999999999981 4.419999999993782 2.0000000007875847 4.420000005223269 -0.1
23.1875 1.9999999999999818 4.419999999993781 2.0000000000498956 4.420000000325081 -0.1
23.3125 1.9999999999999836 4.419999999993777 1.999999999805015 4.4199999986990886 -0.1
23.4375 1.9999999999999845 4.419999999993777 1.9999999998371263 4.419999998912299 -0.1
23.5625 1.9999999999999847 4.419999999993777 1.999999999934292 4.419999999557463 -0.1
23.6875 1.999999999999985 4.419999999993778 1.9999999999977476 4.419999999978796 -0.1
23.8125 1.9999999999999851 4.419999999993778 2.000000000016589 4.420000000103897 -0.1
23.9375 1.9999999999999862 4.41999999999378 2.000000000012329 4.420000000075612 -0.1
24.0625 1.9999999999999882 4.419999999993779 2.0000000000040985 4.420000000020961 -0.1
24.1875 1.99999999999999 4.419999999993778 1.9999999999995346 4.419999999990656 -0.1
24.3125 1.9999999999999916 4.419999999993777 1.9999999999986233 4.419999999984605 -0.1
24.4375 1.999999999999993 4.41999999999378 1.9999999999992166 4.419999999988545 -0.1
24.5625 1.9999999999999942 4.419999999993782 1.9999999999998446 4.419999999992712 -0.1
24.6875 1.9999999999999953 4.419999999993783 2.0000000000000986 4.419999999994404 -0.1
24.8125 1.999999999999997 4.419999999993784 2.000000000000102 4.4199999999944275 -0.1
24.9375 1.9999999999999987 4.419999999993785 2.0000000000000364 4.419999999993984 -0.1

