0.0625 2.1293109862153843 4.420000000000355 2.129310986217136 4.420000000000098 -1.1497184111213586e-69
0.1875 2.129310986215567 4.41999999999978 2.129310986217184 4.41999999999995 -4.956512554488603e-68
0.3125 2.1293109862156094 4.4199999999995505 2.129310986217188 4.419999999999912 -1.5606895560755955e-66
0.4375 2.129310986215701 4.419999999999199 2.129310986217206 4.419999999999836 -4.221871484767452e-65
0.5625 2.1293109862157715 4.419999999998898 2.1293109862172153 4.419999999999779 -1.0331249664820779e-63
0.6875 2.1293109862158457 4.419999999998588 2.129310986217226 4.4199999999997175 -2.340279915629186e-62
0.8125 2.1293109862159127 4.419999999998294 2.1293109862172357 4.419999999999657 -4.9677240512015786e-61
0.9375 2.129310986215977 4.419999999998009 2.1293109862172446 4.419999999999598 -9.952641974695324e-60
1.0625 2.129310986216038 4.4199999999977315 2.129310986217253 4.419999999999536 -1.8904090561110707e-58
1.1875 2.1293109862160953 4.419999999997462 2.129310986217261 4.419999999999472 -3.4139735638802406e-57
1.3125 2.1293109862161477 4.419999999997205 2.12931098621727 4.419999999999406 -5.872877688638674e-56
1.4375 2.129310986216197 4.419999999996958 2.1293109862172788 4.419999999999337 -9.634018146557815e-55
1.5625 2.1293109862162405 4.419999999996724 2.1293109862172894 4.419999999999267 -1.5078490196182649e-53
1.6875 2.1293109862162796 4.419999999996502 2.1293109862173005 4.4199999999991935 -2.2516961084400117e-52
1.8125 2.129310986216314 4.419999999996291 2.1293109862173116 4.419999999999114 -3.206647879385634e-51
1.9375 2.1293109862163444 4.419999999996089 2.1293109862173245 4.419999999999028 -4.350333912421186e-50
2.0625 2.129310986216371 4.4199999999958965 2.129310986217341 4.419999999998931 -5.612421917410396e-49
2.1875 2.1293109862163937 4.419999999995712 2.129310986217353 4.419999999998841 -6.866290082952759e-48
2.3125 2.129310986216413 4.419999999995541 2.1293109862173294 4.419999999998841 -7.931474614496866e-47
2.4375 2.129310986216428 4.419999999995376 2.1293109862172344 4.419999999999016 -8.590853396874958e-46
2.5625 2.1293109862164394 4.4199999999952215 2.12931098621715 4.4199999999991615 -8.623273722320799e-45
2.6875 2.129310986216447 4.419999999995077 2.129310986217491 4.419999999998245 -7.847597927876126e-44
2.8125 2.129310986216451 4.419999999994943 2.1293109862189548 4.419999999994527 -6.16927538059152e-43
2.9375 2.129310986216453 4.419999999994811 2.1293109862213084 4.419999999988582 -3.6173956053941074e-42
3.0625 2.1293109862164545 4.419999999994685 2.1293109862204282 4.419999999990706 -3.603800524878784e-42
3.1875 2.129310986216455 4.419999999994562 2.129310986206225 4.420000000026067 3.3073113098458767e-40
3.3125 2.1293109862164554 4.419999999994443 2.12931098617064 4.420000000114776 7.007674905386313e-39
3.4375 2.129310986216455 4.419999999994326 2.129310986137263 4.420000000197975 1.0342698109135129e-37
3.5625 2.1293109862164563 4.419999999994209 2.1293109862041604 4.42000000003098 1.2964282047082334e-36
3.6875 2.129310986216457 4.419999999994089 2.1293109865354714 4.41999999920425 1.4633673851942304e-35
3.8125 2.129310986216459 4.419999999993969 2.129310987178831 4.419999997598933 1.5256449707696942e-34
3.9375 2.1293109862164616 4.419999999993849 2.1293109876410865 4.419999996445483 1.4886155797128192e-33
4.0625 2.1293109862164643 4.419999999993731 2.129310986462797 4.419999999385316 1.3698442674456298e-32
4.1875 2.1293109862164696 4.419999999993614 2.129310981532936 4.420000011685591 1.1944977329459876e-31
4.3125 2.129310986216474 4.419999999993501 2.1293109720857206 4.420000035257017 9.90034257306422e-31
4.4375 2.1293109862164803 4.4199999999933866 2.1293109624492605 4.420000059300595 7.814765201370724e-30
4.5625 2.1293109862164856 4.419999999993275 2.129310965469019 4.42000005176595 5.881650691709571e-29
4.6875 2.1293109862164927 4.419999999993159 2.129311001525947 4.419999961808497 4.223370350087268e-28
4.8125 2.1293109862165003 4.419999999993048 2.129311089991204 4.419999741104708 2.893556671295461e-27
4.9375 2.1293109862165087 4.419999999992937 2.1293112352227688 4.419999378742611 1.890757597486316e-26
5.0625 2.1293109862165176 4.419999999992829 2.129311415985375 4.4199989276939196 1.177190424551076e-25
5.1875 2.1293109862165265 4.419999999992724 2.1293115892773784 4.419998495339019 6.971695163562433e-25
5.3125 2.1293109862165354 4.419999999992617 2.1293117111808093 4.419998191209596 3.91712255151615e-24
5.4375 2.129310986216546 4.419999999992512 2.1293117618313815 4.41999806480127 2.0794935839713404e-23
5.5625 2.1293109862165576 4.419999999992406 2.1293117552840974 4.419998081120421 1.0363087742791856e-22
5.6875 2.129310986216569 4.419999999992303 2.1293117263734356 4.419998153253236 4.795469821729646e-22
5.8125 2.1293109862165824 4.419999999992202 2.129311705508673 4.419998205311471 2.0196850576742936e-21
5.9375 2.1293109862165958 4.419999999992106 2.129311702448205 4.419998212948013 7.416412590413098e-21
6.0625 2.129310986216609 4.419999999992008 2.12931171019621 4.419998193616097 2.0997746765631944e-20
6.1875 2.1293109862166224 4.419999999991916 2.129311719910743 4.419998169377559 1.970926387775956e-20
6.3125 2.129310986216635 4.419999999991828 2.1293117292244697 4.419998146139062 -3.06488886306849e-19
6.4375 2.129310986216648 4.419999999991742 2.1293117369957093 4.419998126749193 -3.2470451229757577e-18
6.5625 2.129310986216663 4.419999999991655 2.12931173331707 4.419998135927707 -2.2526004271834337e-17
6.6875 2.1293109862166766 4.419999999991569 2.1293116977152824 4.419998224749754 -1.3095803341512223e-16
6.8125 2.129310986216691 4.419999999991489 2.1293116096060936 4.419998444564445 -6.821465540280686e-16
6.9375 2.1293109862167023 4.419999999991413 2.129311464324629 4.419998807051374 -3.273862560930351e-15
7.0625 2.1293109862167032 4.419999999991337 2.129311283496195 4.419999258264376 -1.4685412509578057e-14
7.1875 2.129310986216659 4.419999999991264 2.1293111102810602 4.419999690427013 -6.207521160722045e-14
7.3125 2.1293109862164386 4.419999999991195 2.1293109884451313 4.419999994387318 -2.4851468597291215e-13
7.4375 2.1293109862155766 4.419999999991127 2.1293109377606703 4.420000120877677 -9.453492026144965e-13
7.5625 2.1293119862124685 4.419999999991064 2.129310944161903 4.420000104915008 -3.424064082240977e-12
7.6875 2.129311986201902 4.419999999991003 2.1293109727104067 4.420000033659431 -1.182378394443425e-11
7.8125 2.1293119861677408 4.419999999990946 2.1293109929156295 4.4199999831614765 -3.895171607363096e-11
7.9375 2.1293119860625773 4.419999999990892 2.1293109954232214 4.419999976641933 -1.224382624174479e-10
8.0625 2.1293119857543705 4.419999999990838 2.1293109885306873 4.419999993070283 -3.6709291014105447e-10
8.1875 2.1293119848954896 4.4199999999907895 2.1293109828381622 4.420000005130511 -1.04885094347367e-09
8.3125 2.12931198262468 4.419999999990745 2.129310980622595 4.420000004992639 -2.8513434431676317e-09
8.4375 2.129311976948277 4.419999999990709 2.1293109767029113 4.420000000609469 -7.357063536790531e-09
8.5625 2.129311963606147 4.419999999990676 2.12931096387282 4.419999999331872 -1.794754306433284e-08
8.6875 2.129311934382875 4.419999999990643 2.1293109340113894 4.420000000924117 -4.114386207184302e-08
8.8125 2.1293118756775873 4.419999999990613 2.1293108747469507 4.420000002319242 -8.774186992060323e-08
8.9375 2.1293117709123965 4.4199999999905835 2.129310769816523 4.420000002731529 -1.7090045283630125e-07
9.0625 2.129311617601359 4.419999999990557 2.129310616331342 4.420000003166051 -2.9259285286963165e-07
9.1875 2.1293114863495215 4.41999999999053 2.1293104847140003 4.420000004078055 -3.9677550466495557e-07
9.3125 2.12931168226547 4.4199999999905035 2.1293106802138357 4.420000005116345 -2.4126500111955035e-07
9.4375 2.1293131292279464 4.419999999990479 2.1293121268082755 4.420000006034698 9.072782688430747e-07
9.5625 2.1293171934174873 4.419999999990453 2.1293171906652795 4.4200000068645195 4.927042275346514e-06
9.6875 2.129331295106862 4.419999999990427 2.129331292072329 4.420000007569151 1.6120474057228993e-05
9.8125 2.129365804527768 4.419999999990404 2.129365801323499 4.420000007993037 4.351309689093828e-05
9.9375 2.1294428141776853 4.419999999990383 2.1294428109693153 4.420000008003882 0.00010464246498845123
10.0625 2.1296023030820077 4.41999999999036 2.1296023000717703 4.4200000075103825 0.00023124836428342147
10.1875 2.129911778861347 4.419999999990333 2.129911776284076 4.4200000064312395 0.0004769382424958915
10.3125 2.1304775089425174 4.41999999999031 2.1304775070511686 4.420000004721082 0.0009261376581602602
10.4375 2.131454833065325 4.4199999999902895 2.131454832104743 4.420000002398733 0.0017023680759536896
10.5625 2.1330529416480637 4.419999999990269 2.1330529418275264 4.41999999954872 0.0029722455289856228
10.6875 2.1355274960282293 4.419999999990249 2.135527497494268 4.419999996320439 0.004940010699781705
10.8125 2.139153651010469 4.419999999990233 2.13915365382261 4.419999992923846 0.0078267031465639
10.9375 2.144173832867414 4.419999999990225 2.1441738369830974 4.419999989610398 0.011829333546431228
11.0625 2.1507201853672964 4.419999999990219 2.1507201906391993 4.419999986640908 0.017059485212843672
11.1875 2.158720907330747 4.419999999990215 2.1587209135170364 4.419999984246035 0.023467831089443454
11.3125 2.1678107391438486 4.419999999990207 2.167810745930962 4.41999998259467 0.03076987894119322
11.4375 2.1772745373152698 4.419999999990201 2.1772745443514863 4.419999981791918 0.03839608071209057
11.5625 2.1860543961606806 4.419999999990195 2.1860544030959397 4.419999981904953 0.04549242572358476
11.6875 2.1928418886754315 4.419999999990188 2.1928418951969397 4.419999982973017 0.05099223738725463
11.8125 2.196257998892719 4.419999999990182 2.1962580047407485 4.419999984946582 0.053764721194172214
11.9375 2.1950984741852166 4.419999999990176 2.1950984791401287 4.419999987569806 0.05282320629055684
12.0625 2.1885986714022483 4.419999999990171 2.1885986752581377 4.419999990345737 0.047552344591757154
12.1875 2.1766571792588536 4.419999999990168 2.1766571818268368 4.419999992770519 0.03789755473400547
12.3125 2.1599574847286025 4.419999999990169 2.159957485908336 4.419999994844844 0.024459631507370596
12.4375 2.139943702468735 4.41999999999018 2.139943702365865 4.419999997496459 0.008456005565417002
12.5625 2.118636981627131 4.419999999990191 2.1186369806101935 4.420000002273199 -0.008456005565417002
12.6875 2.0983168993999426 4.419999999990201 2.0983168979806543 4.420000009887798 -0.024459631507370596
12.8125 2.0811287906079294 4.419999999990214 2.081128789165967 4.420000018058541 -0.03789755473400547
12.9375 2.068704997769488 4.419999999990225 2.0687049963276833 4.420000020249904 -0.047552344591757154
13.0625 2.061895094380333 4.419999999990237 2.061895092613434 4.420000007524326 -0.05282320629055684
13.1875 2.0606765629700354 4.41999999999025 2.0606765603689086 4.419999974592776 -0.053764721194172214
13.3125 2.0642628571549038 4.4199999999902655 2.0642628532759844 4.419999927731885 -0.05099223738725463
13.4375 2.0713610165739613 4.419999999990282 2.071361011869656 4.419999888627139 -0.04549242572358476
13.5625 2.0804888056838866 4.419999999990296 2.080488803399018 4.419999889103442 -0.03839608071209057
13.6875 2.090260352266757 4.419999999990306 2.0902603603336094 4.419999960105137 -0.03076987894119322
13.8125 2.0995809154391374 4.419999999990315 2.0995809454928644 4.420000120390727 -0.023467831089443454
13.9375 2.107732779568855 4.419999999990325 2.107732843662514 4.420000374534094 -0.017059485212843672
14.0625 1.9841882144821852 4.419999999990336 1.9841883158495583 4.420000692456082 -0.11182933354643124
14.1875 1.989552600552781 4.419999999990347 1.9895527533903004 4.42000102080199 -0.10782670314656391
14.3125 1.9934122864703945 4.419999999990355 1.993412485769638 4.420001328883357 -0.1049400106997817
14.4375 1.9960389979869941 4.419999999990365 1.9960392345228186 4.420001573864854 -0.10297224552898562
14.5625 1.9977322816377021 4.419999999990376 1.9977325429236679 4.420001736679567 -0.10170236807595369
14.6875 1.9987666126188957 4.41999999999039 1.9987668864798054 4.420001819419433 -0.10092613765816026
14.8125 1.999364929698041 4.419999999990404 1.999365206966849 4.420001841500377 -0.1004769382424959
14.9375 1.9996921044609062 4.419999999990419 1.9996923803472382 4.420001832084452 -0.10023124836428343
15.0625 1.9998606795499208 4.419999999990436 1.9998609536484417 4.420001820074871 -0.10010464246498846
15.1875 1.9999420680125986 4.419999999990457 1.9999423427770722 4.420001824435976 -0.10004351309689094
15.3125 1.9999785378846684 4.4199999999904875 1.9999788160526868 4.420001847006161 -0.10001612047405724
15.4375 1.9999934403680268 4.419999999990531 1.9999937221108839 4.420001870726134 -0.10000492704227536
15.5625 1.9999987920953095 4.4199999999905835 1.9999990729471993 4.420001864753541 -0.10000090727826885
15.6875 2.0000003212103263 4.419999999990648 2.0000005916816503 4.420001795718643 -0.09999975873499889
15.8125 2.0000005282493483 4.419999999990726 2.0000007754258315 4.420001641008508 -0.09999960322449535
15.9375 2.0000003895455043 4.419999999990815 2.0000006002227564 4.4200013987716735 -0.09999970740714714
16.0625 2.0000002275300233 4.419999999990917 2.0000003918945106 4.420001091351567 -0.09999982909954717
16.1875 2.0000001168166093 4.419999999991029 2.000000231360052 4.420000760469203 -0.09999991225813008
16.3125 2.00000005477819 4.419999999991151 2.000000123195849 4.4200004541009115 -0.09999995885613794
16.4375 2.000000023895657 4.419999999991282 2.000000055589383 4.4200002102877765 -0.09999998205245694
16.5625 2.000000009795932 4.419999999991427 2.000000016847652 4.42000004675835 -0.09999999264293646
16.6875 2.0000000037971635 4.419999999991576 1.9999999978219565 4.419999960313649 -0.09999999714865657
16.8125 2.000000001397341 4.419999999991727 1.9999999913219115 4.41999993309922 -0.09999999895114907
16.9375 2.000000000489612 4.419999999991875 1.9999999916603743 4.419999941372995 -0.0999999996329071
17.0625 2.0000000001638236 4.419999999992024 1.9999999946644569 4.419999963482544 -0.09999999987756174
17.1875 2.0000000000526064 4.419999999992171 1.9999999977598315 4.41999998477368 -0.09999999996104829
17.3125 2.0000000000164224 4.419999999992317 1.9999999998090954 4.4199999986203835 -0.09999999998817623
17.4375 2.000000000005174 4.419999999992463 2.00000000068529 4.420000004512505 -0.09999999999657594
17.5625 2.000000000001811 4.419999999992601 2.000000000758904 4.4200000050232635 -0.09999999999905465
17.6875 2.000000000000825 4.419999999992728 2.000000000486239 4.420000003219013 -0.0999999999997515
17.8125 2.0000000000005222 4.419999999992845 2.0000000001882396 4.42000000124203 -0.09999999999993793
17.9375 2.000000000000411 4.419999999992948 2.0000000000029003 4.420000000011877 -0.09999999999998532
18.0625 2.0000000000003535 4.419999999993038 1.999999999937194 4.4199999995757535 -0.09999999999999673
18.1875 2.0000000000003135 4.4199999999931165 1.9999999999428648 4.419999999613488 -0.09999999999999933
18.3125 2.0000000000002824 4.419999999993184 1.9999999999709397 4.4199999997999715 -0.09999999999999988
18.4375 2.000000000000256 4.419999999993241 1.9999999999937887 4.419999999951764 -0.09999999999999998
18.5625 2.000000000000235 4.419999999993285 2.000000000004145 4.420000000020616 -0.1
18.6875 2.000000000000217 4.419999999993321 2.000000000005419 4.420000000029158 -0.1
18.8125 2.0000000000002034 4.419999999993343 2.000000000003138 4.420000000014092 -0.1
18.9375 2.0000000000001927 4.419999999993361 2.000000000000869 4.419999999999103 -0.1
19.0625 2.000000000000183 4.419999999993378 1.9999999999997558 4.419999999991788 -0.1
19.1875 2.000000000000175 4.419999999993394 1.999999999999568 4.4199999999906225 -0.1
19.3125 2.000000000000167 4.419999999993408 1.999999999999753 4.41999999999193 -0.1
19.4375 2.0000000000001608 4.4199999999934185 1.9999999999999456 4.419999999993285 -0.1
19.5625 2.0000000000001545 4.419999999993429 2.0000000000000333 4.419999999993933 -0.1
19.6875 2.000000000000147 4.419999999993439 2.000000000000041 4.419999999994036 -0.1
19.8125 2.0000000000001403 4.41999999999345 2.0000000000000204 4.419999999993941 -0.1
19.9375 2.0000000000001332 4.419999999993459 2.0000000000000018 4.419999999993852 -0.1
20.0625 2.0000000000001266 4.419999999993467 1.999999999999993 4.419999999993825 -0.1
20.1875 2.000000000000119 4.419999999993479 1.9999999999999898 4.419999999993835 -0.1
20.3125 2.00000000000011 4.4199999999934985 1.9999999999999896 4.419999999993852 -0.1
20.4375 2.0000000000001013 4.41999999999352 1.9999999999999898 4.419999999993863 -0.1
20.5625 2.0000000000000915 4.4199999999935375 1.999999999999989 4.419999999993864 -0.1
20.6875 2.000000000000082 4.4199999999935535 1.9999999999999876 4.419999999993866 -0.1
20.8125 2.000000000000073 4.419999999993573 1.9999999999999871 4.419999999993864 -0.1
20.9375 2.0000000000000635 4.419999999993594 1.9999999999999876 4.419999999993861 -0.1
21.0625 2.000000000000054 4.419999999993615 1.9999999999999885 4.419999999993857 -0.1
21.1875 2.0000000000000444 4.419999999993634 1.999999999999989 4.4199999999938555 -0.1
21.3125 2.0000000000000355 4.419999999993655 1.9999999999999902 4.4199999999938555 -0.1
21.4375 2.0000000000000284 4.419999999993673 1.9999999999999907 4.4199999999938555 -0.1
21.5625 2.0000000000000213 4.419999999993689 1.9999999999999907 4.419999999993855 -0.1
21.6875 2.0000000000000138 4.419999999993707 1.9999999999999907 4.419999999993852 -0.1
21.8125 2.000000000000007 4.419999999993726 1.9999999999999916 4.419999999993849 -0.1
21.9375 2.0 4.419999999993743 1.9999999999999916 4.419999999993849 -0.1
22.0625 1.9999999999999956 4.4199999999937525 1.999999999999992 4.419999999993847 -0.1
22.1875 1.999999999999993 4.41999999999376 1.9999999999999931 4.419999999993841 -0.1
22.3125 1.9999999999999905 4.419999999993767 1.9999999999999944 4.419999999993834 -0.1
22.4375 1.9999999999999871 4.419999999993772 1.9999999999999951 4.419999999993827 -0.1
22.5625 1.9999999999999842 4.419999999993777 1.9999999999999956 4.419999999993822 -0.1
22.6875 1.9999999999999811 4.419999999993784 1.9999999999999964 4.419999999993817 -0.1
22.8125 1.9999999999999798 4.419999999993785 1.999999999999998 4.419999999993811 -0.1
22.9375 1.99999999999998 4.4199999999937845 1.9999999999999996 4.4199999999938075 -0.1
23.0625 1.999999999999981 4.419999999993782 2.0 4.419999999993806 -0.1
23.1875 1.9999999999999818 4.419999999993781 2.0 4.419999999993804 -0.1
23.3125 1.9999999999999836 4.419999999993777 2.0000000000000013 4.419999999993799 -0.1
23.4375 1.9999999999999845 4.419999999993777 2.0000000000000013 4.419999999993795 -0.1
23.5625 1.9999999999999847 4.419999999993777 2.0000000000000013 4.419999999993792 -0.1
23.6875 1.999999999999985 4.419999999993778 2.0000000000000013 4.419999999993788 -0.1
23.8125 1.9999999999999851 4.419999999993778 2.0000000000000013 4.419999999993785 -0.1
23.9375 1.9999999999999862 4.41999999999378 2.000000000000001 4.419999999993783 -0.1
24.0625 1.9999999999999882 4.419999999993779 2.0000000000000013 4.419999999993781 -0.1
24.1875 1.99999999999999 4.419999999993778 2.0000000000000018 4.419999999993779 -0.1
24.3125 1.9999999999999916 4.419999999993777 2.0000000000000018 4.419999999993776 -0.1
24.4375 1.999999999999993 4.41999999999378 2.0000000000000018 4.41999999999377 -0.1
24.5625 1.9999999999999942 4.419999999993782 2.0000000000000018 4.419999999993767 -0.1
24.6875 1.9999999999999953 4.419999999993783 2.0000000000000013 4.419999999993763 -0.1
24.8125 1.999999999999997 4.419999999993784 2.0000000000000013 4.419999999993763 -0.1
24.9375 1.9999999999999987 4.419999999993785 2.0 4.419999999993763 -0.1

