0.0625 2.129311147720915 4.420000000000353 2.129311147722669 4.420000000000096 -1.1497184111213586e-69
0.1875 2.1293111477210966 4.419999999999783 2.1293111477227153 4.419999999999952 -4.956512554488603e-68
0.3125 2.1293111477211384 4.419999999999558 2.129311147722719 4.419999999999915 -1.5606895560755955e-66
0.4375 2.1293111477212308 4.419999999999203 2.1293111477227367 4.419999999999842 -4.221871484767452e-65
0.5625 2.1293111477213023 4.4199999999989 2.1293111477227455 4.419999999999789 -1.0331249664820779e-63
0.6875 2.1293111477213778 4.419999999998586 2.129311147722756 4.419999999999728 -2.340279915629186e-62
0.8125 2.129311147721446 4.419999999998288 2.1293111477227655 4.4199999999996695 -4.9677240512015786e-61
0.9375 2.129311147721512 4.419999999997998 2.1293111477227757 4.419999999999607 -9.952641974695324e-60
1.0625 2.1293111477215723 4.41999999999772 2.1293111477227846 4.419999999999545 -1.8904090561110707e-58
1.1875 2.1293111477216295 4.419999999997453 2.129311147722794 4.419999999999479 -3.4139735638802406e-57
1.3125 2.1293111477216824 4.419999999997199 2.129311147722805 4.419999999999408 -5.872877688638674e-56
1.4375 2.1293111477217304 4.419999999996955 2.1293111477228157 4.419999999999337 -9.634018146557815e-55
1.5625 2.1293111477217748 4.41999999999672 2.129311147722826 4.419999999999264 -1.5078490196182649e-53
1.6875 2.1293111477218134 4.419999999996497 2.1293111477228366 4.419999999999189 -2.2516961084400117e-52
1.8125 2.129311147721849 4.419999999996284 2.129311147722847 4.41999999999911 -3.206647879385634e-51
1.9375 2.1293111477218796 4.419999999996082 2.129311147722861 4.419999999999019 -4.350333912421186e-50
2.0625 2.1293111477219053 4.419999999995888 2.1293111477228774 4.41999999999892 -5.612421917410396e-49
2.1875 2.129311147721928 4.419999999995704 2.1293111477228894 4.419999999998829 -6.866290082952759e-48
2.3125 2.129311147721946 4.419999999995532 2.129311147722865 4.419999999998831 -7.931474614496866e-47
2.4375 2.12931114772196 4.41999999999537 2.12931114772277 4.419999999999008 -8.590853396874958e-46
2.5625 2.1293111477219706 4.419999999995216 2.129311147722686 4.419999999999157 -8.623273722320799e-45
2.6875 2.1293111477219773 4.419999999995073 2.129311147723026 4.419999999998244 -7.847597927876126e-44
2.8125 2.1293111477219817 4.419999999994937 2.129311147724489 4.419999999994527 -6.16927538059152e-43
2.9375 2.129311147721984 4.4199999999948085 2.129311147726842 4.419999999988587 -3.6173956053941074e-42
3.0625 2.129311147721986 4.4199999999946815 2.129311147725962 4.41999999999071 -3.603800524878784e-42
3.1875 2.129311147721986 4.41999999999456 2.129311147711759 4.420000000026073 3.3073113098458767e-40
3.3125 2.129311147721986 4.41999999999444 2.129311147676174 4.420000000114782 7.007674905386313e-39
3.4375 2.129311147721986 4.41999999999432 2.129311147642797 4.42000000019798 1.0342698109135129e-37
3.5625 2.129311147721988 4.4199999999942 2.129311147709693 4.4200000000309885 1.2964282047082334e-36
3.6875 2.1293111477219906 4.4199999999940776 2.1293111480410047 4.419999999204256 1.4633673851942304e-35
3.8125 2.1293111477219937 4.419999999993955 2.129311148684366 4.419999997598936 1.5256449707696942e-34
3.9375 2.1293111477219977 4.419999999993836 2.12931114914662 4.41999999644549 1.4886155797128192e-33
4.0625 2.1293111477220013 4.419999999993718 2.1293111479683224 4.419999999385342 1.3698442674456298e-32
4.1875 2.1293111477220057 4.4199999999936015 2.129311143038448 4.4200000116856515 1.1944977329459876e-31
4.3125 2.129311147722011 4.419999999993487 2.1293111335912243 4.420000035257102 9.90034257306422e-31
4.4375 2.1293111477220164 4.419999999993374 2.1293111239547784 4.4200000593006505 7.814765201370724e-30
4.5625 2.1293111477220226 4.4199999999932595 2.1293111269745975 4.420000051765852 5.881650691709571e-29
4.6875 2.1293111477220292 4.419999999993145 2.1293111630316433 4.419999961808091 4.223370350087268e-28
4.8125 2.129311147722035 4.419999999993037 2.129311251497052 4.419999741103894 2.893556671295461e-27
4.9375 2.129311147722042 4.419999999992928 2.1293113967287427 4.419999378741432 1.890757597486316e-26
5.0625 2.129311147722049 4.419999999992824 2.1293115774913804 4.4199989276926 1.177190424551076e-25
5.1875 2.129311147722058 4.419999999992719 2.1293117507832897 4.419998495337875 6.971695163562433e-25
5.3125 2.129311147722068 4.419999999992613 2.1293118726865385 4.419998191208864 3.91712255151615e-24
5.4375 2.1293111477220794 4.419999999992507 2.1293119233369295 4.4199980648009705 2.0794935839713404e-23
5.5625 2.129311147722091 4.419999999992404 2.1293119167895425 4.4199980811203785 1.0363087742791856e-22
5.6875 2.129311147722102 4.419999999992303 2.1293118878788717 4.419998153253221 4.795469821729646e-22
5.8125 2.129311147722114 4.4199999999922035 2.1293118670141506 4.419998205311354 2.0196850576742936e-21
5.9375 2.1293111477221265 4.419999999992108 2.129311863953722 4.419998212947802 7.416412590413098e-21
6.0625 2.12931114772214 4.419999999992012 2.1293118717017405 4.419998193615852 2.0997746765631944e-20
6.1875 2.1293111477221536 4.4199999999919175 2.129311881416275 4.419998169377305 1.970926387775956e-20
6.3125 2.1293111477221687 4.419999999991825 2.1293118907300017 4.419998146138804 -3.06488886306849e-19
6.4375 2.1293111477221824 4.419999999991736 2.1293118985012276 4.419998126748969 -3.2470451229757577e-18
6.5625 2.129311147722196 4.419999999991648 2.1293118948225302 4.419998135927633 -2.2526004271834337e-17
6.6875 2.129311147722209 4.419999999991567 2.129311859220626 4.419998224749986 -1.3095803341512223e-16
6.8125 2.1293111477222233 4.419999999991488 2.129311771111289 4.419998444565083 -6.821465540280686e-16
6.9375 2.129311147722235 4.419999999991411 2.1293116258297045 4.41999880705236 -3.273862560930351e-15
7.0625 2.1293111477222353 4.419999999991336 2.129311445001248 4.419999258265477 -1.4685412509578057e-14
7.1875 2.1293111477221913 4.419999999991264 2.1293112717862126 4.419999690427921 -6.207521160722045e-14
7.3125 2.129311147721971 4.419999999991194 2.1293111499504644 4.419999994387815 -2.4851468597291215e-13
7.4375 2.1293111477211086 4.419999999991127 2.1293110992661806 4.420000120877743 -9.453492026144965e-13
7.5625 2.129312147718001 4.419999999991061 2.1293111056675165 4.420000104914812 -3.424064082240977e-12
7.6875 2.1293121477074353 4.419999999990998 2.129311134216036 4.420000033659182 -1.182378394443425e-11
7.8125 2.129312147673275 4.419999999990937 2.1293111544212326 4.4199999831612855 -3.895171607363096e-11
7.9375 2.1293121475681125 4.419999999990881 2.129311156928801 4.419999976641798 -1.224382624174479e-10
8.0625 2.129312147259906 4.41999999999083 2.1293111500362496 4.419999993070196 -3.6709291014105447e-10
8.1875 2.1293121464010243 4.419999999990786 2.129311144343696 4.420000005130502 -1.04885094347367e-09
8.3125 2.129312144130214 4.419999999990745 2.1293111421281723 4.420000004992526 -2.8513434431676317e-09
8.4375 2.1293121384538107 4.419999999990708 2.129311138208891 4.4200000006083515 -7.357063536790531e-09
8.5625 2.1293121251116816 4.4199999999906705 2.129311125379684 4.4199999993285495 -1.794754306433284e-08
8.6875 2.1293120958884115 4.419999999990634 2.1293110955180827 4.420000000921221 -4.114386207184302e-08
8.8125 2.1293120371831264 4.419999999990602 2.1293110362474668 4.420000002331764 -8.774186992060323e-08
8.9375 2.12931193241794 4.419999999990575 2.129310931300629 4.420000002785013 -1.7090045283630125e-07
9.0625 2.1293117791069105 4.419999999990548 2.1293107778062583 4.420000003242489 -2.9259285286963165e-07
9.1875 2.129311647855081 4.419999999990521 2.129310646258269 4.42000000398147 -3.9677550466495557e-07
9.3125 2.129311843771019 4.419999999990495 2.129310842002499 4.420000004409948 -2.4126500111955035e-07
9.4375 2.129313290733405 4.41999999999047 2.1293122888945493 4.420000004585521 9.072782688430747e-07
9.5625 2.1293173549225948 4.419999999990448 2.1293173522736546 4.420000006606852 4.927042275346514e-06
9.6875 2.1293314566107537 4.419999999990425 2.1293314508166947 4.420000014454519 1.6120474057228993e-05
9.8125 2.1293659660274393 4.419999999990402 2.1293659545345704 4.420000028674555 4.351309689093828e-05
9.9375 2.12944297566258 4.419999999990379 2.129442962761936 4.420000032188487 0.00010464246498845123
10.0625 2.129602464516732 4.419999999990356 2.1296024738310795 4.419999976760916 0.00023124836428342147
10.1875 2.129911940137511 4.419999999990332 2.1299120168848993 4.419999808400726 0.0004769382424958915
10.3125 2.1304776697651553 4.41999999999031 2.130477835760792 4.419999585446618 0.0009261376581602602
10.4375 2.13145499273542 4.419999999990287 2.131455122982472 4.419999675938253 0.0017023680759536896
10.5625 2.1330530987556306 4.419999999990267 2.1330527495850427 4.42000084260914 0.0029722455289856228
10.6875 2.135527648242434 4.41999999999025 2.1355258580997623 4.4200043578336405 0.004940010699781705
10.8125 2.1391537954308006 4.419999999990238 2.139148767961613 4.4200124830848395 0.0078267031465639
10.9375 2.144173967515396 4.419999999990229 2.1441622124586424 4.4200295495185875 0.011829333546431228
11.0625 2.1507203117802556 4.419999999990224 2.1506949692159116 4.420064201198814 0.017059485212843672
11.1875 2.1587210325202077 4.419999999990219 2.1586693834527786 4.420131756386695 0.023467831089443454
11.3125 2.1678108734134067 4.419999999990215 2.167711149754585 4.420256188322963 0.03076987894119322
11.4375 2.1772746853001648 4.41999999999021 2.177092663278125 4.4204709563523 0.03839608071209057
11.5625 2.18605454385317 4.419999999990209 2.185752921983398 4.420784227819606 0.04549242572358476
11.6875 2.192841996214036 4.419999999990209 2.192433823633652 4.421073799315227 0.05099223738725463
11.8125 2.196258010159772 4.419999999990209 2.1957756680796194 4.421263756274229 0.053764721194172214
11.9375 2.195098345309879 4.419999999990207 2.1945679538909624 4.421383892512015 0.05282320629055684
12.0625 2.1885984057537886 4.41999999999021 2.1880388546052782 4.421467967501018 0.047552344591757154
12.1875 2.176656846577785 4.41999999999021 2.1760762039643775 4.421511576649917 0.03789755473400547
12.3125 2.159957203839835 4.419999999990214 2.1593601560331668 4.4215292407971125 0.024459631507370596
12.4375 2.139943582489257 4.41999999999022 2.1393338228849452 4.421542749059627 0.008456005565417002
12.5625 2.118637044537285 4.419999999990226 2.118016743296102 4.421552022799536 -0.008456005565417002
12.6875 2.0983170370558257 4.4199999999902335 2.097687403528331 4.42155520540446 -0.024459631507370596
12.8125 2.0811288114770394 4.419999999990241 2.0804915722214163 4.421553223635527 -0.03789755473400547
12.9375 2.0687047593784587 4.419999999990247 2.0680620911600003 4.421549461082796 -0.047552344591757154
13.0625 2.061894622609392 4.419999999990252 2.0612490410714104 4.421547638631588 -0.05282320629055684
13.1875 2.060676039476699 4.419999999990258 2.0600300266830973 4.421547778258184 -0.053764721194172214
13.3125 2.0642624769970848 4.419999999990269 2.0636181359211645 4.421548468387325 -0.05099223738725463
13.4375 2.07136085403801 4.419999999990283 2.070719753196866 4.421548326957324 -0.04549242572358476
13.5625 2.080488802578963 4.419999999990301 2.0798517969376453 4.42154722019371 -0.03839608071209057
13.6875 2.090260402212774 4.419999999990313 2.0896277278723314 4.421546189551816 -0.03076987894119322
13.8125 2.0995809444402678 4.419999999990321 2.098952375666456 4.421545866512349 -0.023467831089443454
13.9375 2.1077327687074954 4.419999999990329 2.107107747226432 4.421545911175253 -0.017059485212843672
14.0625 1.984188203005051 4.41999999999034 1.9840373249329761 4.421545699738183 -0.11182933354643124
14.1875 1.9895525891072308 4.419999999990351 1.9901895928292221 4.421544980368479 -0.10782670314656391
14.3125 1.9934122750472527 4.419999999990364 1.993334463559019 4.421543861270958 -0.1049400106997817
14.4375 1.9960389865789543 4.419999999990374 1.9963490518384843 4.421542896445492 -0.10297224552898562
14.5625 1.9977322702393348 4.419999999990383 1.9979645208123005 4.421542301146227 -0.10170236807595369
14.6875 1.9987666079595434 4.419999999990395 1.9989985669403811 4.4215418315364055 -0.10092613765816026
14.8125 1.9993649287301554 4.419999999990409 1.9995969648685084 4.421541184792371 -0.1004769382424959
14.9375 1.9996921046114817 4.419999999990424 1.9999240190440668 4.4215402558868195 -0.10023124836428343
15.0625 1.999860679834668 4.419999999990442 2.0000924574225554 4.421539203034682 -0.10010464246498846
15.1875 1.9999420681916626 4.419999999990466 2.0001737164263957 4.4215382804141266 -0.10004351309689094
15.3125 1.999978537965592 4.419999999990498 2.0002100742209565 4.4215375058474615 -0.10001612047405724
15.4375 1.999993440397525 4.419999999990539 2.0002248582791773 4.421536704325395 -0.10000492704227536
15.5625 1.9999987921042934 4.419999999990592 2.000230061939569 4.421535718333814 -0.10000090727826885
15.6875 2.0000003212126325 4.4199999999906545 2.000231415724997 4.421534551633152 -0.09999975873499889
15.8125 2.0000005282498425 4.419999999990731 2.000231448302049 4.421533389261613 -0.09999960322449535
15.9375 2.0000003895455905 4.419999999990821 2.000231160335032 4.421532399211978 -0.09999970740714714
16.0625 2.0000002275300357 4.419999999990922 2.00023087306304 4.421531567262404 -0.09999982909954717
16.1875 2.0000001168166124 4.419999999991035 2.0002306459671946 4.421530793213419 -0.09999991225813008
16.3125 2.0000000547781926 4.419999999991157 2.0002304695600386 4.42153003173363 -0.09999995885613794
16.4375 2.0000000238956606 4.419999999991289 2.0002303348598955 4.421529340548236 -0.09999998205245694
16.5625 2.0000000097959365 4.419999999991431 2.0002302394988045 4.421528801249874 -0.09999999264293646
16.6875 2.000000003797168 4.419999999991582 2.0002301747216036 4.4215284107717405 -0.09999999714865657
16.8125 2.000000001397345 4.419999999991736 2.0002301223935 4.421528078229202 -0.09999999895114907
16.9375 2.0000000004896146 4.419999999991893 2.0002300658069885 4.421527707891645 -0.0999999996329071
17.0625 2.0000000001638254 4.419999999992041 2.000230002935547 4.421527291241342 -0.09999999987756174
17.1875 2.0000000000526077 4.419999999992193 2.000229948920907 4.421526932072502 -0.09999999996104829
17.3125 2.0000000000164233 4.4199999999923385 2.0002299235289476 4.42152676491243 -0.09999999998817623
17.4375 2.0000000000051745 4.419999999992479 2.00022993645998 4.421526850993892 -0.09999999999657594
17.5625 2.000000000001812 4.419999999992614 2.0002299832392496 4.421527160169505 -0.09999999999905465
17.6875 2.000000000000826 4.419999999992738 2.000230050079987 4.4215276031135105 -0.0999999999997515
17.8125 2.000000000000524 4.419999999992851 2.00023012182096 4.421528079290719 -0.09999999999993793
17.9375 2.000000000000412 4.419999999992951 2.0002301872849126 4.4215285139409035 -0.09999999999998532
18.0625 2.0000000000003553 4.41999999999304 2.0002302384729878 4.421528853547629 -0.09999999999999673
18.1875 2.0000000000003153 4.4199999999931165 2.0002302680107444 4.42152904867543 -0.09999999999999933
18.3125 2.000000000000283 4.4199999999931805 2.000230271494743 4.421529071165185 -0.09999999999999988
18.4375 2.0000000000002554 4.4199999999932365 2.0002302550196958 4.421528961682357 -0.09999999999999998
18.5625 2.0000000000002336 4.41999999999328 2.0002302406239405 4.421528867862891 -0.1
18.6875 2.000000000000217 4.419999999993314 2.000230259877516 4.421529004446786 -0.1
18.8125 2.000000000000203 4.419999999993341 2.000230340189704 4.42152953630702 -0.1
18.9375 2.000000000000192 4.419999999993361 2.000230484871009 4.421530489806674 -0.1
19.0625 2.000000000000182 4.419999999993378 2.0002306369439475 4.421531526363045 -0.1
19.1875 2.000000000000175 4.41999999999339 2.0002307141860354 4.421531957534103 -0.1
19.3125 2.0000000000001674 4.419999999993402 2.00023066142019 4.421531505012393 -0.1
19.4375 2.0000000000001603 4.419999999993414 2.000230423660817 4.42152985457896 -0.1
19.5625 2.000000000000153 4.419999999993426 2.0002298616232865 4.42152611515233 -0.1
19.6875 2.0000000000001457 4.419999999993436 2.000228764868222 4.421518897989074 -0.1
19.8125 2.0000000000001377 4.419999999993448 2.00022677454034 4.421505744670699 -0.1
19.9375 2.0000000000001297 4.419999999993461 2.000223362575511 4.421483125633135 -0.1
20.0625 2.0000000000001235 4.419999999993474 2.000217777113903 4.42144605908235 -0.1
20.1875 2.0000000000001164 4.419999999993486 2.000208741028798 4.421386067293201 -0.1
20.3125 2.0000000000001092 4.419999999993501 2.0001950065201832 4.421294871200026 -0.1
20.4375 2.000000000000101 4.41999999999352 2.0001744199279776 4.421158171680792 -0.1
20.5625 2.0000000000000915 4.419999999993539 2.0001455240687074 4.420966295749045 -0.1
20.6875 2.000000000000082 4.419999999993558 2.0001087708408374 4.420722239925847 -0.1
20.8125 2.0000000000000724 4.41999999999358 2.0000718164742617 4.420476832181283 -0.1
20.9375 2.0000000000000635 4.4199999999936015 2.0000447068734566 4.4202967987233635 -0.1
21.0625 2.000000000000054 4.41999999999362 2.0000269322311257 4.420178738494108 -0.1
21.1875 2.0000000000000457 4.419999999993636 2.000015742734215 4.42010437962593 -0.1
21.3125 2.0000000000000373 4.419999999993653 2.0000089429933463 4.420059134630227 -0.1
21.4375 2.0000000000000293 4.41999999999367 2.000004938776611 4.42003242477952 -0.1
21.5625 2.0000000000000218 4.419999999993688 2.000002641639089 4.420017073219441 -0.1
21.6875 2.0000000000000138 4.419999999993706 2.00000134516203 4.420008508482008 -0.1
21.8125 2.000000000000006 4.419999999993722 2.0000006290876753 4.420003924799982 -0.1
21.9375 2.0 4.419999999993739 2.00000025279071 4.420001588892003 -0.1
22.0625 1.9999999999999938 4.419999999993755 2.000000069682163 4.420000445088526 -0.1
22.1875 1.9999999999999898 4.419999999993766 1.9999999917673017 4.419999943733807 -0.1
22.3125 1.9999999999999876 4.4199999999937685 1.999999970890149 4.4199998067716715 -0.1
22.4375 1.999999999999986 4.419999999993771 1.9999999767567727 4.4199998456626215 -0.1
22.5625 1.9999999999999838 4.4199999999937765 1.9999999892777343 4.419999928808211 -0.1
22.6875 1.9999999999999805 4.419999999993783 1.9999999983882795 4.419999989296043 -0.1
22.8125 1.9999999999999785 4.419999999993789 2.0000000020878868 4.420000013857265 -0.1
22.9375 1.9999999999999778 4.419999999993793 2.000000002231408 4.420000014810133 -0.1
23.0625 1.999999999999979 4.419999999993794 2.0000000011563226 4.420000007671672 -0.1
23.1875 1.9999999999999802 4.419999999993793 2.0000000002359446 4.420000001560438 -0.1
23.3125 1.9999999999999813 4.419999999993795 1.9999999998365703 4.419999998908628 -0.1
23.4375 1.9999999999999825 4.419999999993798 1.9999999998058886 4.419999998704892 -0.1
23.5625 1.9999999999999831 4.4199999999938 1.9999999999024443 4.419999999346009 -0.1
23.6875 1.9999999999999842 4.419999999993803 1.9999999999840834 4.419999999888081 -0.1
23.8125 1.9999999999999853 4.419999999993804 2.000000000016138 4.4200000001009165 -0.1
23.9375 1.9999999999999876 4.419999999993802 2.0000000000158815 4.420000000099209 -0.1
24.0625 1.999999999999989 4.419999999993799 2.000000000006605 4.420000000037611 -0.1
24.1875 1.9999999999999902 4.419999999993798 2.0000000000001896 4.41999999999501 -0.1
24.3125 1.9999999999999911 4.419999999993797 1.9999999999983449 4.419999999982762 -0.1
24.4375 1.999999999999993 4.419999999993794 1.999999999998853 4.419999999986132 -0.1
24.5625 1.9999999999999947 4.419999999993793 1.9999999999996914 4.419999999991693 -0.1
24.6875 1.9999999999999953 4.419999999993794 2.000000000000105 4.419999999994439 -0.1
24.8125 1.999999999999997 4.419999999993795 2.000000000000153 4.419999999994737 -0.1
24.9375 1.9999999999999982 4.419999999993793 2.0000000000000635 4.419999999994147 -0.1

