0.0625 2.129311147720915 4.420000000000353 2.129311147722669 4.420000000000096 -1.1497184111213586e-69
0.1875 2.1293111477210966 4.419999999999783 2.1293111477227153 4.419999999999952 -4.956512554488603e-68
0.3125 2.1293111477211384 4.419999999999558 2.129311147722719 4.419999999999915 -1.5606895560755955e-66
0.4375 2.1293111477212308 4.419999999999203 2.1293111477227367 4.419999999999842 -4.221871484767452e-65
0.5625 2.1293111477213023 4.4199999999989 2.1293111477227455 4.419999999999789 -1.0331249664820779e-63
0.6875 2.1293111477213778 4.419999999998586 2.129311147722756 4.419999999999728 -2.340279915629186e-62
0.8125 2.129311147721446 4.419999999998288 2.1293111477227655 4.4199999999996695 -4.9677240512015786e-61
0.9375 2.129311147721512 4.419999999997998 2.1293111477227757 4.419999999999607 -9.952641974695324e-60
1.0625 2.1293111477215723 4.41999999999772 2.1293111477227846 4.419999999999545 -1.8904090561110707e-58
1.1875 2.1293111477216295 4.419999999997453 2.129311147722794 4.419999999999479 -3.4139735638802406e-57
1.3125 2.1293111477216824 4.419999999997199 2.129311147722805 4.419999999999408 -5.872877688638674e-56
1.4375 2.1293111477217304 4.419999999996955 2.1293111477228157 4.419999999999337 -9.634018146557815e-55
1.5625 2.1293111477217748 4.41999999999672 2.129311147722826 4.419999999999264 -1.5078490196182649e-53
1.6875 2.1293111477218134 4.419999999996497 2.1293111477228366 4.419999999999189 -2.2516961084400117e-52
1.8125 2.129311147721849 4.419999999996284 2.129311147722847 4.41999999999911 -3.206647879385634e-51
1.9375 2.1293111477218796 4.419999999996082 2.129311147722861 4.419999999999019 -4.350333912421186e-50
2.0625 2.1293111477219053 4.419999999995888 2.1293111477228774 4.41999999999892 -5.612421917410396e-49
2.1875 2.129311147721928 4.419999999995704 2.1293111477228894 4.419999999998829 -6.866290082952759e-48
2.3125 2.129311147721946 4.419999999995532 2.129311147722865 4.41999999999883 -7.931474614496866e-47
2.4375 2.12931114772196 4.41999999999537 2.1293111477227704 4.419999999999008 -8.590853396874958e-46
2.5625 2.1293111477219706 4.419999999995216 2.129311147722686 4.419999999999156 -8.623273722320799e-45
2.6875 2.1293111477219773 4.419999999995073 2.129311147723026 4.419999999998243 -7.847597927876126e-44
2.8125 2.1293111477219817 4.419999999994937 2.129311147724488 4.419999999994528 -6.16927538059152e-43
2.9375 2.129311147721984 4.4199999999948085 2.129311147726842 4.419999999988587 -3.6173956053941074e-42
3.0625 2.129311147721986 4.4199999999946815 2.129311147725961 4.4199999999907105 -3.603800524878784e-42
3.1875 2.129311147721986 4.41999999999456 2.129311147711759 4.420000000026075 3.3073113098458767e-40
3.3125 2.129311147721986 4.41999999999444 2.129311147676173 4.420000000114785 7.007674905386313e-39
3.4375 2.129311147721986 4.41999999999432 2.1293111476427957 4.420000000197982 1.0342698109135129e-37
3.5625 2.129311147721988 4.4199999999942 2.129311147709692 4.420000000030988 1.2964282047082334e-36
3.6875 2.1293111477219906 4.4199999999940776 2.129311148041005 4.419999999204252 1.4633673851942304e-35
3.8125 2.1293111477219937 4.419999999993955 2.129311148684366 4.419999997598932 1.5256449707696942e-34
3.9375 2.1293111477219977 4.419999999993836 2.129311149146621 4.419999996445489 1.4886155797128192e-33
4.0625 2.1293111477220013 4.419999999993718 2.1293111479683233 4.419999999385343 1.3698442674456298e-32
4.1875 2.1293111477220057 4.4199999999936015 2.129311143038448 4.420000011685653 1.1944977329459876e-31
4.3125 2.129311147722011 4.419999999993487 2.129311133591224 4.4200000352571065 9.90034257306422e-31
4.4375 2.1293111477220164 4.419999999993374 2.1293111239547766 4.420000059300653 7.814765201370724e-30
4.5625 2.1293111477220226 4.4199999999932595 2.1293111269745966 4.420000051765853 5.881650691709571e-29
4.6875 2.1293111477220292 4.419999999993145 2.129311163031643 4.41999996180809 4.223370350087268e-28
4.8125 2.129311147722035 4.419999999993037 2.1293112514970525 4.41999974110389 2.893556671295461e-27
4.9375 2.129311147722042 4.419999999992928 2.129311396728744 4.419999378741428 1.890757597486316e-26
5.0625 2.129311147722049 4.419999999992824 2.1293115774913813 4.4199989276926 1.177190424551076e-25
5.1875 2.129311147722058 4.419999999992719 2.1293117507832893 4.419998495337877 6.971695163562433e-25
5.3125 2.129311147722068 4.419999999992613 2.1293118726865377 4.419998191208866 3.91712255151615e-24
5.4375 2.1293111477220794 4.419999999992507 2.129311923336929 4.41999806480097 2.0794935839713404e-23
5.5625 2.129311147722091 4.419999999992404 2.129311916789543 4.419998081120376 1.0363087742791856e-22
5.6875 2.129311147722102 4.419999999992303 2.129311887878873 4.419998153253221 4.795469821729646e-22
5.8125 2.129311147722114 4.4199999999922035 2.1293118670141524 4.419998205311355 2.0196850576742936e-21
5.9375 2.1293111477221265 4.419999999992108 2.1293118639537223 4.419998212947807 7.416412590413098e-21
6.0625 2.12931114772214 4.419999999992012 2.12931187170174 4.419998193615854 2.0997746765631944e-20
6.1875 2.1293111477221536 4.4199999999919175 2.1293118814162746 4.419998169377306 1.970926387775956e-20
6.3125 2.1293111477221687 4.419999999991825 2.129311890730002 4.419998146138804 -3.06488886306849e-19
6.4375 2.1293111477221824 4.419999999991736 2.1293118985012285 4.419998126748966 -3.2470451229757577e-18
6.5625 2.129311147722196 4.419999999991648 2.129311894822531 4.419998135927631 -2.2526004271834337e-17
6.6875 2.129311147722209 4.419999999991567 2.129311859220626 4.419998224749987 -1.3095803341512223e-16
6.8125 2.1293111477222233 4.419999999991488 2.129311771111288 4.419998444565087 -6.821465540280686e-16
6.9375 2.129311147722235 4.419999999991411 2.129311625829703 4.419998807052364 -3.273862560930351e-15
7.0625 2.1293111477222353 4.419999999991336 2.1293114450012465 4.419999258265479 -1.4685412509578057e-14
7.1875 2.1293111477221913 4.419999999991264 2.1293112717862135 4.41999969042792 -6.207521160722045e-14
7.3125 2.129311147721971 4.419999999991194 2.129311149950466 4.41999999438781 -2.4851468597291215e-13
7.4375 2.1293111477211086 4.419999999991127 2.1293110992661823 4.42000012087774 -9.453492026144965e-13
7.5625 2.129312147718001 4.419999999991061 2.1293111056675165 4.420000104914811 -3.424064082240977e-12
7.6875 2.1293121477074353 4.419999999990998 2.1293111342160334 4.420000033659184 -1.182378394443425e-11
7.8125 2.129312147673275 4.419999999990937 2.1293111544212273 4.419999983161295 -3.895171607363096e-11
7.9375 2.1293121475681125 4.419999999990881 2.1293111569287997 4.419999976641799 -1.224382624174479e-10
8.0625 2.129312147259906 4.41999999999083 2.1293111500362736 4.419999993070135 -3.6709291014105447e-10
8.1875 2.1293121464010243 4.419999999990786 2.1293111443437667 4.420000005130325 -1.04885094347367e-09
8.3125 2.129312144130214 4.419999999990745 2.1293111421282056 4.420000004992442 -2.8513434431676317e-09
8.4375 2.1293121384538107 4.419999999990708 2.1293111382085064 4.420000000609312 -7.357063536790531e-09
8.5625 2.1293121251116816 4.4199999999906705 2.129311125378378 4.419999999331808 -1.794754306433284e-08
8.6875 2.1293120958884115 4.419999999990634 2.1293110955168912 4.420000000924195 -4.114386207184302e-08
8.8125 2.1293120371831264 4.419999999990602 2.129311036252375 4.42000000231952 -8.774186992060323e-08
8.9375 2.12931193241794 4.419999999990575 2.1293109313218475 4.420000002732072 -1.7090045283630125e-07
9.0625 2.1293117791069105 4.419999999990548 2.1293107778365536 4.420000003166901 -2.9259285286963165e-07
9.1875 2.129311647855081 4.419999999990521 2.1293106462190945 4.420000004079215 -3.9677550466495557e-07
9.3125 2.129311843771019 4.419999999990495 2.129310841718814 4.420000005117766 -2.4126500111955035e-07
9.4375 2.129313290733405 4.41999999999047 2.129312288313107 4.4200000060362665 9.072782688430747e-07
9.5625 2.1293173549225948 4.419999999990448 2.12931735216978 4.420000006866036 4.927042275346514e-06
9.6875 2.1293314566107537 4.419999999990425 2.129331453575737 4.420000007570352 1.6120474057228993e-05
9.8125 2.1293659660274393 4.419999999990402 2.1293659628229307 4.4200000079936235 4.351309689093828e-05
9.9375 2.12944297566258 4.419999999990379 2.129442972454333 4.42000000800356 0.00010464246498845123
10.0625 2.129602464516732 4.419999999990356 2.1296024615070728 4.420000007508924 0.00023124836428342147
10.1875 2.129911940137511 4.419999999990332 2.1299119375613156 4.420000006428535 0.0004769382424958915
10.3125 2.1304776697651553 4.41999999999031 2.130477667875344 4.4200000047172185 0.0009261376581602602
10.4375 2.13145499273542 4.419999999990287 2.131454991776713 4.420000002394017 0.0017023680759536896
10.5625 2.1330530987556306 4.419999999990267 2.133053098937102 4.419999999543666 0.0029722455289856228
10.6875 2.135527648242434 4.41999999999025 2.135527649710355 4.419999996315699 0.004940010699781705
10.8125 2.1391537954308006 4.419999999990238 2.1391537982444224 4.419999992920108 0.0078267031465639
10.9375 2.144173967515396 4.419999999990229 2.144173971631919 4.419999989608271 0.011829333546431228
11.0625 2.1507203117802556 4.419999999990224 2.150720317052198 4.419999986640808 0.017059485212843672
11.1875 2.1587210325202077 4.419999999990219 2.158721038705693 4.419999984248095 0.023467831089443454
11.3125 2.1678108734134067 4.419999999990215 2.1678108801989424 4.4199999825987195 0.03076987894119322
11.4375 2.1772746853001648 4.41999999999021 2.177274692334196 4.4199999817974955 0.03839608071209057
11.5625 2.18605454385317 4.419999999990209 2.18605455078588 4.419999981911391 0.04549242572358476
11.6875 2.192841996214036 4.419999999990209 2.192842002732924 4.419999982979586 0.05099223738725463
11.8125 2.196258010159772 4.419999999990209 2.1962580160054124 4.419999984952586 0.053764721194172214
11.9375 2.195098345309879 4.419999999990207 2.1950983502628816 4.419999987574572 0.05282320629055684
12.0625 2.1885984057537886 4.41999999999021 2.18859840960841 4.419999990348586 0.047552344591757154
12.1875 2.176656846577785 4.41999999999021 2.176656849145235 4.419999992771051 0.03789755473400547
12.3125 2.159957203839835 4.419999999990214 2.1599572050198543 4.4199999948433994 0.024459631507370596
12.4375 2.139943582489257 4.41999999999022 2.1399435823874953 4.419999997493953 0.008456005565417002
12.5625 2.118637044537285 4.419999999990226 2.1186370435220097 4.420000002270052 -0.008456005565417002
12.6875 2.0983170370558257 4.4199999999902335 2.098317035638272 4.420000009883198 -0.024459631507370596
12.8125 2.0811288114770394 4.419999999990241 2.081128810036664 4.4200000180517005 -0.03789755473400547
12.9375 2.0687047593784587 4.419999999990247 2.0687047579383475 4.420000020242498 -0.047552344591757154
13.0625 2.061894622609392 4.419999999990252 2.0618946208442357 4.420000007520962 -0.05282320629055684
13.1875 2.060676039476699 4.419999999990258 2.060676036876414 4.419999974597019 -0.053764721194172214
13.3125 2.0642624769970848 4.419999999990269 2.0642624731174855 4.419999927740448 -0.05099223738725463
13.4375 2.07136085403801 4.419999999990283 2.0713608493323976 4.419999888630578 -0.04549242572358476
13.5625 2.080488802578963 4.419999999990301 2.0804888002930135 4.419999889096596 -0.03839608071209057
13.6875 2.090260402212774 4.419999999990313 2.090260410278229 4.419999960094243 -0.03076987894119322
13.8125 2.0995809444402678 4.419999999990321 2.099580974492531 4.4200001203853265 -0.023467831089443454
13.9375 2.1077327687074954 4.419999999990329 2.107732832801145 4.420000374535324 -0.017059485212843672
14.0625 1.984188203005051 4.41999999999034 1.9841883043737456 4.42000069246062 -0.11182933354643124
14.1875 1.9895525891072308 4.419999999990351 1.989552741946856 4.420001020809 -0.10782670314656391
14.3125 1.9934122750472527 4.419999999990364 1.993412474348634 4.4200013288903515 -0.1049400106997817
14.4375 1.9960389865789543 4.419999999990374 1.9960392231160484 4.420001573869957 -0.10297224552898562
14.5625 1.9977322702393348 4.419999999990383 1.9977325315253658 4.420001736681471 -0.10170236807595369
14.6875 1.9987666079595434 4.419999999990395 1.9987668818198054 4.420001819417411 -0.10092613765816026
14.8125 1.9993649287301554 4.419999999990409 1.999365205998122 4.4200018414956155 -0.1004769382424959
14.9375 1.9996921046114817 4.419999999990424 1.9996923804969926 4.420001832079162 -0.10023124836428343
15.0625 1.999860679834668 4.419999999990442 1.9998609539325267 4.42000182007064 -0.10010464246498846
15.1875 1.9999420681916626 4.419999999990466 1.9999423429558147 4.420001824433923 -0.10004351309689094
15.3125 1.999978537965592 4.419999999990498 1.999978816133722 4.420001847006969 -0.10001612047405724
15.4375 1.999993440397525 4.419999999990539 1.9999937221409108 4.420001870729705 -0.10000492704227536
15.5625 1.9999987921042934 4.419999999990592 1.9999990729569648 4.420001864758761 -0.10000090727826885
15.6875 2.0000003212126325 4.4199999999906545 2.0000005916846826 4.420001795723493 -0.09999975873499889
15.8125 2.0000005282498425 4.419999999990731 2.0000007754266456 4.420001641010659 -0.09999960322449535
15.9375 2.0000003895455905 4.419999999990821 2.000000600222502 4.420001398769433 -0.09999970740714714
16.0625 2.0000002275300357 4.419999999990922 2.000000391893498 4.420001091344767 -0.09999982909954717
16.1875 2.0000001168166124 4.419999999991035 2.0000002313586007 4.420000760459541 -0.09999991225813008
16.3125 2.0000000547781926 4.419999999991157 2.0000001231944062 4.420000454091312 -0.09999995885613794
16.4375 2.0000000238956606 4.419999999991289 2.0000000555883726 4.42000021028106 -0.09999998205245694
16.5625 2.0000000097959365 4.419999999991431 2.0000000168473075 4.42000004675605 -0.09999999264293646
16.6875 2.000000003797168 4.419999999991582 1.999999997822254 4.419999960315604 -0.09999999714865657
16.8125 2.000000001397345 4.419999999991736 1.9999999913226223 4.419999933103929 -0.09999999895114907
16.9375 2.0000000004896146 4.419999999991893 1.9999999916611904 4.4199999413784195 -0.0999999996329071
17.0625 2.0000000001638254 4.419999999992041 1.999999994665123 4.419999963486978 -0.09999999987756174
17.1875 2.0000000000526077 4.419999999992193 1.9999999977602214 4.419999984776286 -0.09999999996104829
17.3125 2.0000000000164233 4.4199999999923385 1.9999999998092193 4.419999998621218 -0.09999999998817623
17.4375 2.0000000000051745 4.419999999992479 2.000000000685238 4.420000004512175 -0.09999999999657594
17.5625 2.000000000001812 4.419999999992614 2.000000000758786 4.420000005022491 -0.09999999999905465
17.6875 2.000000000000826 4.419999999992738 2.0000000004861334 4.420000003218323 -0.0999999999997515
17.8125 2.000000000000524 4.419999999992851 2.0000000001881792 4.4200000012416485 -0.09999999999993793
17.9375 2.000000000000412 4.419999999992951 2.000000000002885 4.420000000011786 -0.09999999999998532
18.0625 2.0000000000003553 4.41999999999304 1.9999999999372031 4.419999999575833 -0.09999999999999673
18.1875 2.0000000000003153 4.4199999999931165 1.9999999999428808 4.419999999613613 -0.09999999999999933
18.3125 2.000000000000283 4.4199999999931805 1.9999999999709526 4.419999999800076 -0.09999999999999988
18.4375 2.0000000000002554 4.4199999999932365 1.9999999999937963 4.4199999999518305 -0.09999999999999998
18.5625 2.0000000000002336 4.41999999999328 2.0000000000041505 4.420000000020654 -0.1
18.6875 2.000000000000217 4.419999999993314 2.000000000005424 4.420000000029187 -0.1
18.8125 2.000000000000203 4.419999999993341 2.0000000000031433 4.420000000014121 -0.1
18.9375 2.000000000000192 4.419999999993361 2.000000000000875 4.419999999999138 -0.1
19.0625 2.000000000000182 4.419999999993378 1.999999999999761 4.419999999991825 -0.1
19.1875 2.000000000000175 4.41999999999339 1.999999999999573 4.419999999990655 -0.1
19.3125 2.0000000000001674 4.419999999993402 1.9999999999997586 4.419999999991957 -0.1
19.4375 2.0000000000001603 4.419999999993414 1.9999999999999507 4.419999999993304 -0.1
19.5625 2.000000000000153 4.419999999993426 2.0000000000000364 4.419999999993948 -0.1
19.6875 2.0000000000001457 4.419999999993436 2.0000000000000413 4.419999999994049 -0.1
19.8125 2.0000000000001377 4.419999999993448 2.000000000000018 4.41999999999395 -0.1
19.9375 2.0000000000001297 4.419999999993461 1.9999999999999991 4.41999999999386 -0.1
20.0625 2.0000000000001235 4.419999999993474 1.9999999999999907 4.419999999993832 -0.1
20.1875 2.0000000000001164 4.419999999993486 1.9999999999999891 4.419999999993843 -0.1
20.3125 2.0000000000001092 4.419999999993501 1.9999999999999898 4.419999999993861 -0.1
20.4375 2.000000000000101 4.41999999999352 1.9999999999999905 4.4199999999938715 -0.1
20.5625 2.0000000000000915 4.419999999993539 1.9999999999999893 4.419999999993879 -0.1
20.6875 2.000000000000082 4.419999999993558 1.999999999999988 4.419999999993879 -0.1
20.8125 2.0000000000000724 4.41999999999358 1.9999999999999867 4.419999999993879 -0.1
20.9375 2.0000000000000635 4.4199999999936015 1.9999999999999867 4.419999999993879 -0.1
21.0625 2.000000000000054 4.41999999999362 1.9999999999999862 4.419999999993879 -0.1
21.1875 2.0000000000000457 4.419999999993636 1.9999999999999856 4.419999999993879 -0.1
21.3125 2.0000000000000373 4.419999999993653 1.9999999999999862 4.419999999993878 -0.1
21.4375 2.0000000000000293 4.41999999999367 1.9999999999999867 4.419999999993877 -0.1
21.5625 2.0000000000000218 4.419999999993688 1.9999999999999887 4.419999999993872 -0.1
21.6875 2.0000000000000138 4.419999999993706 1.9999999999999905 4.419999999993868 -0.1
21.8125 2.000000000000006 4.419999999993722 1.9999999999999911 4.419999999993862 -0.1
21.9375 2.0 4.419999999993739 1.999999999999992 4.4199999999938555 -0.1
22.0625 1.9999999999999938 4.419999999993755 1.9999999999999927 4.419999999993852 -0.1
22.1875 1.9999999999999898 4.419999999993766 1.9999999999999938 4.419999999993847 -0.1
22.3125 1.9999999999999876 4.4199999999937685 1.9999999999999942 4.419999999993844 -0.1
22.4375 1.999999999999986 4.419999999993771 1.9999999999999951 4.41999999999384 -0.1
22.5625 1.9999999999999838 4.4199999999937765 1.9999999999999964 4.419999999993834 -0.1
22.6875 1.9999999999999805 4.419999999993783 1.9999999999999976 4.41999999999383 -0.1
22.8125 1.9999999999999785 4.419999999993789 1.9999999999999991 4.419999999993825 -0.1
22.9375 1.9999999999999778 4.419999999993793 1.9999999999999996 4.419999999993822 -0.1
23.0625 1.999999999999979 4.419999999993794 2.0 4.41999999999382 -0.1
23.1875 1.9999999999999802 4.419999999993793 2.0000000000000013 4.419999999993816 -0.1
23.3125 1.9999999999999813 4.419999999993795 2.0000000000000036 4.419999999993811 -0.1
23.4375 1.9999999999999825 4.419999999993798 2.0000000000000044 4.419999999993809 -0.1
23.5625 1.9999999999999831 4.4199999999938 2.0000000000000044 4.419999999993806 -0.1
23.6875 1.9999999999999842 4.419999999993803 2.0000000000000044 4.419999999993803 -0.1
23.8125 1.9999999999999853 4.419999999993804 2.0000000000000044 4.4199999999937996 -0.1
23.9375 1.9999999999999876 4.419999999993802 2.0000000000000044 4.419999999993796 -0.1
24.0625 1.999999999999989 4.419999999993799 2.000000000000004 4.419999999993792 -0.1
24.1875 1.9999999999999902 4.419999999993798 2.0000000000000036 4.419999999993785 -0.1
24.3125 1.9999999999999911 4.419999999993797 2.0000000000000036 4.419999999993782 -0.1
24.4375 1.999999999999993 4.419999999993794 2.0000000000000027 4.419999999993779 -0.1
24.5625 1.9999999999999947 4.419999999993793 2.0000000000000036 4.419999999993773 -0.1
24.6875 1.9999999999999953 4.419999999993794 2.0000000000000036 4.4199999999937685 -0.1
24.8125 1.999999999999997 4.419999999993795 2.0000000000000013 4.419999999993766 -0.1
24.9375 1.9999999999999982 4.419999999993793 2.0000000000000004 4.419999999993758 -0.1

