0.03125 1.999999999999999 -4.42 1.999999999999111 -4.419999999972426 -4.003793457677204e-70
0.09375 1.999999999999999 -4.42 1.9999999999994418 -4.419999999974625 -3.10028924768748e-69
0.15625 1.999999999999999 -4.42 1.999999999999318 -4.419999999973809 -2.0164329257222074e-68
0.21875 1.999999999999999 -4.42 1.999999999999364 -4.419999999974115 -1.1971437942926539e-67
0.28125 1.999999999999999 -4.42 1.9999999999993463 -4.419999999974005 -6.704319663991951e-67
0.34375 1.999999999999999 -4.42 1.9999999999993514 -4.419999999974051 -3.6001438242163e-66
0.40625 1.999999999999999 -4.42 1.9999999999993487 -4.419999999974037 -1.8711212490761638e-65
0.46875 1.999999999999999 -4.42 1.9999999999993485 -4.419999999974046 -9.467542854033363e-65
0.53125 1.999999999999999 -4.42 1.9999999999993472 -4.419999999974047 -4.681823820360618e-64
0.59375 1.999999999999999 -4.42 1.9999999999993472 -4.419999999974049 -2.2689000963112057e-63
0.65625 1.999999999999999 -4.42 1.9999999999993472 -4.419999999974049 -1.0796763064909657e-62
0.71875 1.999999999999999 -4.42 1.999999999999347 -4.419999999974052 -5.052285490132954e-62
0.78125 1.999999999999999 -4.42 1.999999999999346 -4.4199999999740545 -2.3274779481577778e-61
0.84375 1.999999999999999 -4.42 1.999999999999346 -4.419999999974056 -1.0564902049433007e-60
0.90625 1.999999999999999 -4.42 1.9999999999993459 -4.419999999974056 -4.7285315304742537e-60
0.96875 1.999999999999999 -4.42 1.9999999999993472 -4.419999999974056 -2.0878823025968615e-59
1.03125 1.999999999999999 -4.42 1.9999999999993485 -4.4199999999740545 -9.099039886941364e-59
1.09375 1.999999999999999 -4.42 1.9999999999993476 -4.419999999974056 -3.9151515696813544e-58
1.15625 1.999999999999999 -4.42 1.9999999999993467 -4.419999999974059 -1.6637515850317588e-57
1.21875 1.999999999999999 -4.42 1.9999999999993472 -4.419999999974058 -6.98415315449243e-57
1.28125 1.999999999999999 -4.42 1.999999999999348 -4.419999999974058 -2.896688398352563e-56
1.34375 1.999999999999999 -4.42 1.999999999999348 -4.419999999974059 -1.1871666588356863e-55
1.40625 1.999999999999999 -4.42 1.9999999999993474 -4.41999999997406 -4.808243216412138e-55
1.46875 1.999999999999999 -4.42 1.999999999999348 -4.419999999974059 -1.9246606613016414e-54
1.53125 1.999999999999999 -4.42 1.999999999999348 -4.419999999974059 -7.614287154550369e-54
1.59375 1.999999999999999 -4.42 1.999999999999348 -4.419999999974058 -2.977231559962374e-53
1.65625 1.999999999999999 -4.42 1.9999999999993467 -4.41999999997406 -1.1505138179815468e-52
1.71875 1.999999999999999 -4.42 1.999999999999346 -4.419999999974062 -4.393804720150234e-52
1.78125 1.999999999999999 -4.42 1.9999999999993459 -4.4199999999740625 -1.6581299923453183e-51
1.84375 1.999999999999999 -4.42 1.999999999999346 -4.419999999974062 -6.182563431609285e-51
1.90625 1.999999999999999 -4.42 1.999999999999346 -4.419999999974062 -2.277278377096913e-50
1.96875 1.999999999999999 -4.42 1.9999999999993454 -4.419999999974063 -8.284492655247021e-50
2.03125 1.999999999999999 -4.42 1.9999999999993447 -4.419999999974065 -2.9757630384972538e-49
2.09375 1.999999999999999 -4.42 1.9999999999993447 -4.419999999974065 -1.0550291032482932e-48
2.15625 1.999999999999999 -4.42 1.9999999999993447 -4.419999999974067 -3.6904479413849395e-48
2.21875 1.999999999999999 -4.42 1.9999999999993447 -4.419999999974068 -1.2729509522619648e-47
2.28125 1.999999999999999 -4.42 1.9999999999993447 -4.419999999974068 -4.3268626815565847e-47
2.34375 1.999999999999999 -4.42 1.9999999999993447 -4.419999999974069 -1.4480961508257759e-46
2.40625 1.999999999999999 -4.42 1.9999999999993447 -4.41999999997407 -4.766666883297355e-46
2.46875 1.999999999999999 -4.42 1.9999999999993447 -4.4199999999740704 -1.541032557512438e-45
2.53125 1.999999999999999 -4.42 1.9999999999993447 -4.4199999999740704 -4.88392660333133e-45
2.59375 1.999999999999999 -4.42 1.9999999999993447 -4.4199999999740704 -1.5134271734381545e-44
2.65625 1.999999999999999 -4.42 1.9999999999993447 -4.419999999974072 -4.568647830048834e-44
2.71875 1.999999999999999 -4.42 1.9999999999993447 -4.419999999974072 -1.3361689566318357e-43
2.78125 1.999999999999999 -4.42 1.999999999999344 -4.419999999974075 -3.7532028244107754e-43
2.84375 1.999999999999999 -4.42 1.9999999999993434 -4.419999999974076 -9.974387744360698e-43
2.90625 1.999999999999999 -4.42 1.999999999999344 -4.419999999974075 -2.4351720591234945e-42
2.96875 1.999999999999999 -4.42 1.999999999999344 -4.419999999974074 -5.085290221773357e-42
3.03125 1.999999999999999 -4.42 1.999999999999344 -4.419999999974074 -6.897034062129024e-42
3.09375 1.999999999999999 -4.42 1.9999999999993432 -4.419999999974076 9.4571499118777e-42
3.15625 1.999999999999999 -4.42 1.9999999999993423 -4.419999999974079 1.333693151761316e-40
3.21875 1.999999999999999 -4.42 1.9999999999993414 -4.419999999974081 7.548951878250107e-40
3.28125 1.999999999999999 -4.42 1.9999999999993407 -4.419999999974085 3.4311887634935694e-39
3.34375 1.999999999999999 -4.42 1.9999999999993407 -4.419999999974085 1.403178566439546e-38
3.40625 1.999999999999999 -4.42 1.9999999999993414 -4.419999999974084 5.378068716624702e-38
3.46875 1.999999999999999 -4.42 1.9999999999993414 -4.419999999974084 1.9697195541396117e-37
3.53125 1.999999999999999 -4.42 1.9999999999993414 -4.419999999974084 6.968045095399668e-37
3.59375 1.999999999999999 -4.42 1.9999999999993419 -4.419999999974083 2.3966218722471593e-36
3.65625 1.999999999999999 -4.42 1.9999999999993414 -4.419999999974084 8.049000674182709e-36
3.71875 1.999999999999999 -4.42 1.9999999999993407 -4.4199999999740855 2.64747034316652e-35
3.78125 1.999999999999999 -4.42 1.9999999999993407 -4.419999999974086 8.54664587042569e-35
3.84375 1.999999999999999 -4.42 1.9999999999993419 -4.419999999974086 2.712213722730896e-34
3.90625 1.999999999999999 -4.42 1.999999999999342 -4.4199999999740855 8.471067439974588e-34
3.96875 1.999999999999999 -4.42 1.9999999999993419 -4.4199999999740855 2.6064103442825064e-33
4.03125 1.999999999999999 -4.42 1.9999999999993407 -4.419999999974088 7.905978888239404e-33
4.09375 1.999999999999999 -4.42 1.99999999999934 -4.419999999974091 2.3655346031470872e-32
4.15625 1.999999999999999 -4.42 1.99999999999934 -4.419999999974092 6.984994830761698e-32
4.21875 1.999999999999999 -4.42 1.9999999999993394 -4.4199999999740935 2.0362389514835817e-31
4.28125 1.999999999999999 -4.42 1.9999999999993388 -4.419999999974095 5.862031322215626e-31
4.34375 1.999999999999999 -4.42 1.9999999999993383 -4.419999999974097 1.666974471735266e-30
4.40625 1.999999999999999 -4.42 1.999999999999338 -4.419999999974101 4.683320222460584e-30
4.46875 1.999999999999999 -4.42 1.999999999999338 -4.4199999999741 1.3001294525565887e-29
4.53125 1.999999999999999 -4.42 1.999999999999338 -4.419999999974099 3.5667630039506357e-29
4.59375 1.999999999999999 -4.42 1.999999999999338 -4.419999999974099 9.670497416647311e-29
4.65625 1.999999999999999 -4.42 1.9999999999993392 -4.419999999974097 2.5913628227116674e-28
4.71875 1.999999999999999 -4.42 1.999999999999338 -4.419999999974101 6.863046828850996e-28
4.78125 1.999999999999999 -4.42 1.9999999999993379 -4.419999999974102 1.796412949920961e-27
4.84375 1.999999999999999 -4.42 1.9999999999993379 -4.419999999974102 4.64700787456371e-27
4.90625 1.999999999999999 -4.42 1.9999999999993379 -4.419999999974102 1.1879054274809626e-26
4.96875 1.999999999999999 -4.42 1.9999999999993374 -4.419999999974104 3.0004004484834847e-26
5.03125 1.999999999999999 -4.42 1.9999999999993368 -4.419999999974105 7.486792811960278e-26
5.09375 1.999999999999999 -4.42 1.999999999999336 -4.419999999974107 1.8451945242224962e-25
5.15625 1.999999999999999 -4.42 1.999999999999336 -4.419999999974108 4.490611845317189e-25
5.21875 1.999999999999999 -4.42 1.9999999999993352 -4.41999999997411 1.0788108353212093e-24
5.28125 1.999999999999999 -4.42 1.9999999999993348 -4.419999999974111 2.557329998052712e-24
5.34375 1.999999999999999 -4.42 1.9999999999993348 -4.419999999974115 5.97877898615881e-24
5.40625 1.999999999999999 -4.42 1.9999999999993352 -4.419999999974117 1.3776866515677294e-23
5.46875 1.999999999999999 -4.42 1.9999999999993352 -4.419999999974118 3.1264914036512736e-23
5.53125 1.999999999999999 -4.42 1.9999999999993352 -4.41999999997412 6.980618709954213e-23
5.59375 1.999999999999999 -4.42 1.9999999999993352 -4.419999999974124 1.5314050791412638e-22
5.65625 1.999999999999999 -4.42 1.9999999999993352 -4.419999999974126 3.2952537647922248e-22
5.71875 1.999999999999999 -4.42 1.9999999999993348 -4.419999999974131 6.938397225712931e-22
5.78125 1.999999999999999 -4.42 1.9999999999993352 -4.419999999974133 1.4247827369012723e-21
5.84375 1.999999999999999 -4.42 1.9999999999993352 -4.419999999974134 2.839370569031387e-21
5.90625 1.999999999999999 -4.42 1.9999999999993352 -4.419999999974136 5.44950890910029e-21
5.96875 1.999999999999999 -4.42 1.9999999999993352 -4.41999999997414 9.944158298563714e-21
6.03125 1.999999999999999 -4.42 1.9999999999993352 -4.419999999974143 1.683955802877859e-20
6.09375 1.999999999999999 -4.42 1.999999999999336 -4.419999999974143 2.5051785044004933e-20
6.15625 1.999999999999999 -4.42 1.999999999999336 -4.419999999974145 2.740528868930065e-20
6.21875 1.999999999999999 -4.42 1.999999999999336 -4.419999999974147 -1.9289258172990763e-21
6.28125 1.999999999999999 -4.42 1.9999999999993365 -4.419999999974148 -1.4017862304362418e-19
6.34375 1.999999999999999 -4.42 1.999999999999336 -4.41999999997415 -5.9727403593566045e-19
6.40625 1.999999999999999 -4.42 1.9999999999993365 -4.41999999997415 -1.9104035673239254e-18
6.46875 1.999999999999999 -4.42 1.999999999999336 -4.41999999997415 -5.395897040893431e-18
6.53125 1.999999999999999 -4.42 1.9999999999993365 -4.419999999974152 -1.4172635144106045e-17
6.59375 1.999999999999999 -4.42 1.9999999999993368 -4.419999999974154 -3.5429167569282213e-17
6.65625 1.999999999999999 -4.42 1.9999999999993374 -4.419999999974155 -8.534713940380537e-17
6.71875 1.999999999999999 -4.42 1.9999999999993365 -4.419999999974156 -1.996000429606432e-16
6.78125 2.0 -4.42 1.999999999999336 -4.4199999999741575 -4.553629995606369e-16
6.84375 1.9999999999999996 -4.42 1.9999999999993354 -4.419999999974159 -1.0167180356264946e-15
6.90625 1.9999999999999967 -4.42 1.999999999999334 -4.419999999974158 -2.226894517287864e-15
6.96875 1.9999999999999938 -4.42 1.9999999999993308 -4.4199999999741575 -4.7928992723670935e-15
7.03125 1.9999999999999856 -4.42 1.9999999999993248 -4.4199999999741575 -1.0149798143363878e-14
7.09375 1.999999999999972 -4.42 1.9999999999993108 -4.419999999974158 -2.1169426434468405e-14
7.15625 1.9999999999999436 -4.42 1.9999999999992815 -4.419999999974159 -4.352028380639294e-14
7.21875 1.999999999999885 -4.42 1.9999999999992228 -4.419999999974159 -8.824162729183831e-14
7.28125 1.9999999999997653 -4.42 1.9999999999991056 -4.419999999974159 -1.765504987103273e-13
7.34375 1.9999999999995364 -4.42 1.9999999999988765 -4.419999999974161 -3.4869878558211256e-13
7.40625 1.999999999999097 -4.42 1.9999999999984355 -4.419999999974163 -6.800747887373828e-13
7.46875 1.9999999999982536 -4.42 1.9999999999975966 -4.419999999974166 -1.3100830926616375e-12
7.53125 1.99999999999668 -4.42 1.9999999999960214 -4.419999999974168 -2.4932458599455e-12
7.59375 1.9999999999937574 -4.42 1.9999999999930997 -4.419999999974168 -4.688392804143842e-12
7.65625 1.9999999999884026 -4.42 1.9999999999877434 -4.419999999974168 -8.71217953361179e-12
7.71875 1.9999999999787 -4.42 1.9999999999780418 -4.419999999974168 -1.5999612188650176e-11
7.78125 1.99999999996134 -4.42 1.9999999999606817 -4.419999999974169 -2.9039792611471703e-11
7.84375 1.9999999999306444 -4.42 1.999999999929988 -4.419999999974172 -5.2093915604236066e-11
7.90625 1.9999999998770366 -4.42 1.9999999998763798 -4.4199999999741735 -9.236014962645237e-11
7.96875 1.9999999997845412 -4.42 1.9999999997838862 -4.419999999974175 -1.6183318890323987e-10
8.03125 1.9999999996269242 -4.42 1.9999999996262683 -4.419999999974179 -2.8022250166414554e-10
8.09375 1.9999999993616822 -4.42 1.9999999993610273 -4.419999999974179 -4.794494381885033e-10
8.15625 1.9999999989210147 -4.42 1.9999999989203583 -4.419999999974182 -8.10442429110603e-10
8.21875 1.9999999981984322 -4.42 1.9999999981977763 -4.419999999974184 -1.3531848884076558e-09
8.28125 1.999999997029464 -4.42 1.9999999970288078 -4.419999999974188 -2.2312156971162697e-09
8.34375 1.9999999951645604 -4.42 1.9999999951639045 -4.41999999997419 -3.631974219148933e-09
8.40625 1.9999999922323666 -4.42 1.9999999922317069 -4.4199999999741895 -5.834394601838469e-09
8.46875 1.9999999876919707 -4.42 1.9999999876913102 -4.41999999997419 -9.244758734380355e-09
8.53125 1.9999999807744435 -4.42 1.999999980773782 -4.419999999974193 -1.444062428085364e-08
8.59375 1.9999999704173193 -4.42 1.9999999704166602 -4.419999999974195 -2.2220023413817202e-08
8.65625 1.9999999552025245 -4.42 1.9999999552018624 -4.419999999974196 -3.364810060345147e-08
8.71875 1.999999933319938 -4.42 1.9999999333192764 -4.419999999974198 -5.00844594839887e-08
8.78125 1.9999999025987938 -4.42 1.9999999025981297 -4.419999999974202 -7.315960195901896e-08
8.84375 1.9999998606806224 -4.42 1.9999998606799594 -4.419999999974203 -1.046450073705699e-07
8.90625 1.999999805456643 -4.42 1.99999980545598 -4.419999999974204 -1.461246173463636e-07
8.96875 1.9999997359654547 -4.42 1.9999997359647912 -4.419999999974204 -1.9832055356516146e-07
9.03125 1.9999996540530247 -4.42 1.9999996540523604 -4.419999999974207 -2.598462797269504e-07
9.09375 1.9999995672461064 -4.42 1.9999995672454411 -4.419999999974209 -3.250483311046408e-07
9.15625 1.9999994934944283 -4.42 1.9999994934937653 -4.419999999974211 -3.8044437996817056e-07
9.21875 1.9999994687083373 -4.42 1.99999946870767 -4.419999999974214 -3.990616064219827e-07
9.28125 1.9999995583682346 -4.42 1.9999995583675683 -4.419999999974214 -3.31716640591852e-07
9.34375 1.9999998749185244 -4.42 1.9999998749178594 -4.419999999974218 -9.39506915416835e-08
9.40625 2.00000060318282 -4.42 2.000000603182153 -4.419999999974225 4.530603240697041e-07
9.46875 2.0000020366404723 -4.42 2.0000020366398044 -4.41999999997423 1.529753980297915e-06
9.53125 2.0000046280614923 -4.42 2.0000046280608226 -4.419999999974236 3.4762149433038535e-06
9.59375 2.000009058661019 -4.42 2.0000090586603507 -4.41999999997424 6.804120370200431e-06
9.65625 2.000016330530938 -4.42 2.0000163305302734 -4.419999999974245 1.2266172538001058e-05
9.71875 2.00002788752694 -4.42 2.0000278875262802 -4.419999999974252 2.0946912307718176e-05
9.78125 2.0000457698896685 -4.42 2.000045769889022 -4.419999999974253 3.437888657929601e-05
9.84375 2.0000728074773066 -4.42 2.0000728074766805 -4.419999999974256 5.468784914051539e-05
9.90625 2.0001128553710936 -4.42 2.0001128553704985 -4.419999999974259 8.47698499292316e-05
9.96875 2.0001710735538842 -4.42 2.0001710735533385 -4.419999999974262 0.00012850154243721726
10.03125 2.000254249125968 -4.42 2.0002542491254953 -4.419999999974267 0.0001909826458667602
10.09375 2.000371154918048 -4.42 2.0003711549176666 -4.419999999974273 0.00027880609774585296
10.15625 2.0005329322708594 -4.42 2.000532932270585 -4.419999999974278 0.00040034694173355593
10.21875 2.000753478184516 -4.42 2.000753478184347 -4.41999999997428 0.0005660554261655719
10.28125 2.001049808192627 -4.42 2.0010498081925223 -4.419999999974283 0.0007887332867798587
10.34375 2.00144235662283 -4.42 2.0014423566226904 -4.419999999974284 0.001083765068175486
10.40625 2.0019551660922312 -4.42 2.001955166091874 -4.419999999974289 0.0014692691192730424
10.46875 2.002615909196887 -4.42 2.002615909196016 -4.419999999974296 0.0019661263086395773
10.53125 2.0034556787437716 -4.42 2.0034556787419895 -4.419999999974301 0.002597839480069819
10.59375 2.004508480152186 -4.42 2.004508480149034 -4.419999999974305 0.0033901743036548818
10.65625 2.0058103625633996 -4.42 2.005810362558443 -4.4199999999743085 0.004370533653136037
10.71875 2.0073981354271564 -4.42 2.007398135420125 -4.41999999997431 0.005567024104157814
10.78125 2.009307636236342 -4.42 2.0093076362273528 -4.419999999974316 0.007007185562588836
10.84375 2.0115715433586794 -4.42 2.0115715433484542 -4.419999999974321 0.008716373997397405
10.90625 2.0142167652743876 -4.42 2.0142167652643916 -4.419999999974326 0.01071581282047236
10.96875 2.0172614823958845 -4.42 2.017261482388327 -4.419999999974332 0.013020359959317548
11.03125 2.020711967000993 -4.42 2.020711966998582 -4.419999999974335 0.01563607359493098
11.09375 2.024559356251523 -4.42 2.024559356256886 -4.419999999974342 0.01855769747427637
11.15625 2.028776597338898 -4.42 2.028776597353752 -4.419999999974348 0.021766223390745052
11.21875 2.03331581659641 -4.42 2.0333158166206644 -4.419999999974353 0.02522671991030791
11.28125 2.038106380400888 -4.42 2.0381063804318966 -4.419999999974356 0.028886638374096246
11.34375 2.043053910524253 -4.42 2.04305391055662 -4.419999999974361 0.03267481533066286
11.40625 2.048040487888551 -4.42 2.048040487914665 -4.419999999974367 0.036501381084238345
11.46875 2.0529262263765427 -4.42 2.052926226387923 -4.419999999974374 0.04025875432072879
11.53125 2.057552324804311 -4.42 2.0575523247935603 -4.419999999974381 0.043823851741497465
11.59375 2.0617456148244035 -4.42 2.0617456147873137 -4.419999999974387 0.04706157029590306
11.65625 2.0653245214388822 -4.42 2.0653245213761777 -4.41999999997439 0.04982951126378543
11.71875 2.068106248010063 -4.42 2.0681062479282666 -4.4199999999743955 0.051983815731628635
11.78125 2.0699148966835197 -4.42 2.069914896594714 -4.419999999974403 0.05338587762874967
11.84375 2.070590145523421 -4.42 2.07059014544381 -4.41999999997441 0.053909602651500035
11.90625 2.0699960325445845 -4.42 2.069996032492197 -4.419999999974419 0.053448799007006796
11.96875 2.068029350502685 -4.42 2.0680293504945135 -4.419999999974425 0.05192422853819394
12.03125 2.064627139691989 -4.42 2.0646271397410354 -4.419999999974433 0.04928982261350742
12.09375 2.0597727820793503 -4.42 2.059772782191926 -4.419999999974438 0.04553758186163458
12.15625 2.0535002494133012 -4.42 2.05350024958695 -4.419999999974442 0.040700734725941205
12.21875 2.045896138326955 -4.42 2.0458961385491996 -4.419999999974449 0.034854825297487284
12.28125 2.0370992321733667 -4.42 2.0370992324216743 -4.419999999974456 0.028116530264597768
12.34375 2.0272974557285544 -4.42 2.0272974559718424 -4.419999999974463 0.0206401586194423
12.40625 2.0167222274598937 -4.42 2.0167222276619947 -4.41999999997447 0.012611953511883283
12.46875 2.0056403577597015 -4.42 2.005640357885034 -4.419999999974479 0.004242479026349397
12.53125 1.994343784978255 -4.42 1.9943437849995003 -4.419999999974484 -0.004242479026349397
12.59375 1.9831375808319476 -4.42 1.983137580738738 -4.419999999974486 -0.012611953511883283
12.65625 1.9723267903832884 -4.42 1.9723267901897596 -4.4199999999744914 -0.0206401586194423
12.71875 1.9622027953035857 -4.42 1.9622027950517729 -4.419999999974495 -0.028116530264597768
12.78125 1.9530299934264206 -4.42 1.9530299931821697 -4.419999999974497 -0.034854825297487284
12.84375 1.9450336555324972 -4.42 1.9450336553721006 -4.4199999999745 -0.040700734725941205
12.90625 1.9383898269702962 -4.42 1.9383898269594115 -4.419999999974506 -0.04553758186163458
12.96875 1.9332180601431368 -4.42 1.9332180603140943 -4.419999999974509 -0.04928982261350742
13.03125 1.9295775761332583 -4.42 1.92957757646995 -4.419999999974513 -0.05192422853819394
13.09375 1.9274671635578149 -4.42 1.9274671639964898 -4.419999999974516 -0.053448799007006796
13.15625 1.926828763177713 -4.42 1.9268287636257586 -4.41999999997452 -0.053909602651500035
13.21875 1.9275543162826825 -4.42 1.9275543166487363 -4.419999999974523 -0.05338587762874967
13.28125 1.9294951414804913 -4.42 1.9294951417031978 -4.419999999974527 -0.051983815731628635
13.34375 1.932472904139538 -4.42 1.9324729042029727 -4.419999999974531 -0.04982951126378543
13.40625 1.9362911819950392 -4.42 1.936291181926126 -4.419999999974534 -0.04706157029590306
13.46875 1.9407467016538307 -4.42 1.9407467015058222 -4.419999999974536 -0.043823851741497465
13.53125 1.945639489756994 -4.42 1.9456394895883053 -4.419999999974539 -0.04025875432072879
13.59375 1.9507814036277136 -4.42 1.9507814034849118 -4.419999999974541 -0.036501381084238345
13.65625 1.9560027363711705 -4.42 1.9560027362805683 -4.419999999974545 -0.03267481533066286
13.71875 1.961156799227795 -4.42 1.9611567991955035 -4.41999999997455 -0.028886638374096246
13.78125 1.9661225520462815 -4.42 1.9661225520636085 -4.419999999974552 -0.02522671991030791
13.84375 1.9708054752628168 -4.42 1.9708054753134578 -4.419999999974552 -0.021766223390745052
13.90625 1.97513695565693 -4.42 1.9751369557232819 -4.419999999974553 -0.01855769747427637
13.96875 1.9790724992377453 -4.42 1.979072499305095 -4.419999999974557 -0.01563607359493098
14.03125 1.9825890950625131 -4.42 1.9825890951209888 -4.4199999999745625 -0.013020359959317548
14.09375 1.98568204069473 -4.42 1.9856820407394542 -4.419999999974564 -0.01071581282047236
14.15625 1.9883615098336094 -4.42 1.9883615098638057 -4.419999999974569 -0.008716373997397405
14.21875 1.990649101101428 -4.42 1.9906491011190517 -4.419999999974574 -0.007007185562588836
14.28125 1.9925745590471529 -4.42 1.9925745590555444 -4.4199999999745785 -0.005567024104157814
14.34375 1.9941728084078694 -4.42 1.99417280841065 -4.419999999974579 -0.004370533653136037
14.40625 1.9954813941475182 -4.42 1.9954813941478755 -4.41999999997458 -0.0033901743036548818
14.46875 1.9965383755976993 -4.42 1.9965383755979977 -4.419999999974585 -0.002597839480069819
14.53125 1.9973806851946327 -4.42 1.9973806851963427 -4.4199999999745865 -0.0019661263086395773
14.59375 1.9980429320740218 -4.42 1.9980429320778197 -4.419999999974587 -0.0014692691192730424
14.65625 1.9985566086187503 -4.42 1.9985566086247313 -4.419999999974593 -0.001083765068175486
14.71875 1.998949643747067 -4.42 1.9989496437549463 -4.419999999974598 -0.0007887332867798587
14.78125 1.9992462395319386 -4.42 1.999246239541273 -4.419999999974602 -0.0005660554261655719
14.84375 1.9994669265272584 -4.42 1.9994669265375786 -4.419999999974605 -0.00040034694173355593
14.90625 1.9996287766006693 -4.42 1.9996287766115657 -4.419999999974609 -0.00027880609774585296
14.96875 1.999745718740746 -4.42 1.9997457187519152 -4.4199999999746105 -0.0001909826458667602
15.03125 1.9998289118987675 -4.42 1.9998289119099995 -4.419999999974614 -0.00012850154243721726
15.09375 1.9998871382982322 -4.42 1.9998871383094161 -4.419999999974618 -8.47698499292316e-05
15.15625 1.9999271898878856 -4.42 1.9999271898989677 -4.419999999974621 -5.468784914051539e-05
15.21875 1.9999542290690875 -4.42 1.9999542290800618 -4.419999999974624 -3.437888657929601e-05
15.28125 1.999972112086508 -4.42 1.9999721120973795 -4.419999999974629 -2.0946912307718176e-05
15.34375 1.9999836693365092 -4.42 1.9999836693472992 -4.419999999974635 -1.2266172538001058e-05
15.40625 1.9999909412981962 -4.42 1.9999909413089276 -4.419999999974639 -6.804120370200431e-06
15.46875 1.9999953719278634 -4.42 1.9999953719385526 -4.419999999974646 -3.4762149433038535e-06
15.53125 1.9999979633574652 -4.42 1.999997963368131 -4.419999999974646 -1.529753980297915e-06
15.59375 1.9999993968169991 -4.42 1.9999993968276482 -4.419999999974648 -4.530603240697041e-07
15.65625 2.000000125081466 -4.42 2.0000001250921087 -4.419999999974649 9.39506915416835e-08
15.71875 2.0000004416316695 -4.42 2.0000004416423067 -4.4199999999746495 3.31716640591852e-07
15.78125 2.0000005312915214 -4.42 2.0000005313021587 -4.419999999974651 3.990616064219827e-07
15.84375 2.0000005065054443 -4.42 2.000000506516077 -4.419999999974653 3.8044437996817056e-07
15.90625 2.000000432753801 -4.42 2.000000432764436 -4.419999999974655 3.250483311046408e-07
15.96875 2.000000345946915 -4.42 2.0000003459575506 -4.419999999974657 2.598462797269504e-07
16.03125 2.000000264034513 -4.42 2.0000002640451444 -4.419999999974659 1.9832055356516146e-07
16.09375 2.000000194543338 -4.42 2.000000194553973 -4.41999999997466 1.461246173463636e-07
16.15625 2.000000139319372 -4.42 2.0000001393300035 -4.419999999974659 1.046450073705699e-07
16.21875 2.0000000974012044 -4.42 2.0000000974118386 -4.419999999974662 7.315960195901896e-08
16.28125 2.0000000666800615 -4.42 2.0000000666906956 -4.419999999974664 5.00844594839887e-08
16.34375 2.0000000447974795 -4.42 2.0000000448081128 -4.419999999974664 3.364810060345147e-08
16.40625 2.0000000295826794 -4.42 2.000000029593317 -4.419999999974664 2.2220023413817202e-08
16.46875 2.0000000192255567 -4.42 2.0000000192361966 -4.419999999974664 1.444062428085364e-08
16.53125 2.0000000123080324 -4.42 2.0000000123186696 -4.419999999974664 9.244758734380355e-09
16.59375 2.000000007767633 -4.42 2.000000007778274 -4.419999999974664 5.834394601838469e-09
16.65625 2.000000004835439 -4.42 2.000000004846078 -4.419999999974662 3.631974219148933e-09
16.71875 2.000000002970533 -4.42 2.0000000029811753 -4.419999999974662 2.2312156971162697e-09
16.78125 2.0000000018015656 -4.42 2.0000000018122077 -4.419999999974662 1.3531848884076558e-09
16.84375 2.000000001078983 -4.42 2.000000001089627 -4.419999999974664 8.10442429110603e-10
16.90625 2.0000000006383156 -4.42 2.0000000006489596 -4.419999999974664 4.794494381885033e-10
16.96875 2.0000000003730753 -4.42 2.000000000383719 -4.419999999974664 2.8022250166414554e-10
17.03125 2.0000000002154583 -4.42 2.000000000226102 -4.419999999974664 1.6183318890323987e-10
17.09375 2.0000000001229656 -4.42 2.000000000133609 -4.419999999974664 9.236014962645237e-11
17.15625 2.000000000069354 -4.42 2.0000000000800013 -4.419999999974664 5.2093915604236066e-11
17.21875 2.0000000000386615 -4.42 2.000000000049308 -4.4199999999746655 2.9039792611471703e-11
17.28125 2.000000000021303 -4.42 2.0000000000319478 -4.4199999999746655 1.5999612188650176e-11
17.34375 2.0000000000115987 -4.42 2.000000000022246 -4.419999999974665 8.71217953361179e-12
17.40625 2.0000000000062412 -4.42 2.0000000000168896 -4.419999999974662 4.688392804143842e-12
17.46875 2.0000000000033196 -4.42 2.0000000000139666 -4.419999999974664 2.4932458599455e-12
17.53125 2.000000000001744 -4.42 2.0000000000123928 -4.419999999974664 1.3100830926616375e-12
17.59375 2.000000000000906 -4.42 2.0000000000115534 -4.4199999999746655 6.800747887373828e-13
17.65625 2.000000000000464 -4.42 2.0000000000111133 -4.4199999999746655 3.4869878558211256e-13
17.71875 2.000000000000236 -4.42 2.0000000000108846 -4.4199999999746655 1.765504987103273e-13
17.78125 2.000000000000119 -4.42 2.0000000000107674 -4.4199999999746655 8.824162729183831e-14
17.84375 2.0000000000000586 -4.42 2.0000000000107088 -4.419999999974667 4.352028380639294e-14
17.90625 2.0000000000000275 -4.42 2.0000000000106803 -4.419999999974667 2.1169426434468405e-14
17.96875 2.000000000000014 -4.42 2.000000000010666 -4.419999999974667 1.0149798143363878e-14
18.03125 2.0000000000000067 -4.42 2.000000000010659 -4.419999999974669 4.7928992723670935e-15
18.09375 2.000000000000005 -4.42 2.0000000000106564 -4.419999999974669 2.226894517287864e-15
18.15625 2.0000000000000018 -4.42 2.000000000010655 -4.41999999997467 1.0167180356264946e-15
18.21875 2.0 -4.42 2.000000000010655 -4.419999999974671 4.553629995606369e-16
18.28125 1.999999999999999 -4.42 2.0000000000106555 -4.41999999997467 1.996000429606432e-16
18.34375 1.999999999999999 -4.42 2.0000000000106564 -4.419999999974669 8.534713940380537e-17
18.40625 1.999999999999999 -4.42 2.000000000010657 -4.419999999974671 3.5429167569282213e-17
18.46875 1.999999999999999 -4.42 2.000000000010657 -4.419999999974671 1.4172635144106045e-17
18.53125 1.999999999999999 -4.42 2.0000000000106573 -4.419999999974673 5.395897040893431e-18
18.59375 1.999999999999999 -4.42 2.000000000010657 -4.419999999974674 1.9104035673239254e-18
18.65625 1.999999999999999 -4.42 2.0000000000106573 -4.419999999974676 5.9727403593566045e-19
18.71875 1.999999999999999 -4.42 2.000000000010659 -4.419999999974674 1.4017862304362418e-19
18.78125 1.999999999999999 -4.42 2.000000000010659 -4.419999999974674 1.9289258172990763e-21
18.84375 1.999999999999999 -4.42 2.000000000010659 -4.419999999974678 -2.740528868930065e-20
18.90625 1.999999999999999 -4.42 2.00000000001066 -4.419999999974678 -2.5051785044004933e-20
18.96875 1.999999999999999 -4.42 2.000000000010661 -4.419999999974678 -1.683955802877859e-20
19.03125 1.999999999999999 -4.42 2.000000000010661 -4.419999999974681 -9.944158298563714e-21
19.09375 1.999999999999999 -4.42 2.0000000000106617 -4.419999999974681 -5.44950890910029e-21
19.15625 1.999999999999999 -4.42 2.0000000000106626 -4.4199999999746815 -2.839370569031387e-21
19.21875 1.999999999999999 -4.42 2.000000000010663 -4.419999999974683 -1.4247827369012723e-21
19.28125 1.999999999999999 -4.42 2.0000000000106635 -4.419999999974683 -6.938397225712931e-22
19.34375 1.999999999999999 -4.42 2.0000000000106635 -4.419999999974685 -3.2952537647922248e-22
19.40625 1.999999999999999 -4.42 2.0000000000106635 -4.419999999974687 -1.5314050791412638e-22
19.46875 1.999999999999999 -4.42 2.0000000000106635 -4.419999999974689 -6.980618709954213e-23
19.53125 1.999999999999999 -4.42 2.0000000000106635 -4.419999999974689 -3.1264914036512736e-23
19.59375 1.999999999999999 -4.42 2.000000000010665 -4.419999999974687 -1.3776866515677294e-23
19.65625 1.999999999999999 -4.42 2.000000000010667 -4.419999999974683 -5.97877898615881e-24
19.71875 1.999999999999999 -4.42 2.000000000010666 -4.419999999974689 -2.557329998052712e-24
19.78125 1.999999999999999 -4.42 2.000000000010665 -4.419999999974696 -1.0788108353212093e-24
19.84375 1.999999999999999 -4.42 2.0000000000106635 -4.419999999974702 -4.490611845317189e-25
19.90625 1.999999999999999 -4.42 2.0000000000106635 -4.419999999974705 -1.8451945242224962e-25
19.96875 1.999999999999999 -4.42 2.0000000000106617 -4.41999999997471 -7.486792811960278e-26
20.03125 1.999999999999999 -4.42 2.00000000001066 -4.419999999974717 -3.0004004484834847e-26
20.09375 1.999999999999999 -4.42 2.000000000010658 -4.419999999974726 -1.1879054274809626e-26
20.15625 1.999999999999999 -4.42 2.0000000000106573 -4.419999999974731 -4.64700787456371e-27
20.21875 1.999999999999999 -4.42 2.0000000000106573 -4.419999999974733 -1.796412949920961e-27
20.28125 1.999999999999999 -4.42 2.0000000000106555 -4.41999999997474 -6.863046828850996e-28
20.34375 1.999999999999999 -4.42 2.0000000000106555 -4.4199999999747455 -2.5913628227116674e-28
20.40625 1.999999999999999 -4.42 2.0000000000106546 -4.419999999974751 -9.670497416647311e-29
20.46875 1.999999999999999 -4.42 2.000000000010653 -4.419999999974754 -3.5667630039506357e-29
20.53125 1.999999999999999 -4.42 2.0000000000106524 -4.419999999974756 -1.3001294525565887e-29
20.59375 1.999999999999999 -4.42 2.000000000010653 -4.419999999974754 -4.683320222460584e-30
20.65625 1.999999999999999 -4.42 2.000000000010651 -4.41999999997476 -1.666974471735266e-30
20.71875 1.999999999999999 -4.42 2.00000000001065 -4.419999999974763 -5.862031322215626e-31
20.78125 1.999999999999999 -4.42 2.000000000010651 -4.419999999974762 -2.0362389514835817e-31
20.84375 1.999999999999999 -4.42 2.000000000010651 -4.4199999999747615 -6.984994830761698e-32
20.90625 1.999999999999999 -4.42 2.0000000000106515 -4.419999999974758 -2.3655346031470872e-32
20.96875 1.999999999999999 -4.42 2.000000000010651 -4.41999999997476 -7.905978888239404e-33
21.03125 1.999999999999999 -4.42 2.0000000000106493 -4.419999999974765 -2.6064103442825064e-33
21.09375 1.999999999999999 -4.42 2.0000000000106475 -4.41999999997477 -8.471067439974588e-34
21.15625 1.999999999999999 -4.42 2.0000000000106466 -4.419999999974774 -2.712213722730896e-34
21.21875 1.999999999999999 -4.42 2.000000000010645 -4.419999999974778 -8.54664587042569e-35
21.28125 1.999999999999999 -4.42 2.000000000010643 -4.4199999999747845 -2.64747034316652e-35
21.34375 1.999999999999999 -4.42 2.000000000010642 -4.419999999974788 -8.049000674182709e-36
21.40625 1.999999999999999 -4.42 2.0000000000106413 -4.41999999997479 -2.3966218722471593e-36
21.46875 1.999999999999999 -4.42 2.0000000000106413 -4.41999999997479 -6.968045095399668e-37
21.53125 1.999999999999999 -4.42 2.0000000000106413 -4.41999999997479 -1.9697195541396117e-37
21.59375 1.999999999999999 -4.42 2.0000000000106413 -4.41999999997479 -5.378068716624702e-38
21.65625 1.999999999999999 -4.42 2.0000000000106395 -4.419999999974795 -1.403178566439546e-38
21.71875 1.999999999999999 -4.42 2.0000000000106377 -4.4199999999748005 -3.4311887634935694e-39
21.78125 1.999999999999999 -4.42 2.000000000010637 -4.419999999974805 -7.548951878250107e-40
21.84375 1.999999999999999 -4.42 2.000000000010636 -4.419999999974808 -1.333693151761316e-40
21.90625 1.999999999999999 -4.42 2.000000000010634 -4.419999999974811 -9.4571499118777e-42
21.96875 1.999999999999999 -4.42 2.0000000000106315 -4.41999999997482 6.897034062129024e-42
22.03125 1.999999999999999 -4.42 2.000000000010631 -4.419999999974822 5.085290221773357e-42
22.09375 1.999999999999999 -4.42 2.0000000000106315 -4.419999999974821 2.4351720591234945e-42
22.15625 1.999999999999999 -4.42 2.0000000000106315 -4.41999999997482 9.974387744360698e-43
22.21875 1.999999999999999 -4.42 2.0000000000106315 -4.41999999997482 3.7532028244107754e-43
22.28125 1.999999999999999 -4.42 2.000000000010629 -4.419999999974827 1.3361689566318357e-43
22.34375 1.999999999999999 -4.42 2.000000000010628 -4.4199999999748325 4.568647830048834e-44
22.40625 1.999999999999999 -4.42 2.0000000000106275 -4.419999999974834 1.5134271734381545e-44
22.46875 1.999999999999999 -4.42 2.000000000010627 -4.419999999974836 4.88392660333133e-45
22.53125 1.999999999999999 -4.42 2.000000000010627 -4.419999999974836 1.541032557512438e-45
22.59375 1.999999999999999 -4.42 2.000000000010626 -4.419999999974838 4.766666883297355e-46
22.65625 1.999999999999999 -4.42 2.0000000000106257 -4.41999999997484 1.4480961508257759e-46
22.71875 1.999999999999999 -4.42 2.000000000010625 -4.419999999974841 4.3268626815565847e-47
22.78125 1.999999999999999 -4.42 2.0000000000106244 -4.419999999974842 1.2729509522619648e-47
22.84375 1.999999999999999 -4.42 2.000000000010625 -4.419999999974841 3.6904479413849395e-48
22.90625 1.999999999999999 -4.42 2.000000000010625 -4.4199999999748405 1.0550291032482932e-48
22.96875 1.999999999999999 -4.42 2.0000000000106244 -4.419999999974841 2.9757630384972538e-49
23.03125 1.999999999999999 -4.42 2.0000000000106244 -4.419999999974841 8.284492655247021e-50
23.09375 1.999999999999999 -4.42 2.0000000000106244 -4.419999999974841 2.277278377096913e-50
23.15625 1.999999999999999 -4.42 2.000000000010625 -4.41999999997484 6.182563431609285e-51
23.21875 1.999999999999999 -4.42 2.000000000010625 -4.41999999997484 1.6581299923453183e-51
23.28125 1.999999999999999 -4.42 2.0000000000106257 -4.419999999974838 4.393804720150234e-52
23.34375 1.999999999999999 -4.42 2.0000000000106253 -4.419999999974838 1.1505138179815468e-52
23.40625 1.999999999999999 -4.42 2.0000000000106244 -4.4199999999748405 2.977231559962374e-53
23.46875 1.999999999999999 -4.42 2.0000000000106235 -4.419999999974843 7.614287154550369e-54
23.53125 1.999999999999999 -4.42 2.000000000010623 -4.419999999974845 1.9246606613016414e-54
23.59375 1.999999999999999 -4.42 2.000000000010623 -4.419999999974845 4.808243216412138e-55
23.65625 1.999999999999999 -4.42 2.000000000010623 -4.419999999974845 1.1871666588356863e-55
23.71875 1.999999999999999 -4.42 2.0000000000106226 -4.419999999974846 2.896688398352563e-56
23.78125 1.999999999999999 -4.42 2.0000000000106226 -4.419999999974846 6.98415315449243e-57
23.84375 1.999999999999999 -4.42 2.0000000000106226 -4.419999999974845 1.6637515850317588e-57
23.90625 1.999999999999999 -4.42 2.0000000000106235 -4.419999999974843 3.9151515696813544e-58
23.96875 1.999999999999999 -4.42 2.0000000000106226 -4.419999999974845 9.099039886941364e-59
24.03125 1.999999999999999 -4.42 2.0000000000106226 -4.419999999974845 2.0878823025968615e-59
24.09375 1.999999999999999 -4.42 2.000000000010622 -4.419999999974845 4.7285315304742537e-60
24.15625 1.999999999999999 -4.42 2.000000000010623 -4.419999999974842 1.0564902049433007e-60
24.21875 1.999999999999999 -4.42 2.000000000010622 -4.419999999974843 2.3274779481577778e-61
24.28125 1.999999999999999 -4.42 2.0000000000106235 -4.419999999974843 5.052285490132954e-62
24.34375 1.999999999999999 -4.42 2.0000000000106235 -4.419999999974841 1.0796763064909657e-62
24.40625 1.999999999999999 -4.42 2.0000000000106217 -4.419999999974846 2.2689000963112057e-63
24.46875 1.999999999999999 -4.42 2.000000000010623 -4.419999999974843 4.681823820360618e-64
24.53125 1.999999999999999 -4.42 2.0000000000106164 -4.419999999974858 9.467542854033363e-65
24.59375 1.999999999999999 -4.42 2.0000000000106315 -4.4199999999748245 1.8711212490761638e-65
24.65625 1.999999999999999 -4.42 2.00000000001059 -4.419999999974915 3.6001438242163e-66
24.71875 1.999999999999999 -4.42 2.0000000000107003 -4.419999999974669 6.704319663991951e-67
24.78125 1.999999999999999 -4.42 2.0000000000104037 -4.419999999975328 1.1971437942926539e-67
24.84375 1.999999999999999 -4.42 2.0000000000112026 -4.419999999973555 2.0164329257222074e-68
24.90625 1.999999999999999 -4.42 2.000000000009053 -4.41999999997833 3.10028924768748e-69
24.96875 1.999999999999999 -4.42 2.000000000014829 -4.419999999965517 4.003793457677204e-70
