0.015625 1.9999999999999996 24.0 2.00000000000077 23.99999999999999 -2.27822078484169e-70
0.046875 1.9999999999999996 24.0 2.00000000000077 23.99999999999999 -6.85218368134225e-70
0.078125 1.9999999999999996 24.0 2.00000000000077 23.999999999999993 -1.8996549218085223e-69
0.109375 1.9999999999999996 24.0 2.0000000000007687 23.999999999999982 -5.008720464462768e-69
0.140625 1.9999999999999996 24.0 2.0000000000007674 23.99999999999998 -1.275954546258792e-68
0.171875 1.9999999999999996 24.0 2.0000000000007665 23.99999999999997 -3.1691289287035775e-68
0.203125 1.9999999999999996 24.0 2.0000000000007656 23.999999999999964 -7.718206623049324e-68
0.234375 1.9999999999999996 24.0 2.000000000000763 23.99999999999995 -1.8502142513491473e-67
0.265625 1.9999999999999996 24.0 2.0000000000007603 23.999999999999936 -4.377446861968469e-67
0.296875 1.9999999999999996 24.0 2.0000000000007594 23.99999999999993 -1.0241461876918614e-66
0.328125 1.9999999999999996 24.0 2.0000000000007594 23.999999999999925 -2.372921497325267e-66
0.359375 1.9999999999999996 24.0 2.0000000000007585 23.99999999999992 -5.451008665905134e-66
0.390625 1.9999999999999996 24.0 2.0000000000007576 23.999999999999915 -1.2425942366207413e-65
0.421875 1.9999999999999996 24.0 2.000000000000756 23.999999999999904 -2.8128757645194546e-65
0.453125 1.9999999999999996 24.0 2.0000000000007554 23.999999999999904 -6.326920398120275e-65
0.484375 1.9999999999999996 24.0 2.000000000000756 23.999999999999908 -1.414693107295441e-64
0.515625 1.9999999999999996 24.0 2.000000000000754 23.999999999999897 -3.145813634902412e-64
0.546875 1.9999999999999996 24.0 2.0000000000007527 23.999999999999893 -6.959052145299416e-64
0.578125 1.9999999999999996 24.0 2.0000000000007523 23.999999999999886 -1.5319234162033377e-63
0.609375 1.9999999999999996 24.0 2.0000000000007523 23.99999999999988 -3.356600044717967e-63
0.640625 1.9999999999999996 24.0 2.0000000000007523 23.999999999999876 -7.321984942534789e-63
0.671875 1.9999999999999996 24.0 2.0000000000007527 23.99999999999988 -1.5903905636321816e-62
0.703125 1.9999999999999996 24.0 2.0000000000007523 23.999999999999872 -3.4402769321153487e-62
0.734375 1.9999999999999996 24.0 2.0000000000007523 23.999999999999872 -7.4123871613528855e-62
0.765625 1.9999999999999996 24.0 2.0000000000007527 23.999999999999872 -1.590929990931295e-61
0.796875 1.9999999999999996 24.0 2.000000000000753 23.999999999999872 -3.401882857024736e-61
0.828125 1.9999999999999996 24.0 2.0000000000007523 23.999999999999865 -7.247774453020917e-61
0.859375 1.9999999999999996 24.0 2.0000000000007523 23.999999999999865 -1.5386651948267813e-60
0.890625 1.9999999999999996 24.0 2.0000000000007523 23.999999999999865 -3.2551487659220895e-60
0.921875 1.9999999999999996 24.0 2.0000000000007523 23.99999999999986 -6.863006283915339e-60
0.953125 1.9999999999999996 24.0 2.0000000000007523 23.999999999999865 -1.442119640701555e-59
0.984375 1.9999999999999996 24.0 2.0000000000007514 23.999999999999854 -3.0203361416968546e-59
1.015625 1.9999999999999996 24.0 2.0000000000007505 23.999999999999844 -6.305182608170241e-59
1.046875 1.9999999999999996 24.0 2.00000000000075 23.999999999999844 -1.3120415267055653e-58
1.078125 1.9999999999999996 24.0 2.000000000000751 23.999999999999844 -2.7215866533612825e-58
1.109375 1.9999999999999996 24.0 2.0000000000007514 23.999999999999844 -5.6277758939184945e-58
1.140625 1.9999999999999996 24.0 2.0000000000007505 23.999999999999837 -1.1601261438237894e-57
1.171875 1.9999999999999996 24.0 2.0000000000007505 23.999999999999837 -2.3841835575636754e-57
1.203125 1.9999999999999996 24.0 2.0000000000007505 23.999999999999837 -4.884848740431868e-57
1.234375 1.9999999999999996 24.0 2.0000000000007505 23.999999999999833 -9.978129800561989e-57
1.265625 1.9999999999999996 24.0 2.0000000000007496 23.99999999999983 -2.0320867377757505e-56
1.296875 1.9999999999999996 24.0 2.0000000000007505 23.999999999999833 -4.126081146814488e-56
1.328125 1.9999999999999996 24.0 2.0000000000007496 23.99999999999983 -8.352991740634592e-56
1.359375 1.9999999999999996 24.0 2.0000000000007496 23.99999999999983 -1.686011193240446e-55
1.390625 1.9999999999999996 24.0 2.0000000000007496 23.99999999999983 -3.3931056550831865e-55
1.421875 1.9999999999999996 24.0 2.0000000000007505 23.99999999999983 -6.808576983337657e-55
1.453125 1.9999999999999996 24.0 2.0000000000007496 23.999999999999822 -1.3621972531801136e-54
1.484375 1.9999999999999996 24.0 2.0000000000007496 23.999999999999822 -2.71737836329482e-54
1.515625 1.9999999999999996 24.0 2.0000000000007496 23.99999999999982 -5.404899700758321e-54
1.546875 1.9999999999999996 24.0 2.0000000000007496 23.99999999999982 -1.07189611230049e-53
1.578125 1.9999999999999996 24.0 2.0000000000007496 23.99999999999982 -2.119554414886232e-53
1.609375 1.9999999999999996 24.0 2.0000000000007496 23.99999999999982 -4.178897469918695e-53
1.640625 1.9999999999999996 24.0 2.0000000000007496 23.99999999999982 -8.214889684997225e-53
1.671875 1.9999999999999996 24.0 2.0000000000007496 23.99999999999982 -1.6101315822779676e-52
1.703125 1.9999999999999996 24.0 2.0000000000007496 23.999999999999822 -3.1465632025112256e-52
1.734375 1.9999999999999996 24.0 2.0000000000007496 23.999999999999815 -6.1308674558564455e-52
1.765625 1.9999999999999996 24.0 2.0000000000007496 23.999999999999815 -1.1909998921582205e-51
1.796875 1.9999999999999996 24.0 2.0000000000007496 23.999999999999815 -2.3067406877601848e-51
1.828125 1.9999999999999996 24.0 2.0000000000007496 23.99999999999981 -4.454253611117328e-51
1.859375 1.9999999999999996 24.0 2.0000000000007505 23.999999999999815 -8.574936586047256e-51
1.890625 1.9999999999999996 24.0 2.0000000000007496 23.99999999999981 -1.645720846417934e-50
1.921875 1.9999999999999996 24.0 2.0000000000007496 23.999999999999808 -3.1487547339947423e-50
1.953125 1.9999999999999996 24.0 2.0000000000007496 23.999999999999808 -6.005727064687491e-50
1.984375 1.9999999999999996 24.0 2.0000000000007496 23.999999999999808 -1.1418828486624206e-49
2.015625 1.9999999999999996 24.0 2.0000000000007514 23.999999999999815 -2.164163558795051e-49
2.046875 1.9999999999999996 24.0 2.0000000000007514 23.99999999999981 -4.0883930329748965e-49
2.078125 1.9999999999999996 24.0 2.0000000000007496 23.9999999999998 -7.698188899911537e-49
2.109375 1.9999999999999996 24.0 2.0000000000007496 23.9999999999998 -1.4446905109718582e-48
2.140625 1.9999999999999996 24.0 2.0000000000007496 23.9999999999998 -2.702002356417873e-48
2.171875 1.9999999999999996 24.0 2.0000000000007487 23.999999999999794 -5.0360797287801475e-48
2.203125 1.9999999999999996 24.0 2.000000000000747 23.99999999999978 -9.353267962350299e-48
2.234375 1.9999999999999996 24.0 2.000000000000747 23.99999999999978 -1.7308607822853055e-47
2.265625 1.9999999999999996 24.0 2.000000000000747 23.99999999999978 -3.1911596593010844e-47
2.296875 1.9999999999999996 24.0 2.000000000000747 23.99999999999978 -5.8610728285051535e-47
2.328125 1.9999999999999996 24.0 2.000000000000747 23.999999999999776 -1.0722511834554478e-46
2.359375 1.9999999999999996 24.0 2.000000000000747 23.999999999999776 -1.9536579209753196e-46
2.390625 1.9999999999999996 24.0 2.000000000000747 23.99999999999978 -3.544595714090166e-46
2.421875 1.9999999999999996 24.0 2.000000000000746 23.99999999999977 -6.402876193520721e-46
2.453125 1.9999999999999996 24.0 2.000000000000745 23.999999999999766 -1.1512940178789018e-45
2.484375 1.9999999999999996 24.0 2.0000000000007443 23.99999999999976 -2.060150041016556e-45
2.515625 1.9999999999999996 24.0 2.0000000000007443 23.99999999999976 -3.6677085226756304e-45
2.546875 1.9999999999999996 24.0 2.0000000000007443 23.99999999999975 -6.494345351696857e-45
2.578125 1.9999999999999996 24.0 2.0000000000007443 23.99999999999975 -1.1432892156771465e-44
2.609375 1.9999999999999996 24.0 2.0000000000007434 23.999999999999748 -2.0001391905388715e-44
2.640625 1.9999999999999996 24.0 2.0000000000007434 23.99999999999975 -3.4754386748737267e-44
2.671875 1.9999999999999996 24.0 2.0000000000007434 23.999999999999748 -5.993943055649722e-44
2.703125 1.9999999999999996 24.0 2.0000000000007425 23.999999999999744 -1.025195040406753e-43
2.734375 1.9999999999999996 24.0 2.0000000000007416 23.999999999999737 -1.7371316768754017e-43
2.765625 1.9999999999999996 24.0 2.0000000000007407 23.99999999999973 -2.91205779188509e-43
2.796875 1.9999999999999996 24.0 2.0000000000007407 23.999999999999734 -4.8208921257584945e-43
2.828125 1.9999999999999996 24.0 2.000000000000742 23.999999999999737 -7.862381985663504e-43
2.859375 1.9999999999999996 24.0 2.000000000000742 23.999999999999737 -1.258888113997978e-42
2.890625 1.9999999999999996 24.0 2.0000000000007416 23.999999999999734 -1.9689254483153933e-42
2.921875 1.9999999999999996 24.0 2.0000000000007416 23.999999999999734 -2.984371359915005e-42
2.953125 1.9999999999999996 24.0 2.0000000000007416 23.999999999999734 -4.325788212120148e-42
2.984375 1.9999999999999996 24.0 2.000000000000742 23.999999999999734 -5.846063377957028e-42
3.015625 1.9999999999999996 24.0 2.000000000000742 23.999999999999734 -6.949926403797957e-42
3.046875 1.9999999999999996 24.0 2.000000000000742 23.999999999999734 -5.97690423008472e-42
3.078125 1.9999999999999996 24.0 2.000000000000742 23.999999999999734 1.1041630246284527e-42
3.109375 1.9999999999999996 24.0 2.0000000000007416 23.99999999999973 2.3380523158598155e-41
3.140625 1.9999999999999996 24.0 2.0000000000007407 23.999999999999723 8.040211368904828e-41
3.171875 1.9999999999999996 24.0 2.00000000000074 23.99999999999972 2.128823627925937e-40
3.203125 1.9999999999999996 24.0 2.00000000000074 23.999999999999723 5.035814308975148e-40
3.234375 1.9999999999999996 24.0 2.000000000000739 23.999999999999716 1.1175793032213454e-39
3.265625 1.9999999999999996 24.0 2.000000000000738 23.99999999999971 2.379148315477548e-39
3.296875 1.9999999999999996 24.0 2.0000000000007394 23.99999999999971 4.9171664344323987e-39
3.328125 1.9999999999999996 24.0 2.0000000000007394 23.99999999999971 9.937973385277114e-39
3.359375 1.9999999999999996 24.0 2.00000000000074 23.99999999999971 1.9733640409492698e-38
3.390625 1.9999999999999996 24.0 2.000000000000739 23.9999999999997 3.862246412839405e-38
3.421875 1.9999999999999996 24.0 2.000000000000739 23.9999999999997 7.467854512244359e-38
3.453125 1.9999999999999996 24.0 2.000000000000739 23.9999999999997 1.4289429136809048e-37
3.484375 1.9999999999999996 24.0 2.000000000000739 23.9999999999997 2.709319313161419e-37
3.515625 1.9999999999999996 24.0 2.00000000000074 23.999999999999705 5.095304745953352e-37
3.546875 1.9999999999999996 24.0 2.000000000000739 23.9999999999997 9.512456240138327e-37
3.578125 1.9999999999999996 24.0 2.000000000000739 23.9999999999997 1.764039657518716e-36
3.609375 1.9999999999999996 24.0 2.00000000000074 23.999999999999705 3.251223154159321e-36
3.640625 1.9999999999999996 24.0 2.000000000000739 23.9999999999997 5.957967746992783e-36
3.671875 1.9999999999999996 24.0 2.000000000000739 23.999999999999694 1.0859796109704051e-35
3.703125 1.9999999999999996 24.0 2.000000000000739 23.999999999999694 1.969481613251063e-35
3.734375 1.9999999999999996 24.0 2.000000000000738 23.99999999999969 3.554705609886775e-35
3.765625 1.9999999999999996 24.0 2.000000000000737 23.999999999999687 6.386682306426079e-35
3.796875 1.9999999999999996 24.0 2.0000000000007363 23.99999999999968 1.142489249897584e-34
3.828125 1.9999999999999996 24.0 2.0000000000007363 23.99999999999968 2.0352048920353324e-34
3.859375 1.9999999999999996 24.0 2.0000000000007363 23.999999999999673 3.610838991254936e-34
3.890625 1.9999999999999996 24.0 2.0000000000007363 23.999999999999677 6.381297208125961e-34
3.921875 1.9999999999999996 24.0 2.0000000000007363 23.999999999999673 1.123468433039923e-33
3.953125 1.9999999999999996 24.0 2.0000000000007363 23.999999999999673 1.9706444301768363e-33
3.984375 1.9999999999999996 24.0 2.0000000000007363 23.999999999999673 3.444218049896123e-33
4.015625 1.9999999999999996 24.0 2.0000000000007363 23.999999999999673 5.998506676741735e-33
4.046875 1.9999999999999996 24.0 2.000000000000737 23.999999999999673 1.04111138669265e-32
4.078125 1.9999999999999996 24.0 2.0000000000007363 23.999999999999662 1.8008638503315503e-32
4.109375 1.9999999999999996 24.0 2.0000000000007354 23.999999999999662 3.104698038737646e-32
4.140625 1.9999999999999996 24.0 2.0000000000007363 23.999999999999662 5.335009896503985e-32
4.171875 1.9999999999999996 24.0 2.0000000000007354 23.999999999999662 9.137948787512768e-32
4.203125 1.9999999999999996 24.0 2.0000000000007363 23.999999999999666 1.5601918693651058e-31
4.234375 1.9999999999999996 24.0 2.0000000000007363 23.999999999999662 2.65545774288298e-31
4.265625 1.9999999999999996 24.0 2.0000000000007363 23.999999999999662 4.505546363689017e-31
4.296875 1.9999999999999996 24.0 2.0000000000007363 23.999999999999662 7.621057735477044e-31
4.328125 1.9999999999999996 24.0 2.0000000000007363 23.999999999999662 1.2851516331372023e-30
4.359375 1.9999999999999996 24.0 2.0000000000007354 23.99999999999966 2.1606037380466126e-30
4.390625 1.9999999999999996 24.0 2.0000000000007345 23.999999999999652 3.621484103504994e-30
4.421875 1.9999999999999996 24.0 2.0000000000007336 23.99999999999964 6.0519690049571036e-30
4.453125 1.9999999999999996 24.0 2.000000000000732 23.99999999999963 1.0083523940785047e-29
4.484375 1.9999999999999996 24.0 2.000000000000731 23.999999999999623 1.6750947021985322e-29
4.515625 1.9999999999999996 24.0 2.00000000000073 23.999999999999616 2.774487006777097e-29
4.546875 1.9999999999999996 24.0 2.0000000000007283 23.999999999999602 4.5819074330769235e-29
4.578125 1.9999999999999996 24.0 2.0000000000007283 23.9999999999996 7.544549486732463e-29
4.609375 1.9999999999999996 24.0 2.0000000000007274 23.999999999999595 1.238642375332453e-28
4.640625 1.9999999999999996 24.0 2.0000000000007265 23.999999999999588 2.027615344466844e-28
4.671875 1.9999999999999996 24.0 2.0000000000007256 23.99999999999958 3.3094267750190695e-28
4.703125 1.9999999999999996 24.0 2.000000000000724 23.999999999999574 5.38576355657764e-28
4.734375 1.9999999999999996 24.0 2.000000000000723 23.999999999999567 8.73912572067705e-28
4.765625 1.9999999999999996 24.0 2.000000000000721 23.999999999999552 1.4138812796945444e-27
4.796875 1.9999999999999996 24.0 2.0000000000007203 23.999999999999552 2.2807587812770227e-27
4.828125 1.9999999999999996 24.0 2.0000000000007194 23.999999999999545 3.668289004728993e-27
4.859375 1.9999999999999996 24.0 2.0000000000007185 23.999999999999538 5.882486307471667e-27
4.890625 1.9999999999999996 24.0 2.000000000000718 23.999999999999535 9.405155247393542e-27
4.921875 1.9999999999999996 24.0 2.0000000000007176 23.99999999999953 1.49924343140427e-26
4.953125 1.9999999999999996 24.0 2.0000000000007168 23.999999999999524 2.3827139994964814e-26
4.984375 1.9999999999999996 24.0 2.0000000000007168 23.999999999999524 3.775344399229274e-26
5.015625 1.9999999999999996 24.0 2.0000000000007168 23.999999999999524 5.963706537766583e-26
5.046875 1.9999999999999996 24.0 2.000000000000716 23.999999999999517 9.391605402168255e-26
5.078125 1.9999999999999996 24.0 2.000000000000714 23.999999999999503 1.474398097469421e-25
5.109375 1.9999999999999996 24.0 2.0000000000007137 23.9999999999995 2.3074218514254646e-25
5.140625 1.9999999999999996 24.0 2.000000000000714 23.999999999999503 3.599654906553355e-25
5.171875 1.9999999999999996 24.0 2.000000000000714 23.999999999999503 5.5975613110885925e-25
5.203125 1.9999999999999996 24.0 2.000000000000713 23.999999999999496 8.676038409735593e-25
5.234375 1.9999999999999996 24.0 2.0000000000007123 23.999999999999492 1.3403152088627167e-24
5.265625 1.9999999999999996 24.0 2.0000000000007114 23.99999999999948 2.063626327147327e-24
5.296875 1.9999999999999996 24.0 2.0000000000007114 23.99999999999948 3.1664072085467803e-24
5.328125 1.9999999999999996 24.0 2.0000000000007114 23.99999999999948 4.8415436441065506e-24
5.359375 1.9999999999999996 24.0 2.000000000000711 23.99999999999948 7.376468727502132e-24
5.390625 1.9999999999999996 24.0 2.0000000000007105 23.999999999999474 1.1197544736359961e-23
5.421875 1.9999999999999996 24.0 2.000000000000711 23.999999999999474 1.6934177460038927e-23
5.453125 1.9999999999999996 24.0 2.0000000000007114 23.999999999999474 2.5510813027808987e-23
5.484375 1.9999999999999996 24.0 2.0000000000007114 23.99999999999947 3.8277972523577195e-23
5.515625 1.9999999999999996 24.0 2.0000000000007114 23.999999999999467 5.719737357640802e-23
5.546875 1.9999999999999996 24.0 2.0000000000007105 23.999999999999467 8.510108664216983e-23
5.578125 1.9999999999999996 24.0 2.0000000000007097 23.99999999999946 1.2605058654817386e-22
5.609375 1.9999999999999996 24.0 2.0000000000007088 23.999999999999453 1.8582826090560647e-22
5.640625 1.9999999999999996 24.0 2.000000000000708 23.999999999999446 2.7260073698019643e-22
5.671875 1.9999999999999996 24.0 2.000000000000707 23.99999999999944 3.977987490968176e-22
5.703125 1.9999999999999996 24.0 2.000000000000707 23.99999999999944 5.77259160798956e-22
5.734375 1.9999999999999996 24.0 2.000000000000706 23.999999999999435 8.326656155385357e-22
5.765625 1.9999999999999996 24.0 2.000000000000706 23.99999999999944 1.193295339358929e-21
5.796875 1.9999999999999996 24.0 2.000000000000705 23.999999999999428 1.698014209741317e-21
5.828125 1.9999999999999996 24.0 2.0000000000007034 23.999999999999417 2.397332648142728e-21
5.859375 1.9999999999999996 24.0 2.000000000000703 23.99999999999941 3.3550959936201877e-21
5.890625 1.9999999999999996 24.0 2.0000000000007025 23.99999999999941 4.648962114637106e-21
5.921875 1.9999999999999996 24.0 2.0000000000007025 23.99999999999941 6.368100805829833e-21
5.953125 1.9999999999999996 24.0 2.0000000000007017 23.999999999999403 8.605353010410987e-21
5.984375 1.9999999999999996 24.0 2.0000000000007008 23.999999999999403 1.143913179228943e-20
6.015625 1.9999999999999996 24.0 2.0000000000007008 23.999999999999403 1.489719778190366e-20
6.046875 1.9999999999999996 24.0 2.0000000000006994 23.999999999999396 1.8889436847287846e-20
6.078125 1.9999999999999996 24.0 2.0000000000007003 23.999999999999396 2.3088901174160298e-20
6.109375 1.9999999999999996 24.0 2.0000000000007003 23.999999999999396 2.672813031849725e-20
6.140625 1.9999999999999996 24.0 2.0000000000007008 23.999999999999396 2.8258874022225216e-20
6.171875 1.9999999999999996 24.0 2.0000000000007008 23.999999999999396 2.4794409328619503e-20
6.203125 1.9999999999999996 24.0 2.0000000000007017 23.999999999999396 1.120966778113034e-20
6.234375 1.9999999999999996 24.0 2.0000000000007008 23.99999999999939 -2.1292021952213176e-20
6.265625 1.9999999999999996 24.0 2.000000000000698 23.999999999999375 -8.743644241968582e-20
6.296875 1.9999999999999996 24.0 2.000000000000697 23.999999999999368 -2.1139984100659238e-19
6.328125 1.9999999999999996 24.0 2.000000000000697 23.999999999999368 -4.3225443940309184e-19
6.359375 1.9999999999999996 24.0 2.000000000000697 23.999999999999364 -8.123242558628094e-19
6.390625 1.9999999999999996 24.0 2.0000000000006977 23.999999999999368 -1.449916056694189e-18
6.421875 1.9999999999999996 24.0 2.0000000000006977 23.999999999999364 -2.498590031010466e-18
6.453125 1.9999999999999996 24.0 2.000000000000698 23.999999999999364 -4.1961531058258706e-18
6.484375 1.9999999999999996 24.0 2.000000000000697 23.99999999999936 -6.908033070364404e-18
6.515625 1.9999999999999996 24.0 2.000000000000697 23.99999999999936 -1.1191819602844879e-17
6.546875 1.9999999999999996 24.0 2.000000000000697 23.999999999999353 -1.7892814642745072e-17
6.578125 1.9999999999999996 24.0 2.000000000000697 23.999999999999353 -2.828480622676629e-17
6.609375 1.9999999999999996 24.0 2.000000000000698 23.999999999999357 -4.427650759039602e-17
6.640625 1.9999999999999996 24.0 2.000000000000698 23.999999999999353 -6.871293963104205e-17
6.671875 1.9999999999999996 24.0 2.0000000000006994 23.99999999999936 -1.0581352319837788e-16
6.703125 1.9999999999999996 24.0 2.000000000000698 23.99999999999935 -1.6180622920595578e-16
6.734375 1.9999999999999996 24.0 2.0000000000006963 23.99999999999934 -2.4584179170539287e-16
6.765625 1.9999999999999996 24.0 2.0000000000006954 23.999999999999332 -3.7130643844254734e-16
6.796875 1.9999999999999996 24.0 2.0000000000006954 23.999999999999332 -5.576995431938721e-16
6.828125 1.9999999999999996 24.0 2.0000000000006946 23.999999999999325 -8.333090963179003e-16
6.859375 2.0000000000000018 24.0 2.0000000000006937 23.99999999999932 -1.2390097532254693e-15
6.890625 2.0000000000000018 24.0 2.0000000000006937 23.99999999999932 -1.833634667520214e-15
6.921875 2.0000000000000018 24.0 2.0000000000006937 23.99999999999932 -2.7015457262591083e-15
6.953125 1.9999999999999991 24.0 2.000000000000693 23.999999999999318 -3.963263749308563e-15
6.984375 2.0000000000000004 24.0 2.000000000000693 23.99999999999931 -5.790342783568785e-15
7.015625 2.0000000000000018 24.0 2.000000000000693 23.999999999999304 -8.426110147273168e-15
7.046875 2.0000000000000036 24.0 2.000000000000693 23.9999999999993 -1.2214485147172358e-14
7.078125 2.0000000000000027 24.0 2.000000000000693 23.999999999999297 -1.7639885483553146e-14
7.109375 2.0000000000000053 24.0 2.000000000000695 23.999999999999304 -2.53822982660602e-14
7.140625 2.000000000000008 24.0 2.000000000000698 23.999999999999304 -3.63930197719041e-14
7.171875 2.000000000000011 24.0 2.000000000000699 23.999999999999297 -5.1998468342356297e-14
7.203125 2.0000000000000133 24.0 2.0000000000007017 23.99999999999929 -7.404199539793786e-14
7.234375 2.0000000000000218 24.0 2.000000000000706 23.99999999999929 -1.050769502468153e-13
7.265625 2.0000000000000275 24.0 2.0000000000007123 23.999999999999282 -1.4862863863463673e-13
7.296875 2.00000000000004 24.0 2.0000000000007208 23.999999999999275 -2.0954856369736308e-13
7.328125 2.000000000000054 24.0 2.0000000000007345 23.999999999999275 -2.9449184610589434e-13
7.359375 2.0000000000000773 24.0 2.000000000000754 23.999999999999275 -4.1255848706260836e-13
7.390625 2.000000000000107 24.0 2.000000000000779 23.999999999999268 -5.761517913992377e-13
7.421875 2.0000000000001497 24.0 2.000000000000815 23.999999999999268 -8.021235938183894e-13
7.453125 2.000000000000207 24.0 2.0000000000008633 23.999999999999268 -1.113296906264696e-12
7.484375 2.0000000000002847 24.0 2.000000000000929 23.999999999999257 -1.5404834363647938e-12
7.515625 2.0000000000003926 24.0 2.0000000000010205 23.999999999999254 -2.1251475998174054e-12
7.546875 2.000000000000539 24.0 2.0000000000011458 23.999999999999247 -2.922911974610753e-12
7.578125 2.0000000000007403 24.0 2.0000000000013163 23.99999999999924 -4.008153816462366e-12
7.609375 2.0000000000010103 24.0 2.000000000001547 23.999999999999233 -5.480010911465506e-12
7.640625 2.0000000000013767 24.0 2.0000000000018607 23.999999999999233 -7.470200829441743e-12
7.671875 2.0000000000018665 24.0 2.0000000000022844 23.999999999999233 -1.0153164275917284e-11
7.703125 2.0000000000025255 24.0 2.000000000002853 23.999999999999226 -1.3759175065993107e-11
7.734375 2.0000000000034057 24.0 2.000000000003614 23.999999999999215 -1.8591221278310382e-11
7.765625 2.0000000000045817 24.0 2.000000000004632 23.99999999999921 -2.5046660111161175e-11
7.796875 2.000000000006146 24.0 2.000000000005988 23.999999999999204 -3.364488926874075e-11
7.828125 2.0000000000082188 24.0 2.0000000000077884 23.999999999999197 -4.506256740414861e-11
7.859375 2.0000000000109623 24.0 2.0000000000101723 23.99999999999919 -6.017826279695694e-11
7.890625 2.0000000000145706 24.0 2.000000000013321 23.99999999999919 -8.012882088826562e-11
7.921875 2.000000000019319 24.0 2.0000000000174625 23.999999999999183 -1.0638022529341046e-10
7.953125 2.0000000000255342 24.0 2.0000000000228946 23.99999999999918 -1.4081629059050188e-10
7.984375 2.0000000000336504 24.0 2.00000000003 23.99999999999918 -1.8584917425466984e-10
8.015625 2.000000000044214 24.0 2.000000000039263 23.999999999999183 -2.445564327745659e-10
8.046875 2.000000000057919 24.0 2.0000000000513003 23.999999999999176 -3.2085017244722926e-10
8.078125 2.0000000000756475 24.0 2.000000000066895 23.999999999999172 -4.196847518033573e-10
8.109375 2.000000000098502 24.0 2.0000000000870304 23.99999999999917 -5.473104646628257e-10
8.140625 2.0000000001278706 24.0 2.000000000112948 23.99999999999916 -7.115816430660233e-10
8.171875 2.0000000001654876 24.0 2.000000000146199 23.999999999999154 -9.22328624068492e-10
8.203125 2.0000000002135057 24.0 2.0000000001887166 23.999999999999158 -1.191803958165589e-09
8.234375 2.000000000274591 24.0 2.000000000242899 23.999999999999147 -1.5352140059132596e-09
8.265625 2.000000000352041 24.0 2.0000000003117124 23.999999999999147 -1.971347542156692e-09
8.296875 2.0000000004498846 24.0 2.000000000398801 23.99999999999914 -2.523312985973188e-09
8.328125 2.0000000005730527 24.0 2.000000000508628 23.99999999999913 -3.219395161131922e-09
8.359375 2.0000000007275305 24.0 2.0000000006466276 23.99999999999912 -4.094040754180995e-09
8.390625 2.0000000009205494 24.0 2.0000000008193854 23.999999999999112 -5.1889784705830064e-09
8.421875 2.000000001160797 24.0 2.0000000010348327 23.99999999999911 -6.554474776039984e-09
8.453125 2.0000000014586345 24.0 2.000000001302465 23.999999999999105 -8.250718395545009e-09
8.484375 2.0000000018263617 24.0 2.0000000016335795 23.999999999999098 -1.0349315607112637e-08
8.515625 2.000000002278438 24.0 2.0000000020415243 23.999999999999083 -1.2934862794373492e-08
8.546875 2.000000002831756 24.0 2.0000000025419506 23.999999999999076 -1.610654146399652e-08
8.578125 2.000000003505867 24.0 2.0000000031530485 23.999999999999073 -1.9979652470463198e-08
8.609375 2.00000000432316 24.0 2.0000000038957673 23.999999999999076 -2.4686968687730042e-08
8.640625 2.000000005308984 24.0 2.000000004793969 23.99999999999907 -3.037973662956737e-08
8.671875 2.0000000064916637 24.0 2.000000005874499 23.999999999999062 -3.722809494294276e-08
8.703125 2.0000000079023086 24.0 2.000000007167108 23.999999999999055 -4.542059821685135e-08
8.734375 2.0000000095744124 24.0 2.0000000087041707 23.999999999999048 -5.5162434587404565e-08
8.765625 2.0000000115430976 24.0 2.0000000105201137 23.99999999999904 -6.667180104523568e-08
8.796875 2.000000013843881 24.0 2.000000012650445 23.99999999999904 -8.017374642759501e-08
8.828125 2.000000016510853 24.0 2.0000000151302446 23.999999999999034 -9.589060343071351e-08
8.859375 2.0000000195739975 24.0 2.0000000179919395 23.999999999999023 -1.1402790157076528e-07
8.890625 2.0000000230554904 24.0 2.000000021262154 23.99999999999902 -1.3475437614470108e-07
8.921875 2.0000000269646145 24.0 2.000000024957349 23.999999999999012 -1.581743565263702e-07
8.953125 2.0000000312909463 24.0 2.000000029077932 23.99999999999901 -1.842904225897277e-07
8.984375 2.0000000359953884 24.0 2.000000033600421 23.999999999999 -2.129537521443204e-07
9.015625 2.000000040998452 24.0 2.000000038467177 23.99999999999899 -2.4379903603245343e-07
9.046875 2.0000000461651943 24.0 2.0000000435731096 23.999999999998984 -2.7616020174017365e-07
9.078125 2.000000051286009 24.0 2.000000048748637 23.999999999998984 -3.089624517400078e-07
9.109375 2.0000000560523588 24.0 2.000000053738076 23.999999999998984 -3.405852802832484e-07
9.140625 2.0000000600263803 24.0 2.000000058172457 23.999999999998987 -3.686901735755997e-07
9.171875 2.0000000626030965 24.0 2.0000000615355997 23.999999999998987 -3.900056158431509e-07
9.203125 2.000000062963799 24.0 2.000000063122105 23.999999999998984 -4.00060811963365e-07
9.234375 2.000000060018857 24.0 2.000000061985678 23.999999999998984 -3.92858192564735e-07
9.265625 2.000000052338133 24.0 2.0000000568759995 23.999999999998984 -3.6047328921586107e-07
9.296875 2.000000038066707 24.0 2.0000000461620786 23.999999999998984 -2.9256895874623466e-07
9.328125 2.000000014823507 24.0 2.000000027739766 23.999999999998984 -1.75809204796358e-07
9.359375 1.99999997958007 24.0 1.9999999989208095 23.999999999998984 6.84399496390746e-09
9.390625 1.9999999285163117 24.0 1.9999999563005266 23.99999999999898 2.769693754259723e-07
9.421875 1.9999998568499835 24.0 1.999999895600859 23.999999999998977 6.6168109169794e-07
9.453125 1.9999997586360239 24.0 1.9999998114852624 23.99999999999897 1.1948019652308614e-06
9.484375 1.9999996265318678 24.0 1.9999996973415577 23.99999999999897 1.91823977061019e-06
9.515625 1.9999994515243338 24.0 1.999999545028583 23.99999999999897 2.8835929655655025e-06
9.546875 1.9999992226135865 24.0 1.9999993445822066 23.99999999999897 4.154014011294916e-06
9.578125 1.9999989264493645 24.0 1.9999990838760242 23.99999999999896 5.806359934410772e-06
9.609375 1.9999985469145345 24.0 1.999998748231877 23.999999999998956 7.933660947464523e-06
9.640625 1.9999980646510156 24.0 1.9999983199752194 23.999999999998956 1.0647938659910819e-05
9.671875 1.99999745652309 24.0 1.9999977779303428 23.99999999999895 1.4083405549510238e-05
9.703125 1.9999966950132855 24.0 1.9999970968505594 23.999999999998938 1.8400076786345152e-05
9.734375 1.9999957475463594 24.0 1.9999962467786745 23.99999999999894 2.3787824056655596e-05
9.765625 1.999994575737341 24.0 1.999995192333458 23.99999999999894 3.047089856032277e-05
9.796875 1.9999931345603434 24.0 1.9999938919184408 23.999999999998938 3.871294668531413e-05
9.828125 1.9999913714357194 24.0 1.9999922968501316 23.999999999998934 4.882253682205016e-05
9.859375 1.9999892252343539 24.0 1.9999903504038032 23.999999999998927 6.115920919813026e-05
9.890625 1.9999866251992728 24.0 1.9999879867763148 23.999999999998927 7.614005232250465e-05
9.921875 1.9999834897866702 24.0 1.999985129967063 23.999999999998913 9.424679947325484e-05
9.953125 1.9999797254303564 24.0 1.9999816925800575 23.99999999999891 0.00011603342650898227
9.984375 1.9999752252362357 24.0 1.9999775745523953 23.999999999998913 0.00014213421802187232
10.015625 1.9999698676160949 24.0 1.9999726618170421 23.999999999998913 0.00017327225240822825
10.046875 1.9999635148731965 24.0 1.9999668249107638 23.999999999998913 0.00021026823778249598
10.078125 1.9999560117556454 24.0 1.9999599175413745 23.999999999998906 0.00025404960983168684
10.109375 1.999947183997248 24.0 1.9999517751321259 23.9999999999989 0.0003056597797921633
10.140625 1.9999368368697208 24.0 1.9999422133650044 23.999999999998895 0.0003662673958988225
10.171875 1.9999247537744853 24.0 1.9999310267489294 23.9999999999989 0.00043717545516134556
10.203125 1.9999106949066663 24.0 1.9999179872432662 23.99999999999889 0.0005198300745101878
10.234375 1.9998943960286535 24.0 1.999902842971664 23.999999999998884 0.0006158287016735327
10.265625 1.9998755673951087 24.0 1.9998853170658197 23.999999999998884 0.0007269275171483163
10.296875 1.9998538928758636 24.0 1.9998651066833442 23.999999999998874 0.0008550477499748933
10.328125 1.9998290293272576 24.0 1.9998418822483077 23.99999999999887 0.0010022806024855794
10.359375 1.9998006062665017 24.0 1.9998152869670656 23.99999999999887 0.0011708904536466504
10.390625 1.999768225906742 24.0 1.9997849366755647 23.999999999998863 0.00136331598802327
10.421875 1.9997314636131214 24.0 1.9997504200772553 23.999999999998856 0.0015821688788247121
10.453125 1.9996898688416709 24.0 1.9997112994327781 23.999999999998852 0.001830229640059798
10.484375 1.9996429666233557 24.0 1.999667111763665 23.99999999999885 0.0021104402557239545
10.515625 1.9995902596546722 24.0 1.9996173706320888 23.999999999998835 0.0024258931943456344
10.546875 1.9995312310537827 24.0 1.9995615685570802 23.999999999998828 0.002779816426326757
10.578125 1.999465347837121 24.0 1.999499180124355 23.99999999999882 0.0031755540804596885
10.609375 1.9993920651653252 24.0 1.9994296658419186 23.99999999999882 0.003616542405846326
10.640625 1.9993108313993964 24.0 1.9993524767865822 23.99999999999882 0.004106280747108303
10.671875 1.9992210939978836 24.0 1.9992670600774964 23.999999999998813 0.004648297295010989
10.703125 1.9991223062736054 24.0 1.999172865201646 23.999999999998806 0.005246109441955015
10.734375 1.9990139350139449 24.0 1.9990693512028308 23.999999999998806 0.00590317865247471
10.765625 1.9988954689522282 24.0 1.9989559947301823 23.999999999998806 0.006622859852864577
10.796875 1.998766428059115 24.0 1.9988322989246639 23.99999999999881 0.007408345450915949
10.828125 1.998626373602549 24.0 1.9986978031025036 23.999999999998806 0.008262604215674192
10.859375 1.9984749189029762 24.0 1.9985520931733638 23.9999999999988 0.009188315376884767
10.890625 1.9983117406874429 24.0 1.9983948127085274 23.999999999998792 0.01018779844269984
10.921875 1.998136590922492 24.0 1.9982256745509137 23.999999999998785 0.01126293938012599
10.953125 1.9979493089816849 24.0 1.9980444728347992 23.999999999998785 0.012415113953013106
10.984375 1.997749833979997 24.0 1.9978510952592066 23.999999999998785 0.013645109164084353
11.015625 1.997538217084751 24.0 1.997645535435734 23.999999999998778 0.014953043897151557
11.046875 1.997314633591705 24.0 1.9974279051097215 23.99999999999877 0.016338289999458067
11.078125 1.997079394536469 24.0 1.9971984460337995 23.999999999998767 0.017799395177961152
11.109375 1.9968329575959611 24.0 1.99695754125582 23.999999999998767 0.019334009203016627
11.140625 1.9965759370229155 24.0 1.996705725569535 23.999999999998764 0.020938815013958157
11.171875 1.996309112349528 24.0 1.9964436948669477 23.999999999998757 0.022609466399069394
11.203125 1.9960334355940061 24.0 1.9961723141266008 23.99999999999875 0.02434053397314911
11.234375 1.9957500367075387 24.0 1.9958926237727184 23.999999999998742 0.026125461195244212
11.265625 1.9954602270085378 24.0 1.9956058441466273 23.999999999998735 0.027956532153544326
11.296875 1.9951655003668594 24.0 1.9953133778444236 23.999999999998735 0.02982485279080091
11.328125 1.9948675319225997 24.0 1.9950168096937544 23.999999999998735 0.031720347149536324
11.359375 1.9945681741525068 24.0 1.9947179041677918 23.999999999998735 0.033631770080131254
11.390625 1.9942694501313294 24.0 1.994418600065797 23.999999999998735 0.03554673767593849
11.421875 1.9939735438753277 24.0 1.9941210023269056 23.999999999998728 0.037451776478212004
11.453125 1.993682787700136 24.0 1.9938273708862648 23.999999999998725 0.039332392231319985
11.484375 1.993399646574463 24.0 1.9935401065298675 23.99999999999872 0.041173158668053204
11.515625 1.9931266995036017 24.0 1.9932617337554484 23.99999999999872 0.04295782646966331
11.546875 1.992866618031946 24.0 1.9929948807007984 23.99999999999872 0.04466945218057142
11.578125 1.9926221420097896 24.0 1.9927422562566446 23.99999999999872 0.04629054646961692
11.609375 1.9923960528264235 24.0 1.9925066245378034 23.999999999998714 0.04780324072547297
11.640625 1.9921911443667955 24.0 1.9922907769424492 23.999999999998714 0.04918947056157731
11.671875 1.99201019200249 24.0 1.99209750208384 23.999999999998703 0.05043117439454236
11.703125 1.9918559199774992 24.0 1.9919295539306363 23.9999999999987 0.051510504859034176
11.734375 1.9917309675950727 24.0 1.991789618539784 23.9999999999987 0.052410050441439045
11.765625 1.9916378546518405 24.0 1.9916802798089508 23.9999999999987 0.05311306436428788
11.796875 1.9915789465994957 24.0 1.991603984712589 23.999999999998693 0.05360369744326279
11.828125 1.9915564199409557 24.0 1.9915630085161582 23.999999999998685 0.05386723137812902
11.859375 1.9915722283871957 24.0 1.9915594204860545 23.99999999999867 0.05389030873688286
11.890625 1.9916280703116893 24.0 1.991595050627871 23.99999999999867 0.05366115575656725
11.921875 1.9917253580417686 24.0 1.991671457992212 23.99999999999867 0.05316979402112389
11.953125 1.9918651895195483 24.0 1.991789901085132 23.99999999999867 0.05240823709138409
11.984375 1.9920483228493788 24.0 1.9919513109091738 23.99999999999866 0.05137066825821273
12.015625 1.992275154224112 24.0 1.9921562671407211 23.999999999998657 0.05005359576840977
12.046875 1.9925456996887094 24.0 1.9924049779201845 23.99999999999865 0.048455982133748285
12.078125 1.9928595811572143 24.0 1.9926972636933877 23.999999999998646 0.046579344473933665
12.109375 1.9932160170480222 24.0 1.9930325454956588 23.999999999998643 0.04442782325967287
12.140625 1.9936138178433769 24.0 1.9934098380150302 23.99999999999864 0.04200821730578457
12.171875 1.9940513868122034 24.0 1.9938277477079602 23.999999999998643 0.03932998340777328
12.203125 1.9945267260619293 24.0 1.9942844761707805 23.999999999998636 0.03640519960818808
12.234375 1.9950374480053366 24.0 1.994777828893406 23.99999999999863 0.033248491709506556
12.265625 1.9955807922437934 24.0 1.995305229439564 23.99999999999862 0.02987692330508533
12.296875 1.9961536477796722 24.0 1.9958637390110345 23.999999999998618 0.026309850264809496
12.328125 1.9967525803796664 24.0 1.99645008126341 23.999999999998618 0.022568741272777516
12.359375 1.9973738648186663 24.0 1.9970606721490518 23.999999999998614 0.018676966655785724
12.390625 1.998013521642256 24.0 1.9976916544709473 23.999999999998614 0.014659558348819613
12.421875 1.998667357997329 24.0 1.9983389367408146 23.999999999998607 0.01054294440308875
12.453125 1.9993310119959429 24.0 1.9989982358480265 23.999999999998604 0.006354661940193942
12.484375 1.9999999999999996 24.0 1.999665122964793 23.999999999998607 0.002123052880951984
12.515625 2.000669766145818 24.0 2.000335072039673 23.999999999998597 -0.002123052880951984
12.546875 2.0013357333697948 24.0 2.001003510168065 23.999999999998593 -0.006354661940193942
12.578125 2.001993355151661 24.0 2.001665869076799 23.999999999998593 -0.01054294440308875
12.609375 2.0026381671618303 24.0 2.0023176369223785 23.999999999998582 -0.014659558348819613
12.640625 2.0032658379854444 24.0 2.00295440958034 23.999999999998572 -0.018676966655785724
12.671875 2.003872218099441 24.0 2.003571940597941 23.999999999998572 -0.022568741272777516
12.703125 2.0044533863004075 24.0 2.0041661889949474 23.999999999998572 -0.026309850264809496
12.734375 2.005005692820967 24.0 2.0047333641280245 23.999999999998558 -0.02987692330508533
12.765625 2.005525798429853 24.0 2.0052699668829796 23.999999999998558 -0.033248491709506556
12.796875 2.006010708885205 24.0 2.0057728265251846 23.999999999998558 -0.03640519960818808
12.828125 2.0064578042001333 24.0 2.0062391326206983 23.999999999998558 -0.03932998340777328
12.859375 2.0068648622820344 24.0 2.0066664615368586 23.99999999999855 -0.04200821730578457
12.890625 2.0072300766200724 24.0 2.0070527971391647 23.999999999998543 -0.04442782325967287
12.921875 2.0075520678154595 24.0 2.007396545418256 23.999999999998543 -0.046579344473933665
12.953125 2.007829888873526 24.0 2.0076965429034854 23.999999999998543 -0.048455982133748285
12.984375 2.0080630243013196 24.0 2.007952058844607 23.999999999998536 -0.05005359576840977
13.015625 2.0082513831765967 24.0 2.0081627912669644 23.99999999999853 -0.05137066825821273
13.046875 2.008395286469621 24.0 2.00832885712478 23.99999999999853 -0.05240823709138409
13.078125 2.008495449005603 24.0 2.0084507768885436 23.999999999998526 -0.05316979402112389
13.109375 2.0085529565497833 24.0 2.0085294540030922 23.999999999998515 -0.05366115575656725
13.140625 2.008569238577031 24.0 2.0085661497402256 23.999999999998508 -0.05389030873688286
13.171875 2.0085460373516018 24.0 2.0085624540417193 23.999999999998508 -0.05386723137812902
13.203125 2.0084853739893846 24.0 2.0085202530039323 23.9999999999985 -0.05360369744326279
13.234375 2.0083895122038564 24.0 2.0084416936929985 23.9999999999985 -0.05311306436428788
13.265625 2.0082609204483695 24.0 2.008329146999695 23.999999999998494 -0.052410050441439045
13.296875 2.0081022331618894 24.0 2.008185169245933 23.999999999998487 -0.051510504859034176
13.328125 2.007916211803962 24.0 2.008012463241191 23.99999999999848 -0.05043117439454236
13.359375 2.007705706329197 24.0 2.007813839458599 23.99999999999848 -0.04918947056157731
13.390625 2.0074736177037313 24.0 2.0075921779584647 23.99999999999848 -0.04780324072547297
13.421875 2.00722286200814 24.0 2.007350391633838 23.99999999999848 -0.04629054646961692
13.453125 2.0069563366052674 24.0 2.007091391290426 23.999999999998472 -0.04466945218057142
13.484375 2.0066768887798587 24.0 2.006818053004124 23.99999999999847 -0.04295782646966331
13.515625 2.006387287181946 24.0 2.0065331881258235 23.999999999998458 -0.041173158668053204
13.546875 2.006090196329485 24.0 2.0062395162272724 23.99999999999845 -0.039332392231319985
13.578125 2.0057881543504377 24.0 2.005939641205634 23.99999999999845 -0.037451776478212004
13.609375 2.005483554071176 24.0 2.0056360306898484 23.999999999998458 -0.03554673767593849
13.640625 2.0051786274890864 24.0 2.005330998820596 23.999999999998447 -0.033631770080131254
13.671875 2.004875433603247 24.0 2.0050266924090367 23.999999999998444 -0.031720347149536324
13.703125 2.0045758495192922 24.0 2.0047250804184644 23.999999999998444 -0.02982485279080091
13.734375 2.0042815646937573 24.0 2.004427946658698 23.99999999999843 -0.027956532153544326
13.765625 2.003994078139513 24.0 2.0041368855357327 23.999999999998415 -0.026125461195244212
13.796875 2.0037146983780856 24.0 2.003853300659392 23.999999999998415 -0.02434053397314911
13.828125 2.0034445458961168 24.0 2.0035784060795505 23.999999999998415 -0.022609466399069394
13.859375 2.00318455784232 24.0 2.0033132298968486 23.999999999998415 -0.020938815013958157
13.890625 2.0029354946873217 24.0 2.00305861997639 23.999999999998415 -0.019334009203016627
13.921875 2.0026979485616576 24.0 2.002815251482464 23.999999999998415 -0.017799395177961152
13.953125 2.0024723529859534 24.0 2.002583635948219 23.99999999999841 -0.016338289999458067
13.984375 2.0022589937118487 24.0 2.002364131595914 23.99999999999841 -0.014953043897151557
14.015625 2.0020580204012908 24.0 2.0021569546303017 23.9999999999984 -0.013645109164084353
14.046875 2.001869458885275 24.0 2.001962191239027 23.9999999999984 -0.012415113953013106
14.078125 2.0016932237598835 24.0 2.001779810049105 23.9999999999984 -0.01126293938012599
14.109375 2.0015291310969436 24.0 2.0016096748067724 23.99999999999839 -0.01018779844269984
14.140625 2.001376911068173 24.0 2.0014515570686084 23.999999999998387 -0.009188315376884767
14.171875 2.0012362203047003 24.0 2.0013051487141524 23.99999999999838 -0.008262604215674192
14.203125 2.0011066538375526 24.0 2.001170074113693 23.999999999998373 -0.007408345450915949
14.234375 2.0009877564886773 24.0 2.0010459018088147 23.99999999999836 -0.006622859852864577
14.265625 2.000879033605768 24.0 2.000932155587207 23.99999999999836 -0.00590317865247471
14.296875 2.0007799610573245 24.0 2.0008283248566467 23.99999999999835 -0.005246109441955015
14.328125 2.000689994426066 24.0 2.000733874245637 23.999999999998344 -0.004648297295010989
14.359375 2.0006085773596554 24.0 2.0006482523793965 23.999999999998337 -0.004106280747108303
14.390625 2.00053514905634 24.0 2.000570899799712 23.99999999999833 -0.003616542405846326
14.421875 2.000469150880423 24.0 2.0005012560151583 23.99999999999833 -0.0031755540804596885
14.453125 2.0004100321174434 24.0 2.000438765684307 23.99999999999833 -0.002779816426326757
14.484375 2.000357254892171 24.0 2.0003828839486957 23.999999999998327 -0.0024258931943456344
14.515625 2.0003102982835324 24.0 2.000333080944414 23.99999999999832 -0.0021104402557239545
14.546875 2.000268661679659 24.0 2.0002888455312027 23.999999999998316 -0.001830229640059798
14.578125 2.000231867423374 24.0 2.0002496882860674 23.99999999999831 -0.0015821688788247121
14.609375 2.0001994628036814 24.0 2.0002151438145654 23.99999999999831 -0.00136331598802327
14.640625 2.0001710214523563 24.0 2.000184772437293 23.99999999999831 -0.0011708904536466504
14.671875 2.000146144206738 24.0 2.0001581613118806 23.99999999999831 -0.0010022806024855794
14.703125 2.0001244595003778 24.0 2.000134925052023 23.99999999999831 -0.0008550477499748933
14.734375 2.0001056233425842 24.0 2.0001147059050304 23.999999999998295 -0.0007269275171483163
14.765625 2.0000893189461166 24.0 2.0000971735481814 23.999999999998288 -0.0006158287016735327
14.796875 2.0000752560598136 24.0 2.000082024561981 23.999999999998288 -0.0005198300745101878
14.828125 2.0000631700596236 24.0 2.0000689816355335 23.99999999999828 -0.00043717545516134556
14.859375 2.000052820847689 24.0 2.0000577925556433 23.999999999998273 -0.0003662673958988225
14.890625 2.0000439916050072 24.0 2.0000482290272723 23.999999999998273 -0.0003056597797921633
14.921875 2.0000364874387433 24.0 2.0000400853686684 23.99999999999826 -0.00025404960983168684
14.953125 2.000030133960817 24.0 2.0000331771200326 23.999999999998252 -0.00021026823778249598
14.984375 2.0000247758297576 24.0 2.0000273396000052 23.999999999998252 -0.00017327225240822825
15.015625 2.000020275283539 24.0 2.0000224264398287 23.999999999998245 -0.00014213421802187232
15.046875 2.0000165106867387 24.0 2.0000183081206737 23.999999999998245 -0.00011603342650898227
15.078125 2.0000133751113984 24.0 2.000014870535475 23.99999999999823 -9.424679947325484e-05
15.109375 2.000010774967268 24.0 2.0000120135927495 23.999999999998224 -7.614005232250465e-05
15.140625 2.0000086286935783 24.0 2.000009649876268 23.999999999998224 -6.115920919813026e-05
15.171875 2.000006865521515 24.0 2.000007703371229 23.99999999999823 -4.882253682205016e-05
15.203125 2.0000054243137564 24.0 2.000006108264623 23.99999999999822 -3.871294668531413e-05
15.234375 2.000004252485046 24.0 2.0000048078249257 23.99999999999821 -3.047089856032277e-05
15.265625 2.000003305005682 24.0 2.0000037533640116 23.999999999998206 -2.3787824056655596e-05
15.296875 2.0000025434881463 24.0 2.0000029032822866 23.99999999999821 -1.8400076786345152e-05
15.328125 2.00000193535549 24.0 2.000002222196432 23.999999999998202 -1.4083405549510238e-05
15.359375 2.0000014530891326 24.0 2.000001680147874 23.999999999998188 -1.0647938659910819e-05
15.390625 2.0000010735526357 24.0 2.0000012518890298 23.99999999999818 -7.933660947464523e-06
15.421875 2.00000077738746 24.0 2.000000916243615 23.999999999998174 -5.806359934410772e-06
15.453125 2.00000054847619 24.0 2.0000006555367182 23.99999999999816 -4.154014011294916e-06
15.484375 2.0000003734683762 24.0 2.0000004550899524 23.999999999998153 -2.8835929655655025e-06
15.515625 2.0000002413640776 24.0 2.0000003027767743 23.999999999998145 -1.91823977061019e-06
15.546875 2.000000143150053 24.0 2.0000001886329706 23.99999999999814 -1.1948019652308614e-06
15.578125 2.0000000714836967 24.0 2.000000104517331 23.999999999998135 -6.6168109169794e-07
15.609375 2.000000020419934 24.0 2.000000043817648 23.999999999998135 -2.769693754259723e-07
15.640625 1.9999999851764942 24.0 2.000000001197362 23.99999999999813 -6.84399496390746e-09
15.671875 1.9999999619332995 24.0 1.9999999723784072 23.99999999999813 1.75809204796358e-07
15.703125 1.9999999476618735 24.0 1.9999999539560962 23.999999999998128 2.9256895874623466e-07
15.734375 1.9999999399811483 24.0 1.9999999432421758 23.999999999998124 3.6047328921586107e-07
15.765625 1.999999937036209 24.0 1.9999999381324982 23.999999999998124 3.92858192564735e-07
15.796875 1.9999999373969073 24.0 1.9999999369960713 23.999999999998117 4.00060811963365e-07
15.828125 1.9999999399736268 24.0 1.9999999385825764 23.999999999998117 3.900056158431509e-07
15.859375 1.999999943947647 24.0 1.9999999419457186 23.999999999998117 3.686901735755997e-07
15.890625 1.9999999487139977 24.0 1.9999999463800973 23.99999999999811 3.405852802832484e-07
15.921875 1.9999999538348094 24.0 1.999999951369536 23.99999999999811 3.089624517400078e-07
15.953125 1.9999999590015503 24.0 1.9999999565450626 23.999999999998103 2.7616020174017365e-07
15.984375 1.9999999640046155 24.0 1.9999999616509947 23.999999999998103 2.4379903603245343e-07
16.015625 1.9999999687090562 24.0 1.9999999665177515 23.999999999998096 2.129537521443204e-07
16.046875 1.9999999730353897 24.0 1.9999999710402403 23.99999999999809 1.842904225897277e-07
16.078125 1.999999976944513 24.0 1.999999975160824 23.99999999999809 1.581743565263702e-07
16.109375 1.9999999804260038 24.0 1.99999997885602 23.99999999999809 1.3475437614470108e-07
16.140625 1.9999999834891504 24.0 1.9999999821262349 23.99999999999808 1.1402790157076528e-07
16.171875 1.9999999861561206 24.0 1.9999999849879306 23.99999999999808 9.589060343071351e-08
16.203125 1.9999999884569069 24.0 1.9999999874677301 23.999999999998074 8.017374642759501e-08
16.234375 1.9999999904255894 24.0 1.9999999895980607 23.999999999998067 6.667180104523568e-08
16.265625 1.9999999920976914 24.0 1.9999999914140043 23.999999999998067 5.5162434587404565e-08
16.296875 1.9999999935083348 24.0 1.9999999929510688 23.999999999998067 4.542059821685135e-08
16.328125 1.9999999946910147 24.0 1.999999994243678 23.99999999999806 3.722809494294276e-08
16.359375 1.9999999956768408 24.0 1.9999999953242091 23.999999999998053 3.037973662956737e-08
16.390625 1.9999999964941326 24.0 1.9999999962224098 23.99999999999804 2.4686968687730042e-08
16.421875 1.9999999971682425 24.0 1.9999999969651276 23.999999999998032 1.9979652470463198e-08
16.453125 1.999999997721563 24.0 1.999999997576225 23.99999999999803 1.610654146399652e-08
16.484375 1.9999999981736396 24.0 1.9999999980766507 23.999999999998025 1.2934862794373492e-08
16.515625 1.9999999985413641 24.0 1.9999999984845966 23.999999999998018 1.0349315607112637e-08
16.546875 1.9999999988392057 24.0 1.9999999988157113 23.99999999999801 8.250718395545009e-09
16.578125 1.9999999990794535 24.0 1.9999999990833435 23.99999999999801 6.554474776039984e-09
16.609375 1.9999999992724706 24.0 1.9999999992987918 23.99999999999801 5.1889784705830064e-09
16.640625 1.9999999994269466 24.0 1.9999999994715503 23.99999999999801 4.094040754180995e-09
16.671875 1.9999999995501154 24.0 1.999999999609551 23.999999999998003 3.219395161131922e-09
16.703125 1.999999999647959 24.0 1.9999999997193778 23.999999999997996 2.523312985973188e-09
16.734375 1.999999999725407 24.0 1.9999999998064668 23.999999999997996 1.971347542156692e-09
16.765625 1.9999999997864955 24.0 1.9999999998752793 23.99999999999799 1.5352140059132596e-09
16.796875 1.9999999998345113 24.0 1.9999999999294618 23.99999999999799 1.191803958165589e-09
16.828125 1.999999999872129 24.0 1.9999999999719789 23.999999999997982 9.22328624068492e-10
16.859375 1.9999999999014986 24.0 2.000000000005229 23.999999999997975 7.115816430660233e-10
16.890625 1.9999999999243536 24.0 2.0000000000311475 23.999999999997968 5.473104646628257e-10
16.921875 1.9999999999420819 24.0 2.0000000000512834 23.999999999997968 4.196847518033573e-10
16.953125 1.9999999999557878 24.0 2.0000000000668785 23.999999999997968 3.2085017244722926e-10
16.984375 1.9999999999663503 24.0 2.0000000000789155 23.99999999999796 2.445564327745659e-10
17.015625 1.9999999999744664 24.0 2.0000000000881775 23.99999999999796 1.8584917425466984e-10
17.046875 1.9999999999806826 24.0 2.000000000095282 23.999999999997954 1.4081629059050188e-10
17.078125 1.999999999985427 24.0 2.000000000100714 23.999999999997947 1.0638022529341046e-10
17.109375 1.999999999989039 24.0 2.000000000104855 23.999999999997936 8.012882088826562e-11
17.140625 1.999999999991783 24.0 2.000000000108003 23.999999999997932 6.017826279695694e-11
17.171875 1.9999999999938554 24.0 2.00000000011039 23.999999999997947 4.506256740414861e-11
17.203125 1.9999999999954179 24.0 2.000000000112192 23.999999999997943 3.364488926874075e-11
17.234375 1.9999999999965936 24.0 2.00000000011355 23.999999999997954 2.5046660111161175e-11
17.265625 1.9999999999974742 24.0 2.000000000114566 23.999999999997943 1.8591221278310382e-11
17.296875 1.9999999999981335 24.0 2.0000000001153273 23.99999999999794 1.3759175065993107e-11
17.328125 1.999999999998626 24.0 2.0000000001158957 23.999999999997932 1.0153164275917284e-11
17.359375 1.9999999999989901 24.0 2.0000000001163185 23.999999999997932 7.470200829441743e-12
17.390625 1.999999999999261 24.0 2.000000000116633 23.999999999997932 5.480010911465506e-12
17.421875 1.9999999999994613 24.0 2.0000000001168625 23.999999999997918 4.008153816462366e-12
17.453125 1.9999999999996065 24.0 2.0000000001170326 23.99999999999791 2.922911974610753e-12
17.484375 1.9999999999997142 24.0 2.000000000117156 23.999999999997893 2.1251475998174054e-12
17.515625 1.9999999999997953 24.0 2.0000000001172475 23.999999999997883 1.5404834363647938e-12
17.546875 1.999999999999851 24.0 2.000000000117314 23.999999999997875 1.113296906264696e-12
17.578125 1.9999999999998939 24.0 2.000000000117362 23.999999999997875 8.021235938183894e-13
17.609375 1.9999999999999238 24.0 2.0000000001173994 23.999999999997883 5.761517913992377e-13
17.640625 1.9999999999999432 24.0 2.0000000001174243 23.999999999997875 4.1255848706260836e-13
17.671875 1.9999999999999618 24.0 2.000000000117443 23.99999999999788 2.9449184610589434e-13
17.703125 1.9999999999999722 24.0 2.0000000001174563 23.999999999997875 2.0954856369736308e-13
17.734375 1.9999999999999798 24.0 2.0000000001174647 23.99999999999786 1.4862863863463673e-13
17.765625 1.9999999999999867 24.0 2.0000000001174696 23.999999999997854 1.050769502468153e-13
17.796875 1.999999999999991 24.0 2.0000000001174723 23.99999999999784 7.404199539793786e-14
17.828125 1.9999999999999931 24.0 2.000000000117474 23.999999999997826 5.1998468342356297e-14
17.859375 1.9999999999999964 24.0 2.000000000117475 23.99999999999782 3.63930197719041e-14
17.890625 1.9999999999999956 24.0 2.0000000001174767 23.99999999999782 2.53822982660602e-14
17.921875 1.9999999999999987 24.0 2.0000000001174794 23.99999999999782 1.7639885483553146e-14
17.953125 1.9999999999999982 24.0 2.0000000001174802 23.999999999997822 1.2214485147172358e-14
17.984375 1.9999999999999991 24.0 2.0000000001174807 23.99999999999782 8.426110147273168e-15
18.015625 1.9999999999999987 24.0 2.0000000001174802 23.99999999999782 5.790342783568785e-15
18.046875 1.9999999999999987 24.0 2.0000000001174794 23.999999999997804 3.963263749308563e-15
18.078125 2.000000000000001 24.0 2.0000000001174785 23.999999999997797 2.7015457262591083e-15
18.109375 1.9999999999999996 24.0 2.0000000001174785 23.999999999997797 1.833634667520214e-15
18.140625 1.9999999999999996 24.0 2.0000000001174794 23.999999999997797 1.2390097532254693e-15
18.171875 1.9999999999999996 24.0 2.0000000001174785 23.99999999999779 8.333090963179003e-16
18.203125 1.9999999999999996 24.0 2.0000000001174776 23.99999999999779 5.576995431938721e-16
18.234375 1.9999999999999996 24.0 2.0000000001174776 23.999999999997787 3.7130643844254734e-16
18.265625 1.9999999999999996 24.0 2.0000000001174767 23.999999999997783 2.4584179170539287e-16
18.296875 1.9999999999999996 24.0 2.000000000117476 23.999999999997776 1.6180622920595578e-16
18.328125 1.9999999999999996 24.0 2.000000000117474 23.99999999999777 1.0581352319837788e-16
18.359375 1.9999999999999996 24.0 2.000000000117473 23.999999999997762 6.871293963104205e-17
18.390625 1.9999999999999996 24.0 2.000000000117474 23.99999999999777 4.427650759039602e-17
18.421875 1.9999999999999996 24.0 2.000000000117475 23.99999999999777 2.828480622676629e-17
18.453125 1.9999999999999996 24.0 2.000000000117474 23.999999999997762 1.7892814642745072e-17
18.484375 1.9999999999999996 24.0 2.000000000117474 23.999999999997762 1.1191819602844879e-17
18.515625 1.9999999999999996 24.0 2.000000000117474 23.999999999997762 6.908033070364404e-18
18.546875 1.9999999999999996 24.0 2.000000000117473 23.999999999997755 4.1961531058258706e-18
18.578125 1.9999999999999996 24.0 2.000000000117473 23.999999999997755 2.498590031010466e-18
18.609375 1.9999999999999996 24.0 2.000000000117473 23.999999999997748 1.449916056694189e-18
18.640625 1.9999999999999996 24.0 2.000000000117473 23.999999999997744 8.123242558628094e-19
18.671875 1.9999999999999996 24.0 2.000000000117473 23.999999999997744 4.3225443940309184e-19
18.703125 1.9999999999999996 24.0 2.000000000117473 23.99999999999774 2.1139984100659238e-19
18.734375 1.9999999999999996 24.0 2.0000000001174723 23.999999999997733 8.743644241968582e-20
18.765625 1.9999999999999996 24.0 2.0000000001174727 23.99999999999774 2.1292021952213176e-20
18.796875 1.9999999999999996 24.0 2.000000000117473 23.99999999999774 -1.120966778113034e-20
18.828125 1.9999999999999996 24.0 2.0000000001174727 23.999999999997733 -2.4794409328619503e-20
18.859375 1.9999999999999996 24.0 2.000000000117474 23.999999999997744 -2.8258874022225216e-20
18.890625 1.9999999999999996 24.0 2.000000000117474 23.99999999999774 -2.672813031849725e-20
18.921875 1.9999999999999996 24.0 2.000000000117473 23.999999999997733 -2.3088901174160298e-20
18.953125 1.9999999999999996 24.0 2.0000000001174714 23.999999999997726 -1.8889436847287846e-20
18.984375 1.9999999999999996 24.0 2.0000000001174696 23.99999999999772 -1.489719778190366e-20
19.015625 1.9999999999999996 24.0 2.0000000001174687 23.999999999997712 -1.143913179228943e-20
19.046875 1.9999999999999996 24.0 2.0000000001174683 23.999999999997705 -8.605353010410987e-21
19.078125 1.9999999999999996 24.0 2.000000000117468 23.999999999997705 -6.368100805829833e-21
19.109375 1.9999999999999996 24.0 2.000000000117467 23.9999999999977 -4.648962114637106e-21
19.140625 1.9999999999999996 24.0 2.000000000117466 23.999999999997698 -3.3550959936201877e-21
19.171875 1.9999999999999996 24.0 2.000000000117466 23.99999999999769 -2.397332648142728e-21
19.203125 1.9999999999999996 24.0 2.000000000117466 23.99999999999769 -1.698014209741317e-21
19.234375 1.9999999999999996 24.0 2.000000000117466 23.999999999997687 -1.193295339358929e-21
19.265625 1.9999999999999996 24.0 2.000000000117466 23.999999999997687 -8.326656155385357e-22
19.296875 1.9999999999999996 24.0 2.000000000117466 23.999999999997687 -5.77259160798956e-22
19.328125 1.9999999999999996 24.0 2.000000000117466 23.999999999997687 -3.977987490968176e-22
19.359375 1.9999999999999996 24.0 2.000000000117466 23.999999999997687 -2.7260073698019643e-22
19.390625 1.9999999999999996 24.0 2.000000000117466 23.99999999999769 -1.8582826090560647e-22
19.421875 1.9999999999999996 24.0 2.0000000001174674 23.99999999999769 -1.2605058654817386e-22
19.453125 1.9999999999999996 24.0 2.0000000001174683 23.99999999999769 -8.510108664216983e-23
19.484375 1.9999999999999996 24.0 2.000000000117468 23.999999999997687 -5.719737357640802e-23
19.515625 1.9999999999999996 24.0 2.000000000117468 23.99999999999769 -3.8277972523577195e-23
19.546875 1.9999999999999996 24.0 2.000000000117468 23.999999999997687 -2.5510813027808987e-23
19.578125 1.9999999999999996 24.0 2.000000000117468 23.99999999999769 -1.6934177460038927e-23
19.609375 1.9999999999999996 24.0 2.000000000117468 23.999999999997687 -1.1197544736359961e-23
19.640625 1.9999999999999996 24.0 2.000000000117468 23.99999999999769 -7.376468727502132e-24
19.671875 1.9999999999999996 24.0 2.000000000117468 23.999999999997684 -4.8415436441065506e-24
19.703125 1.9999999999999996 24.0 2.000000000117468 23.999999999997684 -3.1664072085467803e-24
19.734375 1.9999999999999996 24.0 2.0000000001174687 23.999999999997684 -2.063626327147327e-24
19.765625 1.9999999999999996 24.0 2.000000000117468 23.999999999997677 -1.3403152088627167e-24
19.796875 1.9999999999999996 24.0 2.000000000117468 23.999999999997677 -8.676038409735593e-25
19.828125 1.9999999999999996 24.0 2.0000000001174647 23.999999999997655 -5.5975613110885925e-25
19.859375 1.9999999999999996 24.0 2.0000000001174634 23.999999999997648 -3.599654906553355e-25
19.890625 1.9999999999999996 24.0 2.000000000117465 23.999999999997655 -2.3074218514254646e-25
19.921875 1.9999999999999996 24.0 2.0000000001174643 23.999999999997648 -1.474398097469421e-25
19.953125 1.9999999999999996 24.0 2.0000000001174634 23.999999999997645 -9.391605402168255e-26
19.984375 1.9999999999999996 24.0 2.0000000001174643 23.999999999997648 -5.963706537766583e-26
20.015625 1.9999999999999996 24.0 2.0000000001174634 23.999999999997648 -3.775344399229274e-26
20.046875 1.9999999999999996 24.0 2.0000000001174634 23.999999999997648 -2.3827139994964814e-26
20.078125 1.9999999999999996 24.0 2.0000000001174643 23.999999999997648 -1.49924343140427e-26
20.109375 1.9999999999999996 24.0 2.0000000001174625 23.99999999999764 -9.405155247393542e-27
20.140625 1.9999999999999996 24.0 2.0000000001174625 23.99999999999764 -5.882486307471667e-27
20.171875 1.9999999999999996 24.0 2.0000000001174616 23.999999999997634 -3.668289004728993e-27
20.203125 1.9999999999999996 24.0 2.0000000001174607 23.999999999997627 -2.2807587812770227e-27
20.234375 1.9999999999999996 24.0 2.00000000011746 23.99999999999762 -1.4138812796945444e-27
20.265625 1.9999999999999996 24.0 2.000000000117458 23.999999999997613 -8.73912572067705e-28
20.296875 1.9999999999999996 24.0 2.000000000117457 23.999999999997605 -5.38576355657764e-28
20.328125 1.9999999999999996 24.0 2.000000000117457 23.999999999997605 -3.3094267750190695e-28
20.359375 1.9999999999999996 24.0 2.000000000117457 23.999999999997605 -2.027615344466844e-28
20.390625 1.9999999999999996 24.0 2.000000000117457 23.999999999997605 -1.238642375332453e-28
20.421875 1.9999999999999996 24.0 2.000000000117458 23.999999999997605 -7.544549486732463e-29
20.453125 1.9999999999999996 24.0 2.000000000117457 23.9999999999976 -4.5819074330769235e-29
20.484375 1.9999999999999996 24.0 2.000000000117457 23.9999999999976 -2.774487006777097e-29
20.515625 1.9999999999999996 24.0 2.0000000001174576 23.9999999999976 -1.6750947021985322e-29
20.546875 1.9999999999999996 24.0 2.000000000117458 23.9999999999976 -1.0083523940785047e-29
20.578125 1.9999999999999996 24.0 2.000000000117458 23.999999999997595 -6.0519690049571036e-30
20.609375 1.9999999999999996 24.0 2.000000000117459 23.9999999999976 -3.621484103504994e-30
20.640625 1.9999999999999996 24.0 2.000000000117457 23.99999999999759 -2.1606037380466126e-30
20.671875 1.9999999999999996 24.0 2.0000000001174563 23.999999999997584 -1.2851516331372023e-30
20.703125 1.9999999999999996 24.0 2.0000000001174563 23.999999999997577 -7.621057735477044e-31
20.734375 1.9999999999999996 24.0 2.0000000001174554 23.99999999999757 -4.505546363689017e-31
20.765625 1.9999999999999996 24.0 2.0000000001174536 23.99999999999756 -2.65545774288298e-31
20.796875 1.9999999999999996 24.0 2.000000000117451 23.99999999999754 -1.5601918693651058e-31
20.828125 1.9999999999999996 24.0 2.0000000001174487 23.999999999997527 -9.137948787512768e-32
20.859375 1.9999999999999996 24.0 2.0000000001174474 23.99999999999752 -5.335009896503985e-32
20.890625 1.9999999999999996 24.0 2.0000000001174465 23.99999999999751 -3.104698038737646e-32
20.921875 1.9999999999999996 24.0 2.0000000001174447 23.9999999999975 -1.8008638503315503e-32
20.953125 1.9999999999999996 24.0 2.000000000117444 23.99999999999749 -1.04111138669265e-32
20.984375 1.9999999999999996 24.0 2.000000000117443 23.99999999999749 -5.998506676741735e-33
21.015625 1.9999999999999996 24.0 2.000000000117443 23.999999999997485 -3.444218049896123e-33
21.046875 1.9999999999999996 24.0 2.000000000117442 23.999999999997478 -1.9706444301768363e-33
21.078125 1.9999999999999996 24.0 2.000000000117441 23.999999999997478 -1.123468433039923e-33
21.109375 1.9999999999999996 24.0 2.000000000117441 23.999999999997478 -6.381297208125961e-34
21.140625 1.9999999999999996 24.0 2.000000000117441 23.999999999997478 -3.610838991254936e-34
21.171875 1.9999999999999996 24.0 2.0000000001174416 23.999999999997478 -2.0352048920353324e-34
21.203125 1.9999999999999996 24.0 2.000000000117441 23.999999999997474 -1.142489249897584e-34
21.234375 1.9999999999999996 24.0 2.000000000117441 23.999999999997474 -6.386682306426079e-35
21.265625 1.9999999999999996 24.0 2.000000000117441 23.999999999997478 -3.554705609886775e-35
21.296875 1.9999999999999996 24.0 2.0000000001174403 23.99999999999747 -1.969481613251063e-35
21.328125 1.9999999999999996 24.0 2.0000000001174394 23.999999999997463 -1.0859796109704051e-35
21.359375 1.9999999999999996 24.0 2.0000000001174394 23.999999999997456 -5.957967746992783e-36
21.390625 1.9999999999999996 24.0 2.0000000001174394 23.999999999997463 -3.251223154159321e-36
21.421875 1.9999999999999996 24.0 2.0000000001174394 23.999999999997463 -1.764039657518716e-36
21.453125 1.9999999999999996 24.0 2.0000000001174394 23.999999999997456 -9.512456240138327e-37
21.484375 1.9999999999999996 24.0 2.0000000001174394 23.999999999997456 -5.095304745953352e-37
21.515625 1.9999999999999996 24.0 2.0000000001174385 23.99999999999745 -2.709319313161419e-37
21.546875 1.9999999999999996 24.0 2.0000000001174385 23.99999999999745 -1.4289429136809048e-37
21.578125 1.9999999999999996 24.0 2.000000000117439 23.99999999999745 -7.467854512244359e-38
21.609375 1.9999999999999996 24.0 2.0000000001174394 23.999999999997453 -3.862246412839405e-38
21.640625 1.9999999999999996 24.0 2.000000000117439 23.99999999999745 -1.9733640409492698e-38
21.671875 1.9999999999999996 24.0 2.0000000001174394 23.999999999997453 -9.937973385277114e-39
21.703125 1.9999999999999996 24.0 2.000000000117439 23.99999999999745 -4.9171664344323987e-39
21.734375 1.9999999999999996 24.0 2.0000000001174394 23.999999999997456 -2.379148315477548e-39
21.765625 1.9999999999999996 24.0 2.0000000001174403 23.999999999997456 -1.1175793032213454e-39
21.796875 1.9999999999999996 24.0 2.0000000001174394 23.999999999997446 -5.035814308975148e-40
21.828125 1.9999999999999996 24.0 2.0000000001174394 23.999999999997446 -2.128823627925937e-40
21.859375 1.9999999999999996 24.0 2.0000000001174394 23.999999999997446 -8.040211368904828e-41
21.890625 1.9999999999999996 24.0 2.0000000001174394 23.999999999997442 -2.3380523158598155e-41
21.921875 1.9999999999999996 24.0 2.0000000001174394 23.999999999997435 -1.1041630246284527e-42
21.953125 1.9999999999999996 24.0 2.0000000001174385 23.999999999997428 5.97690423008472e-42
21.984375 1.9999999999999996 24.0 2.0000000001174367 23.99999999999742 6.949926403797957e-42
22.015625 1.9999999999999996 24.0 2.000000000117436 23.999999999997414 5.846063377957028e-42
22.046875 1.9999999999999996 24.0 2.000000000117435 23.999999999997407 4.325788212120148e-42
22.078125 1.9999999999999996 24.0 2.000000000117435 23.999999999997403 2.984371359915005e-42
22.109375 1.9999999999999996 24.0 2.000000000117435 23.999999999997407 1.9689254483153933e-42
22.140625 1.9999999999999996 24.0 2.000000000117433 23.999999999997392 1.258888113997978e-42
22.171875 1.9999999999999996 24.0 2.0000000001174296 23.999999999997375 7.862381985663504e-43
22.203125 1.9999999999999996 24.0 2.0000000001174287 23.99999999999737 4.8208921257584945e-43
22.234375 1.9999999999999996 24.0 2.000000000117427 23.99999999999736 2.91205779188509e-43
22.265625 1.9999999999999996 24.0 2.000000000117426 23.999999999997357 1.7371316768754017e-43
22.296875 1.9999999999999996 24.0 2.0000000001174243 23.99999999999735 1.025195040406753e-43
22.328125 1.9999999999999996 24.0 2.0000000001174234 23.999999999997343 5.993943055649722e-44
22.359375 1.9999999999999996 24.0 2.0000000001174234 23.999999999997343 3.4754386748737267e-44
22.390625 1.9999999999999996 24.0 2.0000000001174234 23.999999999997343 2.0001391905388715e-44
22.421875 1.9999999999999996 24.0 2.0000000001174234 23.999999999997343 1.1432892156771465e-44
22.453125 1.9999999999999996 24.0 2.0000000001174234 23.999999999997343 6.494345351696857e-45
22.484375 1.9999999999999996 24.0 2.0000000001174243 23.999999999997343 3.6677085226756304e-45
22.515625 1.9999999999999996 24.0 2.0000000001174243 23.99999999999734 2.060150041016556e-45
22.546875 1.9999999999999996 24.0 2.0000000001174234 23.999999999997335 1.1512940178789018e-45
22.578125 1.9999999999999996 24.0 2.000000000117422 23.99999999999733 6.402876193520721e-46
22.609375 1.9999999999999996 24.0 2.0000000001174207 23.999999999997318 3.544595714090166e-46
22.640625 1.9999999999999996 24.0 2.00000000011742 23.999999999997314 1.9536579209753196e-46
22.671875 1.9999999999999996 24.0 2.00000000011742 23.999999999997307 1.0722511834554478e-46
22.703125 1.9999999999999996 24.0 2.00000000011742 23.999999999997307 5.8610728285051535e-47
22.734375 1.9999999999999996 24.0 2.00000000011742 23.999999999997307 3.1911596593010844e-47
22.765625 1.9999999999999996 24.0 2.0000000001174207 23.999999999997307 1.7308607822853055e-47
22.796875 1.9999999999999996 24.0 2.0000000001174207 23.999999999997307 9.353267962350299e-48
22.828125 1.9999999999999996 24.0 2.0000000001174216 23.999999999997314 5.0360797287801475e-48
22.859375 1.9999999999999996 24.0 2.0000000001174207 23.999999999997303 2.702002356417873e-48
22.890625 1.9999999999999996 24.0 2.00000000011742 23.999999999997303 1.4446905109718582e-48
22.921875 1.9999999999999996 24.0 2.0000000001174207 23.999999999997307 7.698188899911537e-49
22.953125 1.9999999999999996 24.0 2.00000000011742 23.999999999997307 4.0883930329748965e-49
22.984375 1.9999999999999996 24.0 2.00000000011742 23.999999999997307 2.164163558795051e-49
23.015625 1.9999999999999996 24.0 2.00000000011742 23.999999999997307 1.1418828486624206e-49
23.046875 1.9999999999999996 24.0 2.000000000117419 23.9999999999973 6.005727064687491e-50
23.078125 1.9999999999999996 24.0 2.000000000117418 23.999999999997293 3.1487547339947423e-50
23.109375 1.9999999999999996 24.0 2.0000000001174163 23.99999999999728 1.645720846417934e-50
23.140625 1.9999999999999996 24.0 2.0000000001174154 23.999999999997275 8.574936586047256e-51
23.171875 1.9999999999999996 24.0 2.0000000001174136 23.999999999997264 4.454253611117328e-51
23.203125 1.9999999999999996 24.0 2.0000000001174136 23.999999999997264 2.3067406877601848e-51
23.234375 1.9999999999999996 24.0 2.000000000117414 23.999999999997264 1.1909998921582205e-51
23.265625 1.9999999999999996 24.0 2.0000000001174154 23.999999999997264 6.1308674558564455e-52
23.296875 1.9999999999999996 24.0 2.0000000001174136 23.999999999997257 3.1465632025112256e-52
23.328125 1.9999999999999996 24.0 2.0000000001174114 23.999999999997243 1.6101315822779676e-52
23.359375 1.9999999999999996 24.0 2.000000000117409 23.99999999999723 8.214889684997225e-53
23.390625 1.9999999999999996 24.0 2.000000000117409 23.999999999997222 4.178897469918695e-53
23.421875 1.9999999999999996 24.0 2.0000000001174083 23.999999999997222 2.119554414886232e-53
23.453125 1.9999999999999996 24.0 2.0000000001174074 23.99999999999721 1.07189611230049e-53
23.484375 1.9999999999999996 24.0 2.0000000001174048 23.999999999997193 5.404899700758321e-54
23.515625 1.9999999999999996 24.0 2.000000000117402 23.99999999999718 2.71737836329482e-54
23.546875 1.9999999999999996 24.0 2.000000000117402 23.999999999997176 1.3621972531801136e-54
23.578125 1.9999999999999996 24.0 2.000000000117402 23.999999999997176 6.808576983337657e-55
23.609375 1.9999999999999996 24.0 2.000000000117402 23.999999999997176 3.3931056550831865e-55
23.640625 1.9999999999999996 24.0 2.000000000117402 23.99999999999718 1.686011193240446e-55
23.671875 1.9999999999999996 24.0 2.0000000001174034 23.99999999999718 8.352991740634592e-56
23.703125 1.9999999999999996 24.0 2.000000000117404 23.99999999999718 4.126081146814488e-56
23.734375 1.9999999999999996 24.0 2.000000000117402 23.999999999997172 2.0320867377757505e-56
23.765625 1.9999999999999996 24.0 2.0000000001174016 23.99999999999717 9.978129800561989e-57
23.796875 1.9999999999999996 24.0 2.000000000117402 23.99999999999717 4.884848740431868e-57
23.828125 1.9999999999999996 24.0 2.000000000117401 23.999999999997158 2.3841835575636754e-57
23.859375 1.9999999999999996 24.0 2.0000000001174003 23.99999999999715 1.1601261438237894e-57
23.890625 1.9999999999999996 24.0 2.0000000001173994 23.999999999997144 5.6277758939184945e-58
23.921875 1.9999999999999996 24.0 2.0000000001173994 23.999999999997144 2.7215866533612825e-58
23.953125 1.9999999999999996 24.0 2.0000000001173985 23.999999999997137 1.3120415267055653e-58
23.984375 1.9999999999999996 24.0 2.0000000001173985 23.999999999997137 6.305182608170241e-59
24.015625 1.9999999999999996 24.0 2.0000000001173985 23.999999999997133 3.0203361416968546e-59
24.046875 1.9999999999999996 24.0 2.0000000001173985 23.999999999997137 1.442119640701555e-59
24.078125 1.9999999999999996 24.0 2.0000000001173968 23.999999999997122 6.863006283915339e-60
24.109375 1.9999999999999996 24.0 2.000000000117395 23.999999999997108 3.2551487659220895e-60
24.140625 1.9999999999999996 24.0 2.000000000117394 23.999999999997105 1.5386651948267813e-60
24.171875 1.9999999999999996 24.0 2.000000000117394 23.999999999997105 7.247774453020917e-61
24.203125 1.9999999999999996 24.0 2.0000000001173937 23.9999999999971 3.401882857024736e-61
24.234375 1.9999999999999996 24.0 2.000000000117393 23.999999999997094 1.590929990931295e-61
24.265625 1.9999999999999996 24.0 2.0000000001173923 23.999999999997087 7.4123871613528855e-62
24.296875 1.9999999999999996 24.0 2.0000000001173914 23.99999999999708 3.4402769321153487e-62
24.328125 1.9999999999999996 24.0 2.000000000117391 23.99999999999708 1.5903905636321816e-62
24.359375 1.9999999999999996 24.0 2.000000000117391 23.99999999999708 7.321984942534789e-63
24.390625 1.9999999999999996 24.0 2.0000000001173923 23.999999999997083 3.356600044717967e-63
24.421875 1.9999999999999996 24.0 2.0000000001173914 23.99999999999708 1.5319234162033377e-63
24.453125 1.9999999999999996 24.0 2.0000000001173905 23.999999999997073 6.959052145299416e-64
24.484375 1.9999999999999996 24.0 2.00000000011739 23.999999999997073 3.145813634902412e-64
24.515625 1.9999999999999996 24.0 2.00000000011739 23.999999999997073 1.414693107295441e-64
24.546875 1.9999999999999996 24.0 2.0000000001173897 23.999999999997065 6.326920398120275e-65
24.578125 1.9999999999999996 24.0 2.000000000117388 23.99999999999706 2.8128757645194546e-65
24.609375 1.9999999999999996 24.0 2.000000000117388 23.99999999999706 1.2425942366207413e-65
24.640625 1.9999999999999996 24.0 2.0000000001173888 23.99999999999706 5.451008665905134e-66
24.671875 1.9999999999999996 24.0 2.0000000001173874 23.99999999999705 2.372921497325267e-66
24.703125 1.9999999999999996 24.0 2.000000000117388 23.99999999999705 1.0241461876918614e-66
24.734375 1.9999999999999996 24.0 2.0000000001173874 23.99999999999705 4.377446861968469e-67
24.765625 1.9999999999999996 24.0 2.0000000001173874 23.99999999999705 1.8502142513491473e-67
24.796875 1.9999999999999996 24.0 2.0000000001173883 23.99999999999705 7.718206623049324e-68
24.828125 1.9999999999999996 24.0 2.000000000117388 23.99999999999705 3.1691289287035775e-68
24.859375 1.9999999999999996 24.0 2.000000000117386 23.999999999997037 1.275954546258792e-68
24.890625 1.9999999999999996 24.0 2.000000000117385 23.99999999999703 5.008720464462768e-69
24.921875 1.9999999999999996 24.0 2.0000000001173848 23.99999999999703 1.8996549218085223e-69
24.953125 1.9999999999999996 24.0 2.0000000001173825 23.999999999997016 6.85218368134225e-70
24.984375 1.9999999999999996 24.0 2.0000000001173825 23.99999999999701 2.27822078484169e-70
