0.125 1.9999935094144028 4.420000000000352 1.9999935094136625 4.419999999999671 -8.023378137447364e-69
0.375 1.999993509414566 4.419999999999964 1.9999935094134893 4.420000000000127 -8.237583357394523e-66
0.625 1.9999935094144812 4.42000000000011 1.999993509413489 4.420000000000208 -4.960217038783217e-63
0.875 1.9999935094144494 4.42000000000012 1.9999935094134527 4.4200000000003765 -2.2389513277987053e-60
1.125 1.999993509414343 4.420000000000279 1.9999935094134598 4.4200000000004565 -8.083295968589929e-58
1.375 1.9999935094142325 4.420000000000428 1.9999935094134766 4.420000000000517 -2.3927033740792414e-55
1.625 1.999993509414102 4.420000000000602 1.99999350941351 4.420000000000549 -5.861267598663116e-53
1.875 1.9999935094139738 4.420000000000753 1.99999350941355 4.420000000000572 -1.1883943908134718e-50
2.125 1.9999935094138503 4.420000000000875 1.999993509413594 4.420000000000588 -1.976589158084722e-48
2.375 1.9999935094137404 4.420000000000948 1.9999935094136385 4.420000000000606 -2.632942317395744e-46
2.625 1.9999935094136487 4.4200000000009645 1.9999935094136798 4.420000000000636 -2.638888646042497e-44
2.875 1.999993509413577 4.42000000000092 1.9999935094137151 4.420000000000679 -1.5796414191572262e-42
3.125 1.999993509413525 4.420000000000815 1.999993509413744 4.420000000000735 4.567817789604015e-41
3.375 1.9999935094134915 4.420000000000655 1.9999935094137666 4.420000000000806 2.7652750956800404e-38
3.625 1.9999935094134729 4.420000000000448 1.9999935094137828 4.42000000000089 4.404258009248603e-36
3.875 1.999993509413465 4.420000000000201 1.9999935094137948 4.4200000000009805 4.802503147034089e-34
4.125 1.9999935094134633 4.419999999999927 1.9999935094138028 4.420000000001072 4.0714940949284585e-32
4.375 1.999993509413462 4.419999999999639 1.9999935094138088 4.4200000000011626 2.798298194819873e-30
4.625 1.9999935094134593 4.419999999999346 1.9999935094138137 4.420000000001248 1.5853487713817023e-28
4.875 1.9999935094134504 4.419999999999056 1.999993509413819 4.420000000001326 7.44089836681967e-27
5.125 1.9999935094134353 4.4199999999987725 1.9999935094138246 4.420000000001394 2.8831502816409013e-25
5.375 1.9999935094134136 4.419999999998496 1.9999935094138306 4.420000000001448 9.092577194644609e-24
5.625 1.9999935094133838 4.4199999999982325 1.9999935094138377 4.420000000001492 2.252142269674823e-22
5.875 1.9999935094133487 4.419999999997976 1.9999935094138435 4.420000000001523 3.954656992153136e-21
6.125 1.9999935094133086 4.41999999999773 1.9999935094138497 4.42000000000154 2.789761923259548e-20
6.375 1.9999935094132653 4.419999999997489 1.9999935094138557 4.4200000000015445 -1.0909101867037715e-18
6.625 1.9999935094132217 4.419999999997248 1.9999935094138612 4.420000000001531 -5.5213930824722155e-17
6.875 1.9999935094131769 4.41999999999701 1.9999935094138628 4.420000000001508 -1.5081395283077498e-15
7.125 1.9999935094130965 4.4199999999967705 1.999993509413824 4.42000000000148 -3.0406459207729985e-14
7.375 1.9999935094124475 4.419999999996527 1.99999350941321 4.420000000001439 -4.87731075149774e-13
7.625 1.999993509404537 4.419999999996286 1.9999935094053283 4.420000000001393 -6.400550420574792e-12
7.875 1.999993509320538 4.419999999996046 1.999993509321351 4.420000000001339 -6.946621751012237e-11
8.125 1.9999935085818192 4.419999999995808 1.9999935085826455 4.42000000000128 -6.243021272063907e-10
8.375 1.9999935032740086 4.4199999999955715 1.9999935032748384 4.4200000000012185 -4.611047172371882e-09
8.625 1.9999934729337827 4.419999999995338 1.9999934729346067 4.4200000000011554 -2.7399979986059073e-08
8.875 1.9999933442460207 4.41999999999511 1.9999933442468298 4.420000000001088 -1.240590773561188e-07
9.125 1.9999930364387648 4.419999999994891 1.9999930364395508 4.420000000001021 -3.552572240524588e-07
9.375 1.999993681717813 4.419999999994684 1.9999936817185702 4.42000000000095 1.2942058380315937e-07
9.625 2.000005770639918 4.4199999999944914 2.000005770640643 4.420000000000875 9.209599773068e-06
9.875 2.0000844265987605 4.4199999999943165 2.000084426599453 4.420000000000787 6.829060285179713e-05
10.125 2.000439147550826 4.419999999994159 2.0004391475514898 4.420000000000681 0.00033476072351890226
10.375 2.0016756134869267 4.419999999994019 2.001675613487565 4.4200000000005595 0.0012639670514472895
10.625 2.005119604961856 4.419999999993895 2.005119604962478 4.420000000000407 0.003855097550723615
10.875 2.012838995260716 4.419999999993796 2.0128389952613412 4.42000000000022 0.009678706501005496
11.125 2.0266184349587117 4.419999999993713 2.026618434959359 4.419999999999993 0.02012788497491368
11.375 2.0455446739669356 4.4199999999936495 2.045544673967624 4.419999999999719 0.03458962805843038
11.625 2.063617421026403 4.419999999993605 2.063617421027149 4.419999999999398 0.0485132950314933
11.875 2.0704556662407727 4.4199999999935695 2.0704556662415845 4.419999999999027 0.053807929155783495
12.125 2.056811018998003 4.419999999993545 2.056811018998891 4.41999999999861 0.0432510018706274
12.375 2.02209282520675 4.4199999999935295 2.022092825207729 4.419999999998145 0.01668234441309194
12.625 1.9776611893518625 4.419999999993518 1.9776611893529565 4.419999999997637 -0.01668234441309194
12.875 1.941531444294987 4.419999999993504 1.9415314442962233 4.419999999997082 -0.0432510018706274
13.125 1.92697585474923 4.419999999993475 1.9269758547506184 4.4199999999965 -0.053807929155783495
13.375 1.9342961920937647 4.419999999993417 1.9342961920952872 4.4199999999959045 -0.0485132950314933
13.625 1.953392840447675 4.419999999993323 1.9533928404492984 4.419999999995317 -0.03458962805843038
13.875 1.9730180537179665 4.419999999993189 1.9730180537196516 4.419999999994753 -0.02012788497491368
14.125 1.9870728052368782 4.419999999993011 1.9870728052385866 4.419999999994228 -0.009678706501005496
14.375 1.9948615138895627 4.419999999992792 1.9948615138912555 4.419999999993747 -0.003855097550723615
14.625 1.9983167751994129 4.419999999992538 1.9983167752010513 4.41999999999332 -0.0012639670514472895
14.875 1.9995543319949234 4.419999999992247 1.9995543319964666 4.419999999992952 -0.00033476072351890226
15.125 1.999909089027935 4.419999999991928 1.999909089029344 4.419999999992646 -6.829060285179713e-05
15.375 1.9999877396663401 4.419999999991592 1.9999877396675818 4.419999999992395 -9.209599773068e-06
15.625 1.999999827746033 4.419999999991253 1.999999827747086 4.4199999999922 -1.2942058380315937e-07
15.875 2.0000004729734675 4.419999999990925 2.0000004729743206 4.419999999992051 3.552572240524588e-07
16.125 2.0000001651660924 4.419999999990617 2.0000001651667425 4.419999999991932 1.240590773561188e-07
16.375 2.000000036478905 4.419999999990344 2.0000000364793626 4.419999999991834 2.7399979986059073e-08
16.625 2.000000006138911 4.419999999990116 2.0000000061391936 4.419999999991756 4.611047172371882e-09
16.875 2.000000000831233 4.419999999989939 2.000000000831364 4.41999999999168 6.243021272063907e-10
17.125 2.00000000009261 4.419999999989817 2.0000000000926215 4.4199999999915995 6.946621751012237e-11
17.375 2.000000000008682 4.419999999989756 2.0000000000086073 4.419999999991511 6.400550420574792e-12
17.625 2.00000000000082 4.41999999998975 2.0000000000006954 4.419999999991412 4.87731075149774e-13
17.875 2.0000000000002016 4.419999999989786 2.000000000000058 4.419999999991303 3.0406459207729985e-14
18.125 2.0000000000001386 4.419999999989857 2.0000000000000018 4.419999999991184 1.5081395283077498e-15
18.375 2.000000000000103 4.419999999989948 1.9999999999999907 4.419999999991056 5.5213930824722155e-17
18.625 2.000000000000063 4.419999999990058 1.999999999999988 4.419999999990925 1.0909101867037715e-18
18.875 2.0000000000000213 4.419999999990169 1.9999999999999896 4.419999999990797 -2.789761923259548e-20
19.125 1.9999999999999836 4.419999999990276 1.9999999999999927 4.419999999990674 -3.954656992153136e-21
19.375 1.9999999999999496 4.419999999990374 1.9999999999999962 4.419999999990566 -2.252142269674823e-22
19.625 1.9999999999999243 4.4199999999904485 1.9999999999999978 4.419999999990473 -9.092577194644609e-24
19.875 1.9999999999999094 4.419999999990498 1.9999999999999973 4.419999999990399 -2.8831502816409013e-25
20.125 1.9999999999999036 4.419999999990527 1.9999999999999956 4.419999999990335 -7.44089836681967e-27
20.375 1.9999999999999063 4.419999999990534 1.9999999999999913 4.419999999990284 -1.5853487713817023e-28
20.625 1.9999999999999172 4.419999999990524 1.9999999999999847 4.419999999990246 -2.798298194819873e-30
20.875 1.999999999999932 4.419999999990502 1.999999999999977 4.419999999990219 -4.0714940949284585e-32
21.125 1.999999999999949 4.419999999990479 1.9999999999999687 4.419999999990201 -4.802503147034089e-34
21.375 1.999999999999966 4.419999999990452 1.9999999999999614 4.419999999990187 -4.404258009248603e-36
21.625 1.9999999999999818 4.419999999990429 1.9999999999999551 4.419999999990177 -2.7652750956800404e-38
21.875 1.9999999999999944 4.419999999990409 1.999999999999951 4.419999999990171 -4.567817789604015e-41
22.125 2.0000000000000036 4.4199999999904005 1.9999999999999476 4.41999999999017 1.5796414191572262e-42
22.375 2.0000000000000107 4.419999999990399 1.9999999999999454 4.419999999990168 2.638888646042497e-44
22.625 2.0000000000000138 4.419999999990402 1.9999999999999443 4.419999999990167 2.632942317395744e-46
22.875 2.000000000000014 4.419999999990409 1.9999999999999456 4.419999999990166 1.976589158084722e-48
23.125 2.0000000000000124 4.419999999990424 1.9999999999999483 4.4199999999901625 1.1883943908134718e-50
23.375 2.0000000000000098 4.419999999990438 1.9999999999999523 4.419999999990158 5.861267598663116e-53
23.625 2.000000000000007 4.419999999990451 1.9999999999999574 4.419999999990158 2.3927033740792414e-55
23.875 2.000000000000004 4.419999999990465 1.9999999999999631 4.419999999990159 8.083295968589929e-58
24.125 2.000000000000001 4.419999999990479 1.9999999999999696 4.41999999999016 2.2389513277987053e-60
24.375 1.9999999999999998 4.419999999990487 1.9999999999999762 4.41999999999016 4.960217038783217e-63
24.625 1.9999999999999984 4.419999999990495 1.9999999999999842 4.419999999990158 8.237583357394523e-66
24.875 1.9999999999999987 4.419999999990498 1.999999999999993 4.419999999990157 8.023378137447364e-69
