0.125 1.9999935094144028 4.420000000000352 1.9999935094136636 4.419999999999673 -8.023378137447364e-69
0.375 1.999993509414566 4.419999999999964 1.9999935094134922 4.4200000000001225 -8.237583357394523e-66
0.625 1.9999935094144812 4.42000000000011 1.9999935094134833 4.420000000000219 -4.960217038783217e-63
0.875 1.9999935094144494 4.42000000000012 1.9999935094134127 4.4200000000004644 -2.2389513277987053e-60
1.125 1.999993509414343 4.420000000000279 1.9999935094133898 4.420000000000612 -8.083295968589929e-58
1.375 1.9999935094142325 4.420000000000428 1.9999935094136272 4.420000000000184 -2.3927033740792414e-55
1.625 1.999993509414102 4.420000000000602 1.9999935094145587 4.419999999998222 -5.861267598663116e-53
1.875 1.9999935094139738 4.420000000000753 1.999993509415417 4.419999999996427 -1.1883943908134718e-50
2.125 1.9999935094138503 4.420000000000875 1.9999935094108252 4.420000000006736 -1.976589158084722e-48
2.375 1.9999935094137404 4.420000000000948 1.9999935093912826 4.420000000050234 -2.632942317395744e-46
2.625 1.9999935094136487 4.4200000000009645 1.999993509367406 4.420000000103357 -2.638888646042497e-44
2.875 1.999993509413577 4.42000000000092 1.9999935094303556 4.419999999963738 -1.5796414191572262e-42
3.125 1.999993509413525 4.420000000000815 1.9999935097652113 4.419999999220519 4.567817789604015e-41
3.375 1.9999935094134915 4.420000000000655 1.9999935103514517 4.419999997919254 2.7652750956800404e-38
3.625 1.9999935094134729 4.420000000000448 1.9999935101393378 4.4199999983902405 4.404258009248603e-36
3.875 1.999993509413465 4.420000000000201 1.9999935064241356 4.420000006637672 4.802503147034089e-34
4.125 1.9999935094134633 4.419999999999927 1.9999934968668058 4.420000027853937 4.0714940949284585e-32
4.375 1.999993509413462 4.419999999999639 1.9999934866302365 4.420000050578053 2.798298194819873e-30
4.625 1.9999935094134593 4.419999999999346 1.9999934975386873 4.420000026362854 1.5853487713817023e-28
4.875 1.9999935094134504 4.419999999999056 1.9999935667540096 4.419999872734562 7.44089836681967e-27
5.125 1.9999935094134353 4.4199999999987725 1.9999937225808933 4.419999526853508 2.8831502816409013e-25
5.375 1.9999935094134136 4.419999999998496 1.9999939473000112 4.4199990279466785 9.092577194644609e-24
5.625 1.9999935094133838 4.4199999999982325 1.9999941669312866 4.419998540432006 2.252142269674823e-22
5.875 1.9999935094133487 4.419999999997976 1.9999942996207474 4.419998245902198 3.954656992153136e-21
6.125 1.9999935094133086 4.41999999999773 1.9999943256026478 4.4199981881721815 2.789761923259548e-20
6.375 1.9999935094132653 4.419999999997489 1.9999942957018195 4.419998254540788 -1.0909101867037715e-18
6.625 1.9999935094132217 4.419999999997248 1.9999942582350423 4.41999833771197 -5.5213930824722155e-17
6.875 1.9999935094131769 4.41999999999701 1.9999941936542112 4.419998481066531 -1.5081395283077498e-15
7.125 1.9999935094130965 4.4199999999967705 1.999994047933337 4.419998804485725 -3.0406459207729985e-14
7.375 1.9999935094124475 4.419999999996527 1.9999938224861837 4.4199993050224915 -4.87731075149774e-13
7.625 1.9999945094045368 4.419999999996286 1.9999935998132023 4.419999799260678 -6.400550420574792e-12
7.875 1.999994509320538 4.419999999996046 1.9999934710839122 4.42000008481646 -6.946621751012237e-11
8.125 1.9999945085818192 4.419999999995808 1.999993454647301 4.420000119726162 -6.243021272063907e-10
8.375 1.9999945032740085 4.4199999999955715 1.9999934889209006 4.420000031872888 -4.611047172371882e-09
8.625 1.9999944729337826 4.419999999995338 1.999993484879645 4.419999973490887 -2.7399979986059073e-08
8.875 1.9999943442460206 4.41999999999511 1.9999933513982138 4.41999998411284 -1.240590773561188e-07
9.125 1.9999940364387647 4.419999999994891 1.9999930326763713 4.4200000083515505 -3.552572240524588e-07
9.375 1.999994681717813 4.419999999994684 1.9999936774993274 4.420000009429399 1.2942058380315937e-07
9.625 2.000005770639918 4.4199999999944914 2.0000057689753845 4.420000003766833 9.209599773068e-06
9.875 2.0000844265987605 4.4199999999943165 2.000084423894232 4.420000005890204 6.829060285179713e-05
10.125 2.000439147550826 4.419999999994159 2.0004391438578555 4.420000007937075 0.00033476072351890226
10.375 2.0016756134869267 4.419999999994019 2.0016756111052088 4.420000005449888 0.0012639670514472895
10.625 2.005119604961856 4.419999999993895 2.0051196047341633 4.4200000015037775 0.003855097550723615
10.875 2.012838995260716 4.419999999993796 2.012838997534562 4.419999995611721 0.009678706501005496
11.125 2.0266184349587117 4.419999999993713 2.026618439712745 4.419999987218377 0.02012788497491368
11.375 2.0455446739669356 4.4199999999936495 2.0455446802996162 4.419999980633047 0.03458962805843038
11.625 2.063617421026403 4.419999999993605 2.0636174282106583 4.4199999818444535 0.0485132950314933
11.875 2.0704556662407727 4.4199999999935695 2.0704556739182958 4.419999993114814 0.053807929155783495
12.125 2.056811018998003 4.419999999993545 2.056811025965706 4.4200000062265365 0.0432510018706274
12.375 2.02209282520675 4.4199999999935295 2.022092828314783 4.420000003687928 0.01668234441309194
12.625 1.9776611893518625 4.419999999993518 1.9776611844778398 4.419999974101923 -0.01668234441309194
12.875 1.941531444294987 4.419999999993504 1.9415314301576903 4.419999930663517 -0.0432510018706274
13.125 1.92697585474923 4.419999999993475 1.9269758370703174 4.419999915759017 -0.053807929155783495
13.375 1.9342961920937647 4.419999999993417 1.9342961846957696 4.419999983051339 -0.0485132950314933
13.625 1.953392840447675 4.419999999993323 1.9533928619022047 4.42000016734206 -0.03458962805843038
13.875 1.9730180537179665 4.419999999993189 1.9730181210910755 4.420000463078576 -0.02012788497491368
14.125 1.9870728052368782 4.419999999993011 1.9870729282113573 4.420000824807083 -0.009678706501005496
14.375 1.9948615138895627 4.419999999992792 1.994861692358308 4.420001188736905 -0.003855097550723615
14.625 1.9983167751994129 4.419999999992538 1.998317000612711 4.4200014982172275 -0.0012639670514472895
14.875 1.9995543319949234 4.419999999992247 1.9995545898364073 4.420001712518886 -0.00033476072351890226
15.125 1.999909089027935 4.419999999991928 1.9999093603709766 4.420001801510216 -6.829060285179713e-05
15.375 1.9999877396663401 4.419999999991592 1.9999880024043204 4.420001743964409 -9.209599773068e-06
15.625 1.999999827746033 4.419999999991253 2.0000000592670863 4.420001536845108 -1.2942058380315937e-07
15.875 2.0000004729734675 4.419999999990925 2.0000006550110094 4.42000120864134 3.552572240524588e-07
16.125 2.0000001651660924 4.419999999990617 2.00000028921852 4.42000082350213 1.240590773561188e-07
16.375 2.000000036478905 4.419999999990344 2.000000106217099 4.420000462639046 2.7399979986059073e-08
16.625 2.000000006138911 4.419999999990116 2.0000000346439784 4.4200001889900715 4.611047172371882e-09
16.875 2.000000000831233 4.419999999989939 2.000000004595589 4.420000024915483 6.243021272063907e-10
17.125 2.00000000009261 4.419999999989817 1.9999999934526407 4.419999955899019 6.946621751012237e-11
17.375 2.000000000008682 4.419999999989756 1.9999999921715728 4.419999947954855 6.400550420574792e-12
17.625 2.00000000000082 4.41999999998975 1.9999999948928013 4.419999966075557 4.87731075149774e-13
17.875 2.0000000000002016 4.419999999989786 1.9999999979476486 4.4199999863636465 3.0406459207729985e-14
18.125 2.0000000000001386 4.419999999989857 1.9999999998202023 4.419999998797362 1.5081395283077498e-15
18.375 2.000000000000103 4.419999999989948 2.000000000468857 4.420000003104275 5.5213930824722155e-17
18.625 2.000000000000063 4.419999999990058 2.000000000430152 4.420000002847164 1.0909101867037715e-18
18.875 2.0000000000000213 4.419999999990169 2.0000000002031655 4.4200000013398615 -2.789761923259548e-20
19.125 1.9999999999999836 4.419999999990276 2.0000000000361 4.420000000230424 -3.954656992153136e-21
19.375 1.9999999999999496 4.419999999990374 1.9999999999728373 4.4199999998102335 -2.252142269674823e-22
19.625 1.9999999999999243 4.4199999999904485 1.9999999999715556 4.419999999801625 -9.092577194644609e-24
19.875 1.9999999999999094 4.419999999990498 1.9999999999871936 4.419999999905386 -2.8831502816409013e-25
20.125 1.9999999999999036 4.419999999990527 1.9999999999983031 4.419999999979108 -7.44089836681967e-27
20.375 1.9999999999999063 4.419999999990534 2.0000000000018945 4.420000000002927 -1.5853487713817023e-28
20.625 1.9999999999999172 4.419999999990524 2.000000000001573 4.420000000000794 -2.798298194819873e-30
20.875 1.999999999999932 4.419999999990502 2.0000000000005302 4.419999999993891 -4.0714940949284585e-32
21.125 1.999999999999949 4.419999999990479 1.999999999999956 4.419999999990109 -4.802503147034089e-34
21.375 1.999999999999966 4.419999999990452 1.999999999999837 4.419999999989354 -4.404258009248603e-36
21.625 1.9999999999999818 4.419999999990429 1.9999999999998872 4.419999999989722 -2.7652750956800404e-38
21.875 1.9999999999999944 4.419999999990409 1.9999999999999378 4.419999999990085 -4.567817789604015e-41
22.125 2.0000000000000036 4.4199999999904005 1.9999999999999538 4.419999999990213 1.5796414191572262e-42
22.375 2.0000000000000107 4.419999999990399 1.9999999999999512 4.4199999999902095 2.638888646042497e-44
22.625 2.0000000000000138 4.419999999990402 1.9999999999999463 4.419999999990179 2.632942317395744e-46
22.875 2.000000000000014 4.419999999990409 1.9999999999999456 4.4199999999901625 1.976589158084722e-48
23.125 2.0000000000000124 4.419999999990424 1.9999999999999483 4.419999999990158 1.1883943908134718e-50
23.375 2.0000000000000098 4.419999999990438 1.9999999999999523 4.419999999990159 5.861267598663116e-53
23.625 2.000000000000007 4.419999999990451 1.9999999999999576 4.419999999990159 2.3927033740792414e-55
23.875 2.000000000000004 4.419999999990465 1.9999999999999636 4.41999999999016 8.083295968589929e-58
24.125 2.000000000000001 4.419999999990479 1.9999999999999696 4.41999999999016 2.2389513277987053e-60
24.375 1.9999999999999998 4.419999999990487 1.9999999999999762 4.41999999999016 4.960217038783217e-63
24.625 1.9999999999999984 4.419999999990495 1.9999999999999842 4.419999999990158 8.237583357394523e-66
24.875 1.9999999999999987 4.419999999990498 1.999999999999993 4.419999999990157 8.023378137447364e-69
