0.125 1.9999969431234779 4.420000000000458 1.9999969431242905 4.420000000000003 -8.023378137447364e-69
0.375 1.99999694312373 4.419999999999776 1.999996943124283 4.420000000000037 -8.237583357394523e-66
0.625 1.9999969431237794 4.419999999999537 1.9999969431242413 4.4200000000001465 -4.960217038783217e-63
0.875 1.9999969431238844 4.419999999999172 1.9999969431241806 4.420000000000294 -2.2389513277987053e-60
1.125 1.9999969431239475 4.4199999999988995 1.9999969431241134 4.420000000000453 -8.083295968589929e-58
1.375 1.9999969431239997 4.419999999998649 1.9999969431243003 4.420000000000044 -2.3927033740792414e-55
1.625 1.9999969431240285 4.419999999998449 1.999996943125166 4.4199999999981205 -5.861267598663116e-53
1.875 1.9999969431240388 4.41999999999829 1.9999969431259559 4.419999999996358 -1.1883943908134718e-50
2.125 1.9999969431240308 4.419999999998172 1.9999969431212963 4.42000000000669 -1.976589158084722e-48
2.375 1.9999969431240077 4.419999999998088 1.9999969431016944 4.420000000050185 -2.632942317395744e-46
2.625 1.9999969431239726 4.419999999998032 1.9999969430777713 4.420000000103267 -2.638888646042497e-44
2.875 1.9999969431239288 4.419999999997998 1.9999969431406903 4.4199999999635615 -1.5796414191572262e-42
3.125 1.9999969431238807 4.419999999997975 1.9999969434755314 4.419999999220211 4.567817789604015e-41
3.375 1.9999969431238303 4.419999999997959 1.9999969440617509 4.4199999979188185 2.7652750956800404e-38
3.625 1.9999969431237807 4.419999999997945 1.9999969438495544 4.419999998389818 4.404258009248603e-36
3.875 1.9999969431237343 4.419999999997925 1.9999969401341637 4.420000006637515 4.802503147034089e-34
4.125 1.9999969431236937 4.419999999997893 1.9999969305766523 4.420000027854083 4.0714940949284585e-32
4.375 1.9999969431236613 4.419999999997847 1.9999969203403247 4.420000050577564 2.798298194819873e-30
4.625 1.9999969431236373 4.419999999997786 1.9999969312500212 4.42000002635934 1.5853487713817023e-28
4.875 1.999996943123622 4.419999999997714 1.9999970004677126 4.419999872725091 7.44089836681967e-27
5.125 1.9999969431236129 4.419999999997632 1.9999971562970809 4.419999526837161 2.8831502816409013e-25
5.375 1.9999969431236084 4.419999999997543 1.9999973810169718 4.419999027926738 9.092577194644609e-24
5.625 1.9999969431236062 4.419999999997453 1.999997600646299 4.419998540414564 2.252142269674823e-22
5.875 1.9999969431236047 4.4199999999973665 1.9999977333323242 4.419998245891218 3.954656992153136e-21
6.125 1.9999969431236027 4.419999999997286 1.9999977593117433 4.4199981881663675 2.789761923259548e-20
6.375 1.999996943123598 4.419999999997216 1.999997729410305 4.41999825453642 -1.0909101867037715e-18
6.625 1.9999969431235924 4.419999999997154 1.9999976919431757 4.419998337708547 -5.5213930824722155e-17
6.875 1.9999969431235838 4.419999999997097 1.9999976273604696 4.419998481067649 -1.5081395283077498e-15
7.125 1.9999969431235387 4.419999999997044 1.9999974816369317 4.419998804493767 -3.0406459207729985e-14
7.375 1.9999969431229232 4.419999999996996 1.9999972561888772 4.419999305034168 -4.87731075149774e-13
7.625 1.9999979431150454 4.419999999996951 1.9999970335180675 4.419999799269155 -6.400550420574792e-12
7.875 1.999997943031077 4.419999999996908 1.9999969047925998 4.420000084817387 -6.946621751012237e-11
8.125 1.9999979422923886 4.419999999996868 1.9999968883589103 4.420000119720695 -6.243021272063907e-10
8.375 1.9999979369846153 4.4199999999968265 1.999996922633227 4.420000031865538 -4.611047172371882e-09
8.625 1.9999979066444669 4.419999999996789 1.999996918591072 4.419999973485455 -2.7399979986059073e-08
8.875 1.9999977779569498 4.4199999999967545 1.9999967851081233 4.419999984111323 -1.240590773561188e-07
9.125 1.9999974701502434 4.419999999996724 1.9999964663841827 4.420000008355981 -3.552572240524588e-07
9.375 1.9999981154282327 4.419999999996696 1.999997111202641 4.420000009441471 1.2942058380315937e-07
9.625 2.000009204330193 4.419999999996673 2.0000092026564324 4.420000003783612 9.209599773068e-06
9.875 2.000087860146662 4.419999999996655 2.000087857435595 4.420000005901057 6.829060285179713e-05
10.125 2.0004425800527734 4.419999999996637 2.0004425763626976 4.420000007927056 0.00033476072351890226
10.375 2.0016790366585058 4.4199999999966195 2.0016790342932014 4.420000005409671 0.0012639670514472895
10.625 2.0051229617082624 4.419999999996607 2.005122961506916 4.420000001441082 0.003855097550723615
10.875 2.0128420709246813 4.419999999996596 2.0128420732218038 4.4199999955563 0.009678706501005496
11.125 2.0266209763999203 4.41999999999659 2.026620981158787 4.419999987204616 0.02012788497491368
11.375 2.0455472910745365 4.4199999999965955 2.045547297388492 4.419999980668765 0.03458962805843038
11.625 2.0636210029857285 4.419999999996605 2.063621010134463 4.41999998191813 0.0485132950314933
11.875 2.0704565332533704 4.419999999996617 2.0704565408979043 4.4199999932030405 0.053807929155783495
12.125 2.056803323313062 4.419999999996631 2.0568033302625937 4.4200000062608 0.0432510018706274
12.375 2.022084216278235 4.419999999996646 2.022084219384455 4.420000003624742 0.01668234441309194
12.625 1.9776668372281871 4.419999999996666 1.9776668323811724 4.4199999740371485 -0.01668234441309194
12.875 1.9415374681221391 4.419999999996692 1.9415374540242818 4.419999930664187 -0.0432510018706274
13.125 1.9269590675995159 4.419999999996719 1.9269590499202243 4.419999915718535 -0.053807929155783495
13.375 1.9342852065821787 4.419999999996743 1.9342851991533119 4.419999982962164 -0.0485132950314933
13.625 1.9534036356542117 4.419999999996758 1.9534036571034847 4.420000167335265 -0.03458962805843038
13.875 1.9730203565139153 4.4199999999967545 1.9730204239001783 4.4200004631404655 -0.02012788497491368
14.125 1.987067401227822 4.419999999996731 1.9870675242023597 4.420000824827749 -0.009678706501005496
14.375 1.9948613764698613 4.41999999999668 1.9948615549341961 4.420001188726529 -0.003855097550723615
14.625 1.998318013854437 4.419999999996604 1.998318239270544 4.420001498226802 -0.0012639670514472895
14.875 1.9995542377501025 4.419999999996502 1.9995544955950884 4.42000171254006 -0.00033476072351890226
15.125 1.999908767716719 4.419999999996373 1.999909039059506 4.420001801526178 -6.829060285179713e-05
15.375 1.9999876668036802 4.419999999996221 1.9999879295401908 4.42000174397532 -9.209599773068e-06
15.625 1.9999998464345567 4.419999999996049 2.000000077954762 4.42000153685233 -1.2942058380315937e-07
15.875 2.0000004846411876 4.419999999995867 2.000000666678092 4.4200012086439315 3.552572240524588e-07
16.125 2.0000001675631047 4.419999999995683 2.0000002916145627 4.420000823500631 1.240590773561188e-07
16.375 2.000000036744125 4.419999999995509 2.00000010648119 4.420000462636283 2.7399979986059073e-08
16.625 2.0000000061554775 4.419999999995345 2.0000000346596947 4.420000188989101 4.611047172371882e-09
16.875 2.0000000008317347 4.419999999995203 2.000000004595739 4.4200000249176465 6.243021272063907e-10
17.125 2.00000000009262 4.419999999995087 1.999999993452693 4.419999955903739 6.946621751012237e-11
17.375 2.0000000000086944 4.419999999995007 1.9999999921717757 4.419999947960623 6.400550420574792e-12
17.625 2.0000000000008438 4.41999999999496 1.9999999948929528 4.419999966081091 4.87731075149774e-13
17.875 2.000000000000241 4.419999999994947 1.999999997947672 4.419999986368467 3.0406459207729985e-14
18.125 2.0000000000001945 4.419999999994966 1.9999999998201266 4.419999998801661 1.5081395283077498e-15
18.375 2.0000000000001723 4.41999999999501 2.0000000004687473 4.420000003108468 5.5213930824722155e-17
18.625 2.000000000000143 4.419999999995077 2.000000000430054 4.4200000028515385 1.0909101867037715e-18
18.875 2.0000000000001084 4.419999999995152 2.000000000203093 4.4200000013444924 -2.789761923259548e-20
19.125 2.000000000000073 4.419999999995233 2.000000000036049 4.420000000235252 -3.954656992153136e-21
19.375 2.0000000000000373 4.419999999995314 1.9999999999727986 4.41999999981517 -2.252142269674823e-22
19.625 2.0000000000000018 4.419999999995395 1.9999999999715272 4.419999999806613 -9.092577194644609e-24
19.875 1.999999999999972 4.419999999995463 1.9999999999871738 4.419999999910407 -2.8831502816409013e-25
20.125 1.9999999999999498 4.419999999995516 1.9999999999982934 4.41999999998416 -7.44089836681967e-27
20.375 1.999999999999937 4.41999999999555 2.000000000001894 4.420000000008018 -1.5853487713817023e-28
20.625 1.9999999999999327 4.4199999999955635 2.0000000000015823 4.4200000000059205 -2.798298194819873e-30
20.875 1.9999999999999354 4.419999999995561 2.0000000000005485 4.419999999999047 -4.0714940949284585e-32
21.125 1.9999999999999427 4.419999999995547 1.9999999999999836 4.41999999999528 -4.802503147034089e-34
21.375 1.999999999999953 4.419999999995525 1.9999999999998725 4.419999999994534 -4.404258009248603e-36
21.625 1.9999999999999647 4.419999999995501 1.9999999999999285 4.419999999994907 -2.7652750956800404e-38
21.875 1.9999999999999774 4.4199999999954755 1.9999999999999831 4.419999999995277 -4.567817789604015e-41
22.125 1.9999999999999893 4.419999999995447 2.0000000000000018 4.419999999995405 1.5796414191572262e-42
22.375 1.9999999999999982 4.419999999995425 1.9999999999999996 4.4199999999954045 2.638888646042497e-44
22.625 2.0000000000000036 4.4199999999954125 1.9999999999999947 4.4199999999953805 2.632942317395744e-46
22.875 2.0000000000000053 4.4199999999954045 1.999999999999993 4.419999999995369 1.976589158084722e-48
23.125 2.0000000000000067 4.4199999999954 1.9999999999999936 4.419999999995369 1.1883943908134718e-50
23.375 2.000000000000007 4.419999999995399 1.999999999999995 4.419999999995371 5.861267598663116e-53
23.625 2.000000000000006 4.419999999995403 1.9999999999999956 4.419999999995376 2.3927033740792414e-55
23.875 2.0000000000000053 4.4199999999954045 1.999999999999995 4.419999999995376 8.083295968589929e-58
24.125 2.0000000000000044 4.419999999995406 1.999999999999995 4.419999999995376 2.2389513277987053e-60
24.375 2.0000000000000027 4.41999999999541 1.9999999999999956 4.419999999995375 4.960217038783217e-63
24.625 2.000000000000001 4.419999999995408 1.999999999999997 4.4199999999953725 8.237583357394523e-66
24.875 2.000000000000001 4.419999999995403 1.9999999999999987 4.419999999995371 8.023378137447364e-69
