0.125 1.9999969431234779 4.420000000000458 1.999996943124289 4.420000000000001 -8.023378137447364e-69
0.375 1.99999694312373 4.419999999999776 1.9999969431242801 4.420000000000041 -8.237583357394523e-66
0.625 1.9999969431237794 4.419999999999537 1.9999969431242461 4.420000000000133 -4.960217038783217e-63
0.875 1.9999969431238844 4.419999999999172 1.9999969431242204 4.420000000000206 -2.2389513277987053e-60
1.125 1.9999969431239475 4.4199999999988995 1.999996943124183 4.420000000000298 -8.083295968589929e-58
1.375 1.9999969431239997 4.419999999998649 1.9999969431241489 4.4200000000003765 -2.3927033740792414e-55
1.625 1.9999969431240285 4.419999999998449 1.9999969431241147 4.420000000000453 -5.861267598663116e-53
1.875 1.9999969431240388 4.41999999999829 1.9999969431240874 4.420000000000506 -1.1883943908134718e-50
2.125 1.9999969431240308 4.419999999998172 1.9999969431240663 4.420000000000541 -1.976589158084722e-48
2.375 1.9999969431240077 4.419999999998088 1.999996943124052 4.420000000000552 -2.632942317395744e-46
2.625 1.9999969431239726 4.419999999998032 1.999996943124044 4.420000000000544 -2.638888646042497e-44
2.875 1.9999969431239288 4.419999999997998 1.999996943124042 4.420000000000519 -1.5796414191572262e-42
3.125 1.9999969431238807 4.419999999997975 1.9999969431240436 4.420000000000474 4.567817789604015e-41
3.375 1.9999969431238303 4.419999999997959 1.9999969431240467 4.420000000000419 2.7652750956800404e-38
3.625 1.9999969431237807 4.419999999997945 1.9999969431240492 4.420000000000361 4.404258009248603e-36
3.875 1.9999969431237343 4.419999999997925 1.9999969431240496 4.420000000000301 4.802503147034089e-34
4.125 1.9999969431236937 4.419999999997893 1.9999969431240479 4.42000000000024 4.0714940949284585e-32
4.375 1.9999969431236613 4.419999999997847 1.9999969431240425 4.420000000000178 2.798298194819873e-30
4.625 1.9999969431236373 4.419999999997786 1.9999969431240352 4.420000000000114 1.5853487713817023e-28
4.875 1.999996943123622 4.419999999997714 1.9999969431240272 4.420000000000048 7.44089836681967e-27
5.125 1.9999969431236129 4.419999999997632 1.9999969431240172 4.419999999999979 2.8831502816409013e-25
5.375 1.9999969431236084 4.419999999997543 1.999996943124006 4.419999999999902 9.092577194644609e-24
5.625 1.9999969431236062 4.419999999997453 1.9999969431239948 4.419999999999822 2.252142269674823e-22
5.875 1.9999969431236047 4.4199999999973665 1.9999969431239841 4.419999999999737 3.954656992153136e-21
6.125 1.9999969431236027 4.419999999997286 1.999996943123973 4.419999999999647 2.789761923259548e-20
6.375 1.999996943123598 4.419999999997216 1.999996943123962 4.419999999999551 -1.0909101867037715e-18
6.625 1.9999969431235924 4.419999999997154 1.999996943123949 4.4199999999994555 -5.5213930824722155e-17
6.875 1.9999969431235838 4.419999999997097 1.9999969431239353 4.419999999999354 -1.5081395283077498e-15
7.125 1.9999969431235387 4.419999999997044 1.9999969431238842 4.419999999999255 -3.0406459207729985e-14
7.375 1.9999969431229232 4.419999999996996 1.999996943123263 4.419999999999156 -4.87731075149774e-13
7.625 1.9999969431150455 4.419999999996951 1.9999969431153788 4.419999999999054 -6.400550420574792e-12
7.875 1.9999969430310771 4.419999999996908 1.9999969430314013 4.419999999998952 -6.946621751012237e-11
8.125 1.9999969422923887 4.419999999996868 1.9999969422927037 4.419999999998847 -6.243021272063907e-10
8.375 1.9999969369846153 4.4199999999968265 1.9999969369849184 4.419999999998744 -4.611047172371882e-09
8.625 1.999996906644467 4.419999999996789 1.9999969066447574 4.419999999998643 -2.7399979986059073e-08
8.875 1.9999967779569499 4.4199999999967545 1.9999967779572243 4.419999999998549 -1.240590773561188e-07
9.125 1.9999964701502435 4.419999999996724 1.9999964701504984 4.419999999998461 -3.552572240524588e-07
9.375 1.9999971154282328 4.419999999996696 1.999997115428466 4.41999999999838 1.2942058380315937e-07
9.625 2.000009204330193 4.419999999996673 2.0000092043304027 4.4199999999983035 9.209599773068e-06
9.875 2.000087860146662 4.419999999996655 2.0000878601468495 4.419999999998229 6.829060285179713e-05
10.125 2.0004425800527734 4.419999999996637 2.000442580052936 4.41999999999816 0.00033476072351890226
10.375 2.0016790366585058 4.4199999999966195 2.0016790366586417 4.419999999998096 0.0012639670514472895
10.625 2.0051229617082624 4.419999999996607 2.0051229617083743 4.419999999998035 0.003855097550723615
10.875 2.0128420709246813 4.419999999996596 2.0128420709247727 4.419999999997972 0.009678706501005496
11.125 2.0266209763999203 4.41999999999659 2.0266209763999945 4.41999999999791 0.02012788497491368
11.375 2.0455472910745365 4.4199999999965955 2.045547291074602 4.419999999997838 0.03458962805843038
11.625 2.0636210029857285 4.419999999996605 2.063621002985794 4.419999999997759 0.0485132950314933
11.875 2.0704565332533704 4.419999999996617 2.0704565332534433 4.419999999997662 0.053807929155783495
12.125 2.056803323313062 4.419999999996631 2.056803323313151 4.419999999997551 0.0432510018706274
12.375 2.022084216278235 4.419999999996646 2.022084216278348 4.419999999997419 0.01668234441309194
12.625 1.9776668372281871 4.419999999996666 1.9776668372283424 4.419999999997259 -0.01668234441309194
12.875 1.9415374681221391 4.419999999996692 1.9415374681223572 4.419999999997074 -0.0432510018706274
13.125 1.9269590675995159 4.419999999996719 1.9269590675998138 4.419999999996865 -0.053807929155783495
13.375 1.9342852065821787 4.419999999996743 1.9342852065825646 4.4199999999966355 -0.0485132950314933
13.625 1.9534036356542117 4.419999999996758 1.9534036356546807 4.419999999996397 -0.03458962805843038
13.875 1.9730203565139153 4.4199999999967545 1.9730203565144562 4.41999999999616 -0.02012788497491368
14.125 1.987067401227822 4.419999999996731 1.9870674012284224 4.419999999995931 -0.009678706501005496
14.375 1.9948613764698613 4.41999999999668 1.9948613764705048 4.419999999995718 -0.003855097550723615
14.625 1.998318013854437 4.419999999996604 1.9983180138551053 4.41999999999553 -0.0012639670514472895
14.875 1.9995542377501025 4.419999999996502 1.999554237750773 4.419999999995374 -0.00033476072351890226
15.125 1.999908767716719 4.419999999996373 1.9999087677173666 4.4199999999952535 -6.829060285179713e-05
15.375 1.9999876668036802 4.419999999996221 1.9999876668042784 4.41999999999517 -9.209599773068e-06
15.625 1.9999998464345567 4.419999999996049 1.9999998464350817 4.419999999995126 -1.2942058380315937e-07
15.875 2.0000004846411876 4.419999999995867 2.000000484641621 4.419999999995113 3.552572240524588e-07
16.125 2.0000001675631047 4.419999999995683 2.0000001675634334 4.419999999995134 1.240590773561188e-07
16.375 2.000000036744125 4.419999999995509 2.0000000367443427 4.419999999995178 2.7399979986059073e-08
16.625 2.0000000061554775 4.419999999995345 2.000000006155583 4.419999999995235 4.611047172371882e-09
16.875 2.0000000008317347 4.419999999995203 2.0000000008317365 4.419999999995301 6.243021272063907e-10
17.125 2.00000000009262 4.419999999995087 2.0000000000925304 4.419999999995366 6.946621751012237e-11
17.375 2.0000000000086944 4.419999999995007 2.000000000008531 4.41999999999543 6.400550420574792e-12
17.625 2.0000000000008438 4.41999999999496 2.000000000000627 4.419999999995484 4.87731075149774e-13
17.875 2.000000000000241 4.419999999994947 1.9999999999999927 4.419999999995525 3.0406459207729985e-14
18.125 2.0000000000001945 4.419999999994966 1.9999999999999372 4.419999999995548 1.5081395283077498e-15
18.375 2.0000000000001723 4.41999999999501 1.999999999999928 4.4199999999955555 5.5213930824722155e-17
18.625 2.000000000000143 4.419999999995077 1.999999999999928 4.419999999995545 1.0909101867037715e-18
18.875 2.0000000000001084 4.419999999995152 1.999999999999933 4.419999999995525 -2.789761923259548e-20
19.125 2.000000000000073 4.419999999995233 1.9999999999999414 4.419999999995497 -3.954656992153136e-21
19.375 2.0000000000000373 4.419999999995314 1.9999999999999525 4.419999999995469 -2.252142269674823e-22
19.625 2.0000000000000018 4.419999999995395 1.9999999999999643 4.419999999995441 -9.092577194644609e-24
19.875 1.999999999999972 4.419999999995463 1.9999999999999758 4.419999999995413 -2.8831502816409013e-25
20.125 1.9999999999999498 4.419999999995516 1.9999999999999856 4.419999999995393 -7.44089836681967e-27
20.375 1.999999999999937 4.41999999999555 1.9999999999999916 4.419999999995381 -1.5853487713817023e-28
20.625 1.9999999999999327 4.4199999999955635 1.9999999999999938 4.419999999995376 -2.798298194819873e-30
20.875 1.9999999999999354 4.419999999995561 1.9999999999999942 4.4199999999953725 -4.0714940949284585e-32
21.125 1.9999999999999427 4.419999999995547 1.9999999999999956 4.419999999995368 -4.802503147034089e-34
21.375 1.999999999999953 4.419999999995525 1.9999999999999973 4.419999999995365 -4.404258009248603e-36
21.625 1.9999999999999647 4.419999999995501 1.9999999999999976 4.419999999995364 -2.7652750956800404e-38
21.875 1.9999999999999774 4.4199999999954755 1.999999999999997 4.419999999995363 -4.567817789604015e-41
22.125 1.9999999999999893 4.419999999995447 1.9999999999999956 4.419999999995365 1.5796414191572262e-42
22.375 1.9999999999999982 4.419999999995425 1.999999999999995 4.419999999995367 2.638888646042497e-44
22.625 2.0000000000000036 4.4199999999954125 1.9999999999999942 4.419999999995371 2.632942317395744e-46
22.875 2.0000000000000053 4.4199999999954045 1.9999999999999938 4.419999999995373 1.976589158084722e-48
23.125 2.0000000000000067 4.4199999999954 1.9999999999999947 4.419999999995374 1.1883943908134718e-50
23.375 2.000000000000007 4.419999999995399 1.999999999999995 4.419999999995375 5.861267598663116e-53
23.625 2.000000000000006 4.419999999995403 1.9999999999999956 4.419999999995376 2.3927033740792414e-55
23.875 2.0000000000000053 4.4199999999954045 1.999999999999995 4.419999999995376 8.083295968589929e-58
24.125 2.0000000000000044 4.419999999995406 1.9999999999999947 4.419999999995376 2.2389513277987053e-60
24.375 2.0000000000000027 4.41999999999541 1.9999999999999956 4.419999999995374 4.960217038783217e-63
24.625 2.000000000000001 4.419999999995408 1.999999999999997 4.419999999995371 8.237583357394523e-66
24.875 2.000000000000001 4.419999999995403 1.9999999999999987 4.419999999995369 8.023378137447364e-69
