0.125 1.9999969431234779 4.420000000000458 1.999996943124291 4.4200000000000195 -8.023378137447364e-69
0.375 1.99999694312373 4.419999999999776 1.9999969431242843 4.420000000000053 -8.237583357394523e-66
0.625 1.9999969431237794 4.419999999999537 1.9999969431242497 4.420000000000147 -4.960217038783217e-63
0.875 1.9999969431238844 4.419999999999172 1.9999969431242228 4.420000000000218 -2.2389513277987053e-60
1.125 1.9999969431239475 4.4199999999988995 1.9999969431241849 4.420000000000311 -8.083295968589929e-58
1.375 1.9999969431239997 4.419999999998649 1.9999969431241504 4.42000000000039 -2.3927033740792414e-55
1.625 1.9999969431240285 4.419999999998449 1.9999969431241162 4.4200000000004644 -5.861267598663116e-53
1.875 1.9999969431240388 4.41999999999829 1.9999969431240916 4.42000000000051 -1.1883943908134718e-50
2.125 1.9999969431240308 4.419999999998172 1.9999969431240796 4.420000000000526 -1.976589158084722e-48
2.375 1.9999969431240077 4.419999999998088 1.9999969431240594 4.4200000000005515 -2.632942317395744e-46
2.625 1.9999969431239726 4.419999999998032 1.9999969431239355 4.420000000000799 -2.638888646042497e-44
2.875 1.9999969431239288 4.419999999997998 1.999996943123652 4.4200000000013935 -1.5796414191572262e-42
3.125 1.9999969431238807 4.419999999997975 1.999996943123933 4.420000000000727 4.567817789604015e-41
3.375 1.9999969431238303 4.419999999997959 1.99999694312732 4.419999999993157 2.7652750956800404e-38
3.625 1.9999969431237807 4.419999999997945 1.9999969431347515 4.419999999976605 4.404258009248603e-36
3.875 1.9999969431237343 4.419999999997925 1.9999969431276892 4.419999999992221 4.802503147034089e-34
4.125 1.9999969431236937 4.419999999997893 1.9999969430463793 4.420000000172649 4.0714940949284585e-32
4.375 1.9999969431236613 4.419999999997847 1.999996942865339 4.420000000574458 2.798298194819873e-30
4.625 1.9999969431236373 4.419999999997786 1.999996942952962 4.420000000379878 1.5853487713817023e-28
4.875 1.999996943123622 4.419999999997714 1.999996944516671 4.419999996908526 7.44089836681967e-27
5.125 1.9999969431236129 4.419999999997632 1.9999969484432363 4.419999988191298 2.8831502816409013e-25
5.375 1.9999969431236084 4.419999999997543 1.9999969494907637 4.419999985870051 9.092577194644609e-24
5.625 1.9999969431236062 4.419999999997453 1.9999969278476692 4.420000033900479 2.252142269674823e-22
5.875 1.9999969431236047 4.4199999999973665 1.9999968590960404 4.420000186485145 3.954656992153136e-21
6.125 1.9999969431236027 4.419999999997286 1.9999967830554337 4.420000355921999 2.789761923259548e-20
6.375 1.999996943123598 4.419999999997216 1.9999969296439521 4.420000027059805 -1.0909101867037715e-18
6.625 1.9999969431235924 4.419999999997154 1.9999978092435278 4.419998144815681 -5.5213930824722155e-17
6.875 1.9999969431235838 4.419999999997097 2.00000028114664 4.419992734798821 -1.5081395283077498e-15
7.125 1.9999969431235387 4.419999999997044 2.000006114725349 4.419979756909152 -3.0406459207729985e-14
7.375 1.9999969431229232 4.419999999996996 2.0000195022607232 4.419949991452823 -4.87731075149774e-13
7.625 1.9999969431150455 4.419999999996951 2.0000488135705674 4.4198848884761945 -6.400550420574792e-12
7.875 1.9999969430310771 4.419999999996908 2.0001083807441526 4.4197526202217885 -6.946621751012237e-11
8.125 1.9999969422923887 4.419999999996868 2.0002196326709525 4.419505577560246 -6.243021272063907e-10
8.375 1.9999969369846153 4.4199999999968265 2.0004136777037544 4.419074422149727 -4.611047172371882e-09
8.625 1.999996906644467 4.419999999996789 2.0006700312229535 4.41851611398482 -2.7399979986059073e-08
8.875 1.9999967779569499 4.4199999999967545 2.000845399456722 4.418092561070255 -1.240590773561188e-07
9.125 1.9999964701502435 4.419999999996724 2.000920882786285 4.417951954985822 -3.552572240524588e-07
9.375 1.9999971154282328 4.419999999996696 2.0009115470524113 4.41798021220024 1.2942058380315937e-07
9.625 2.000009204330193 4.419999999996673 2.000598180280438 4.418712397008562 9.209599773068e-06
9.875 2.000087860146662 4.419999999996655 1.999756462206276 4.420613090965436 6.829060285179713e-05
10.125 2.0004425800527734 4.419999999996637 1.9988566227458222 4.424054122787387 0.00033476072351890226
10.375 2.0016790366585058 4.4199999999966195 1.999640735262642 4.425637631235192 0.0012639670514472895
10.625 2.0051229617082624 4.419999999996607 2.0031668885704637 4.426340601705807 0.003855097550723615
10.875 2.0128420709246813 4.419999999996596 2.01112877382241 4.426683892773898 0.009678706501005496
11.125 2.0266209763999203 4.41999999999659 2.0257432031421874 4.4246749091600215 0.02012788497491368
11.375 2.0455472910745365 4.4199999999965955 2.0453136684577378 4.423332400366202 0.03458962805843038
11.625 2.0636210029857285 4.419999999996605 2.057622781588746 4.441524394336876 0.0485132950314933
11.875 2.0704565332533704 4.419999999996617 2.071498993374987 4.406573827182694 0.053807929155783495
12.125 2.056803323313062 4.419999999996631 2.0585260037004622 4.4008227386490795 0.0432510018706274
12.375 2.022084216278235 4.419999999996646 2.0235287413283163 4.4086612780710865 0.01668234441309194
12.625 1.9776668372281871 4.419999999996666 1.9790860517260915 4.411036230587581 -0.01668234441309194
12.875 1.9415374681221391 4.419999999996692 1.945829399441958 4.402756922238361 -0.0432510018706274
13.125 1.9269590675995159 4.419999999996719 1.9281219838211288 4.408880453906523 -0.053807929155783495
13.375 1.9342852065821787 4.419999999996743 1.9343499838343094 4.424038102078889 -0.0485132950314933
13.625 1.9534036356542117 4.419999999996758 1.952702115729302 4.423041077076981 -0.03458962805843038
13.875 1.9730203565139153 4.4199999999967545 1.972278630641152 4.42262238870494 -0.02012788497491368
14.125 1.987067401227822 4.419999999996731 1.9860985549892678 4.422919038212897 -0.009678706501005496
14.375 1.9948613764698613 4.41999999999668 1.9942538229866191 4.4218188616029455 -0.003855097550723615
14.625 1.998318013854437 4.419999999996604 1.99802862635724 4.42078871087693 -0.0012639670514472895
14.875 1.9995542377501025 4.419999999996502 1.9993974565405948 4.419911677781636 -0.00033476072351890226
15.125 1.999908767716719 4.419999999996373 1.9998824777457727 4.419761738564194 -6.829060285179713e-05
15.375 1.9999876668036802 4.419999999996221 2.0000143731766338 4.4201926611747275 -9.209599773068e-06
15.625 1.9999998464345567 4.419999999996049 2.0001091308272203 4.42072061584734 -1.2942058380315937e-07
15.875 2.0000004846411876 4.419999999995867 2.00013433779785 4.420895432917389 3.552572240524588e-07
16.125 2.0000001675631047 4.419999999995683 2.000130365477908 4.420862081271931 1.240590773561188e-07
16.375 2.000000036744125 4.419999999995509 2.0001036304058246 4.42068852567426 2.7399979986059073e-08
16.625 2.0000000061554775 4.419999999995345 2.0000292833285984 4.420194540825127 4.611047172371882e-09
16.875 2.0000000008317347 4.419999999995203 1.9998878357727752 4.4192553964808825 6.243021272063907e-10
17.125 2.00000000009262 4.419999999995087 1.9997862817654255 4.418581083732692 6.946621751012237e-11
17.375 2.0000000000086944 4.419999999995007 1.9997712024419423 4.418480961985543 6.400550420574792e-12
17.625 2.0000000000008438 4.41999999999496 1.999786245424421 4.418580856378556 4.87731075149774e-13
17.875 2.000000000000241 4.419999999994947 1.9998566726808233 4.419048461406886 3.0406459207729985e-14
18.125 2.0000000000001945 4.419999999994966 2.0000221079053984 4.4201468446479675 1.5081395283077498e-15
18.375 2.0000000000001723 4.41999999999501 2.00029771179898 4.421976955163526 5.5213930824722155e-17
18.625 2.000000000000143 4.419999999995077 2.0004952120302044 4.423288629521222 1.0909101867037715e-18
18.875 2.0000000000001084 4.419999999995152 2.0005543824907948 4.423681699396415 -2.789761923259548e-20
19.125 2.000000000000073 4.419999999995233 2.000552730696993 4.423670664207168 -3.954656992153136e-21
19.375 2.0000000000000373 4.419999999995314 2.0005220366442016 4.423466705693354 -2.252142269674823e-22
19.625 2.0000000000000018 4.419999999995395 2.0004291654406003 4.422849869170193 -9.092577194644609e-24
19.875 1.999999999999972 4.419999999995463 2.0002530512724914 4.421680340731639 -2.8831502816409013e-25
20.125 1.9999999999999498 4.419999999995516 2.000056921425227 4.4203779915887775 -7.44089836681967e-27
20.375 1.999999999999937 4.41999999999555 1.9999545168842146 4.41969795052092 -1.5853487713817023e-28
20.625 1.9999999999999327 4.4199999999955635 1.9999157168513513 4.419440213332255 -2.798298194819873e-30
20.875 1.9999999999999354 4.419999999995561 1.999907288919224 4.419384495822934 -4.0714940949284585e-32
21.125 1.9999999999999427 4.419999999995547 1.9999089427255292 4.419395420467495 -4.802503147034089e-34
21.375 1.999999999999953 4.419999999995525 1.9999192606512868 4.419463923961503 -4.404258009248603e-36
21.625 1.9999999999999647 4.419999999995501 1.9999413607141103 4.419610657787576 -2.7652750956800404e-38
21.875 1.9999999999999774 4.4199999999954755 1.9999682998930999 4.4197895910255856 -4.567817789604015e-41
22.125 1.9999999999999893 4.419999999995447 1.9999842615610568 4.4198956464066175 1.5796414191572262e-42
22.375 1.9999999999999982 4.419999999995425 1.9999923744954184 4.419949644003664 2.638888646042497e-44
22.625 2.0000000000000036 4.4199999999954125 1.999996392440222 4.419976514167223 2.632942317395744e-46
22.875 2.0000000000000053 4.4199999999954045 1.9999983439850322 4.419989589531863 1.976589158084722e-48
23.125 2.0000000000000067 4.4199999999954 1.9999992985284858 4.419995740555372 1.1883943908134718e-50
23.375 2.000000000000007 4.419999999995399 1.999999750105642 4.419998473833207 5.861267598663116e-53
23.625 2.000000000000006 4.419999999995403 1.9999999414020668 4.419999629098179 2.3927033740792414e-55
23.875 2.0000000000000053 4.4199999999954045 2.000000009542 4.420000064217533 8.083295968589929e-58
24.125 2.0000000000000044 4.419999999995406 2.000000021359316 4.420000141831057 2.2389513277987053e-60
24.375 2.0000000000000027 4.41999999999541 2.000000012937588 4.420000086161746 4.960217038783217e-63
24.625 2.000000000000001 4.419999999995408 2.0000000036311842 4.42000002394515 8.237583357394523e-66
24.875 2.000000000000001 4.419999999995403 1.9999999997141704 4.419999994066421 8.023378137447364e-69
