0.0625 2.0 0.0 2.00000000000077 23.999999999999993 -1.1497184111213586e-69
0.1875 2.0 0.0 2.00000000000077 23.999999999999993 -4.956512554488603e-68
0.3125 2.0 0.0 2.0000000000007674 23.99999999999998 -1.5606895560755955e-66
0.4375 2.0 0.0 2.0000000000007665 23.99999999999997 -4.221871484767452e-65
0.5625 2.0 0.0 2.0000000000007647 23.999999999999957 -1.0331249664820779e-63
0.6875 2.0 0.0 2.000000000000762 23.99999999999994 -2.340279915629186e-62
0.8125 2.0 0.0 2.0000000000007594 23.99999999999993 -4.9677240512015786e-61
0.9375 2.0 0.0 2.0000000000007567 23.999999999999915 -9.952641974695324e-60
1.0625 2.0 0.0 2.000000000000754 23.999999999999897 -1.8904090561110707e-58
1.1875 2.0 0.0 2.0000000000007514 23.99999999999988 -3.4139735638802406e-57
1.3125 2.0 0.0 2.0000000000007487 23.999999999999865 -5.872877688638674e-56
1.4375 2.0 0.0 2.000000000000747 23.999999999999854 -9.634018146557815e-55
1.5625 2.0 0.0 2.0000000000007443 23.999999999999837 -1.5078490196182649e-53
1.6875 2.0 0.0 2.0000000000007416 23.999999999999822 -2.2516961084400117e-52
1.8125 2.0 0.0 2.00000000000074 23.999999999999808 -3.206647879385634e-51
1.9375 2.0 0.0 2.000000000000738 23.9999999999998 -4.350333912421186e-50
2.0625 2.0 0.0 2.0000000000007367 23.999999999999787 -5.612421917410396e-49
2.1875 2.0 0.0 2.0000000000007345 23.99999999999978 -6.866290082952759e-48
2.3125 2.0 0.0 2.0000000000007327 23.999999999999766 -7.931474614496866e-47
2.4375 2.0 0.0 2.00000000000073 23.99999999999975 -8.590853396874958e-46
2.5625 2.0 0.0 2.0000000000007274 23.999999999999737 -8.623273722320799e-45
2.6875 2.0 0.0 2.0000000000007248 23.999999999999723 -7.847597927876126e-44
2.8125 2.0 0.0 2.000000000000722 23.99999999999971 -6.16927538059152e-43
2.9375 2.0 0.0 2.0000000000007194 23.999999999999694 -3.6173956053941074e-42
3.0625 2.0 0.0 2.0000000000007168 23.99999999999968 -3.603800524878784e-42
3.1875 2.0 0.0 2.000000000000714 23.999999999999662 3.3073113098458767e-40
3.3125 2.0 0.0 2.0000000000007123 23.999999999999652 7.007674905386313e-39
3.4375 2.0 0.0 2.00000000000071 23.999999999999638 1.0342698109135129e-37
3.5625 2.0 0.0 2.000000000000708 23.999999999999623 1.2964282047082334e-36
3.6875 2.0 0.0 2.000000000000706 23.999999999999616 1.4633673851942304e-35
3.8125 2.0 0.0 2.0000000000007034 23.9999999999996 1.5256449707696942e-34
3.9375 2.0 0.0 2.0000000000007017 23.999999999999588 1.4886155797128192e-33
4.0625 2.0 0.0 2.0000000000007017 23.999999999999588 1.3698442674456298e-32
4.1875 2.0 0.0 2.0000000000007 23.99999999999958 1.1944977329459876e-31
4.3125 2.0 0.0 2.000000000000697 23.999999999999567 9.90034257306422e-31
4.4375 2.0 0.0 2.0000000000006946 23.999999999999552 7.814765201370724e-30
4.5625 2.0 0.0 2.000000000000693 23.999999999999538 5.881650691709571e-29
4.6875 2.0 0.0 2.00000000000069 23.999999999999524 4.223370350087268e-28
4.8125 2.0 0.0 2.0000000000006892 23.999999999999524 2.893556671295461e-27
4.9375 2.0 0.0 2.0000000000006875 23.99999999999951 1.890757597486316e-26
5.0625 2.0 0.0 2.000000000000685 23.999999999999496 1.177190424551076e-25
5.1875 2.0 0.0 2.000000000000683 23.99999999999948 6.971695163562433e-25
5.3125 2.0 0.0 2.0000000000006812 23.99999999999947 3.91712255151615e-24
5.4375 2.0 0.0 2.0000000000006795 23.99999999999946 2.0794935839713404e-23
5.5625 2.0 0.0 2.000000000000677 23.999999999999446 1.0363087742791856e-22
5.6875 2.0 0.0 2.000000000000674 23.999999999999428 4.795469821729646e-22
5.8125 2.0 0.0 2.0000000000006715 23.99999999999941 2.0196850576742936e-21
5.9375 2.0 0.0 2.000000000000669 23.999999999999396 7.416412590413098e-21
6.0625 2.0 0.0 2.000000000000667 23.999999999999382 2.0997746765631944e-20
6.1875 2.0 0.0 2.0000000000006652 23.999999999999375 1.970926387775956e-20
6.3125 2.0 0.0 2.0000000000006635 23.999999999999364 -3.06488886306849e-19
6.4375 2.0 0.0 2.0000000000006617 23.999999999999353 -3.2470451229757577e-18
6.5625 2.0 0.0 2.00000000000066 23.999999999999346 -2.2526004271834337e-17
6.6875 1.9999999999999998 0.0 2.000000000000658 23.999999999999332 -1.3095803341512223e-16
6.8125 1.9999999999999993 0.0 2.0000000000006564 23.999999999999325 -6.821465540280686e-16
6.9375 1.9999999999999967 0.0 2.0000000000006546 23.99999999999931 -3.273862560930351e-15
7.0625 1.9999999999999853 0.0 2.0000000000006537 23.999999999999297 -1.4685412509578057e-14
7.1875 1.9999999999999378 0.0 2.000000000000659 23.999999999999282 -6.207521160722045e-14
7.3125 1.9999999999997515 0.0 2.0000000000006866 23.999999999999268 -2.4851468597291215e-13
7.4375 1.9999999999990548 0.0 2.0000000000007976 23.999999999999254 -9.453492026144965e-13
7.5625 1.9999999999965759 0.0 2.0000000000011955 23.99999999999924 -3.424064082240977e-12
7.6875 1.9999999999881761 0.0 2.0000000000025464 23.999999999999233 -1.182378394443425e-11
7.8125 1.9999999999610483 0.0 2.0000000000069003 23.999999999999226 -3.895171607363096e-11
7.9375 1.9999999998775617 0.0 2.0000000000202673 23.999999999999215 -1.224382624174479e-10
8.0625 1.9999999996329072 0.0 2.000000000059349 23.999999999999204 -3.6709291014105447e-10
8.1875 1.999999998951149 0.0 2.0000000001680096 23.99999999999919 -1.04885094347367e-09
8.3125 1.9999999971486566 0.0 2.0000000004546763 23.999999999999172 -2.8513434431676317e-09
8.4375 1.9999999926429364 0.0 2.0000000011697354 23.99999999999916 -7.357063536790531e-09
8.5625 1.999999982052457 0.0 2.000000002846825 23.999999999999158 -1.794754306433284e-08
8.6875 1.999999958856138 0.0 2.000000006511726 23.999999999999154 -4.114386207184302e-08
8.8125 1.99999991225813 0.0 2.0000000138543674 23.99999999999915 -8.774186992060323e-08
8.9375 1.999999829099547 0.0 2.0000000269106684 23.999999999999147 -1.7090045283630125e-07
9.0625 1.9999997074071472 0.0 2.000000045891059 23.99999999999914 -2.9259285286963165e-07
9.1875 1.9999996032244953 0.0 2.000000061730499 23.999999999999126 -3.9677550466495557e-07
9.3125 1.999999758734999 0.0 2.000000035777183 23.99999999999912 -2.4126500111955035e-07
9.4375 2.000000907278269 0.0 1.9999998515403277 23.999999999999112 9.072782688430747e-07
9.5625 2.0000049270422755 0.0 1.9999992114279446 23.99999999999911 4.927042275346514e-06
9.6875 2.0000161204740574 0.0 1.9999974348517342 23.999999999999112 1.6120474057228993e-05
9.8125 2.000043513096891 0.0 1.9999930957490104 23.99999999999911 4.351309689093828e-05
9.9375 2.0001046424649886 0.0 1.9999834255064424 23.999999999999098 0.00010464246498845123
10.0625 2.0002312483642832 0.0 1.9999634167844247 23.999999999999094 0.00023124836428342147
10.1875 2.000476938242496 0.0 1.9999246171244116 23.999999999999083 0.0004769382424958915
10.3125 2.00092613765816 0.0 1.9998537222850234 23.999999999999076 0.0009261376581602602
10.4375 2.0017023680759536 0.0 1.9997312803497072 23.999999999999076 0.0017023680759536896
10.5625 2.002972245528986 0.0 1.9995310795898387 23.999999999999076 0.0029722455289856228
10.6875 2.004940010699782 0.0 1.9992210440051494 23.999999999999076 0.004940010699781705
10.8125 2.0078267031465638 0.0 1.9987665671407204 23.999999999999076 0.0078267031465639
10.9375 2.011829333546431 0.0 1.998137004486709 23.99999999999907 0.011829333546431228
11.0625 2.017059485212844 0.0 1.9973153722416968 23.999999999999066 0.017059485212843672
11.1875 2.0234678310894436 0.0 1.9963101536630363 23.999999999999062 0.023467831089443454
11.3125 2.0307698789411934 0.0 1.9951667187387736 23.999999999999066 0.03076987894119322
11.4375 2.0383960807120904 0.0 1.9939747053567713 23.999999999999062 0.03839608071209057
11.5625 2.0454924257235847 0.0 1.992867413175888 23.999999999999055 0.04549242572358476
11.6875 2.0509922373872547 0.0 1.9920103078178841 23.999999999999055 0.05099223738725463
11.8125 2.053764721194172 0.0 1.9915781624813835 23.99999999999905 0.053764721194172214
11.9375 2.0528232062905567 0.0 1.9917236369050242 23.999999999999048 0.05282320629055684
12.0625 2.047552344591757 0.0 1.9925432410390072 23.99999999999904 0.047552344591757154
12.1875 2.0378975547340055 0.0 1.994048615913557 23.99999999999904 0.03789755473400547
12.3125 2.0244596315073706 0.0 1.9961511326845431 23.999999999999044 0.024459631507370596
12.4375 2.008456005565417 0.0 1.9986656693202085 23.99999999999904 0.008456005565417002
12.5625 1.991543994434583 0.0 2.00133528412057 23.999999999999027 -0.008456005565417002
12.6875 1.9755403684926294 0.0 2.0038731349808794 23.99999999999902 -0.024459631507370596
12.8125 1.9621024452659945 0.0 2.0060127837749464 23.999999999999012 -0.03789755473400547
12.9375 1.9524476554082428 0.0 2.0075548139458883 23.999999999999 -0.047552344591757154
13.0625 1.947176793709443 0.0 2.0083980838357585 23.99999999999899 -0.05282320629055684
13.1875 1.9462352788058277 0.0 2.0085483142203255 23.999999999998977 -0.053764721194172214
13.3125 1.9490077626127453 0.0 2.008103616318909 23.999999999998966 -0.05099223738725463
13.4375 1.9545075742764153 0.0 2.007223246118869 23.999999999998956 -0.04549242572358476
13.5625 1.9616039192879093 0.0 2.006089721251233 23.99999999999895 -0.03839608071209057
13.6875 1.9692301210588068 0.0 2.0048743953572794 23.99999999999894 -0.03076987894119322
13.8125 1.9765321689105566 0.0 2.003713437577197 23.999999999998927 -0.023467831089443454
13.9375 1.9829405147871564 0.0 2.0026967563539007 23.999999999998924 -0.017059485212843672
14.0625 1.9881706664535688 0.0 2.001868523171728 23.99999999999892 -0.011829333546431228
14.1875 1.992173296853436 0.0 2.0012356153000495 23.999999999998906 -0.0078267031465639
14.3125 1.9950599893002183 0.0 2.000779669073359 23.9999999999989 -0.004940010699781705
14.4375 1.9970277544710144 0.0 2.000469099383868 23.9999999999989 -0.0029722455289856228
14.5625 1.9982976319240464 0.0 2.0002687601501936 23.99999999999889 -0.0017023680759536896
14.6875 1.9990738623418398 0.0 2.0001463110334674 23.999999999998874 -0.0009261376581602602
14.8125 1.9995230617575042 0.0 2.000075432305546 23.999999999998856 -0.0004769382424958915
14.9375 1.9997687516357165 0.0 2.0000366393171607 23.99999999999885 -0.00023124836428342147
15.0625 1.9998953575350116 0.0 2.0000166250188762 23.99999999999883 -0.00010464246498845123
15.1875 1.999956486903109 0.0 2.000006942532046 23.99999999999882 -4.351309689093828e-05
15.3125 1.9999838795259428 0.0 2.000002590035389 23.999999999998813 -1.6120474057228993e-05
15.4375 1.9999950729577247 0.0 2.0000008021164044 23.99999999999881 -4.927042275346514e-06
15.5625 1.9999990927217313 0.0 2.0000001537897933 23.9999999999988 -9.072782688430747e-07
15.6875 2.0000002412650013 0.0 1.9999999642670914 23.99999999999879 2.4126500111955035e-07
15.8125 2.0000003967755045 0.0 1.9999999352392055 23.99999999999879 3.9677550466495557e-07
15.9375 2.000000292592853 0.0 1.9999999494516927 23.99999999999879 2.9259285286963165e-07
16.0625 2.000000170900453 0.0 1.9999999676499467 23.99999999999879 1.7090045283630125e-07
16.1875 2.0000000877418698 0.0 1.9999999803682864 23.999999999998785 8.774186992060323e-08
16.3125 2.000000041143862 0.0 1.999999987583296 23.999999999998778 4.114386207184302e-08
16.4375 2.000000017947543 0.0 1.9999999912091773 23.999999999998774 1.794754306433284e-08
16.5625 2.0000000073570634 0.0 1.9999999928793268 23.99999999999877 7.357063536790531e-09
16.6875 2.0000000028513436 0.0 1.9999999935964345 23.99999999999877 2.8513434431676317e-09
16.8125 2.000000001048851 0.0 1.9999999938862028 23.99999999999877 1.04885094347367e-09
16.9375 2.000000000367093 0.0 1.99999999399705 23.99999999999877 3.6709291014105447e-10
17.0625 2.000000000122438 0.0 1.9999999940373465 23.999999999998767 1.224382624174479e-10
17.1875 2.0000000000389515 0.0 1.9999999940513038 23.999999999998767 3.895171607363096e-11
17.3125 2.000000000011824 0.0 1.9999999940559174 23.999999999998757 1.182378394443425e-11
17.4375 2.000000000003424 0.0 1.9999999940573738 23.999999999998757 3.424064082240977e-12
17.5625 2.0000000000009455 0.0 1.9999999940578141 23.999999999998757 9.453492026144965e-13
17.6875 2.0000000000002487 0.0 1.99999999405794 23.99999999999875 2.4851468597291215e-13
17.8125 2.000000000000062 0.0 1.9999999940579753 23.999999999998742 6.207521160722045e-14
17.9375 2.0000000000000147 0.0 1.999999994057984 23.999999999998735 1.4685412509578057e-14
18.0625 2.000000000000003 0.0 1.9999999940579865 23.999999999998735 3.273862560930351e-15
18.1875 2.000000000000001 0.0 1.9999999940579865 23.99999999999873 6.821465540280686e-16
18.3125 2.0 0.0 1.9999999940579851 23.999999999998725 1.3095803341512223e-16
18.4375 2.0 0.0 1.999999994057984 23.99999999999872 2.2526004271834337e-17
18.5625 2.0 0.0 1.9999999940579838 23.999999999998714 3.2470451229757577e-18
18.6875 2.0 0.0 1.9999999940579833 23.99999999999871 3.06488886306849e-19
18.8125 2.0 0.0 1.9999999940579825 23.999999999998707 -1.970926387775956e-20
18.9375 2.0 0.0 1.9999999940579825 23.999999999998703 -2.0997746765631944e-20
19.0625 2.0 0.0 1.9999999940579827 23.9999999999987 -7.416412590413098e-21
19.1875 2.0 0.0 1.999999994057982 23.9999999999987 -2.0196850576742936e-21
19.3125 2.0 0.0 1.9999999940579811 23.999999999998693 -4.795469821729646e-22
19.4375 2.0 0.0 1.9999999940579811 23.999999999998693 -1.0363087742791856e-22
19.5625 2.0 0.0 1.9999999940579811 23.999999999998693 -2.0794935839713404e-23
19.6875 2.0 0.0 1.9999999940579793 23.999999999998685 -3.91712255151615e-24
19.8125 2.0 0.0 1.9999999940579793 23.999999999998685 -6.971695163562433e-25
19.9375 2.0 0.0 1.9999999940579798 23.999999999998685 -1.177190424551076e-25
20.0625 2.0 0.0 1.9999999940579798 23.999999999998685 -1.890757597486316e-26
20.1875 2.0 0.0 1.9999999940579785 23.99999999999868 -2.893556671295461e-27
20.3125 2.0 0.0 1.9999999940579773 23.99999999999867 -4.223370350087268e-28
20.4375 2.0 0.0 1.9999999940579758 23.99999999999866 -5.881650691709571e-29
20.5625 2.0 0.0 1.9999999940579758 23.99999999999866 -7.814765201370724e-30
20.6875 2.0 0.0 1.9999999940579758 23.99999999999866 -9.90034257306422e-31
20.8125 2.0 0.0 1.9999999940579758 23.99999999999866 -1.1944977329459876e-31
20.9375 2.0 0.0 1.9999999940579758 23.99999999999866 -1.3698442674456298e-32
21.0625 2.0 0.0 1.9999999940579758 23.99999999999866 -1.4886155797128192e-33
21.1875 2.0 0.0 1.9999999940579758 23.999999999998657 -1.5256449707696942e-34
21.3125 2.0 0.0 1.9999999940579767 23.99999999999866 -1.4633673851942304e-35
21.4375 2.0 0.0 1.9999999940579758 23.999999999998657 -1.2964282047082334e-36
21.5625 2.0 0.0 1.9999999940579758 23.999999999998657 -1.0342698109135129e-37
21.6875 2.0 0.0 1.9999999940579758 23.999999999998657 -7.007674905386313e-39
21.8125 2.0 0.0 1.9999999940579758 23.999999999998657 -3.3073113098458767e-40
21.9375 2.0 0.0 1.9999999940579758 23.999999999998657 3.603800524878784e-42
22.0625 2.0 0.0 1.9999999940579758 23.999999999998657 3.6173956053941074e-42
22.1875 2.0 0.0 1.9999999940579758 23.999999999998657 6.16927538059152e-43
22.3125 2.0 0.0 1.9999999940579758 23.999999999998657 7.847597927876126e-44
22.4375 2.0 0.0 1.9999999940579758 23.999999999998657 8.623273722320799e-45
22.5625 2.0 0.0 1.9999999940579745 23.999999999998646 8.590853396874958e-46
22.6875 2.0 0.0 1.999999994057974 23.999999999998643 7.931474614496866e-47
22.8125 2.0 0.0 1.9999999940579734 23.999999999998643 6.866290082952759e-48
22.9375 2.0 0.0 1.9999999940579745 23.999999999998643 5.612421917410396e-49
23.0625 2.0 0.0 1.9999999940579731 23.99999999999864 4.350333912421186e-50
23.1875 2.0 0.0 1.9999999940579718 23.99999999999863 3.206647879385634e-51
23.3125 2.0 0.0 1.9999999940579707 23.99999999999862 2.2516961084400117e-52
23.4375 2.0 0.0 1.9999999940579707 23.999999999998618 1.5078490196182649e-53
23.5625 2.0 0.0 1.9999999940579714 23.99999999999862 9.634018146557815e-55
23.6875 2.0 0.0 1.9999999940579705 23.999999999998614 5.872877688638674e-56
23.8125 2.0 0.0 1.9999999940579691 23.999999999998607 3.4139735638802406e-57
23.9375 2.0 0.0 1.9999999940579687 23.9999999999986 1.8904090561110707e-58
24.0625 2.0 0.0 1.9999999940579678 23.999999999998593 9.952641974695324e-60
24.1875 2.0 0.0 1.9999999940579678 23.999999999998593 4.9677240512015786e-61
24.3125 2.0 0.0 1.9999999940579678 23.999999999998593 2.340279915629186e-62
24.4375 2.0 0.0 1.9999999940579674 23.999999999998586 1.0331249664820779e-63
24.5625 2.0 0.0 1.9999999940579651 23.999999999998575 4.221871484767452e-65
24.6875 2.0 0.0 1.9999999940579647 23.999999999998572 1.5606895560755955e-66
24.8125 2.0 0.0 1.9999999940579647 23.999999999998565 4.956512554488603e-68
24.9375 2.0 0.0 1.9999999940579647 23.999999999998565 1.1497184111213586e-69
