0.125 1.9999999999999996 24.0 2.000000000000802 24.00000000000024 -8.023378137447364e-69
0.375 1.9999999999999996 24.0 2.0000000000006484 23.99999999999907 -8.237583357394523e-66
0.625 1.9999999999999996 24.0 2.000000000000174 23.999999999995335 -4.960217038783217e-63
0.875 1.9999999999999996 24.0 1.9999999999996492 23.999999999991267 -2.2389513277987053e-60
1.125 1.9999999999999996 24.0 1.9999999999994027 23.99999999998987 -8.083295968589929e-58
1.375 1.9999999999999996 24.0 1.9999999999994766 23.999999999991754 -2.3927033740792414e-55
1.625 1.9999999999999996 24.0 1.9999999999996945 23.99999999999519 -5.861267598663116e-53
1.875 1.9999999999999996 24.0 1.9999999999998872 23.9999999999982 -1.1883943908134718e-50
2.125 1.9999999999999996 24.0 1.999999999999991 23.99999999999985 -1.976589158084722e-48
2.375 1.9999999999999996 24.0 2.0000000000000173 24.0000000000003 -2.632942317395744e-46
2.625 1.9999999999999996 24.0 2.000000000000011 24.000000000000206 -2.638888646042497e-44
2.875 1.9999999999999996 24.0 2.0000000000000027 24.000000000000053 -1.5796414191572262e-42
3.125 1.9999999999999996 24.0 1.9999999999999982 23.999999999999982 4.567817789604015e-41
3.375 1.9999999999999996 24.0 1.9999999999999978 23.99999999999998 2.7652750956800404e-38
3.625 1.9999999999999996 24.0 1.9999999999999987 23.999999999999993 4.404258009248603e-36
3.875 1.9999999999999996 24.0 1.9999999999999996 24.0 4.802503147034089e-34
4.125 1.9999999999999996 24.0 1.9999999999999996 24.0 4.0714940949284585e-32
4.375 1.9999999999999996 24.0 1.9999999999999996 24.0 2.798298194819873e-30
4.625 1.9999999999999996 24.0 1.9999999999999996 24.0 1.5853487713817023e-28
4.875 1.9999999999999996 24.0 1.9999999999999996 24.0 7.44089836681967e-27
5.125 1.9999999999999996 24.0 1.9999999999999996 24.0 2.8831502816409013e-25
5.375 1.9999999999999996 24.0 1.9999999999999996 24.0 9.092577194644609e-24
5.625 1.9999999999999996 24.0 1.999999999999999 23.99999999999999 2.252142269674823e-22
5.875 1.9999999999999996 24.0 2.0 24.00000000000001 3.954656992153136e-21
6.125 1.9999999999999996 24.0 1.9999999999999962 23.999999999999943 2.789761923259548e-20
6.375 1.9999999999999996 24.0 2.0000000000000018 24.00000000000011 -1.0909101867037715e-18
6.625 1.9999999999999996 24.0 1.9999999999999956 23.99999999999949 -5.5213930824722155e-17
6.875 2.0000000000000018 24.0 2.000000000000006 24.000000000003865 -1.5081395283077498e-15
7.125 2.0000000000000053 24.0 2.000000000001817 23.999999999978535 -3.0406459207729985e-14
7.375 2.0000000000000773 24.0 1.9999999999493387 23.999999999852776 -4.87731075149774e-13
7.625 2.00100000000101 24.0 2.0000228258939465 24.000174681414453 -6.400550420574792e-12
7.875 2.0010000000109622 24.0 2.00016986418233 24.00134138916113 -6.946621751012237e-11
8.125 2.001000000098502 24.0 2.000683140638795 24.00559914382228 -6.243021272063907e-10
8.375 2.0010000007275304 24.0 2.001241706507729 24.00893752921469 -4.611047172371882e-09
8.625 2.00100000432316 24.0 2.001443767625056 24.009813991291978 -2.7399979986059073e-08
8.875 2.0010000195739974 24.0 2.001536236979728 24.00973767198355 -1.240590773561188e-07
9.125 2.0010000560523586 24.0 2.0015018606483315 24.007893919665545 -3.552572240524588e-07
9.375 2.00099997958007 24.0 2.001273868215202 24.004023893375482 1.2942058380315937e-07
9.625 1.9999985469145345 24.0 2.0010931412135946 24.001698344856457 9.209599773068e-06
9.875 1.9999892252343539 24.0 2.0008568794650676 23.999313187265216 6.829060285179713e-05
10.125 1.999947183997248 24.0 2.000242466629337 23.994166592788762 0.00033476072351890226
10.375 1.9998006062665017 24.0 1.9995543496265875 23.991016869534263 0.0012639670514472895
10.625 1.9993920651653252 24.0 1.9989478133284693 23.99016599025945 0.003855097550723615
10.875 1.9984749189029762 24.0 1.9979375833897184 23.990234394959284 0.009678706501005496
11.125 1.9968329575959611 24.0 1.9963284396461067 23.992059946220856 0.02012788497491368
11.375 1.9945681741525068 24.0 1.9943054745194762 23.996005246478077 0.03458962805843038
11.625 1.9923960528264235 24.0 1.9923040156498824 23.998520089420147 0.0485132950314933
11.875 1.9915722283871957 24.0 1.9915426701483017 23.999499027008223 0.053807929155783495
12.125 1.9932160170480222 24.0 1.9932064154411857 23.99984395077495 0.0432510018706274
12.375 1.9973738648186663 24.0 1.9973669061026544 23.99994471884918 0.01668234441309194
12.625 2.0026381671618303 24.0 2.00263491982837 23.999992784769127 -0.01668234441309194
12.875 2.0068648622820344 24.0 2.0068677526514103 24.000017877797962 -0.0432510018706274
13.125 2.0085529565497833 24.0 2.0085540250858234 24.00001897921306 -0.053807929155783495
13.375 2.007705706329197 24.0 2.0077025105218578 24.000012632752636 -0.0485132950314933
13.625 2.005483554071176 24.0 2.005482403884286 24.000017244452746 -0.03458962805843038
13.875 2.00318455784232 24.0 2.0031874042138957 24.000026015707093 -0.02012788497491368
14.125 2.0015291310969436 24.0 2.0015318116172476 24.000025198516195 -0.009678706501005496
14.375 2.0006085773596554 24.0 2.0006098046155416 24.00001568162282 -0.003855097550723615
14.625 2.0001994628036814 24.0 2.000199508547875 24.00000103073842 -0.0012639670514472895
14.875 2.000052820847689 24.0 2.0000527163783186 23.99999679197424 -0.00033476072351890226
15.125 2.000010774967268 24.0 2.0000107757904795 23.999997113625614 -6.829060285179713e-05
15.375 2.0000014530891326 24.0 2.000001418881845 23.99999699361735 -9.209599773068e-06
15.625 2.000000020419934 24.0 1.9999998581643803 23.999996583098216 -1.2942058380315937e-07
15.875 1.999999943947647 24.0 1.9999997452107077 23.999996904132864 3.552572240524588e-07
16.125 1.9999999804260038 24.0 1.9999998415091185 23.999998019654026 1.240590773561188e-07
16.375 1.9999999956768408 24.0 1.9999999437870621 23.999999217283293 2.7399979986059073e-08
16.625 1.9999999992724706 24.0 1.9999999916067577 23.999999766206514 4.611047172371882e-09
16.875 1.9999999999014986 24.0 2.000000001289081 23.999999971923256 6.243021272063907e-10
17.125 1.999999999989039 24.0 2.000000003085904 24.000000043625292 6.946621751012237e-11
17.375 1.9999999999989901 24.0 2.000000002562321 24.00000004382284 6.400550420574792e-12
17.625 1.9999999999999238 24.0 2.000000001057818 24.000000018233926 4.87731075149774e-13
17.875 1.9999999999999964 24.0 2.000000000001186 24.00000000010415 3.0406459207729985e-14
18.125 1.9999999999999996 24.0 1.9999999997470088 23.999999995816918 1.5081395283077498e-15
18.375 1.9999999999999996 24.0 1.9999999998638278 23.99999999775304 5.5213930824722155e-17
18.625 1.9999999999999996 24.0 1.9999999999809512 23.99999999968618 1.0909101867037715e-18
18.875 1.9999999999999996 24.0 2.0000000000149596 24.00000000024603 -2.789761923259548e-20
19.125 1.9999999999999996 24.0 2.0000000000093983 24.00000000015452 -3.954656992153136e-21
19.375 1.9999999999999996 24.0 2.000000000001488 24.00000000002448 -2.252142269674823e-22
19.625 1.9999999999999996 24.0 1.9999999999992368 23.99999999998748 -9.092577194644609e-24
19.875 1.9999999999999996 24.0 1.9999999999995377 23.999999999992426 -2.8831502816409013e-25
20.125 1.9999999999999996 24.0 1.9999999999999418 23.999999999999062 -7.44089836681967e-27
20.375 1.9999999999999996 24.0 2.0000000000000346 24.00000000000059 -1.5853487713817023e-28
20.625 1.9999999999999996 24.0 2.0000000000000147 24.000000000000263 -2.798298194819873e-30
20.875 1.9999999999999996 24.0 1.9999999999999991 24.000000000000004 -4.0714940949284585e-32
21.125 1.9999999999999996 24.0 1.9999999999999978 23.999999999999975 -4.802503147034089e-34
21.375 1.9999999999999996 24.0 1.999999999999999 23.999999999999993 -4.404258009248603e-36
21.625 1.9999999999999996 24.0 1.9999999999999996 24.0 -2.7652750956800404e-38
21.875 1.9999999999999996 24.0 1.9999999999999996 24.0 -4.567817789604015e-41
22.125 1.9999999999999996 24.0 1.9999999999999996 24.0 1.5796414191572262e-42
22.375 1.9999999999999996 24.0 1.9999999999999996 24.0 2.638888646042497e-44
22.625 1.9999999999999996 24.0 1.9999999999999996 24.0 2.632942317395744e-46
22.875 1.9999999999999996 24.0 1.9999999999999996 24.0 1.976589158084722e-48
23.125 1.9999999999999996 24.0 1.9999999999999996 24.0 1.1883943908134718e-50
23.375 1.9999999999999996 24.0 1.9999999999999996 24.0 5.861267598663116e-53
23.625 1.9999999999999996 24.0 1.9999999999999996 24.0 2.3927033740792414e-55
23.875 1.9999999999999996 24.0 1.9999999999999996 24.0 8.083295968589929e-58
24.125 1.9999999999999996 24.0 1.9999999999999996 24.0 2.2389513277987053e-60
24.375 1.9999999999999996 24.0 1.9999999999999996 24.0 4.960217038783217e-63
24.625 1.9999999999999996 24.0 1.9999999999999996 24.0 8.237583357394523e-66
24.875 1.9999999999999996 24.0 1.9999999999999996 24.0 8.023378137447364e-69
