0.125 1.9999999999999996 24.0 2.000000000000802 24.00000000000024 -8.023378137447364e-69
0.375 1.9999999999999996 24.0 2.0000000000006484 23.99999999999907 -8.237583357394523e-66
0.625 1.9999999999999996 24.0 2.000000000000174 23.999999999995335 -4.960217038783217e-63
0.875 1.9999999999999996 24.0 1.9999999999996492 23.999999999991267 -2.2389513277987053e-60
1.125 1.9999999999999996 24.0 1.9999999999994027 23.99999999998987 -8.083295968589929e-58
1.375 1.9999999999999996 24.0 1.9999999999994766 23.999999999991754 -2.3927033740792414e-55
1.625 1.9999999999999996 24.0 1.9999999999996945 23.99999999999519 -5.861267598663116e-53
1.875 1.9999999999999996 24.0 1.9999999999998872 23.9999999999982 -1.1883943908134718e-50
2.125 1.9999999999999996 24.0 1.999999999999991 23.99999999999985 -1.976589158084722e-48
2.375 1.9999999999999996 24.0 2.0000000000000173 24.0000000000003 -2.632942317395744e-46
2.625 1.9999999999999996 24.0 2.000000000000011 24.000000000000206 -2.638888646042497e-44
2.875 1.9999999999999996 24.0 2.0000000000000027 24.000000000000053 -1.5796414191572262e-42
3.125 1.9999999999999996 24.0 1.9999999999999982 23.999999999999982 4.567817789604015e-41
3.375 1.9999999999999996 24.0 1.9999999999999978 23.99999999999998 2.7652750956800404e-38
3.625 1.9999999999999996 24.0 1.9999999999999987 23.999999999999993 4.404258009248603e-36
3.875 1.9999999999999996 24.0 1.9999999999999996 24.0 4.802503147034089e-34
4.125 1.9999999999999996 24.0 1.9999999999999996 24.0 4.0714940949284585e-32
4.375 1.9999999999999996 24.0 1.9999999999999996 24.0 2.798298194819873e-30
4.625 1.9999999999999996 24.0 1.9999999999999996 24.0 1.5853487713817023e-28
4.875 1.9999999999999996 24.0 1.9999999999999996 24.0 7.44089836681967e-27
5.125 1.9999999999999996 24.0 1.9999999999999996 24.0 2.8831502816409013e-25
5.375 1.9999999999999996 24.0 1.9999999999999996 24.0 9.092577194644609e-24
5.625 1.9999999999999996 24.0 1.999999999999999 23.99999999999999 2.252142269674823e-22
5.875 1.9999999999999996 24.0 2.0 24.00000000000001 3.954656992153136e-21
6.125 1.9999999999999996 24.0 1.9999999999999962 23.999999999999943 2.789761923259548e-20
6.375 1.9999999999999996 24.0 2.0000000000000018 24.00000000000011 -1.0909101867037715e-18
6.625 1.9999999999999996 24.0 1.9999999999999956 23.99999999999949 -5.5213930824722155e-17
6.875 2.0000000000000018 24.0 2.000000000000006 24.000000000003865 -1.5081395283077498e-15
7.125 2.0000000000000053 24.0 2.000000000001817 23.999999999978535 -3.0406459207729985e-14
7.375 2.0000000000000773 24.0 1.9999999999493387 23.999999999852776 -4.87731075149774e-13
7.625 2.00100000000101 24.0 2.0000228258944412 24.00017468141786 -6.400550420574792e-12
7.875 2.0010000000109622 24.0 2.0001698641841834 24.001341389168353 -6.946621751012237e-11
8.125 2.001000000098502 24.0 2.000683140634256 24.005599143825226 -6.243021272063907e-10
8.375 2.0010000007275304 24.0 2.0012417065171917 24.008937529415633 -4.611047172371882e-09
8.625 2.00100000432316 24.0 2.0014437676196977 24.009813991243885 -2.7399979986059073e-08
8.875 2.0010000195739974 24.0 2.00153623698019 24.00973767190887 -1.240590773561188e-07
9.125 2.0010000560523586 24.0 2.0015018606468424 24.007893919580958 -3.552572240524588e-07
9.375 2.00099997958007 24.0 2.00127386821363 24.00402389340172 1.2942058380315937e-07
9.625 1.9999985469145345 24.0 2.001093141214719 24.001698345047195 9.209599773068e-06
9.875 1.9999892252343539 24.0 2.0008568795611605 23.999313187526756 6.829060285179713e-05
10.125 1.999947183997248 24.0 2.000242465404855 23.99416658182947 0.00033476072351890226
10.375 1.9998006062665017 24.0 1.999554348317099 23.991016867749885 0.0012639670514472895
10.625 1.9993920651653252 24.0 1.9989478310584734 23.99016603333059 0.003855097550723615
10.875 1.9984749189029762 24.0 1.9979376733494212 23.990234460852548 0.009678706501005496
11.125 1.9968329575959611 24.0 1.9963288444698206 23.992061215741764 0.02012788497491368
11.375 1.9945681741525068 24.0 1.994306115162555 23.996007113157564 0.03458962805843038
11.625 1.9923960528264235 24.0 1.992303343531754 23.998511626548797 0.0485132950314933
11.875 1.9915722283871957 24.0 1.9915425812699608 23.99949484136731 0.053807929155783495
12.125 1.9932160170480222 24.0 1.9932104964311101 23.999847018022734 0.0432510018706274
12.375 1.9973738648186663 24.0 1.9973732753450462 23.99994305219204 0.01668234441309194
12.625 2.0026381671618303 24.0 2.0026353482715256 23.999960068327617 -0.01668234441309194
12.875 2.0068648622820344 24.0 2.006862783253573 23.999965350953918 -0.0432510018706274
13.125 2.0085529565497833 24.0 2.008554436488685 23.999975346437658 -0.053807929155783495
13.375 2.007705706329197 24.0 2.007707065502558 23.99997965187771 -0.0485132950314933
13.625 2.005483554071176 24.0 2.0054817624780767 23.999973872676783 -0.03458962805843038
13.875 2.00318455784232 24.0 2.003181504570005 23.999972088518582 -0.02012788497491368
14.125 2.0015291310969436 24.0 2.0015267640805323 23.999978196002488 -0.009678706501005496
14.375 2.0006085773596554 24.0 2.000607772602516 23.999994462737668 -0.003855097550723615
14.625 2.0001994628036814 24.0 2.0001996834119495 24.00000634750841 -0.0012639670514472895
14.875 2.000052820847689 24.0 2.0000531753436404 24.000007977067682 -0.00033476072351890226
15.125 2.000010774967268 24.0 2.0000110236465694 24.000007228733757 -6.829060285179713e-05
15.375 2.0000014530891326 24.0 2.0000016699042438 24.000006112129057 -9.209599773068e-06
15.625 2.000000020419934 24.0 2.0000002534849113 24.00000495169263 -1.2942058380315937e-07
15.875 1.999999943947647 24.0 2.00000015476144 24.000003612950174 3.552572240524588e-07
16.125 1.9999999804260038 24.0 2.0000001153767046 24.000002083560783 1.240590773561188e-07
16.375 1.9999999956768408 24.0 2.00000005471519 24.000001012465805 2.7399979986059073e-08
16.625 1.9999999992724706 24.0 2.0000000230306005 24.000000464702847 4.611047172371882e-09
16.875 1.9999999999014986 24.0 2.0000000090439967 24.000000178842978 6.243021272063907e-10
17.125 1.999999999989039 24.0 2.0000000019283144 24.000000036829903 6.946621751012237e-11
17.375 1.9999999999989901 24.0 1.9999999992559188 23.999999987478276 6.400550420574792e-12
17.625 1.9999999999999238 24.0 1.9999999991103121 23.999999985060263 4.87731075149774e-13
17.875 1.9999999999999964 24.0 1.9999999996448006 23.999999994143327 3.0406459207729985e-14
18.125 1.9999999999999996 24.0 1.999999999977125 23.999999999640572 1.5081395283077498e-15
18.375 1.9999999999999996 24.0 2.0000000000466676 24.000000000769717 5.5213930824722155e-17
18.625 1.9999999999999996 24.0 2.0000000000233493 24.000000000383118 1.0909101867037715e-18
18.875 1.9999999999999996 24.0 2.000000000002726 24.00000000004461 -2.789761923259548e-20
19.125 1.9999999999999996 24.0 1.9999999999979101 23.999999999965688 -3.954656992153136e-21
19.375 1.9999999999999996 24.0 1.9999999999989213 23.999999999982307 -2.252142269674823e-22
19.625 1.9999999999999996 24.0 1.9999999999998925 23.999999999998256 -9.092577194644609e-24
19.875 1.9999999999999996 24.0 2.000000000000088 24.000000000001457 -2.8831502816409013e-25
20.125 1.9999999999999996 24.0 2.0000000000000364 24.000000000000604 -7.44089836681967e-27
20.375 1.9999999999999996 24.0 2.0 24.0 -1.5853487713817023e-28
20.625 1.9999999999999996 24.0 1.9999999999999951 23.999999999999922 -2.798298194819873e-30
20.875 1.9999999999999996 24.0 1.9999999999999978 23.99999999999997 -4.0714940949284585e-32
21.125 1.9999999999999996 24.0 1.9999999999999996 24.0 -4.802503147034089e-34
21.375 1.9999999999999996 24.0 1.9999999999999996 24.0 -4.404258009248603e-36
21.625 1.9999999999999996 24.0 1.9999999999999996 24.0 -2.7652750956800404e-38
21.875 1.9999999999999996 24.0 1.9999999999999996 24.0 -4.567817789604015e-41
22.125 1.9999999999999996 24.0 1.9999999999999996 24.0 1.5796414191572262e-42
22.375 1.9999999999999996 24.0 1.9999999999999996 24.0 2.638888646042497e-44
22.625 1.9999999999999996 24.0 1.9999999999999996 24.0 2.632942317395744e-46
22.875 1.9999999999999996 24.0 1.9999999999999996 24.0 1.976589158084722e-48
23.125 1.9999999999999996 24.0 1.9999999999999996 24.0 1.1883943908134718e-50
23.375 1.9999999999999996 24.0 1.9999999999999996 24.0 5.861267598663116e-53
23.625 1.9999999999999996 24.0 1.9999999999999996 24.0 2.3927033740792414e-55
23.875 1.9999999999999996 24.0 1.9999999999999996 24.0 8.083295968589929e-58
24.125 1.9999999999999996 24.0 1.9999999999999996 24.0 2.2389513277987053e-60
24.375 1.9999999999999996 24.0 1.9999999999999996 24.0 4.960217038783217e-63
24.625 1.9999999999999996 24.0 1.9999999999999996 24.0 8.237583357394523e-66
24.875 1.9999999999999996 24.0 1.9999999999999996 24.0 8.023378137447364e-69
