0.125 1.9999999999999996 24.0 2.000000000000802 24.00000000000024 -8.023378137447364e-69
0.375 1.9999999999999996 24.0 2.0000000000006484 23.99999999999907 -8.237583357394523e-66
0.625 1.9999999999999996 24.0 2.000000000000174 23.999999999995335 -4.960217038783217e-63
0.875 1.9999999999999996 24.0 1.9999999999996492 23.999999999991267 -2.2389513277987053e-60
1.125 1.9999999999999996 24.0 1.9999999999994027 23.99999999998987 -8.083295968589929e-58
1.375 1.9999999999999996 24.0 1.9999999999994766 23.999999999991754 -2.3927033740792414e-55
1.625 1.9999999999999996 24.0 1.9999999999996945 23.99999999999519 -5.861267598663116e-53
1.875 1.9999999999999996 24.0 1.9999999999998872 23.9999999999982 -1.1883943908134718e-50
2.125 1.9999999999999996 24.0 1.999999999999991 23.99999999999985 -1.976589158084722e-48
2.375 1.9999999999999996 24.0 2.0000000000000173 24.0000000000003 -2.632942317395744e-46
2.625 1.9999999999999996 24.0 2.000000000000011 24.000000000000206 -2.638888646042497e-44
2.875 1.9999999999999996 24.0 2.0000000000000027 24.000000000000053 -1.5796414191572262e-42
3.125 1.9999999999999996 24.0 1.9999999999999982 23.999999999999982 4.567817789604015e-41
3.375 1.9999999999999996 24.0 1.9999999999999978 23.99999999999998 2.7652750956800404e-38
3.625 1.9999999999999996 24.0 1.9999999999999987 23.999999999999993 4.404258009248603e-36
3.875 1.9999999999999996 24.0 1.9999999999999996 24.0 4.802503147034089e-34
4.125 1.9999999999999996 24.0 1.9999999999999996 24.0 4.0714940949284585e-32
4.375 1.9999999999999996 24.0 1.9999999999999996 24.0 2.798298194819873e-30
4.625 1.9999999999999996 24.0 1.9999999999999996 24.0 1.5853487713817023e-28
4.875 1.9999999999999996 24.0 1.9999999999999996 24.0 7.44089836681967e-27
5.125 1.9999999999999996 24.0 1.9999999999999996 24.0 2.8831502816409013e-25
5.375 1.9999999999999996 24.0 1.9999999999999996 24.0 9.092577194644609e-24
5.625 1.9999999999999996 24.0 1.9999999999999996 24.0 2.252142269674823e-22
5.875 1.9999999999999996 24.0 1.9999999999999996 24.0 3.954656992153136e-21
6.125 1.9999999999999996 24.0 1.9999999999999996 24.0 2.789761923259548e-20
6.375 1.9999999999999996 24.0 1.9999999999999996 24.0 -1.0909101867037715e-18
6.625 1.9999999999999996 24.0 1.9999999999999996 24.0 -5.5213930824722155e-17
6.875 2.0000000000000018 24.0 2.0000000000000018 24.0 -1.5081395283077498e-15
7.125 2.0000000000000053 24.0 2.0000000000000053 23.999999999999993 -3.0406459207729985e-14
7.375 2.0000000000000773 24.0 2.0000000000000773 23.99999999999999 -4.87731075149774e-13
7.625 2.0000000000010103 24.0 2.00000000000101 23.99999999999999 -6.400550420574792e-12
7.875 2.0000000000109623 24.0 2.0000000000109575 23.999999999999947 -6.946621751012237e-11
8.125 2.000000000098502 24.0 2.0000000000985123 24.000000000000146 -6.243021272063907e-10
8.375 2.0000000007275305 24.0 2.000000000727498 23.999999999999474 -4.611047172371882e-09
8.625 2.00000000432316 24.0 2.000000004323219 24.000000000001048 -2.7399979986059073e-08
8.875 2.0000000195739975 24.0 2.000000019574002 23.99999999999966 -1.240590773561188e-07
9.125 2.0000000560523588 24.0 2.0000000560516487 23.999999999991168 -3.552572240524588e-07
9.375 1.99999997958007 24.0 1.9999999795830217 24.000000000033193 1.2942058380315937e-07
9.625 1.9999985469145345 24.0 1.9999985469138395 24.000000000021615 9.209599773068e-06
9.875 1.9999892252343539 24.0 1.9999892252237808 23.99999999916307 6.829060285179713e-05
10.125 1.999947183997248 24.0 1.9999471849842538 24.00000000467157 0.00033476072351890226
10.375 1.9998006062665017 24.0 1.9998006120082112 23.999999988717125 0.0012639670514472895
10.625 1.9993920651653252 24.0 1.9993921010344202 23.999999978890898 0.003855097550723615
10.875 1.9984749189029762 24.0 1.998475087383051 24.000000202808717 0.009678706501005496
11.125 1.9968329575959611 24.0 1.996833268527643 24.00000005103699 0.02012788497491368
11.375 1.9945681741525068 24.0 1.9945681747551691 23.999998099155707 0.03458962805843038
11.625 1.9923960528264235 24.0 1.992395797771956 23.999997373097415 0.0485132950314933
11.875 1.9915722283871957 24.0 1.991573455418749 23.99999929153929 0.053807929155783495
12.125 1.9932160170480222 24.0 1.9932195194585673 23.99999820890295 0.0432510018706274
12.375 1.9973738648186663 24.0 1.99737624161526 23.999988349692707 0.01668234441309194
12.625 2.0026381671618303 24.0 2.0026359957560773 23.999972096060144 -0.01668234441309194
12.875 2.0068648622820344 24.0 2.0068630223984214 23.999970352220693 -0.0432510018706274
13.125 2.0085529565497833 24.0 2.008554523366687 23.999975832260773 -0.053807929155783495
13.375 2.007705706329197 24.0 2.00770708564738 23.999979578728635 -0.0485132950314933
13.625 2.005483554071176 24.0 2.0054817605060427 23.999973769480853 -0.03458962805843038
13.875 2.00318455784232 24.0 2.0031815041598726 23.99997210627542 -0.02012788497491368
14.125 2.0015291310969436 24.0 2.001526763658515 23.999978194127706 -0.009678706501005496
14.375 2.0006085773596554 24.0 2.000607772099546 23.99999445522056 -0.003855097550723615
14.625 2.0001994628036814 24.0 2.0001996833610667 24.000006346737855 -0.0012639670514472895
14.875 2.000052820847689 24.0 2.000053175340824 24.000007977119942 -0.00033476072351890226
15.125 2.000010774967268 24.0 2.0000110236497495 24.000007228772677 -6.829060285179713e-05
15.375 2.0000014530891326 24.0 2.0000016699010716 24.00000611209789 -9.209599773068e-06
15.625 2.000000020419934 24.0 2.000000253485607 24.000004951723543 -1.2942058380315937e-07
15.875 1.999999943947647 24.0 2.0000001547620405 24.000003612961848 3.552572240524588e-07
16.125 1.9999999804260038 24.0 2.0000001153767757 24.00000208356162 1.240590773561188e-07
16.375 1.9999999956768408 24.0 2.0000000547151653 24.000001012465894 2.7399979986059073e-08
16.625 1.9999999992724706 24.0 2.000000023030599 24.00000046470287 4.611047172371882e-09
16.875 1.9999999999014986 24.0 2.000000009043997 24.000000178842985 6.243021272063907e-10
17.125 1.999999999989039 24.0 2.000000001928315 24.000000036829917 6.946621751012237e-11
17.375 1.9999999999989901 24.0 1.9999999992559188 23.999999987478272 6.400550420574792e-12
17.625 1.9999999999999238 24.0 1.9999999991103121 23.999999985060263 4.87731075149774e-13
17.875 1.9999999999999964 24.0 1.9999999996448006 23.999999994143334 3.0406459207729985e-14
18.125 1.9999999999999996 24.0 1.999999999977126 23.99999999964058 1.5081395283077498e-15
18.375 1.9999999999999996 24.0 2.0000000000466684 24.00000000076971 5.5213930824722155e-17
18.625 1.9999999999999996 24.0 2.000000000023349 24.000000000383118 1.0909101867037715e-18
18.875 1.9999999999999996 24.0 2.0000000000027263 24.00000000004461 -2.789761923259548e-20
19.125 1.9999999999999996 24.0 1.9999999999979101 23.999999999965688 -3.954656992153136e-21
19.375 1.9999999999999996 24.0 1.9999999999989213 23.999999999982307 -2.252142269674823e-22
19.625 1.9999999999999996 24.0 1.9999999999998925 23.999999999998256 -9.092577194644609e-24
19.875 1.9999999999999996 24.0 2.000000000000088 24.000000000001457 -2.8831502816409013e-25
20.125 1.9999999999999996 24.0 2.0000000000000364 24.000000000000604 -7.44089836681967e-27
20.375 1.9999999999999996 24.0 2.0 24.0 -1.5853487713817023e-28
20.625 1.9999999999999996 24.0 1.9999999999999951 23.999999999999922 -2.798298194819873e-30
20.875 1.9999999999999996 24.0 1.9999999999999978 23.99999999999997 -4.0714940949284585e-32
21.125 1.9999999999999996 24.0 1.9999999999999996 24.0 -4.802503147034089e-34
21.375 1.9999999999999996 24.0 1.9999999999999996 24.0 -4.404258009248603e-36
21.625 1.9999999999999996 24.0 1.9999999999999996 24.0 -2.7652750956800404e-38
21.875 1.9999999999999996 24.0 1.9999999999999996 24.0 -4.567817789604015e-41
22.125 1.9999999999999996 24.0 1.9999999999999996 24.0 1.5796414191572262e-42
22.375 1.9999999999999996 24.0 1.9999999999999996 24.0 2.638888646042497e-44
22.625 1.9999999999999996 24.0 1.9999999999999996 24.0 2.632942317395744e-46
22.875 1.9999999999999996 24.0 1.9999999999999996 24.0 1.976589158084722e-48
23.125 1.9999999999999996 24.0 1.9999999999999996 24.0 1.1883943908134718e-50
23.375 1.9999999999999996 24.0 1.9999999999999996 24.0 5.861267598663116e-53
23.625 1.9999999999999996 24.0 1.9999999999999996 24.0 2.3927033740792414e-55
23.875 1.9999999999999996 24.0 1.9999999999999996 24.0 8.083295968589929e-58
24.125 1.9999999999999996 24.0 1.9999999999999996 24.0 2.2389513277987053e-60
24.375 1.9999999999999996 24.0 1.9999999999999996 24.0 4.960217038783217e-63
24.625 1.9999999999999996 24.0 1.9999999999999996 24.0 8.237583357394523e-66
24.875 1.9999999999999996 24.0 1.9999999999999996 24.0 8.023378137447364e-69
