0.125 1.9999999999999996 24.0 2.000000000000802 24.00000000000024 -8.023378137447364e-69
0.375 1.9999999999999996 24.0 2.0000000000006484 23.99999999999907 -8.237583357394523e-66
0.625 1.9999999999999996 24.0 2.000000000000174 23.999999999995335 -4.960217038783217e-63
0.875 1.9999999999999996 24.0 1.9999999999996492 23.999999999991267 -2.2389513277987053e-60
1.125 1.9999999999999996 24.0 1.9999999999994027 23.99999999998987 -8.083295968589929e-58
1.375 1.9999999999999996 24.0 1.9999999999994766 23.999999999991754 -2.3927033740792414e-55
1.625 1.9999999999999996 24.0 1.9999999999996945 23.99999999999519 -5.861267598663116e-53
1.875 1.9999999999999996 24.0 1.9999999999998872 23.9999999999982 -1.1883943908134718e-50
2.125 1.9999999999999996 24.0 1.999999999999991 23.99999999999985 -1.976589158084722e-48
2.375 1.9999999999999996 24.0 2.0000000000000173 24.0000000000003 -2.632942317395744e-46
2.625 1.9999999999999996 24.0 2.000000000000011 24.000000000000206 -2.638888646042497e-44
2.875 1.9999999999999996 24.0 2.0000000000000027 24.000000000000053 -1.5796414191572262e-42
3.125 1.9999999999999996 24.0 1.9999999999999982 23.999999999999982 4.567817789604015e-41
3.375 1.9999999999999996 24.0 1.9999999999999978 23.99999999999998 2.7652750956800404e-38
3.625 1.9999999999999996 24.0 1.9999999999999987 23.999999999999993 4.404258009248603e-36
3.875 1.9999999999999996 24.0 1.9999999999999996 24.0 4.802503147034089e-34
4.125 1.9999999999999996 24.0 1.9999999999999996 24.0 4.0714940949284585e-32
4.375 1.9999999999999996 24.0 1.9999999999999996 24.0 2.798298194819873e-30
4.625 1.9999999999999996 24.0 1.9999999999999996 24.0 1.5853487713817023e-28
4.875 1.9999999999999996 24.0 1.9999999999999996 24.0 7.44089836681967e-27
5.125 1.9999999999999996 24.0 1.9999999999999996 24.0 2.8831502816409013e-25
5.375 1.9999999999999996 24.0 1.9999999999999996 24.0 9.092577194644609e-24
5.625 1.9999999999999996 24.0 1.999999999999999 23.99999999999999 2.252142269674823e-22
5.875 1.9999999999999996 24.0 2.0 24.00000000000001 3.954656992153136e-21
6.125 1.9999999999999996 24.0 1.9999999999999962 23.999999999999943 2.789761923259548e-20
6.375 1.9999999999999996 24.0 2.0000000000000018 24.00000000000011 -1.0909101867037715e-18
6.625 1.9999999999999996 24.0 1.9999999999999956 23.99999999999949 -5.5213930824722155e-17
6.875 2.0000000000000018 24.0 2.000000000000006 24.000000000003865 -1.5081395283077498e-15
7.125 2.0000000000000053 24.0 2.000000000001817 23.999999999978538 -3.0406459207729985e-14
7.375 2.0000000000000773 24.0 1.9999999999493385 23.999999999852783 -4.87731075149774e-13
7.625 2.00100000000101 24.0 2.000022825893439 24.000174681411092 -6.400550420574792e-12
7.875 2.0010000000109622 24.0 2.0001698641795307 24.001341389150774 -6.946621751012237e-11
8.125 2.001000000098502 24.0 2.0006831406458767 24.005599143826814 -6.243021272063907e-10
8.375 2.0010000007275304 24.0 2.0012417064941386 24.008937528919024 -4.611047172371882e-09
8.625 2.00100000432316 24.0 2.0014437676315535 24.00981399136034 -2.7399979986059073e-08
8.875 2.0010000195739974 24.0 2.0015362369784575 24.009737672087432 -1.240590773561188e-07
9.125 2.0010000560523586 24.0 2.0015018606515076 24.007893919791737 -3.552572240524588e-07
9.375 2.00099997958007 24.0 2.00127386821591 24.004023893362678 1.2942058380315937e-07
9.625 1.9999985469145345 24.0 2.0010931412144184 24.001698344702717 9.209599773068e-06
9.875 1.9999892252343539 24.0 2.0008568794332415 23.99931318754022 6.829060285179713e-05
10.125 1.999947183997248 24.0 2.0002424666948717 23.99416659689846 0.00033476072351890226
10.375 1.9998006062665017 24.0 1.9995543492195205 23.991016868838305 0.0012639670514472895
10.625 1.9993920651653252 24.0 1.9989477970435665 23.990165963622374 0.003855097550723615
10.875 1.9984749189029762 24.0 1.9979375192896502 23.990234317008916 0.009678706501005496
11.125 1.9968329575959611 24.0 1.9963282856765256 23.9920593655188 0.02012788497491368
11.375 1.9945681741525068 24.0 1.9943057592799889 23.99600679680832 0.03458962805843038
11.625 1.9923960528264235 24.0 1.9923046747864699 23.99852368271853 0.0485132950314933
11.875 1.9915722283871957 24.0 1.991541798623501 23.999495122099027 0.053807929155783495
12.125 1.9932160170480222 24.0 1.9932037449281732 23.99983483321793 0.0432510018706274
12.375 1.9973738648186663 24.0 1.9973699686456645 23.999959842851947 0.01668234441309194
12.625 2.0026381671618303 24.0 2.0026419451867064 24.00000027903873 -0.01668234441309194
12.875 2.0068648622820344 24.0 2.006867328536014 23.99999998735396 -0.0432510018706274
13.125 2.0085529565497833 24.0 2.008548580642406 23.999990802789235 -0.053807929155783495
13.375 2.007705706329197 24.0 2.0077055937593933 23.99999420412293 -0.0485132950314933
13.625 2.005483554071176 24.0 2.0054886861472996 23.99999835992501 -0.03458962805843038
13.875 2.00318455784232 24.0 2.003185104326684 23.99999094067737 -0.02012788497491368
14.125 2.0015291310969436 24.0 2.0015256641962953 23.999979404639436 -0.009678706501005496
14.375 2.0006085773596554 24.0 2.0006068761390416 23.999981050352783 -0.003855097550723615
14.625 2.0001994628036814 24.0 2.0001994247640065 23.999991731464533 -0.0012639670514472895
14.875 2.000052820847689 24.0 2.0000528815423904 23.999999647137795 -0.00033476072351890226
15.125 2.000010774967268 24.0 2.000010504788785 23.999999224753825 -6.829060285179713e-05
15.375 2.0000014530891326 24.0 2.000001222522723 23.9999996053264 -9.209599773068e-06
15.625 2.000000020419934 24.0 2.0000000977002945 24.00000198174098 -1.2942058380315937e-07
15.875 1.999999943947647 24.0 2.000000168867764 24.000002615830645 3.552572240524588e-07
16.125 1.9999999804260038 24.0 2.0000001305560104 24.000001796309036 1.240590773561188e-07
16.375 1.9999999956768408 24.0 2.0000000303348044 24.00000050717436 2.7399979986059073e-08
16.625 1.9999999992724706 24.0 1.9999999821739949 23.999999984810238 4.611047172371882e-09
16.875 1.9999999999014986 24.0 1.9999999873648597 23.999999925594455 6.243021272063907e-10
17.125 1.999999999989039 24.0 1.9999999964069561 23.999999959127784 6.946621751012237e-11
17.375 1.9999999999989901 24.0 2.000000000369091 23.99999999879342 6.400550420574792e-12
17.625 1.9999999999999238 24.0 2.000000001703536 24.000000023884027 4.87731075149774e-13
17.875 1.9999999999999964 24.0 2.000000001547487 24.000000024774685 3.0406459207729985e-14
18.125 1.9999999999999996 24.0 2.0000000007478818 24.000000012436654 1.5081395283077498e-15
18.375 1.9999999999999996 24.0 2.000000000111449 24.00000000192488 5.5213930824722155e-17
18.625 1.9999999999999996 24.0 1.9999999998923161 23.999999998245126 1.0909101867037715e-18
18.875 1.9999999999999996 24.0 1.9999999999163394 23.99999999862247 -2.789761923259548e-20
19.125 1.9999999999999996 24.0 1.9999999999779885 23.999999999636668 -3.954656992153136e-21
19.375 1.9999999999999996 24.0 2.0000000000042824 24.000000000070173 -2.252142269674823e-22
19.625 1.9999999999999996 24.0 2.0000000000053695 24.000000000088285 -9.092577194644609e-24
19.875 1.9999999999999996 24.0 2.000000000001504 24.00000000002476 -2.8831502816409013e-25
20.125 1.9999999999999996 24.0 1.99999999999981 23.999999999996902 -7.44089836681967e-27
20.375 1.9999999999999996 24.0 1.9999999999997347 23.999999999995655 -1.5853487713817023e-28
20.625 1.9999999999999996 24.0 1.9999999999999352 23.99999999999896 -2.798298194819873e-30
20.875 1.9999999999999996 24.0 2.00000000000001 24.00000000000018 -4.0714940949284585e-32
21.125 1.9999999999999996 24.0 2.0000000000000093 24.00000000000017 -4.802503147034089e-34
21.375 1.9999999999999996 24.0 2.000000000000001 24.00000000000003 -4.404258009248603e-36
21.625 1.9999999999999996 24.0 1.999999999999999 23.999999999999986 -2.7652750956800404e-38
21.875 1.9999999999999996 24.0 1.999999999999999 23.999999999999993 -4.567817789604015e-41
22.125 1.9999999999999996 24.0 1.9999999999999996 24.0 1.5796414191572262e-42
22.375 1.9999999999999996 24.0 1.9999999999999996 24.0 2.638888646042497e-44
22.625 1.9999999999999996 24.0 1.9999999999999996 24.0 2.632942317395744e-46
22.875 1.9999999999999996 24.0 1.9999999999999996 24.0 1.976589158084722e-48
23.125 1.9999999999999996 24.0 1.9999999999999996 24.0 1.1883943908134718e-50
23.375 1.9999999999999996 24.0 1.9999999999999996 24.0 5.861267598663116e-53
23.625 1.9999999999999996 24.0 1.9999999999999996 24.0 2.3927033740792414e-55
23.875 1.9999999999999996 24.0 1.9999999999999996 24.0 8.083295968589929e-58
24.125 1.9999999999999996 24.0 1.9999999999999996 24.0 2.2389513277987053e-60
24.375 1.9999999999999996 24.0 1.9999999999999996 24.0 4.960217038783217e-63
24.625 1.9999999999999996 24.0 1.9999999999999996 24.0 8.237583357394523e-66
24.875 1.9999999999999996 24.0 1.9999999999999996 24.0 8.023378137447364e-69
