0.125 1.9999999999999996 24.0 2.000000000000802 24.00000000000024 -8.023378137447364e-69
0.375 1.9999999999999996 24.0 2.0000000000006484 23.99999999999907 -8.237583357394523e-66
0.625 1.9999999999999996 24.0 2.000000000000174 23.999999999995335 -4.960217038783217e-63
0.875 1.9999999999999996 24.0 1.9999999999996492 23.999999999991267 -2.2389513277987053e-60
1.125 1.9999999999999996 24.0 1.9999999999994027 23.99999999998987 -8.083295968589929e-58
1.375 1.9999999999999996 24.0 1.9999999999994766 23.999999999991754 -2.3927033740792414e-55
1.625 1.9999999999999996 24.0 1.9999999999996945 23.99999999999519 -5.861267598663116e-53
1.875 1.9999999999999996 24.0 1.9999999999998872 23.9999999999982 -1.1883943908134718e-50
2.125 1.9999999999999996 24.0 1.999999999999991 23.99999999999985 -1.976589158084722e-48
2.375 1.9999999999999996 24.0 2.0000000000000173 24.0000000000003 -2.632942317395744e-46
2.625 1.9999999999999996 24.0 2.000000000000011 24.000000000000206 -2.638888646042497e-44
2.875 1.9999999999999996 24.0 2.0000000000000027 24.000000000000053 -1.5796414191572262e-42
3.125 1.9999999999999996 24.0 1.9999999999999982 23.999999999999982 4.567817789604015e-41
3.375 1.9999999999999996 24.0 1.9999999999999978 23.99999999999998 2.7652750956800404e-38
3.625 1.9999999999999996 24.0 1.9999999999999987 23.999999999999993 4.404258009248603e-36
3.875 1.9999999999999996 24.0 1.9999999999999996 24.0 4.802503147034089e-34
4.125 1.9999999999999996 24.0 1.9999999999999996 24.0 4.0714940949284585e-32
4.375 1.9999999999999996 24.0 1.9999999999999996 24.0 2.798298194819873e-30
4.625 1.9999999999999996 24.0 1.9999999999999996 24.0 1.5853487713817023e-28
4.875 1.9999999999999996 24.0 1.9999999999999996 24.0 7.44089836681967e-27
5.125 1.9999999999999996 24.0 1.9999999999999996 24.0 2.8831502816409013e-25
5.375 1.9999999999999996 24.0 1.9999999999999996 24.0 9.092577194644609e-24
5.625 1.9999999999999996 24.0 1.9999999999999996 24.0 2.252142269674823e-22
5.875 1.9999999999999996 24.0 1.9999999999999996 24.0 3.954656992153136e-21
6.125 1.9999999999999996 24.0 1.9999999999999996 24.0 2.789761923259548e-20
6.375 1.9999999999999996 24.0 1.9999999999999996 24.0 -1.0909101867037715e-18
6.625 1.9999999999999996 24.0 1.9999999999999996 24.0 -5.5213930824722155e-17
6.875 2.0000000000000018 24.0 2.0000000000000018 24.0 -1.5081395283077498e-15
7.125 2.0000000000000053 24.0 2.0000000000000053 23.999999999999993 -3.0406459207729985e-14
7.375 2.0000000000000773 24.0 2.0000000000000773 23.99999999999999 -4.87731075149774e-13
7.625 2.0000000000010103 24.0 2.00000000000101 23.999999999999986 -6.400550420574792e-12
7.875 2.0000000000109623 24.0 2.00000000001096 23.99999999999997 -6.946621751012237e-11
8.125 2.000000000098502 24.0 2.000000000098505 24.00000000000004 -6.243021272063907e-10
8.375 2.0000000007275305 24.0 2.000000000727515 23.99999999999975 -4.611047172371882e-09
8.625 2.00000000432316 24.0 2.000000004323187 24.00000000000048 -2.7399979986059073e-08
8.875 2.0000000195739975 24.0 2.0000000195740273 24.000000000000405 -1.240590773561188e-07
9.125 2.0000000560523588 24.0 2.0000000560516447 23.999999999989004 -3.552572240524588e-07
9.375 1.99999997958007 24.0 1.9999999795841743 24.000000000061352 1.2942058380315937e-07
9.625 1.9999985469145345 24.0 1.9999985469015282 23.99999999979993 9.209599773068e-06
9.875 1.9999892252343539 24.0 1.9999892252921763 24.00000000024373 6.829060285179713e-05
10.125 1.999947183997248 24.0 1.999947184597854 24.000000001727336 0.00033476072351890226
10.375 1.9998006062665017 24.0 1.999800608315652 23.99999998632775 0.0012639670514472895
10.625 1.9993920651653252 24.0 1.9993920795229183 24.000000039977326 0.003855097550723615
10.875 1.9984749189029762 24.0 1.9984749266754305 24.000000034059774 0.009678706501005496
11.125 1.9968329575959611 24.0 1.9968327979973617 23.999999553808014 0.02012788497491368
11.375 1.9945681741525068 24.0 1.9945679992718353 24.000000043953776 0.03458962805843038
11.625 1.9923960528264235 24.0 1.9923965944628745 24.00000174353014 0.0485132950314933
11.875 1.9915722283871957 24.0 1.991572597461774 23.99999998239538 0.053807929155783495
12.125 1.9932160170480222 24.0 1.9932139215142963 23.999997348689956 0.0432510018706274
12.375 1.9973738648186663 24.0 1.9973723891494943 24.000001970418523 0.01668234441309194
12.625 2.0026381671618303 24.0 2.002642374624946 24.000008195892523 -0.01668234441309194
12.875 2.0068648622820344 24.0 2.006867546775733 24.000003939649893 -0.0432510018706274
13.125 2.0085529565497833 24.0 2.008548633446116 23.999991341669705 -0.053807929155783495
13.375 2.007705706329197 24.0 2.0077056085652196 23.99999471031325 -0.0485132950314933
13.625 2.005483554071176 24.0 2.0054886926347355 23.999998498004988 -0.03458962805843038
13.875 2.00318455784232 24.0 2.0031851075520106 23.999990936316472 -0.02012788497491368
14.125 2.0015291310969436 24.0 2.001525663160165 23.999979402837532 -0.009678706501005496
14.375 2.0006085773596554 24.0 2.000606876114098 23.999981048425703 -0.003855097550723615
14.625 2.0001994628036814 24.0 2.0001994247617736 23.999991730261378 -0.0012639670514472895
14.875 2.000052820847689 24.0 2.0000528815456304 23.99999964715022 -0.00033476072351890226
15.125 2.000010774967268 24.0 2.0000105047897243 23.999999224761996 -6.829060285179713e-05
15.375 2.0000014530891326 24.0 2.000001222523837 23.99999960536094 -9.209599773068e-06
15.625 2.000000020419934 24.0 2.000000097700836 24.000001981755673 -1.2942058380315937e-07
15.875 1.999999943947647 24.0 2.000000168867878 24.0000026158366 3.552572240524588e-07
16.125 1.9999999804260038 24.0 2.000000130556065 24.00000179630995 1.240590773561188e-07
16.375 1.9999999956768408 24.0 2.00000003033477 24.000000507173425 2.7399979986059073e-08
16.625 1.9999999992724706 24.0 1.999999982173956 23.999999984809754 4.611047172371882e-09
16.875 1.9999999999014986 24.0 1.9999999873648542 23.999999925594317 6.243021272063907e-10
17.125 1.999999999989039 24.0 1.9999999964069541 23.99999995912774 6.946621751012237e-11
17.375 1.9999999999989901 24.0 2.0000000003690914 23.999999998793424 6.400550420574792e-12
17.625 1.9999999999999238 24.0 2.000000001703537 24.00000002388403 4.87731075149774e-13
17.875 1.9999999999999964 24.0 2.0000000015474884 24.000000024774693 3.0406459207729985e-14
18.125 1.9999999999999996 24.0 2.0000000007478813 24.00000001243665 1.5081395283077498e-15
18.375 1.9999999999999996 24.0 2.000000000111448 24.000000001924878 5.5213930824722155e-17
18.625 1.9999999999999996 24.0 1.9999999998923157 23.999999998245126 1.0909101867037715e-18
18.875 1.9999999999999996 24.0 1.9999999999163398 23.999999998622478 -2.789761923259548e-20
19.125 1.9999999999999996 24.0 1.9999999999779878 23.999999999636664 -3.954656992153136e-21
19.375 1.9999999999999996 24.0 2.0000000000042824 24.000000000070173 -2.252142269674823e-22
19.625 1.9999999999999996 24.0 2.0000000000053695 24.00000000008829 -9.092577194644609e-24
19.875 1.9999999999999996 24.0 2.000000000001505 24.00000000002476 -2.8831502816409013e-25
20.125 1.9999999999999996 24.0 1.99999999999981 23.999999999996895 -7.44089836681967e-27
20.375 1.9999999999999996 24.0 1.9999999999997344 23.999999999995655 -1.5853487713817023e-28
20.625 1.9999999999999996 24.0 1.9999999999999352 23.999999999998956 -2.798298194819873e-30
20.875 1.9999999999999996 24.0 2.0000000000000098 24.00000000000018 -4.0714940949284585e-32
21.125 1.9999999999999996 24.0 2.0000000000000093 24.00000000000017 -4.802503147034089e-34
21.375 1.9999999999999996 24.0 2.000000000000001 24.00000000000003 -4.404258009248603e-36
21.625 1.9999999999999996 24.0 1.999999999999999 23.999999999999986 -2.7652750956800404e-38
21.875 1.9999999999999996 24.0 1.999999999999999 23.999999999999993 -4.567817789604015e-41
22.125 1.9999999999999996 24.0 1.9999999999999996 24.0 1.5796414191572262e-42
22.375 1.9999999999999996 24.0 1.9999999999999996 24.0 2.638888646042497e-44
22.625 1.9999999999999996 24.0 1.9999999999999996 24.0 2.632942317395744e-46
22.875 1.9999999999999996 24.0 1.9999999999999996 24.0 1.976589158084722e-48
23.125 1.9999999999999996 24.0 1.9999999999999996 24.0 1.1883943908134718e-50
23.375 1.9999999999999996 24.0 1.9999999999999996 24.0 5.861267598663116e-53
23.625 1.9999999999999996 24.0 1.9999999999999996 24.0 2.3927033740792414e-55
23.875 1.9999999999999996 24.0 1.9999999999999996 24.0 8.083295968589929e-58
24.125 1.9999999999999996 24.0 1.9999999999999996 24.0 2.2389513277987053e-60
24.375 1.9999999999999996 24.0 1.9999999999999996 24.0 4.960217038783217e-63
24.625 1.9999999999999996 24.0 1.9999999999999996 24.0 8.237583357394523e-66
24.875 1.9999999999999996 24.0 1.9999999999999996 24.0 8.023378137447364e-69
