0.125 1.9999999999999996 24.0 2.0000000000008016 24.00000000000024 -8.023378137447364e-69
0.375 1.9999999999999996 24.0 2.000000000000649 23.99999999999907 -8.237583357394523e-66
0.625 1.9999999999999996 24.0 2.000000000000174 23.99999999999534 -4.960217038783217e-63
0.875 1.9999999999999996 24.0 1.9999999999996492 23.999999999991267 -2.2389513277987053e-60
1.125 1.9999999999999996 24.0 1.9999999999994027 23.999999999989868 -8.083295968589929e-58
1.375 1.9999999999999996 24.0 1.9999999999994753 23.999999999991736 -2.3927033740792414e-55
1.625 1.9999999999999996 24.0 1.9999999999996934 23.99999999999518 -5.861267598663116e-53
1.875 1.9999999999999996 24.0 1.999999999999888 23.999999999998206 -1.1883943908134718e-50
2.125 1.9999999999999996 24.0 1.999999999999991 23.999999999999854 -1.976589158084722e-48
2.375 1.9999999999999996 24.0 2.000000000000019 24.000000000000316 -2.632942317395744e-46
2.625 1.9999999999999996 24.0 2.000000000000012 24.000000000000206 -2.638888646042497e-44
2.875 1.9999999999999996 24.0 2.0000000000000018 24.000000000000053 -1.5796414191572262e-42
3.125 1.9999999999999996 24.0 1.9999999999999987 23.999999999999993 4.567817789604015e-41
3.375 1.9999999999999996 24.0 1.9999999999999982 23.999999999999993 2.7652750956800404e-38
3.625 1.9999999999999996 24.0 1.9999999999999996 24.0 4.404258009248603e-36
3.875 1.9999999999999996 24.0 1.9999999999999996 24.0 4.802503147034089e-34
4.125 1.9999999999999996 24.0 1.9999999999999996 24.0 4.0714940949284585e-32
4.375 1.9999999999999996 24.0 1.9999999999999996 24.0 2.798298194819873e-30
4.625 1.9999999999999996 24.0 1.9999999999999996 24.0 1.5853487713817023e-28
4.875 1.9999999999999996 24.0 1.9999999999999996 24.0 7.44089836681967e-27
5.125 1.9999999999999996 24.0 1.9999999999999996 24.0 2.8831502816409013e-25
5.375 1.9999999999999996 24.0 1.9999999999999996 24.0 9.092577194644609e-24
5.625 1.9999999999999996 24.0 1.9999999999999996 24.0 2.252142269674823e-22
5.875 1.9999999999999996 24.0 1.9999999999999996 23.999999999999993 3.954656992153136e-21
6.125 1.9999999999999996 24.0 2.0000000000000018 24.00000000000004 2.789761923259548e-20
6.375 1.9999999999999996 24.0 1.9999999999999836 23.999999999999726 -1.0909101867037715e-18
6.625 1.9999999999999996 24.0 2.000000000000079 24.000000000001336 -5.5213930824722155e-17
6.875 2.0000000000000018 24.0 1.9999999999996252 23.999999999993793 -1.5081395283077498e-15
7.125 2.0000000000000053 24.0 2.0000000000014837 24.000000000024983 -3.0406459207729985e-14
7.375 2.0000000000000773 24.0 1.9999999999950833 23.99999999991296 -4.87731075149774e-13
7.625 2.0000000000010103 24.0 2.000000000013099 24.000000000249962 -6.400550420574792e-12
7.875 2.0000000000109623 24.0 1.9999999999928826 23.999999999478934 -6.946621751012237e-11
8.125 2.000000000098502 24.0 1.9999999999927875 24.000000000379 -6.243021272063907e-10
8.375 2.0000000007275305 24.0 2.0000000010965335 24.000000002443457 -4.611047172371882e-09
8.625 2.00000000432316 24.0 2.0000000017374404 23.99999998921993 -2.7399979986059073e-08
8.875 2.0000000195739975 24.0 2.000000019372965 24.00000000638672 -1.240590773561188e-07
9.125 2.0000000560523588 24.0 2.0000000775724844 24.000000100737566 -3.552572240524588e-07
9.375 1.99999997958007 24.0 1.999999814077622 23.999999778202195 1.2942058380315937e-07
9.625 1.9999985469145345 24.0 1.9999973022177464 23.99999895603021 9.209599773068e-06
9.875 1.9999892252343539 24.0 1.9999842638985839 24.000001028861192 6.829060285179713e-05
10.125 1.999947183997248 24.0 1.9999308190496257 24.000010490741225 0.00033476072351890226
10.375 1.9998006062665017 24.0 1.9997579161673436 24.000039338020677 0.0012639670514472895
10.625 1.9993920651653252 24.0 1.9993100262693793 24.000120523276422 0.003855097550723615
10.875 1.9984749189029762 24.0 1.9983735268889755 24.000323570634354 0.009678706501005496
11.125 1.9968329575959611 24.0 1.9967980173727409 24.00077339264001 0.02012788497491368
11.375 1.9945681741525068 24.0 1.9947239702639794 24.001042182293286 0.03458962805843038
11.625 1.9923960528264235 24.0 1.9916979962993453 24.001283262516957 0.0485132950314933
11.875 1.9915722283871957 24.0 1.992117820112159 24.002158104188986 0.053807929155783495
12.125 1.9932160170480222 24.0 1.9941710435085547 24.002292305922552 0.0432510018706274
12.375 1.9973738648186663 24.0 1.9979673919171184 24.00071097398672 0.01668234441309194
12.625 2.0026381671618303 24.0 2.002396740498633 23.99864770387464 -0.01668234441309194
12.875 2.0068648622820344 24.0 2.0077515557487278 23.996181651461534 -0.0432510018706274
13.125 2.0085529565497833 24.0 2.0074410618250687 23.991402304380102 -0.053807929155783495
13.375 2.007705706329197 24.0 2.0064157538761718 23.991488015947223 -0.0485132950314933
13.625 2.005483554071176 24.0 2.0047481661473237 23.994846308706403 -0.03458962805843038
13.875 2.00318455784232 24.0 2.0029457134471667 24.000790754074103 -0.02012788497491368
14.125 2.0015291310969436 24.0 2.0019031753627914 24.009763825931476 -0.009678706501005496
14.375 2.0006085773596554 24.0 2.0013281132396554 24.008725177246674 -0.003855097550723615
14.625 2.0001994628036814 24.0 2.000605908694905 24.003754690481415 -0.0012639670514472895
14.875 2.000052820847689 24.0 2.0002266296481914 24.00107942363031 -0.00033476072351890226
15.125 2.000010774967268 24.0 2.0000530366145863 23.99958098457612 -6.829060285179713e-05
15.375 2.0000014530891326 24.0 1.9999674740963564 23.99886610641915 -9.209599773068e-06
15.625 2.000000020419934 24.0 1.9999380317386133 23.998701390072426 -1.2942058380315937e-07
15.875 1.999999943947647 24.0 1.9999292945562446 23.998774161338034 3.552572240524588e-07
16.125 1.9999999804260038 24.0 1.9999513204768316 23.999232041179155 1.240590773561188e-07
16.375 1.9999999956768408 24.0 1.9999783637363697 23.99964403534954 2.7399979986059073e-08
16.625 1.9999999992724706 24.0 1.9999901586780302 23.99983720914812 4.611047172371882e-09
16.875 1.9999999999014986 24.0 1.999995791575123 23.999930624721046 6.243021272063907e-10
17.125 1.999999999989039 24.0 1.9999983763413893 23.999973277804582 6.946621751012237e-11
17.375 1.9999999999989901 24.0 1.999999439758693 23.99999058840556 6.400550420574792e-12
17.625 1.9999999999999238 24.0 1.9999998289697734 23.999996671282474 4.87731075149774e-13
17.875 1.9999999999999964 24.0 1.9999999465834368 23.99999870537782 3.0406459207729985e-14
18.125 1.9999999999999996 24.0 1.9999999797076218 23.99999951894342 1.5081395283077498e-15
18.375 1.9999999999999996 24.0 1.9999999947523248 23.999999873023835 5.5213930824722155e-17
18.625 1.9999999999999996 24.0 2.000000000336852 23.99999999971331 1.0909101867037715e-18
18.875 1.9999999999999996 24.0 2.0000000010974146 24.000000018542124 -2.789761923259548e-20
19.125 1.9999999999999996 24.0 2.0000000004422995 24.00000000748528 -3.954656992153136e-21
19.375 1.9999999999999996 24.0 2.000000000009104 24.000000000138446 -2.252142269674823e-22
19.625 1.9999999999999996 24.0 1.999999999946047 23.99999999910592 -9.092577194644609e-24
19.875 1.9999999999999996 24.0 1.9999999999830704 23.999999999722135 -2.8831502816409013e-25
20.125 1.9999999999999996 24.0 2.000000000001543 24.000000000025636 -7.44089836681967e-27
20.375 1.9999999999999996 24.0 2.000000000002217 24.00000000003643 -1.5853487713817023e-28
20.625 1.9999999999999996 24.0 2.0000000000003517 24.000000000005784 -2.798298194819873e-30
20.875 1.9999999999999996 24.0 1.99999999999985 23.99999999999754 -4.0714940949284585e-32
21.125 1.9999999999999996 24.0 1.9999999999999323 23.99999999999891 -4.802503147034089e-34
21.375 1.9999999999999996 24.0 2.0 24.00000000000002 -4.404258009248603e-36
21.625 1.9999999999999996 24.0 2.000000000000006 24.00000000000011 -2.7652750956800404e-38
21.875 1.9999999999999996 24.0 2.0 24.000000000000018 -4.567817789604015e-41
22.125 1.9999999999999996 24.0 1.999999999999999 24.0 1.5796414191572262e-42
22.375 1.9999999999999996 24.0 1.9999999999999996 24.0 2.638888646042497e-44
22.625 1.9999999999999996 24.0 1.9999999999999996 24.0 2.632942317395744e-46
22.875 1.9999999999999996 24.0 1.9999999999999996 24.0 1.976589158084722e-48
23.125 1.9999999999999996 24.0 1.9999999999999996 24.0 1.1883943908134718e-50
23.375 1.9999999999999996 24.0 1.9999999999999996 24.0 5.861267598663116e-53
23.625 1.9999999999999996 24.0 1.9999999999999996 24.0 2.3927033740792414e-55
23.875 1.9999999999999996 24.0 1.9999999999999996 24.0 8.083295968589929e-58
24.125 1.9999999999999996 24.0 1.9999999999999996 24.0 2.2389513277987053e-60
24.375 1.9999999999999996 24.0 1.9999999999999996 24.0 4.960217038783217e-63
24.625 1.9999999999999996 24.0 1.9999999999999996 24.0 8.237583357394523e-66
24.875 1.9999999999999996 24.0 1.9999999999999996 24.0 8.023378137447364e-69
