0.125 1.9999999999999996 24.0 2.0000000000008016 24.00000000000024 -8.023378137447364e-69
0.375 1.9999999999999996 24.0 2.0000000000006493 23.999999999999076 -8.237583357394523e-66
0.625 1.9999999999999996 24.0 2.000000000000175 23.999999999995335 -4.960217038783217e-63
0.875 1.9999999999999996 24.0 1.9999999999996487 23.999999999991264 -2.2389513277987053e-60
1.125 1.9999999999999996 24.0 1.9999999999994011 23.99999999998986 -8.083295968589929e-58
1.375 1.9999999999999996 24.0 1.9999999999994746 23.999999999991736 -2.3927033740792414e-55
1.625 1.9999999999999996 24.0 1.9999999999996947 23.999999999995197 -5.861267598663116e-53
1.875 1.9999999999999996 24.0 1.9999999999998888 23.99999999999821 -1.1883943908134718e-50
2.125 1.9999999999999996 24.0 1.999999999999991 23.999999999999844 -1.976589158084722e-48
2.375 1.9999999999999996 24.0 2.000000000000018 24.000000000000302 -2.632942317395744e-46
2.625 1.9999999999999996 24.0 2.0000000000000115 24.000000000000213 -2.638888646042497e-44
2.875 1.9999999999999996 24.0 2.000000000000002 24.000000000000053 -1.5796414191572262e-42
3.125 1.9999999999999996 24.0 1.9999999999999987 23.999999999999993 4.567817789604015e-41
3.375 1.9999999999999996 24.0 1.9999999999999982 23.999999999999993 2.7652750956800404e-38
3.625 1.9999999999999996 24.0 1.9999999999999996 24.0 4.404258009248603e-36
3.875 1.9999999999999996 24.0 1.9999999999999996 24.0 4.802503147034089e-34
4.125 1.9999999999999996 24.0 1.9999999999999996 24.0 4.0714940949284585e-32
4.375 1.9999999999999996 24.0 1.9999999999999996 24.0 2.798298194819873e-30
4.625 1.9999999999999996 24.0 1.9999999999999996 24.0 1.5853487713817023e-28
4.875 1.9999999999999996 24.0 1.9999999999999996 24.0 7.44089836681967e-27
5.125 1.9999999999999996 24.0 1.9999999999999996 24.0 2.8831502816409013e-25
5.375 1.9999999999999996 24.0 1.9999999999999996 24.0 9.092577194644609e-24
5.625 1.9999999999999996 24.0 1.9999999999999996 24.0 2.252142269674823e-22
5.875 1.9999999999999996 24.0 2.0 24.000000000000007 3.954656992153136e-21
6.125 1.9999999999999996 24.0 1.999999999999997 23.99999999999995 2.789761923259548e-20
6.375 1.9999999999999996 24.0 2.000000000000001 24.0000000000001 -1.0909101867037715e-18
6.625 1.9999999999999996 24.0 1.9999999999999942 23.999999999999513 -5.5213930824722155e-17
6.875 2.0000000000000018 24.0 2.0000000000000133 24.00000000000382 -1.5081395283077498e-15
7.125 2.0000000000000053 24.0 2.0000000000017826 23.999999999978574 -3.0406459207729985e-14
7.375 2.0000000000000773 24.0 1.999999999949407 23.99999999985284 -4.87731075149774e-13
7.625 2.00100000000101 24.0 2.0000228263377493 24.000174684640974 -6.400550420574792e-12
7.875 2.0010000000109622 24.0 2.0001698649980826 24.001341394950256 -6.946621751012237e-11
8.125 2.001000000098502 24.0 2.000683142034425 24.00559916159358 -6.243021272063907e-10
8.375 2.0010000007275304 24.0 2.001241700488573 24.008937529825353 -4.611047172371882e-09
8.625 2.00100000432316 24.0 2.0014437783657226 24.009814046456217 -2.7399979986059073e-08
8.875 2.0010000195739974 24.0 2.0015362019091745 24.009737461018588 -1.240590773561188e-07
9.125 2.0010000560523586 24.0 2.0015020421362886 24.00789671973259 -3.552572240524588e-07
9.375 2.00099997958007 24.0 2.0012732707234577 24.004007901358612 1.2942058380315937e-07
9.625 1.9999985469145345 24.0 2.0010936135014807 24.001740905031618 9.209599773068e-06
9.875 1.9999892252343539 24.0 2.000880718638463 23.999194619230504 6.829060285179713e-05
10.125 1.999947183997248 24.0 2.000171492494296 23.99387569108938 0.00033476072351890226
10.375 1.9998006062665017 24.0 1.9995487980541387 23.991605005194163 0.0012639670514472895
10.625 1.9993920651653252 24.0 1.9989304559697954 23.9907601623764 0.003855097550723615
10.875 1.9984749189029762 24.0 1.997895441313244 23.990842111614427 0.009678706501005496
11.125 1.9968329575959611 24.0 1.9962800856423333 23.992047201897286 0.02012788497491368
11.375 1.9945681741525068 24.0 1.994305241855709 23.994641156809422 0.03458962805843038
11.625 1.9923960528264235 24.0 1.9914173367417538 23.998422077730133 0.0485132950314933
11.875 1.9915722283871957 24.0 1.9921232910794353 24.002116983054805 0.053807929155783495
12.125 1.9932160170480222 24.0 1.9942200189634125 24.00326809464238 0.0432510018706274
12.375 1.9973738648186663 24.0 1.9980368852326467 24.002094408497292 0.01668234441309194
12.625 2.0026381671618303 24.0 2.002465224414535 23.999645667294057 -0.01668234441309194
12.875 2.0068648622820344 24.0 2.007772693270547 23.996191083825103 -0.0432510018706274
13.125 2.0085529565497833 24.0 2.007421633232692 23.991193696339508 -0.053807929155783495
13.375 2.007705706329197 24.0 2.0064035137662266 23.99130940312009 -0.0485132950314933
13.625 2.005483554071176 24.0 2.0047413290240716 23.994762156818474 -0.03458962805843038
13.875 2.00318455784232 24.0 2.002945108514633 24.000819179013014 -0.02012788497491368
14.125 2.0015291310969436 24.0 2.0019051580760125 24.00980259942505 -0.009678706501005496
14.375 2.0006085773596554 24.0 2.0013299149335677 24.008730227139925 -0.003855097550723615
14.625 2.0001994628036814 24.0 2.0006053659179193 24.00375369961082 -0.0012639670514472895
14.875 2.000052820847689 24.0 2.0002266520991845 24.001082665085974 -0.00033476072351890226
15.125 2.000010774967268 24.0 2.000053053943448 23.99958163046095 -6.829060285179713e-05
15.375 2.0000014530891326 24.0 1.9999674830713243 23.998866284545016 -9.209599773068e-06
15.625 2.000000020419934 24.0 1.9999380315796047 23.998701403119234 -1.2942058380315937e-07
15.875 1.999999943947647 24.0 1.9999292947558789 23.99877416022089 3.552572240524588e-07
16.125 1.9999999804260038 24.0 1.9999513206850987 23.999232043162344 1.240590773561188e-07
16.375 1.9999999956768408 24.0 1.9999783638113335 23.999644036269135 2.7399979986059073e-08
16.625 1.9999999992724706 24.0 1.9999901586787607 23.999837209136466 4.611047172371882e-09
16.875 1.9999999999014986 24.0 1.9999957915740576 23.999930624702483 6.243021272063907e-10
17.125 1.999999999989039 24.0 1.999998376340581 23.99997327779094 6.946621751012237e-11
17.375 1.9999999999989901 24.0 1.999999439758109 23.999990588395985 6.400550420574792e-12
17.625 1.9999999999999238 24.0 1.9999998289694612 23.9999966712778 4.87731075149774e-13
17.875 1.9999999999999964 24.0 1.9999999465833214 23.99999870537634 3.0406459207729985e-14
18.125 1.9999999999999996 24.0 1.999999979707608 23.999999518942772 1.5081395283077498e-15
18.375 1.9999999999999996 24.0 1.9999999947523097 23.99999987302347 5.5213930824722155e-17
18.625 1.9999999999999996 24.0 2.00000000033684 23.999999999713083 1.0909101867037715e-18
18.875 1.9999999999999996 24.0 2.000000001097409 24.000000018542032 -2.789761923259548e-20
19.125 1.9999999999999996 24.0 2.0000000004422986 24.000000007485248 -3.954656992153136e-21
19.375 1.9999999999999996 24.0 2.000000000009105 24.00000000013845 -2.252142269674823e-22
19.625 1.9999999999999996 24.0 1.9999999999460463 23.999999999105917 -9.092577194644609e-24
19.875 1.9999999999999996 24.0 1.9999999999830704 23.999999999722142 -2.8831502816409013e-25
20.125 1.9999999999999996 24.0 2.000000000001543 24.000000000025643 -7.44089836681967e-27
20.375 1.9999999999999996 24.0 2.000000000002217 24.00000000003643 -1.5853487713817023e-28
20.625 1.9999999999999996 24.0 2.0000000000003517 24.000000000005784 -2.798298194819873e-30
20.875 1.9999999999999996 24.0 1.9999999999998492 23.999999999997534 -4.0714940949284585e-32
21.125 1.9999999999999996 24.0 1.9999999999999323 23.999999999998902 -4.802503147034089e-34
21.375 1.9999999999999996 24.0 2.0 24.00000000000002 -4.404258009248603e-36
21.625 1.9999999999999996 24.0 2.000000000000006 24.00000000000011 -2.7652750956800404e-38
21.875 1.9999999999999996 24.0 2.0 24.000000000000018 -4.567817789604015e-41
22.125 1.9999999999999996 24.0 1.999999999999999 24.0 1.5796414191572262e-42
22.375 1.9999999999999996 24.0 1.9999999999999996 24.0 2.638888646042497e-44
22.625 1.9999999999999996 24.0 1.9999999999999996 24.0 2.632942317395744e-46
22.875 1.9999999999999996 24.0 1.9999999999999996 24.0 1.976589158084722e-48
23.125 1.9999999999999996 24.0 1.9999999999999996 24.0 1.1883943908134718e-50
23.375 1.9999999999999996 24.0 1.9999999999999996 24.0 5.861267598663116e-53
23.625 1.9999999999999996 24.0 1.9999999999999996 24.0 2.3927033740792414e-55
23.875 1.9999999999999996 24.0 1.9999999999999996 24.0 8.083295968589929e-58
24.125 1.9999999999999996 24.0 1.9999999999999996 24.0 2.2389513277987053e-60
24.375 1.9999999999999996 24.0 1.9999999999999996 24.0 4.960217038783217e-63
24.625 1.9999999999999996 24.0 1.9999999999999996 24.0 8.237583357394523e-66
24.875 1.9999999999999996 24.0 1.9999999999999996 24.0 8.023378137447364e-69
