0.125 1.9999999999999996 24.0 2.0000000000007683 23.99999999999997 -8.023378137447364e-69
0.375 1.9999999999999996 24.0 2.000000000000766 23.99999999999995 -8.237583357394523e-66
0.625 1.9999999999999996 24.0 2.0000000000007656 23.99999999999995 -4.960217038783217e-63
0.875 1.9999999999999996 24.0 2.0000000000007674 23.999999999999964 -2.2389513277987053e-60
1.125 1.9999999999999996 24.0 2.0000000000007687 23.999999999999957 -8.083295968589929e-58
1.375 1.9999999999999996 24.0 2.0000000000007634 23.99999999999993 -2.3927033740792414e-55
1.625 1.9999999999999996 24.0 2.0000000000007603 23.999999999999908 -5.861267598663116e-53
1.875 1.9999999999999996 24.0 2.0000000000007527 23.999999999999858 -1.1883943908134718e-50
2.125 1.9999999999999996 24.0 2.0000000000007443 23.999999999999797 -1.976589158084722e-48
2.375 1.9999999999999996 24.0 2.000000000000733 23.999999999999744 -2.632942317395744e-46
2.625 1.9999999999999996 24.0 2.0000000000007576 23.999999999999897 -2.638888646042497e-44
2.875 1.9999999999999996 24.0 2.000000000000739 23.999999999999744 -1.5796414191572262e-42
3.125 1.9999999999999996 24.0 2.0000000000007425 23.999999999999822 4.567817789604015e-41
3.375 1.9999999999999996 24.0 2.000000000000772 23.99999999999996 2.7652750956800404e-38
3.625 1.9999999999999996 24.0 2.0000000000007025 23.999999999999503 4.404258009248603e-36
3.875 1.9999999999999996 24.0 2.000000000000771 23.99999999999991 4.802503147034089e-34
4.125 1.9999999999999996 24.0 2.0000000000007385 23.999999999999734 4.0714940949284585e-32
4.375 1.9999999999999996 24.0 2.0000000000007083 23.999999999999517 2.798298194819873e-30
4.625 1.9999999999999996 24.0 2.00000000000081 24.000000000000316 1.5853487713817023e-28
4.875 1.9999999999999996 24.0 2.000000000000706 23.999999999999343 7.44089836681967e-27
5.125 1.9999999999999996 24.0 2.000000000000467 23.999999999997854 2.8831502816409013e-25
5.375 1.9999999999999996 24.0 2.000000000001354 24.000000000003766 9.092577194644609e-24
5.625 1.9999999999999996 24.0 1.9999999999999734 23.999999999993786 2.252142269674823e-22
5.875 1.9999999999999996 24.0 2.000000000000857 24.000000000002856 3.954656992153136e-21
6.125 1.9999999999999996 24.0 2.000000000002199 24.000000000005368 2.789761923259548e-20
6.375 1.9999999999999996 24.0 1.999999999995152 23.99999999997149 -1.0909101867037715e-18
6.625 1.9999999999999996 24.0 2.0000000000127818 24.000000000076398 -5.5213930824722155e-17
6.875 2.0000000000000018 24.0 1.9999999999870188 23.999999999888523 -1.5081395283077498e-15
7.125 2.0000000000000053 24.0 2.0000000000073954 24.00000000007264 -3.0406459207729985e-14
7.375 2.0000000000000773 24.0 2.0000000000070015 24.00000000004367 -4.87731075149774e-13
7.625 2.0000000000010103 24.0 1.9999999999755371 23.999999999844736 -6.400550420574792e-12
7.875 2.0000000000109623 24.0 2.0000000000997686 24.000000000570214 -6.946621751012237e-11
8.125 2.000000000098502 24.0 1.9999999999740707 23.99999999878225 -6.243021272063907e-10
8.375 2.0000000007275305 24.0 2.0000000007602248 24.00000000100348 -4.611047172371882e-09
8.625 2.00000000432316 24.0 2.000000004890708 24.000000002086253 -2.7399979986059073e-08
8.875 2.0000000195739975 24.0 2.000000017908304 23.99999998988909 -1.240590773561188e-07
9.125 2.0000000560523588 24.0 2.0000000612684747 23.999999997401694 -3.552572240524588e-07
9.375 1.99999997958007 24.0 1.9999999266159252 24.00000003112853 1.2942058380315937e-07
9.625 1.9999985469145345 24.0 1.9999982496669384 24.000000068006784 9.209599773068e-06
9.875 1.9999892252343539 24.0 1.9999884177249143 23.999999921036775 6.829060285179713e-05
10.125 1.999947183997248 24.0 1.999945803651477 24.000000902286533 0.00033476072351890226
10.375 1.9998006062665017 24.0 1.999800495155675 23.999998098832222 0.0012639670514472895
10.625 1.9993920651653252 24.0 1.9993891389252723 23.999977293646307 0.003855097550723615
10.875 1.9984749189029762 24.0 1.9984803929074926 24.000077436777218 0.009678706501005496
11.125 1.9968329575959611 24.0 1.9968349777773196 23.999900017227812 0.02012788497491368
11.375 1.9945681741525068 24.0 1.994558452499227 24.00007821581585 0.03458962805843038
11.625 1.9923960528264235 24.0 1.992395926237848 23.999972455290596 0.0485132950314933
11.875 1.9915722283871957 24.0 1.9915326326836198 23.99976546413295 0.053807929155783495
12.125 1.9932160170480222 24.0 1.9932177220064906 24.000771412350517 0.0432510018706274
12.375 1.9973738648186663 24.0 1.9974242100180346 23.998805410979198 0.01668234441309194
12.625 2.0026381671618303 24.0 2.002619727963345 24.000842651637114 -0.01668234441309194
12.875 2.0068648622820344 24.0 2.007132303437392 24.000251409792305 -0.0432510018706274
13.125 2.0085529565497833 24.0 2.008436803701155 23.996280685188836 -0.053807929155783495
13.375 2.007705706329197 24.0 2.0077712167613497 24.00429951718805 -0.0485132950314933
13.625 2.005483554071176 24.0 2.005611148744221 24.001743485001953 -0.03458962805843038
13.875 2.00318455784232 24.0 2.00296199927065 23.997193202191436 -0.02012788497491368
14.125 2.0015291310969436 24.0 2.0015567500221914 24.003893413782542 -0.009678706501005496
14.375 2.0006085773596554 24.0 2.0006292590782304 23.99902143440666 -0.003855097550723615
14.625 2.0001994628036814 24.0 1.9999656088038011 23.995972794829182 -0.0012639670514472895
14.875 2.000052820847689 24.0 2.0000127529339577 23.999563159440168 -0.00033476072351890226
15.125 2.000010774967268 24.0 2.000091366407827 24.001998974772317 -6.829060285179713e-05
15.375 2.0000014530891326 24.0 1.9999593177845791 23.999632775904114 -9.209599773068e-06
15.625 2.000000020419934 24.0 1.999849330850079 23.997490152472093 -1.2942058380315937e-07
15.875 1.999999943947647 24.0 1.9999551082764744 23.999008197084862 3.552572240524588e-07
16.125 1.9999999804260038 24.0 2.00017254384222 24.002444050991866 1.240590773561188e-07
16.375 1.9999999956768408 24.0 2.00020727060301 24.003121295170878 2.7399979986059073e-08
16.625 1.9999999992724706 24.0 2.000023801622909 24.000494187482087 4.611047172371882e-09
16.875 1.9999999999014986 24.0 1.999878949596142 23.99839622674761 6.243021272063907e-10
17.125 1.999999999989039 24.0 1.9999344075473242 23.99923233332865 6.946621751012237e-11
17.375 1.9999999999989901 24.0 2.0000835730959086 24.00137050140802 6.400550420574792e-12
17.625 1.9999999999999238 24.0 2.0001172495005943 24.001638111360275 4.87731075149774e-13
17.875 1.9999999999999964 24.0 2.0000113315683925 23.99982247624891 3.0406459207729985e-14
18.125 1.9999999999999996 24.0 1.9999103956020154 23.998357079330653 1.5081395283077498e-15
18.375 1.9999999999999996 24.0 1.9999119312444558 23.998681460151438 5.5213930824722155e-17
18.625 1.9999999999999996 24.0 1.9999523652248477 23.99953960188408 1.0909101867037715e-18
18.875 1.9999999999999996 24.0 1.999962134243066 23.99961790543906 -2.789761923259548e-20
19.125 1.9999999999999996 24.0 1.999953561503017 23.99920234749913 -3.954656992153136e-21
19.375 1.9999999999999996 24.0 1.9999831686937066 23.999454779934084 -2.252142269674823e-22
19.625 1.9999999999999996 24.0 2.000055112839468 24.000596348258924 -9.092577194644609e-24
19.875 1.9999999999999996 24.0 2.00009493224364 24.001449415933862 -2.8831502816409013e-25
20.125 1.9999999999999996 24.0 2.000055089459228 24.00104962516152 -7.44089836681967e-27
20.375 1.9999999999999996 24.0 1.9999895251440563 24.000093855823515 -1.5853487713817023e-28
20.625 1.9999999999999996 24.0 1.9999834123810447 23.99989314521551 -2.798298194819873e-30
20.875 1.9999999999999996 24.0 2.000035019273542 24.000508701640975 -4.0714940949284585e-32
21.125 1.9999999999999996 24.0 2.000070218080105 24.00091615407634 -4.802503147034089e-34
21.375 1.9999999999999996 24.0 2.0000338260446573 24.000328931361974 -4.404258009248603e-36
21.625 1.9999999999999996 24.0 1.9999596659774717 23.99929691433494 -2.7652750956800404e-38
21.875 1.9999999999999996 24.0 1.9999282881188862 23.99898701503725 -4.567817789604015e-41
22.125 1.9999999999999996 24.0 1.9999330080318878 23.999121222758433 1.5796414191572262e-42
22.375 1.9999999999999996 24.0 1.9999500435580198 23.99930956421606 2.638888646042497e-44
22.625 1.9999999999999996 24.0 1.9999729454352702 23.99949092159877 2.632942317395744e-46
22.875 1.9999999999999996 24.0 1.999992336767728 23.99964602329964 1.976589158084722e-48
23.125 1.9999999999999996 24.0 2.0000053372374453 23.9999087761851 1.1883943908134718e-50
23.375 1.9999999999999996 24.0 2.000027785699028 24.000492616500278 5.861267598663116e-53
23.625 1.9999999999999996 24.0 2.0000314403667963 24.000703820066285 2.3927033740792414e-55
23.875 1.9999999999999996 24.0 2.000018340199691 24.000507623347968 8.083295968589929e-58
24.125 1.9999999999999996 24.0 2.000019770266654 24.000436752578096 2.2389513277987053e-60
24.375 1.9999999999999996 24.0 2.000033884344923 24.000517727755874 4.960217038783217e-63
24.625 1.9999999999999996 24.0 2.000044287650444 24.000585968994898 8.237583357394523e-66
24.875 1.9999999999999996 24.0 2.0000094689615993 24.000151889945393 8.023378137447364e-69
