0.0625 1.9999999999999996 24.0 2.0000000000007665 23.999999999999957 -1.1497184111213586e-69
0.1875 1.9999999999999996 24.0 2.000000000000754 23.99999999999988 -4.956512554488603e-68
0.3125 1.9999999999999996 24.0 2.000000000000747 23.999999999999833 -1.5606895560755955e-66
0.4375 1.9999999999999996 24.0 2.0000000000007434 23.999999999999808 -4.221871484767452e-65
0.5625 1.9999999999999996 24.0 2.0000000000007407 23.999999999999787 -1.0331249664820779e-63
0.6875 1.9999999999999996 24.0 2.000000000000738 23.99999999999976 -2.340279915629186e-62
0.8125 1.9999999999999996 24.0 2.0000000000007345 23.999999999999726 -4.9677240512015786e-61
0.9375 1.9999999999999996 24.0 2.000000000000731 23.999999999999687 -9.952641974695324e-60
1.0625 1.9999999999999996 24.0 2.0000000000007256 23.99999999999964 -1.8904090561110707e-58
1.1875 1.9999999999999996 24.0 2.0000000000007194 23.999999999999595 -3.4139735638802406e-57
1.3125 1.9999999999999996 24.0 2.0000000000007168 23.999999999999574 -5.872877688638674e-56
1.4375 1.9999999999999996 24.0 2.000000000000713 23.999999999999545 -9.634018146557815e-55
1.5625 1.9999999999999996 24.0 2.0000000000007088 23.99999999999951 -1.5078490196182649e-53
1.6875 1.9999999999999996 24.0 2.000000000000706 23.99999999999948 -2.2516961084400117e-52
1.8125 1.9999999999999996 24.0 2.0000000000007025 23.999999999999453 -3.206647879385634e-51
1.9375 1.9999999999999996 24.0 2.0000000000007008 23.99999999999943 -4.350333912421186e-50
2.0625 1.9999999999999996 24.0 2.0000000000007 23.999999999999396 -5.612421917410396e-49
2.1875 1.9999999999999996 24.0 2.000000000000697 23.99999999999936 -6.866290082952759e-48
2.3125 1.9999999999999996 24.0 2.0000000000006954 23.99999999999934 -7.931474614496866e-47
2.4375 1.9999999999999996 24.0 2.000000000000694 23.999999999999325 -8.590853396874958e-46
2.5625 1.9999999999999996 24.0 2.000000000000692 23.99999999999931 -8.623273722320799e-45
2.6875 1.9999999999999996 24.0 2.00000000000069 23.999999999999297 -7.847597927876126e-44
2.8125 1.9999999999999996 24.0 2.000000000000685 23.999999999999268 -6.16927538059152e-43
2.9375 1.9999999999999996 24.0 2.000000000000683 23.99999999999926 -3.6173956053941074e-42
3.0625 1.9999999999999996 24.0 2.000000000000682 23.999999999999247 -3.603800524878784e-42
3.1875 1.9999999999999996 24.0 2.000000000000682 23.999999999999236 3.3073113098458767e-40
3.3125 1.9999999999999996 24.0 2.0000000000006803 23.999999999999222 7.007674905386313e-39
3.4375 1.9999999999999996 24.0 2.0000000000006786 23.99999999999921 1.0342698109135129e-37
3.5625 1.9999999999999996 24.0 2.000000000000677 23.999999999999194 1.2964282047082334e-36
3.6875 1.9999999999999996 24.0 2.0000000000006763 23.99999999999919 1.4633673851942304e-35
3.8125 1.9999999999999996 24.0 2.0000000000006763 23.99999999999919 1.5256449707696942e-34
3.9375 1.9999999999999996 24.0 2.000000000000676 23.99999999999919 1.4886155797128192e-33
4.0625 1.9999999999999996 24.0 2.000000000000676 23.99999999999919 1.3698442674456298e-32
4.1875 1.9999999999999996 24.0 2.000000000000674 23.999999999999183 1.1944977329459876e-31
4.3125 1.9999999999999996 24.0 2.0000000000006755 23.999999999999183 9.90034257306422e-31
4.4375 1.9999999999999996 24.0 2.0000000000006755 23.999999999999172 7.814765201370724e-30
4.5625 1.9999999999999996 24.0 2.000000000000674 23.99999999999916 5.881650691709571e-29
4.6875 1.9999999999999996 24.0 2.000000000000674 23.999999999999158 4.223370350087268e-28
4.8125 1.9999999999999996 24.0 2.0000000000006755 23.99999999999916 2.893556671295461e-27
4.9375 1.9999999999999996 24.0 2.0000000000006737 23.999999999999154 1.890757597486316e-26
5.0625 1.9999999999999996 24.0 2.0000000000006732 23.999999999999154 1.177190424551076e-25
5.1875 1.9999999999999996 24.0 2.000000000000675 23.99999999999916 6.971695163562433e-25
5.3125 1.9999999999999996 24.0 2.000000000000674 23.999999999999154 3.91712255151615e-24
5.4375 1.9999999999999996 24.0 2.0000000000006755 23.99999999999916 2.0794935839713404e-23
5.5625 1.9999999999999996 24.0 2.0000000000006715 23.999999999999137 1.0363087742791856e-22
5.6875 1.9999999999999996 24.0 2.000000000000677 23.99999999999917 4.795469821729646e-22
5.8125 1.9999999999999996 24.0 2.000000000000659 23.999999999999034 2.0196850576742936e-21
5.9375 1.9999999999999996 24.0 2.0000000000006466 23.999999999998938 7.416412590413098e-21
6.0625 1.9999999999999996 24.0 2.000000000000661 23.999999999999037 2.0997746765631944e-20
6.1875 1.9999999999999996 24.0 2.0000000000006497 23.99999999999899 1.970926387775956e-20
6.3125 1.9999999999999996 24.0 2.0000000000006524 23.99999999999902 -3.06488886306849e-19
6.4375 1.9999999999999996 24.0 2.0000000000006573 23.99999999999899 -3.2470451229757577e-18
6.5625 1.9999999999999996 24.0 2.000000000000621 23.999999999998764 -2.2526004271834337e-17
6.6875 1.9999999999999996 24.0 2.0000000000006537 23.999999999999016 -1.3095803341512223e-16
6.8125 1.9999999999999996 24.0 2.000000000000663 23.999999999999027 -6.821465540280686e-16
6.9375 2.0000000000000018 24.0 2.000000000000565 23.99999999999841 -3.273862560930351e-15
7.0625 2.0000000000000036 24.0 2.0000000000007203 23.999999999999574 -1.4685412509578057e-14
7.1875 2.000000000000011 24.0 2.000000000000678 23.99999999999897 -6.207521160722045e-14
7.3125 2.00000000000004 24.0 2.000000000000116 23.999999999995204 -2.4851468597291215e-13
7.4375 2.0000000000001497 24.0 2.0000000000018496 24.000000000005763 -9.453492026144965e-13
7.5625 2.000000000000539 24.0 2.000000000000079 23.99999999999027 -3.424064082240977e-12
7.6875 2.0000000000018665 24.0 2.0000000000020766 23.999999999998764 -1.182378394443425e-11
7.8125 2.000000000006146 24.0 2.0000000000099445 24.000000000016506 -3.895171607363096e-11
7.9375 2.000000000019319 24.0 2.0000000000128777 23.99999999995758 -1.224382624174479e-10
8.0625 2.000000000057919 24.0 2.0000000000738325 24.000000000086285 -3.6709291014105447e-10
8.1875 2.0000000001654876 24.0 2.0000000001456946 23.999999999843304 -1.04885094347367e-09
8.3125 2.0000000004498846 24.0 2.0000000004605774 24.000000000114625 -2.8513434431676317e-09
8.4375 2.000000001160797 24.0 2.0000000011819967 24.000000000156856 -7.357063536790531e-09
8.5625 2.000000002831756 24.0 2.0000000027697045 23.999999999491926 -1.794754306433284e-08
8.6875 2.0000000064916637 24.0 2.0000000065926056 24.000000000607354 -4.114386207184302e-08
8.8125 2.000000013843881 24.0 2.000000013751913 23.999999999078497 -8.774186992060323e-08
8.9375 2.0000000269646145 24.0 2.0000000269727027 24.00000000131145 -1.7090045283630125e-07
9.0625 2.0000000461651943 24.0 2.0000000461793443 23.99999999960782 -2.9259285286963165e-07
9.1875 2.0000000626030965 24.0 2.0000000626114782 23.999999998452083 -3.9677550466495557e-07
9.3125 2.000000038066707 24.0 2.0000000373119278 23.99999999003879 -2.4126500111955035e-07
9.4375 1.9999998568499835 24.0 1.9999998541784723 24.000000005217217 9.072782688430747e-07
9.5625 1.9999992226135865 24.0 1.9999992160374735 23.99999999191187 4.927042275346514e-06
9.6875 1.99999745652309 24.0 1.9999974479487275 23.999999987540317 1.6120474057228993e-05
9.8125 1.9999931345603434 24.0 1.9999931300730407 24.00000011130469 4.351309689093828e-05
9.9375 1.9999834897866702 24.0 1.999983480219358 23.99999968884498 0.00010464246498845123
10.0625 1.9999635148731965 24.0 1.9999634769879269 24.00000024164549 0.00023124836428342147
10.1875 1.9999247537744853 24.0 1.9999248178694522 24.00000120045455 0.0004769382424958915
10.3125 1.9998538928758636 24.0 1.999853808972165 23.999996805020707 0.0009261376581602602
10.4375 1.9997314636131214 24.0 1.9997313978958235 24.00000213784479 0.0017023680759536896
10.5625 1.9995312310537827 24.0 1.9995314875658134 24.000003286477146 0.0029722455289856228
10.6875 1.9992210939978836 24.0 1.999220831652564 23.999993029405346 0.004940010699781705
10.8125 1.998766428059115 24.0 1.9987663862531753 24.000002762768837 0.0078267031465639
10.9375 1.998136590922492 24.0 1.998136929562229 24.000005600975978 0.011829333546431228
11.0625 1.997314633591705 24.0 1.9973143449751576 23.999991469446897 0.017059485212843672
11.1875 1.996309112349528 24.0 1.9963088884862126 24.000000613431528 0.023467831089443454
11.3125 1.9951655003668594 24.0 1.9951660781203326 24.00001227535326 0.03076987894119322
11.4375 1.9939735438753277 24.0 1.9939732211142167 23.99998465594214 0.03839608071209057
11.5625 1.992866618031946 24.0 1.9928659021171904 23.999999919604534 0.04549242572358476
11.6875 1.99201019200249 24.0 1.9920114344478428 24.000021205072333 0.05099223738725463
11.8125 1.9915789465994957 24.0 1.991577911610948 23.9999758647958 0.053764721194172214
11.9375 1.9917253580417686 24.0 1.9917247047086075 24.000005551782884 0.05282320629055684
12.0625 1.9925456996887094 24.0 1.992546996432138 24.00001976749367 0.047552344591757154
12.1875 1.9940513868122034 24.0 1.994050314584117 23.999966418125062 0.03789755473400547
12.3125 1.9961536477796722 24.0 1.9961533475224789 24.00001124195415 0.024459631507370596
12.4375 1.998667357997329 24.0 1.9986699636017395 24.000044887742114 0.008456005565417002
12.5625 2.0013357333697948 24.0 2.001334317578611 23.99992844454256 -0.008456005565417002
12.6875 2.003872218099441 24.0 2.0038695592532942 24.00000891792399 -0.024459631507370596
12.8125 2.006010708885205 24.0 2.0060177881665413 24.000108645182824 -0.03789755473400547
12.9375 2.0075520678154595 24.0 2.0075486031830376 23.999831168528143 -0.047552344591757154
13.0625 2.008395286469621 24.0 2.0083920219261464 24.000062090822468 -0.05282320629055684
13.1875 2.0085460373516018 24.0 2.008559016912686 24.000155087433264 -0.053764721194172214
13.3125 2.0081022331618894 24.0 2.0080934471845118 23.999769987118036 -0.05099223738725463
13.4375 2.00722286200814 24.0 2.0072194968486494 24.00004314722627 -0.04549242572358476
13.5625 2.006090196329485 24.0 2.006093568341641 24.000117327198787 -0.03839608071209057
13.6875 2.004875433603247 24.0 2.004874144498296 23.999958025982618 -0.03076987894119322
13.8125 2.0037146983780856 24.0 2.0037078520123917 23.99988606399731 -0.023467831089443454
13.9375 2.0026979485616576 24.0 2.002692466361132 24.00020086471795 -0.017059485212843672
14.0625 2.001869458885275 24.0 2.001878037601104 23.99988936149809 -0.011829333546431228
14.1875 2.0012362203047003 24.0 2.001203731568633 23.999822822362837 -0.0078267031465639
14.3125 2.0007799610573245 24.0 2.0007980196374673 24.000453591478944 -0.004940010699781705
14.4375 2.000469150880423 24.0 2.000453074360226 23.999669899677013 -0.0029722455289856228
14.5625 2.000268661679659 24.0 2.0002452319968826 23.99999396268132 -0.0017023680759536896
14.6875 2.000146144206738 24.0 2.0001644142912194 24.000304896960017 -0.0009261376581602602
14.8125 2.0000752560598136 24.0 2.000057107367443 23.999760230609617 -0.0004769382424958915
14.9375 2.0000364874387433 24.0 2.0000314018480516 23.9999642398492 -0.00023124836428342147
15.0625 2.0000165106867387 24.0 2.000037938392797 24.000354648628416 -0.00010464246498845123
15.1875 2.000006865521515 24.0 2.0000111630986024 24.000070417513896 -4.351309689093828e-05
15.3125 2.0000025434881463 24.0 1.9999908738344983 23.999822794419003 -1.6120474057228993e-05
15.4375 2.00000077738746 24.0 1.9999945088601643 23.99989041559343 -4.927042275346514e-06
15.5625 2.000000143150053 24.0 2.000000895091412 24.000016012101344 -9.072782688430747e-07
15.6875 1.9999999619332995 24.0 1.9999982372913256 23.99998124011907 2.4126500111955035e-07
15.8125 1.9999999373969073 24.0 1.999993652695227 23.999900804863717 3.9677550466495557e-07
15.9375 1.9999999538348094 24.0 1.999997579365899 23.999957851327366 2.9259285286963165e-07
16.0625 1.9999999730353897 24.0 2.0000062864027837 24.000101573242738 1.7090045283630125e-07
16.1875 1.9999999861561206 24.0 2.0000071444774514 24.00011939070474 8.774186992060323e-08
16.3125 1.9999999935083348 24.0 2.000000776838512 24.000013708610098 4.114386207184302e-08
16.4375 1.9999999971682425 24.0 1.9999978214169158 23.99996348177295 1.794754306433284e-08
16.5625 1.9999999988392057 24.0 1.9999982223902522 23.999972606577252 7.357063536790531e-09
16.6875 1.9999999995501154 24.0 1.9999977175944483 23.99996808150811 2.8513434431676317e-09
16.8125 1.9999999998345113 24.0 1.9999963352658288 23.999947994073814 1.04885094347367e-09
16.9375 1.9999999999420819 24.0 1.9999960472022933 23.99994272158728 3.6709291014105447e-10
17.0625 1.9999999999806826 24.0 1.9999996063527266 24.000000167000724 1.224382624174479e-10
17.1875 1.9999999999938554 24.0 2.000003756466375 24.00006674235361 3.895171607363096e-11
17.3125 1.9999999999981335 24.0 2.0000036890432793 24.000063642048072 1.182378394443425e-11
17.4375 1.9999999999994613 24.0 2.000001481578366 24.000026541651994 3.424064082240977e-12
17.5625 1.999999999999851 24.0 1.9999997554600681 23.999998596921927 9.453492026144965e-13
17.6875 1.9999999999999618 24.0 1.99999867928133 23.99998114033372 2.4851468597291215e-13
17.8125 1.999999999999991 24.0 1.9999977959403763 23.99996506077017 6.207521160722045e-14
17.9375 1.9999999999999987 24.0 1.9999971937052852 23.999951566601403 1.4685412509578057e-14
18.0625 1.9999999999999987 24.0 1.9999977705800025 23.99995708060859 3.273862560930351e-15
18.1875 1.9999999999999996 24.0 2.000000780686246 24.000003353881823 6.821465540280686e-16
18.3125 1.9999999999999996 24.0 2.0000040900621983 24.000055394990436 1.3095803341512223e-16
18.4375 1.9999999999999996 24.0 2.0000049414907406 24.000067691262267 2.2526004271834337e-17
18.5625 1.9999999999999996 24.0 2.0000038268263705 24.000048794646418 3.2470451229757577e-18
18.6875 1.9999999999999996 24.0 2.0000023367239756 24.000024921593532 3.06488886306849e-19
18.8125 1.9999999999999996 24.0 2.0000009207634726 24.00000283973946 -1.970926387775956e-20
18.9375 1.9999999999999996 24.0 1.9999995649565254 23.99998141117179 -2.0997746765631944e-20
19.0625 1.9999999999999996 24.0 1.9999985434677745 23.999964525422847 -7.416412590413098e-21
19.1875 1.9999999999999996 24.0 1.999998884899858 23.999969185116647 -2.0196850576742936e-21
19.3125 1.9999999999999996 24.0 2.000001094493215 24.000004281934384 -4.795469821729646e-22
19.4375 1.9999999999999996 24.0 2.0000037062331595 24.00004600995858 -1.0363087742791856e-22
19.5625 1.9999999999999996 24.0 2.0000047826246727 24.00006255242404 -2.0794935839713404e-23
19.6875 1.9999999999999996 24.0 2.000004311269521 24.000053709395157 -3.91712255151615e-24
19.8125 1.9999999999999996 24.0 2.0000032844037547 24.000036432615396 -6.971695163562433e-25
19.9375 1.9999999999999996 24.0 2.000002053148225 24.000016858357412 -1.177190424551076e-25
20.0625 1.9999999999999996 24.0 2.0000007024428514 23.99999590732975 -1.890757597486316e-26
20.1875 1.9999999999999996 24.0 1.999999637945958 23.999979247101592 -2.893556671295461e-27
20.3125 1.9999999999999996 24.0 1.999999642964152 23.999979446545613 -4.223370350087268e-28
20.4375 1.9999999999999996 24.0 2.000000933250141 24.000000553278326 -5.881650691709571e-29
20.5625 1.9999999999999996 24.0 2.000002744846782 24.000030295674243 -7.814765201370724e-30
20.6875 1.9999999999999996 24.0 2.0000038180204713 24.000048403052414 -9.90034257306422e-31
20.8125 1.9999999999999996 24.0 2.0000036279153504 24.00004754689128 -1.1944977329459876e-31
20.9375 1.9999999999999996 24.0 2.000002268938139 24.000030626353933 -1.3698442674456298e-32
21.0625 1.9999999999999996 24.0 2.0000001105015732 24.00000330041393 -1.4886155797128192e-33
21.1875 1.9999999999999996 24.0 1.9999977213079165 23.999972267817782 -1.5256449707696942e-34
21.3125 1.9999999999999996 24.0 1.999996036062021 23.99994939898132 -1.4633673851942304e-35
21.4375 1.9999999999999996 24.0 1.9999960219885702 23.999948129695728 -1.2964282047082334e-36
21.5625 1.9999999999999996 24.0 1.9999979339673244 23.999972134521812 -1.0342698109135129e-37
21.6875 1.9999999999999996 24.0 2.000001068672285 24.000011961014124 -7.007674905386313e-39
21.8125 1.9999999999999996 24.0 2.0000039770573927 24.00004810912822 -3.3073113098458767e-40
21.9375 1.9999999999999996 24.0 2.000005556134195 24.000066112713917 3.603800524878784e-42
22.0625 1.9999999999999996 24.0 2.0000054839163948 24.00006181566117 3.6173956053941074e-42
22.1875 1.9999999999999996 24.0 2.000003999691057 24.000038229881305 6.16927538059152e-43
22.3125 1.9999999999999996 24.0 2.000001825973927 24.000005402975535 7.847597927876126e-44
22.4375 1.9999999999999996 24.0 2.0000000131727944 23.999979046448868 8.623273722320799e-45
22.5625 1.9999999999999996 24.0 1.9999992906966653 23.99997029691719 8.590853396874958e-46
22.6875 1.9999999999999996 24.0 1.9999997169007813 23.99997992884554 7.931474614496866e-47
22.8125 1.9999999999999996 24.0 2.0000007854732065 24.000000013317127 6.866290082952759e-48
22.9375 1.9999999999999996 24.0 2.0000017551128306 24.000018935063153 5.612421917410396e-49
23.0625 1.9999999999999996 24.0 2.0000021827849492 24.00002935026113 4.350333912421186e-50
23.1875 1.9999999999999996 24.0 2.000001924621896 24.00002817667167 3.206647879385634e-51
23.3125 1.9999999999999996 24.0 2.00000100545374 24.000014912319916 2.2516961084400117e-52
23.4375 1.9999999999999996 24.0 1.9999996368275514 23.999992648865756 1.5078490196182649e-53
23.5625 1.9999999999999996 24.0 1.999998350247147 23.999970770323472 9.634018146557815e-55
23.6875 1.9999999999999996 24.0 1.9999977170596854 23.99995996435826 5.872877688638674e-56
23.8125 1.9999999999999996 24.0 1.9999979446687006 23.99996439557957 3.4139735638802406e-57
23.9375 1.9999999999999996 24.0 1.9999988236269401 23.999980413172104 1.8904090561110707e-58
24.0625 1.9999999999999996 24.0 1.9999999568136677 24.000000512353843 9.952641974695324e-60
24.1875 1.9999999999999996 24.0 2.00000086943077 24.000015956387962 4.9677240512015786e-61
24.3125 1.9999999999999996 24.0 2.00000128698475 24.000022246104532 2.340279915629186e-62
24.4375 1.9999999999999996 24.0 2.0000010959157355 24.000017898791338 1.0331249664820779e-63
24.5625 1.9999999999999996 24.0 2.0000002137116377 24.00000226467793 4.221871484767452e-65
24.6875 1.9999999999999996 24.0 1.9999991907802182 23.99998493114557 1.5606895560755955e-66
24.8125 1.9999999999999996 24.0 1.9999982927719318 23.99997027635922 4.956512554488603e-68
24.9375 1.9999999999999996 24.0 1.9999986267403254 23.999976331803296 1.1497184111213586e-69
