0.03125 1.9999999999999996 24.0 2.0000000000007687 23.999999999999986 -4.003793457677204e-70
0.09375 1.9999999999999996 24.0 2.0000000000007656 23.99999999999998 -3.10028924768748e-69
0.15625 1.9999999999999996 24.0 2.000000000000763 23.999999999999957 -2.0164329257222074e-68
0.21875 1.9999999999999996 24.0 2.000000000000763 23.99999999999995 -1.1971437942926539e-67
0.28125 1.9999999999999996 24.0 2.0000000000007643 23.99999999999995 -6.704319663991951e-67
0.34375 1.9999999999999996 24.0 2.000000000000762 23.99999999999993 -3.6001438242163e-66
0.40625 1.9999999999999996 24.0 2.000000000000761 23.99999999999992 -1.8711212490761638e-65
0.46875 1.9999999999999996 24.0 2.000000000000759 23.999999999999904 -9.467542854033363e-65
0.53125 1.9999999999999996 24.0 2.0000000000007594 23.999999999999904 -4.681823820360618e-64
0.59375 1.9999999999999996 24.0 2.000000000000763 23.999999999999915 -2.2689000963112057e-63
0.65625 1.9999999999999996 24.0 2.000000000000761 23.9999999999999 -1.0796763064909657e-62
0.71875 1.9999999999999996 24.0 2.0000000000007647 23.99999999999992 -5.052285490132954e-62
0.78125 1.9999999999999996 24.0 2.0000000000007647 23.999999999999908 -2.3274779481577778e-61
0.84375 1.9999999999999996 24.0 2.0000000000007603 23.999999999999886 -1.0564902049433007e-60
0.90625 1.9999999999999996 24.0 2.000000000000762 23.9999999999999 -4.7285315304742537e-60
0.96875 1.9999999999999996 24.0 2.0000000000007594 23.99999999999988 -2.0878823025968615e-59
1.03125 1.9999999999999996 24.0 2.0000000000007567 23.999999999999872 -9.099039886941364e-59
1.09375 1.9999999999999996 24.0 2.0000000000007567 23.999999999999858 -3.9151515696813544e-58
1.15625 1.9999999999999996 24.0 2.000000000000754 23.999999999999844 -1.6637515850317588e-57
1.21875 1.9999999999999996 24.0 2.0000000000007496 23.99999999999981 -6.98415315449243e-57
1.28125 1.9999999999999996 24.0 2.0000000000007496 23.999999999999794 -2.896688398352563e-56
1.34375 1.9999999999999996 24.0 2.0000000000007505 23.999999999999773 -1.1871666588356863e-55
1.40625 1.9999999999999996 24.0 2.0000000000007514 23.999999999999766 -4.808243216412138e-55
1.46875 1.9999999999999996 24.0 2.0000000000007527 23.99999999999976 -1.9246606613016414e-54
1.53125 1.9999999999999996 24.0 2.0000000000007514 23.999999999999737 -7.614287154550369e-54
1.59375 1.9999999999999996 24.0 2.0000000000007523 23.999999999999737 -2.977231559962374e-53
1.65625 1.9999999999999996 24.0 2.000000000000753 23.999999999999726 -1.1505138179815468e-52
1.71875 1.9999999999999996 24.0 2.0000000000007523 23.999999999999716 -4.393804720150234e-52
1.78125 1.9999999999999996 24.0 2.000000000000754 23.999999999999716 -1.6581299923453183e-51
1.84375 1.9999999999999996 24.0 2.000000000000756 23.999999999999734 -6.182563431609285e-51
1.90625 1.9999999999999996 24.0 2.0000000000007576 23.999999999999744 -2.277278377096913e-50
1.96875 1.9999999999999996 24.0 2.0000000000007567 23.999999999999726 -8.284492655247021e-50
2.03125 1.9999999999999996 24.0 2.000000000000754 23.9999999999997 -2.9757630384972538e-49
2.09375 1.9999999999999996 24.0 2.000000000000754 23.99999999999968 -1.0550291032482932e-48
2.15625 1.9999999999999996 24.0 2.000000000000755 23.999999999999694 -3.6904479413849395e-48
2.21875 1.9999999999999996 24.0 2.000000000000753 23.99999999999968 -1.2729509522619648e-47
2.28125 1.9999999999999996 24.0 2.0000000000007527 23.999999999999673 -4.3268626815565847e-47
2.34375 1.9999999999999996 24.0 2.0000000000007514 23.999999999999652 -1.4480961508257759e-46
2.40625 1.9999999999999996 24.0 2.000000000000748 23.999999999999623 -4.766666883297355e-46
2.46875 1.9999999999999996 24.0 2.000000000000746 23.999999999999595 -1.541032557512438e-45
2.53125 1.9999999999999996 24.0 2.000000000000742 23.999999999999567 -4.88392660333133e-45
2.59375 1.9999999999999996 24.0 2.0000000000007416 23.99999999999956 -1.5134271734381545e-44
2.65625 1.9999999999999996 24.0 2.000000000000737 23.99999999999953 -4.568647830048834e-44
2.71875 1.9999999999999996 24.0 2.0000000000007345 23.99999999999951 -1.3361689566318357e-43
2.78125 1.9999999999999996 24.0 2.0000000000007354 23.99999999999951 -3.7532028244107754e-43
2.84375 1.9999999999999996 24.0 2.0000000000007354 23.999999999999503 -9.974387744360698e-43
2.90625 1.9999999999999996 24.0 2.0000000000007336 23.99999999999948 -2.4351720591234945e-42
2.96875 1.9999999999999996 24.0 2.000000000000729 23.999999999999446 -5.085290221773357e-42
3.03125 1.9999999999999996 24.0 2.00000000000073 23.999999999999424 -6.897034062129024e-42
3.09375 1.9999999999999996 24.0 2.000000000000731 23.999999999999417 9.4571499118777e-42
3.15625 1.9999999999999996 24.0 2.00000000000073 23.999999999999396 1.333693151761316e-40
3.21875 1.9999999999999996 24.0 2.0000000000007283 23.999999999999385 7.548951878250107e-40
3.28125 1.9999999999999996 24.0 2.0000000000007283 23.999999999999375 3.4311887634935694e-39
3.34375 1.9999999999999996 24.0 2.00000000000073 23.999999999999375 1.403178566439546e-38
3.40625 1.9999999999999996 24.0 2.00000000000073 23.999999999999375 5.378068716624702e-38
3.46875 1.9999999999999996 24.0 2.000000000000726 23.999999999999343 1.9697195541396117e-37
3.53125 1.9999999999999996 24.0 2.000000000000723 23.99999999999931 6.968045095399668e-37
3.59375 1.9999999999999996 24.0 2.000000000000721 23.9999999999993 2.3966218722471593e-36
3.65625 1.9999999999999996 24.0 2.0000000000007208 23.9999999999993 8.049000674182709e-36
3.71875 1.9999999999999996 24.0 2.0000000000007203 23.9999999999993 2.64747034316652e-35
3.78125 1.9999999999999996 24.0 2.0000000000007208 23.99999999999929 8.54664587042569e-35
3.84375 1.9999999999999996 24.0 2.000000000000723 23.999999999999304 2.712213722730896e-34
3.90625 1.9999999999999996 24.0 2.000000000000724 23.9999999999993 8.471067439974588e-34
3.96875 1.9999999999999996 24.0 2.000000000000722 23.999999999999282 2.6064103442825064e-33
4.03125 1.9999999999999996 24.0 2.0000000000007203 23.999999999999268 7.905978888239404e-33
4.09375 1.9999999999999996 24.0 2.0000000000007194 23.999999999999257 2.3655346031470872e-32
4.15625 1.9999999999999996 24.0 2.0000000000007176 23.999999999999247 6.984994830761698e-32
4.21875 1.9999999999999996 24.0 2.000000000000716 23.999999999999226 2.0362389514835817e-31
4.28125 1.9999999999999996 24.0 2.000000000000713 23.999999999999215 5.862031322215626e-31
4.34375 1.9999999999999996 24.0 2.0000000000007097 23.99999999999919 1.666974471735266e-30
4.40625 1.9999999999999996 24.0 2.000000000000708 23.99999999999917 4.683320222460584e-30
4.46875 1.9999999999999996 24.0 2.000000000000706 23.99999999999916 1.3001294525565887e-29
4.53125 1.9999999999999996 24.0 2.0000000000007034 23.99999999999914 3.5667630039506357e-29
4.59375 1.9999999999999996 24.0 2.0000000000007 23.999999999999112 9.670497416647311e-29
4.65625 1.9999999999999996 24.0 2.0000000000006954 23.999999999999076 2.5913628227116674e-28
4.71875 1.9999999999999996 24.0 2.000000000000691 23.99999999999904 6.863046828850996e-28
4.78125 1.9999999999999996 24.0 2.00000000000069 23.999999999999034 1.796412949920961e-27
4.84375 1.9999999999999996 24.0 2.0000000000006883 23.99999999999902 4.64700787456371e-27
4.90625 1.9999999999999996 24.0 2.000000000000685 23.99999999999899 1.1879054274809626e-26
4.96875 1.9999999999999996 24.0 2.000000000000683 23.999999999998987 3.0004004484834847e-26
5.03125 1.9999999999999996 24.0 2.000000000000682 23.999999999998977 7.486792811960278e-26
5.09375 1.9999999999999996 24.0 2.0000000000006803 23.999999999998963 1.8451945242224962e-25
5.15625 1.9999999999999996 24.0 2.0000000000006803 23.99999999999896 4.490611845317189e-25
5.21875 1.9999999999999996 24.0 2.0000000000006803 23.99999999999895 1.0788108353212093e-24
5.28125 1.9999999999999996 24.0 2.0000000000006795 23.999999999998956 2.557329998052712e-24
5.34375 1.9999999999999996 24.0 2.000000000000678 23.99999999999894 5.97877898615881e-24
5.40625 1.9999999999999996 24.0 2.000000000000676 23.999999999998913 1.3776866515677294e-23
5.46875 1.9999999999999996 24.0 2.000000000000675 23.999999999998906 3.1264914036512736e-23
5.53125 1.9999999999999996 24.0 2.000000000000674 23.999999999998906 6.980618709954213e-23
5.59375 1.9999999999999996 24.0 2.0000000000006724 23.999999999998884 1.5314050791412638e-22
5.65625 1.9999999999999996 24.0 2.000000000000669 23.99999999999887 3.2952537647922248e-22
5.71875 1.9999999999999996 24.0 2.0000000000006706 23.999999999998877 6.938397225712931e-22
5.78125 1.9999999999999996 24.0 2.0000000000006675 23.999999999998852 1.4247827369012723e-21
5.84375 1.9999999999999996 24.0 2.000000000000667 23.999999999998852 2.839370569031387e-21
5.90625 1.9999999999999996 24.0 2.000000000000666 23.99999999999885 5.44950890910029e-21
5.96875 1.9999999999999996 24.0 2.0000000000006635 23.999999999998835 9.944158298563714e-21
6.03125 1.9999999999999996 24.0 2.0000000000006617 23.99999999999882 1.683955802877859e-20
6.09375 1.9999999999999996 24.0 2.00000000000066 23.999999999998806 2.5051785044004933e-20
6.15625 1.9999999999999996 24.0 2.000000000000659 23.999999999998796 2.740528868930065e-20
6.21875 1.9999999999999996 24.0 2.0000000000006573 23.99999999999879 -1.9289258172990763e-21
6.28125 1.9999999999999996 24.0 2.0000000000006546 23.999999999998764 -1.4017862304362418e-19
6.34375 1.9999999999999996 24.0 2.0000000000006537 23.999999999998742 -5.9727403593566045e-19
6.40625 1.9999999999999996 24.0 2.000000000000651 23.999999999998714 -1.9104035673239254e-18
6.46875 1.9999999999999996 24.0 2.0000000000006493 23.999999999998685 -5.395897040893431e-18
6.53125 1.9999999999999996 24.0 2.0000000000006457 23.999999999998657 -1.4172635144106045e-17
6.59375 1.9999999999999996 24.0 2.000000000000646 23.99999999999865 -3.5429167569282213e-17
6.65625 1.9999999999999996 24.0 2.000000000000644 23.999999999998646 -8.534713940380537e-17
6.71875 1.9999999999999996 24.0 2.0000000000006404 23.99999999999862 -1.996000429606432e-16
6.78125 1.9999999999999996 24.0 2.000000000000637 23.999999999998593 -4.553629995606369e-16
6.84375 1.9999999999999996 24.0 2.0000000000006315 23.99999999999855 -1.0167180356264946e-15
6.90625 2.0000000000000018 24.0 2.0000000000006315 23.999999999998536 -2.226894517287864e-15
6.96875 1.9999999999999991 24.0 2.0000000000006315 23.999999999998522 -4.7928992723670935e-15
7.03125 2.0000000000000018 24.0 2.000000000000629 23.999999999998487 -1.0149798143363878e-14
7.09375 2.0000000000000027 24.0 2.000000000000626 23.99999999999845 -2.1169426434468405e-14
7.15625 2.000000000000008 24.0 2.0000000000006253 23.999999999998423 -4.352028380639294e-14
7.21875 2.0000000000000133 24.0 2.0000000000006315 23.99999999999841 -8.824162729183831e-14
7.28125 2.0000000000000275 24.0 2.0000000000006466 23.999999999998415 -1.765504987103273e-13
7.34375 2.000000000000054 24.0 2.000000000000674 23.999999999998415 -3.4869878558211256e-13
7.40625 2.000000000000107 24.0 2.0000000000007283 23.999999999998426 -6.800747887373828e-13
7.46875 2.000000000000207 24.0 2.000000000000826 23.999999999998415 -1.3100830926616375e-12
7.53125 2.0000000000003926 24.0 2.00000000000101 23.999999999998373 -2.4932458599455e-12
7.59375 2.0000000000007403 24.0 2.0000000000013527 23.999999999998366 -4.688392804143842e-12
7.65625 2.0000000000013767 24.0 2.0000000000019833 23.999999999998376 -8.71217953361179e-12
7.71875 2.0000000000025255 24.0 2.0000000000031255 23.999999999998263 -1.5999612188650176e-11
7.78125 2.0000000000045817 24.0 2.0000000000051887 23.999999999998373 -2.9039792611471703e-11
7.84375 2.0000000000082188 24.0 2.000000000008841 23.99999999999839 -5.2093915604236066e-11
7.90625 2.0000000000145706 24.0 2.0000000000151723 23.999999999998224 -9.236014962645237e-11
7.96875 2.0000000000255342 24.0 2.000000000026082 23.99999999999788 -1.6183318890323987e-10
8.03125 2.000000000044214 24.0 2.0000000000448193 23.999999999998295 -2.8022250166414554e-10
8.09375 2.0000000000756475 24.0 2.0000000000763167 23.999999999998554 -4.794494381885033e-10
8.15625 2.0000000001278706 24.0 2.0000000001284697 23.999999999998394 -8.10442429110603e-10
8.21875 2.0000000002135057 24.0 2.000000000214105 23.999999999996668 -1.3531848884076558e-09
8.28125 2.000000000352041 24.0 2.0000000003529546 24.000000000000394 -2.2312156971162697e-09
8.34375 2.0000000005730527 24.0 2.000000000573866 23.999999999997506 -3.631974219148933e-09
8.40625 2.0000000009205494 24.0 2.0000000009206134 23.999999999992163 -5.834394601838469e-09
8.46875 2.0000000014586345 24.0 2.0000000014593233 23.99999999999595 -9.244758734380355e-09
8.53125 2.000000002278438 24.0 2.0000000022802746 24.00000000001138 -1.444062428085364e-08
8.59375 2.000000003505867 24.0 2.0000000035070276 23.999999999997428 -2.2220023413817202e-08
8.65625 2.000000005308984 24.0 2.000000005308468 23.9999999999733 -3.364810060345147e-08
8.71875 2.0000000079023086 24.0 2.0000000079003524 23.999999999987683 -5.00844594839887e-08
8.78125 2.0000000115430976 24.0 2.0000000115524292 24.000000000063444 -7.315960195901896e-08
8.84375 2.000000016510853 24.0 2.0000000165049823 23.9999999999487 -1.046450073705699e-07
8.90625 2.0000000230554904 24.0 2.000000023054022 24.00000000000518 -1.461246173463636e-07
8.96875 2.0000000312909463 24.0 2.000000031292893 24.000000000004892 -1.9832055356516146e-07
9.03125 2.000000040998452 24.0 2.0000000409716643 23.999999999902144 -2.598462797269504e-07
9.09375 2.000000051286009 24.0 2.0000000513144496 24.000000000128004 -3.250483311046408e-07
9.15625 2.0000000600263803 24.0 2.0000000600191807 24.00000000027145 -3.8044437996817056e-07
9.21875 2.000000062963799 24.0 2.000000062825121 23.999999999575007 -3.990616064219827e-07
9.28125 2.000000052338133 24.0 2.0000000523205994 23.999999999787104 -3.31716640591852e-07
9.34375 2.000000014823507 24.0 2.000000014932775 24.00000000144957 -9.39506915416835e-08
9.40625 1.9999999285163117 24.0 1.9999999285242036 24.000000000004412 4.530603240697041e-07
9.46875 1.9999997586360239 24.0 1.9999997584449507 23.99999999789573 1.529753980297915e-06
9.53125 1.9999994515243338 24.0 1.9999994511480395 23.999999997249592 3.4762149433038535e-06
9.59375 1.9999989264493645 24.0 1.9999989260598516 23.999999997703817 6.804120370200431e-06
9.65625 1.9999980646510156 24.0 1.9999980646802158 24.000000001908 1.2266172538001058e-05
9.71875 1.9999966950132855 24.0 1.9999966954489223 24.000000005297615 2.0946912307718176e-05
9.78125 1.999994575737341 24.0 1.999994575984338 24.000000002062862 3.437888657929601e-05
9.84375 1.9999913714357194 24.0 1.999991371300617 23.999999999535138 5.468784914051539e-05
9.90625 1.9999866251992728 24.0 1.99998662493487 24.000000000568434 8.47698499292316e-05
9.96875 1.9999797254303564 24.0 1.9999797251958196 24.00000000021877 0.00012850154243721726
10.03125 1.9999698676160949 24.0 1.9999698673561221 23.99999999731447 0.0001909826458667602
10.09375 1.9999560117556454 24.0 1.9999560114967783 23.999999996632063 0.00027880609774585296
10.15625 1.9999368368697208 24.0 1.9999368366748234 23.999999999139778 0.00040034694173355593
10.21875 1.9999106949066663 24.0 1.9999106948718541 24.000000002095778 0.0005660554261655719
10.28125 1.9998755673951087 24.0 1.9998755674178834 24.000000001600146 0.0007887332867798587
10.34375 1.9998290293272576 24.0 1.9998290291823697 23.999999997946272 0.001083765068175486
10.40625 1.999768225906742 24.0 1.9997682256644755 23.999999996995427 0.0014692691192730424
10.46875 1.9996898688416709 24.0 1.999689868827833 24.00000000128714 0.0019661263086395773
10.53125 1.9995902596546722 24.0 1.9995902599280306 24.00000000480219 0.002597839480069819
10.59375 1.999465347837121 24.0 1.999465348014225 24.00000000260369 0.0033901743036548818
10.65625 1.9993108313993964 24.0 1.9993108312422616 23.999999998482167 0.004370533653136037
10.71875 1.9991223062736054 24.0 1.9991223060184158 23.99999999804245 0.005567024104157814
10.78125 1.9988954689522282 24.0 1.9988954688798406 23.999999999873978 0.007007185562588836
10.84375 1.998626373602549 24.0 1.9986263737010772 24.00000000050633 0.008716373997397405
10.90625 1.9983117406874429 24.0 1.9983117407911566 24.00000000019179 0.01071581282047236
10.96875 1.9979493089816849 24.0 1.997949308969266 24.000000000222705 0.013020359959317548
11.03125 1.997538217084751 24.0 1.9975382169538811 23.999999999712344 0.01563607359493098
11.09375 1.997079394536469 24.0 1.9970793943011087 23.99999999812462 0.01855769747427637
11.15625 1.9965759370229155 24.0 1.9965759368449025 23.999999998578446 0.021766223390745052
11.21875 1.9960334355940061 24.0 1.9960334355576652 24.0000000022232 0.02522671991030791
11.28125 1.9954602270085378 24.0 1.9954602270698585 24.00000000500792 0.028886638374096246
11.34375 1.9948675319225997 24.0 1.9948675317818767 24.000000003148074 0.03267481533066286
11.40625 1.9942694501313294 24.0 1.994269449778654 23.99999999784956 0.036501381084238345
11.46875 1.993682787700136 24.0 1.993682787140523 23.9999999944225 0.04025875432072879
11.53125 1.9931266995036017 24.0 1.9931266992668717 23.999999996578982 0.043823851741497465
11.59375 1.9926221420097896 24.0 1.9926221418637167 24.000000001922828 0.04706157029590306
11.65625 1.9921911443667955 24.0 1.9921911445119915 24.000000004588305 0.04982951126378543
11.71875 1.9918559199774992 24.0 1.9918559192035667 24.000000001426546 0.051983815731628635
11.78125 1.9916378546518405 24.0 1.9916378533072745 23.999999996465228 0.05338587762874967
11.84375 1.9915564199409557 24.0 1.9915564162485195 23.99999999566182 0.053909602651500035
11.90625 1.9916280703116893 24.0 1.9916280688905292 23.999999998790194 0.053448799007006796
11.96875 1.9918651895195483 24.0 1.9918651901650661 24.00000000120724 0.05192422853819394
12.03125 1.992275154224112 24.0 1.9922751555217793 24.000000001277204 0.04928982261350742
12.09375 1.9928595811572143 24.0 1.9928595824958568 24.0000000007364 0.04553758186163458
12.15625 1.9936138178433769 24.0 1.9936138190917165 24.000000000929184 0.040700734725941205
12.21875 1.9945267260619293 24.0 1.9945267271593137 24.000000000911747 0.034854825297487284
12.28125 1.9955807922437934 24.0 1.9955807930742335 24.00000000008266 0.028116530264597768
12.34375 1.9967525803796664 24.0 1.9967525809924866 23.999999999866674 0.0206401586194423
12.40625 1.998013521642256 24.0 1.9980135221238595 24.00000000068034 0.012611953511883283
12.46875 1.9993310119959429 24.0 1.999331012458859 24.00000000115097 0.004242479026349397
12.53125 2.000669766145818 24.0 2.0006697665486524 24.00000000013994 -0.004242479026349397
12.59375 2.001993355151661 24.0 2.0019933555912495 23.999999998426546 -0.012611953511883283
12.65625 2.0032658379854444 24.0 2.0032658384266555 23.999999997597346 -0.0206401586194423
12.71875 2.0044533863004075 24.0 2.0044533869885406 23.999999997979778 -0.028116530264597768
12.78125 2.005525798429853 24.0 2.005525799176205 23.999999998994696 -0.034854825297487284
12.84375 2.0064578042001333 24.0 2.00645780538457 24.000000000259643 -0.040700734725941205
12.90625 2.0072300766200724 24.0 2.0072300777393615 24.000000001480355 -0.04553758186163458
12.96875 2.007829888873526 24.0 2.0078298905735483 24.000000002012825 -0.04928982261350742
13.03125 2.0082513831765967 24.0 2.008251384133438 24.000000001361883 -0.05192422853819394
13.09375 2.008495449005603 24.0 2.008495450175351 24.000000000253458 -0.053448799007006796
13.15625 2.008569238577031 24.0 2.008569236264595 23.99999999944827 -0.053909602651500035
13.21875 2.0084853739893846 24.0 2.008485371022539 23.999999998852438 -0.05338587762874967
13.28125 2.0082609204483695 24.0 2.008260918838608 23.999999998324046 -0.051983815731628635
13.34375 2.007916211803962 24.0 2.0079162111497886 23.9999999985841 -0.04982951126378543
13.40625 2.0074736177037313 24.0 2.007473617479802 24.0000000001399 -0.04706157029590306
13.46875 2.0069563366052674 24.0 2.006956336525181 24.0000000015367 -0.043823851741497465
13.53125 2.006387287181946 24.0 2.0063872870497974 24.000000001024645 -0.04025875432072879
13.59375 2.0057881543504377 24.0 2.0057881541113516 23.999999999388525 -0.036501381084238345
13.65625 2.0051786274890864 24.0 2.0051786272097627 23.999999998770328 -0.03267481533066286
13.71875 2.0045758495192922 24.0 2.004575849338563 24.00000000054866 -0.028886638374096246
13.78125 2.003994078139513 24.0 2.003994078052057 24.00000000231111 -0.02522671991030791
13.84375 2.0034445458961168 24.0 2.0034445457293755 24.000000001132854 -0.021766223390745052
13.90625 2.0029354946873217 24.0 2.002935494360437 23.99999999808358 -0.01855769747427637
13.96875 2.0024723529859534 24.0 2.0024723526304453 23.99999999665409 -0.01563607359493098
14.03125 2.0020580204012908 24.0 2.002058020243525 23.999999998482323 -0.013020359959317548
14.09375 2.0016932237598835 24.0 2.001693223858642 24.000000001456662 -0.01071581282047236
14.15625 2.001376911068173 24.0 2.0013769112899977 24.00000000273428 -0.008716373997397405
14.21875 2.0011066538375526 24.0 2.0011066540176974 24.000000001849074 -0.007007185562588836
14.28125 2.000879033605768 24.0 2.0008790336760867 24.00000000041174 -0.005567024104157814
14.34375 2.000689994426066 24.0 2.000689994414895 23.999999999809805 -0.004370533653136037
14.40625 2.00053514905634 24.0 2.0005351490117977 24.0000000000053 -0.0033901743036548818
14.46875 2.0004100321174434 24.0 2.000410032048678 23.999999999966974 -0.002597839480069819
14.53125 2.0003102982835324 24.0 2.0003102981556937 23.99999999900276 -0.0019661263086395773
14.59375 2.000231867423374 24.0 2.0002318672658856 23.99999999826936 -0.0014692691192730424
14.65625 2.0001710214523563 24.0 2.0001710213540713 23.999999999065814 -0.001083765068175486
14.71875 2.0001244595003778 24.0 2.0001244595031085 24.00000000098493 -0.0007887332867798587
14.78125 2.0000893189461166 24.0 2.0000893190166535 24.000000002349978 -0.0005660554261655719
14.84375 2.0000631700596236 24.0 2.000063170097084 24.00000000179456 -0.00040034694173355593
14.90625 2.0000439916050072 24.0 2.0000439915401955 24.000000000337288 -0.00027880609774585296
14.96875 2.000030133960817 24.0 2.0000301338021265 23.999999998956763 -0.0001909826458667602
15.03125 2.000020275283539 24.0 2.000020275084028 23.999999999371376 -0.00012850154243721726
15.09375 2.0000133751113984 24.0 2.000013374848958 23.99999999835687 -8.47698499292316e-05
15.15625 2.0000086286935783 24.0 2.000008628330224 23.99999999770257 -5.468784914051539e-05
15.21875 2.0000054243137564 24.0 2.0000054241434895 23.99999999892144 -3.437888657929601e-05
15.28125 2.000003305005682 24.0 2.000003304839058 23.999999999509445 -2.0946912307718176e-05
15.34375 2.00000193535549 24.0 2.0000019354387546 24.00000000127209 -1.2266172538001058e-05
15.40625 2.0000010735526357 24.0 2.000001073507544 24.00000000097203 -6.804120370200431e-06
15.46875 2.00000054847619 24.0 2.0000005486321406 24.00000000207623 -3.4762149433038535e-06
15.53125 2.0000002413640776 24.0 2.000000241149478 23.999999995321208 -1.529753980297915e-06
15.59375 2.0000000714836967 24.0 2.000000072041259 24.000000006135892 -4.530603240697041e-07
15.65625 1.9999999851764942 24.0 1.9999999859965623 24.00000000761966 9.39506915416835e-08
15.71875 1.9999999476618735 24.0 1.9999999474839079 23.999999992916727 3.31716640591852e-07
15.78125 1.999999937036209 24.0 1.9999999368744086 23.999999994038795 3.990616064219827e-07
15.84375 1.9999999399736268 24.0 1.9999999398352601 24.000000002143402 3.8044437996817056e-07
15.90625 1.9999999487139977 24.0 1.9999999486467672 23.999999999367027 3.250483311046408e-07
15.96875 1.9999999590015503 24.0 1.9999999592233433 23.999999997117236 2.598462797269504e-07
16.03125 1.9999999687090562 24.0 1.9999999692815011 24.000000006943807 1.9832055356516146e-07
16.09375 1.999999976944513 24.0 1.9999999770646812 24.00000000348921 1.461246173463636e-07
16.15625 1.9999999834891504 24.0 1.9999999831821835 23.9999999960541 1.046450073705699e-07
16.21875 1.9999999884569069 24.0 1.9999999888873425 24.000000004320306 7.315960195901896e-08
16.28125 1.9999999920976914 24.0 1.9999999928302 24.000000008078036 5.00844594839887e-08
16.34375 1.9999999946910147 24.0 1.9999999944052955 23.999999996769517 3.364810060345147e-08
16.40625 1.9999999964941326 24.0 1.999999995722157 23.99999998868604 2.2220023413817202e-08
16.46875 1.999999997721563 24.0 1.999999997522592 23.99999999681277 1.444062428085364e-08
16.53125 1.9999999985413641 24.0 1.9999999991770196 24.000000007560566 9.244758734380355e-09
16.59375 1.9999999990794535 24.0 1.9999999997824411 24.000000006797933 5.834394601838469e-09
16.65625 1.9999999994269466 24.0 1.9999999993584856 23.999999997438533 3.631974219148933e-09
16.71875 1.999999999647959 24.0 1.999999999003036 23.99999999236028 2.2312156971162697e-09
16.78125 1.9999999997864955 24.0 1.9999999992848212 23.99999999621896 1.3531848884076558e-09
16.84375 1.999999999872129 24.0 1.999999999707602 24.000000000275126 8.10442429110603e-10
16.90625 1.9999999999243536 24.0 1.9999999999509088 24.00000000140308 4.794494381885033e-10
16.96875 1.9999999999557878 24.0 2.0000000002145644 24.000000003341086 2.8022250166414554e-10
17.03125 1.9999999999744664 24.0 2.0000000003873977 24.000000006006708 1.6183318890323987e-10
17.09375 1.999999999985427 24.0 2.0000000002009912 24.000000002160043 9.236014962645237e-11
17.15625 1.999999999991783 24.0 1.9999999995505529 23.999999991013635 5.2093915604236066e-11
17.21875 1.9999999999954179 24.0 1.9999999994286264 23.999999987314027 2.9039792611471703e-11
17.28125 1.9999999999974742 24.0 1.999999999980291 23.999999998369674 1.5999612188650176e-11
17.34375 1.999999999998626 24.0 2.000000000581622 24.00000001326993 8.71217953361179e-12
17.40625 1.999999999999261 24.0 2.0000000005930803 24.000000012794313 4.688392804143842e-12
17.46875 1.9999999999996065 24.0 1.999999999945256 24.00000000023545 2.4932458599455e-12
17.53125 1.9999999999997953 24.0 1.999999999323404 23.999999989123534 1.3100830926616375e-12
17.59375 1.9999999999998939 24.0 1.9999999992420705 23.999999988735844 6.800747887373828e-13
17.65625 1.9999999999999432 24.0 1.9999999996939746 23.999999995624897 3.4869878558211256e-13
17.71875 1.9999999999999722 24.0 2.000000000337656 24.000000004078395 1.765504987103273e-13
17.78125 1.9999999999999867 24.0 2.000000000708397 24.000000009304813 8.824162729183831e-14
17.84375 1.9999999999999931 24.0 2.0000000005119487 24.000000004815888 4.352028380639294e-14
17.90625 1.9999999999999956 24.0 1.9999999998443752 23.999999994733287 2.1169426434468405e-14
17.96875 1.9999999999999982 24.0 1.9999999995611504 23.99999999249368 1.0149798143363878e-14
18.03125 1.9999999999999987 24.0 1.999999999946895 24.000000002493447 4.7928992723670935e-15
18.09375 2.000000000000001 24.0 2.000000000596668 24.000000012609625 2.226894517287864e-15
18.15625 1.9999999999999996 24.0 2.000000000115527 24.00000000253699 1.0167180356264946e-15
18.21875 1.9999999999999996 24.0 1.9999999990657196 23.999999986632204 4.553629995606369e-16
18.28125 1.9999999999999996 24.0 1.99999999949442 23.999999992139493 1.996000429606432e-16
18.34375 1.9999999999999996 24.0 2.000000000564552 24.0000000085073 8.534713940380537e-17
18.40625 1.9999999999999996 24.0 2.000000000561579 24.00000001072259 3.5429167569282213e-17
18.46875 1.9999999999999996 24.0 1.9999999996031368 23.999999995125197 1.4172635144106045e-17
18.53125 1.9999999999999996 24.0 1.9999999987711052 23.99999998098671 5.395897040893431e-18
18.59375 1.9999999999999996 24.0 1.9999999992456916 23.999999987406035 1.9104035673239254e-18
18.65625 1.9999999999999996 24.0 2.000000000786352 24.00000001143222 5.9727403593566045e-19
18.71875 1.9999999999999996 24.0 2.0000000015569164 24.000000021966542 1.4017862304362418e-19
18.78125 1.9999999999999996 24.0 2.000000000916673 24.000000013641102 1.9289258172990763e-21
18.84375 1.9999999999999996 24.0 1.9999999998858566 23.999999998106002 -2.740528868930065e-20
18.90625 1.9999999999999996 24.0 1.9999999994064752 23.999999989645815 -2.5051785044004933e-20
18.96875 1.9999999999999996 24.0 1.9999999995958764 23.99999999166029 -1.683955802877859e-20
19.03125 1.9999999999999996 24.0 1.999999999875901 23.99999999774727 -9.944158298563714e-21
19.09375 1.9999999999999996 24.0 2.000000000083443 24.000000002036035 -5.44950890910029e-21
19.15625 1.9999999999999996 24.0 2.0000000002749454 24.000000004219316 -2.839370569031387e-21
19.21875 1.9999999999999996 24.0 2.000000000519755 24.000000006852964 -1.4247827369012723e-21
19.28125 1.9999999999999996 24.0 2.0000000004865472 24.000000004986816 -6.938397225712931e-22
19.34375 1.9999999999999996 24.0 1.9999999994855817 23.999999992495816 -3.2952537647922248e-22
19.40625 1.9999999999999996 24.0 1.999999998856121 23.999999982867052 -1.5314050791412638e-22
19.46875 1.9999999999999996 24.0 1.999999999486585 23.999999993705174 -6.980618709954213e-23
19.53125 1.9999999999999996 24.0 2.0000000009579804 24.000000015732102 -3.1264914036512736e-23
19.59375 1.9999999999999996 24.0 2.0000000014971864 24.000000022054756 -1.3776866515677294e-23
19.65625 1.9999999999999996 24.0 2.0000000003885856 24.00000000337578 -5.97877898615881e-24
19.71875 1.9999999999999996 24.0 1.9999999988905923 23.999999981775765 -2.557329998052712e-24
19.78125 1.9999999999999996 24.0 1.999999998836624 23.99999998422453 -1.0788108353212093e-24
19.84375 1.9999999999999996 24.0 1.9999999998156555 23.999999999948095 -4.490611845317189e-25
19.90625 1.9999999999999996 24.0 2.0000000000980944 24.000000004989037 -1.8451945242224962e-25
19.96875 1.9999999999999996 24.0 1.9999999999773872 23.999999999518682 -7.486792811960278e-26
20.03125 1.9999999999999996 24.0 2.0000000000197313 23.999999996762845 -3.0004004484834847e-26
20.09375 1.9999999999999996 24.0 2.000000000479077 24.000000005645155 -1.1879054274809626e-26
20.15625 1.9999999999999996 24.0 2.0000000005223058 24.000000008831936 -4.64700787456371e-27
20.21875 1.9999999999999996 24.0 1.9999999997081046 23.999999998857 -1.796412949920961e-27
20.28125 1.9999999999999996 24.0 1.9999999987918642 23.999999984943365 -6.863046828850996e-28
20.34375 1.9999999999999996 24.0 1.9999999989743371 23.999999985111494 -2.5913628227116674e-28
20.40625 1.9999999999999996 24.0 2.0000000004891914 24.00000000495262 -9.670497416647311e-29
20.46875 1.9999999999999996 24.0 2.0000000017377237 24.00000002335245 -3.5667630039506357e-29
20.53125 1.9999999999999996 24.0 2.0000000013765353 24.00000001994342 -1.3001294525565887e-29
20.59375 1.9999999999999996 24.0 1.9999999998035474 23.999999993949444 -4.683320222460584e-30
20.65625 1.9999999999999996 24.0 1.9999999988134916 23.9999999783409 -1.666974471735266e-30
20.71875 1.9999999999999996 24.0 1.9999999995838327 23.999999990039612 -5.862031322215626e-31
20.78125 1.9999999999999996 24.0 2.0000000008266166 24.000000014568144 -2.0362389514835817e-31
20.84375 1.9999999999999996 24.0 2.0000000008763656 24.00000001722585 -6.984994830761698e-32
20.90625 1.9999999999999996 24.0 1.9999999995345064 23.999999994687755 -2.3655346031470872e-32
20.96875 1.9999999999999996 24.0 1.9999999986533687 23.999999979104643 -7.905978888239404e-33
21.03125 1.9999999999999996 24.0 1.9999999992118693 23.999999988286817 -2.6064103442825064e-33
21.09375 1.9999999999999996 24.0 2.000000000760938 24.000000009378454 -8.471067439974588e-34
21.15625 1.9999999999999996 24.0 2.000000001173798 24.000000016370162 -2.712213722730896e-34
21.21875 1.9999999999999996 24.0 2.000000000034948 23.99999999945715 -8.54664587042569e-35
21.28125 1.9999999999999996 24.0 1.9999999986793757 23.999999981049708 -2.64747034316652e-35
21.34375 1.9999999999999996 24.0 1.9999999989544022 23.99999998689445 -8.049000674182709e-36
21.40625 1.9999999999999996 24.0 2.00000000064584 24.000000011922616 -2.3966218722471593e-36
21.46875 1.9999999999999996 24.0 2.0000000015483814 24.00000002449555 -6.968045095399668e-37
21.53125 1.9999999999999996 24.0 2.0000000006657768 24.0000000094912 -1.9697195541396117e-37
21.59375 1.9999999999999996 24.0 1.999999999149555 23.9999999838033 -5.378068716624702e-38
21.65625 1.9999999999999996 24.0 1.999999998529236 23.99999997383517 -1.403178566439546e-38
21.71875 1.9999999999999996 24.0 1.9999999993642554 23.99999999306424 -3.4311887634935694e-39
21.78125 1.9999999999999996 24.0 2.0000000015757204 24.000000029903426 -7.548951878250107e-40
21.84375 1.9999999999999996 24.0 2.000000002642129 24.00000004253681 -1.333693151761316e-40
21.90625 1.9999999999999996 24.0 2.0000000004881606 24.00000000817584 -9.4571499118777e-42
21.96875 1.9999999999999996 24.0 1.999999997580507 23.999999957946763 6.897034062129024e-42
22.03125 1.9999999999999996 24.0 1.9999999966368858 23.999999946938516 5.085290221773357e-42
22.09375 1.9999999999999996 24.0 2.0000000000918634 24.00000000016661 2.4351720591234945e-42
22.15625 1.9999999999999996 24.0 2.0000000036901127 24.000000057957042 9.974387744360698e-43
22.21875 1.9999999999999996 24.0 2.000000003007802 24.000000043497476 3.7532028244107754e-43
22.28125 1.9999999999999996 24.0 1.999999998584867 23.999999973670686 1.3361689566318357e-43
22.34375 1.9999999999999996 24.0 1.9999999962564734 23.999999945795032 4.568647830048834e-44
22.40625 1.9999999999999996 24.0 1.9999999991789048 23.999999993195246 1.5134271734381545e-44
22.46875 1.9999999999999996 24.0 2.000000002687819 24.00000004467448 4.88392660333133e-45
22.53125 1.9999999999999996 24.0 2.0000000016311144 24.000000029479807 1.541032557512438e-45
22.59375 1.9999999999999996 24.0 1.9999999981086245 23.999999968638893 4.766666883297355e-46
22.65625 1.9999999999999996 24.0 1.9999999974891662 23.999999953774648 1.4480961508257759e-46
22.71875 1.9999999999999996 24.0 2.0000000004254943 24.000000002587022 4.3268626815565847e-47
22.78125 1.9999999999999996 24.0 2.0000000028908023 24.000000041601975 1.2729509522619648e-47
22.84375 1.9999999999999996 24.0 2.0000000021219453 24.000000028908232 3.6904479413849395e-48
22.90625 1.9999999999999996 24.0 1.9999999995899647 23.99999999249964 1.0550291032482932e-48
22.96875 1.9999999999999996 24.0 1.9999999985951817 23.99999997837087 2.9757630384972538e-49
23.03125 1.9999999999999996 24.0 1.9999999990276034 23.999999984187525 8.284492655247021e-50
23.09375 1.9999999999999996 24.0 1.99999999956162 23.99999999400856 2.277278377096913e-50
23.15625 1.9999999999999996 24.0 2.000000000665576 24.000000012852553 6.182563431609285e-51
23.21875 1.9999999999999996 24.0 2.0000000018597883 24.000000030292288 1.6581299923453183e-51
23.28125 1.9999999999999996 24.0 2.0000000009568337 24.000000015268412 4.393804720150234e-52
23.34375 1.9999999999999996 24.0 1.9999999975856873 23.999999963136027 1.1505138179815468e-52
23.40625 1.9999999999999996 24.0 1.9999999959656711 23.999999938036943 2.977231559962374e-53
23.46875 1.9999999999999996 24.0 1.9999999996574687 23.999999991214523 7.614287154550369e-54
23.53125 1.9999999999999996 24.0 2.0000000034270564 24.00000005275862 1.9246606613016414e-54
23.59375 1.9999999999999996 24.0 2.0000000030098817 24.000000046315936 4.808243216412138e-55
23.65625 1.9999999999999996 24.0 1.9999999994631172 23.99999998134537 1.1871666588356863e-55
23.71875 1.9999999999999996 24.0 1.9999999969520375 23.99999994637353 2.896688398352563e-56
23.78125 1.9999999999999996 24.0 1.9999999993412851 23.999999989861678 6.98415315449243e-57
23.84375 1.9999999999999996 24.0 2.0000000030638567 24.000000056608602 1.6637515850317588e-57
23.90625 1.9999999999999996 24.0 2.000000001600745 24.00000003583417 3.9151515696813544e-58
23.96875 1.9999999999999996 24.0 1.9999999978569922 23.999999971347087 9.099039886941364e-59
24.03125 1.9999999999999996 24.0 1.999999996912396 23.99999995144821 2.0878823025968615e-59
24.09375 1.9999999999999996 24.0 1.9999999994486117 23.999999990806522 4.7285315304742537e-60
24.15625 1.9999999999999996 24.0 2.000000002207614 24.00000003645075 1.0564902049433007e-60
24.21875 1.9999999999999996 24.0 2.00000000237329 24.000000035727986 2.3274779481577778e-61
24.28125 1.9999999999999996 24.0 1.9999999997763598 23.999999994414583 5.052285490132954e-62
24.34375 1.9999999999999996 24.0 1.9999999982278538 23.999999968161696 1.0796763064909657e-62
24.40625 1.9999999999999996 24.0 1.999999999426323 23.99999998810058 2.2689000963112057e-63
24.46875 1.9999999999999996 24.0 2.0000000011179817 24.00000001884529 4.681823820360618e-64
24.53125 1.9999999999999996 24.0 2.000000001302891 24.00000001973139 9.467542854033363e-65
24.59375 1.9999999999999996 24.0 1.9999999995516848 23.999999991831015 1.8711212490761638e-65
24.65625 1.9999999999999996 24.0 1.9999999987532702 23.999999979463276 3.6001438242163e-66
24.71875 1.9999999999999996 24.0 1.9999999998666151 23.999999996601304 6.704319663991951e-67
24.78125 1.9999999999999996 24.0 2.0000000006501732 24.000000011025328 1.1971437942926539e-67
24.84375 1.9999999999999996 24.0 1.9999999998684648 24.000000000676074 2.0164329257222074e-68
24.90625 1.9999999999999996 24.0 1.999999999954858 23.999999991597132 3.10028924768748e-69
24.96875 1.9999999999999996 24.0 2.000000000781103 24.000000006967884 4.003793457677204e-70
