0.25 1.9999999999999996 24.0 2.0000000000024967 24.00000000001748 -2.850203213424424e-67
0.75 1.9999999999999996 24.0 1.9999999999986624 23.999999999981746 -1.0864518245663961e-61
1.25 1.9999999999999996 24.0 1.9999999999984155 23.999999999990443 -1.4244864646060943e-56
1.75 1.9999999999999996 24.0 2.0000000000041664 24.00000000000674 -8.548289091174405e-52
2.25 1.9999999999999996 24.0 1.999999999987894 23.999999999928757 -2.351308388844086e-47
2.75 1.9999999999999996 24.0 2.0000000000235065 24.000000000142855 -2.2523830569655327e-43
3.25 1.9999999999999996 24.0 1.9999999999724802 23.99999999984027 1.637631564719423e-39
3.75 1.9999999999999996 24.0 2.000000000020508 24.000000000091255 4.767397604445987e-35
4.25 1.9999999999999996 24.0 2.000000000002172 24.00000000009774 3.4602839938301873e-31
4.75 1.9999999999999996 24.0 1.9999999999730527 23.99999999949059 1.111987969600823e-27
5.25 1.9999999999999996 24.0 1.9999999999835203 24.000000000622475 1.6638083285143045e-24
5.75 1.9999999999999996 24.0 2.000000000238223 23.999999999990667 9.976476910669732e-22
6.25 1.9999999999999996 24.0 1.9999999995125135 24.00000000054286 -4.8921798420998234e-20
6.75 1.9999999999999996 24.0 2.000000001045982 23.999999998023362 -3.023468242913689e-16
7.25 2.0000000000000218 24.0 1.9999999982199148 23.999999999260464 -1.250209723893004e-13
7.75 2.0000000000034057 24.0 2.0000000034610492 24.000000000598455 -2.1586786279083474e-11
8.25 2.000000000274591 24.0 1.999999994762168 23.999999988833498 -1.7403567350686184e-09
8.75 2.0000000095744124 24.0 2.0000000212324966 24.000000001321677 -6.068217856011783e-08
9.25 2.000000060018857 24.0 1.9999999979626648 23.999999977533086 -3.803967102260639e-07
9.75 1.9999957475463594 24.0 1.9999919128243673 23.999999969289348 2.695195306443837e-05
10.25 1.9998943960286535 24.0 1.9998585332187742 24.000000266346376 0.0006693744426668637
10.75 1.9990139350139449 24.0 1.9990070269662472 23.999993554521204 0.006254988727532051
11.25 1.9957500367075387 24.0 1.9954018225646406 24.000063215130005 0.027035756852131283
11.75 1.9917309675950727 24.0 1.9917891967759058 24.00113370603391 0.05278713821237704
12.25 1.9950374480053366 24.0 1.9952146909613138 23.996925690167952 0.03158840711176899
12.75 2.005005692820967 24.0 2.007325912487662 24.016755758417005 -0.03158840711176899
13.25 2.0083895122038564 24.0 2.0082502162754556 23.98016766347689 -0.05278713821237704
13.75 2.0042815646937573 24.0 2.002264950286041 23.982722401571706 -0.027035756852131283
14.25 2.0009877564886773 24.0 2.002679721258529 24.034021591382174 -0.006254988727532051
14.75 2.0001056233425842 24.0 2.0006267154264044 24.00529745082506 -0.0006693744426668637
15.25 2.000004252485046 24.0 1.9988876670765912 23.981897899674397 -2.695195306443837e-05
15.75 1.9999999399811483 24.0 1.9997280928807544 23.995204002812986 3.803967102260639e-07
16.25 1.9999999904255894 24.0 2.000778152905335 24.012620310932476 6.068217856011783e-08
16.75 1.999999999725407 24.0 2.000241252525758 24.003782438948488 1.7403567350686184e-09
17.25 1.9999999999965936 24.0 1.9994955737636722 23.991497020066994 2.1586786279083474e-11
17.75 1.9999999999999798 24.0 1.99984817857342 23.99728782080493 1.250209723893004e-13
18.25 1.9999999999999996 24.0 2.0003531509178956 24.005615874968292 3.023468242913689e-16
18.75 1.9999999999999996 24.0 2.000123059580993 24.00185501751355 4.8921798420998234e-20
19.25 1.9999999999999996 24.0 1.9997875837400754 23.99628171247126 -9.976476910669732e-22
19.75 1.9999999999999996 24.0 1.9999395694447901 23.998789109954622 -1.6638083285143045e-24
20.25 1.9999999999999996 24.0 2.0001649750646875 24.00253483989599 -1.111987969600823e-27
20.75 1.9999999999999996 24.0 2.000040827419867 24.000454742589866 -3.4602839938301873e-31
21.25 1.9999999999999996 24.0 1.9999289295096083 23.99857455524022 -4.767397604445987e-35
21.75 1.9999999999999996 24.0 2.0000249826931302 24.000109819566987 -1.637631564719423e-39
22.25 1.9999999999999996 24.0 2.000031042678802 24.000482226689527 2.2523830569655327e-43
22.75 1.9999999999999996 24.0 1.9999946191101345 23.999793023125502 2.351308388844086e-47
23.25 1.9999999999999996 24.0 1.999997199071087 23.99978168260057 8.548289091174405e-52
23.75 1.9999999999999996 24.0 1.9999822977026604 23.99980092749147 1.4244864646060943e-56
24.25 1.9999999999999996 24.0 1.999918446211255 23.999342962830298 1.0864518245663961e-61
24.75 1.9999999999999996 24.0 1.9998037196485434 23.99841683621645 2.850203213424424e-67
