Loaded config/swe_rest.py!
Starting simulation with N=100...
Error at N=100 is 16.4664807275
0.125 3.0000000000007727 24.000000000000007 1.9999999996432152 23.999999996323247 -8.023378137447364e-69
0.375 3.0000000000007736 24.000000000000007 2.000000002571266 24.000000020566972 -8.237583357394523e-66
0.625 3.0000000000007736 24.000000000000007 2.0000000008834014 24.00000000700171 -4.960217038783217e-63
0.875 3.0000000000007736 24.000000000000007 1.9999999841267568 23.99999987497701 -2.2389513277987053e-60
1.125 3.0000000000007736 24.000000000000007 2.000000009221057 24.000000098747456 -8.083295968589929e-58
1.375 3.0000000000007736 24.000000000000007 2.000000057321329 24.000000389368367 -2.3927033740792414e-55
1.625 3.000000000000774 24.000000000000007 1.9999999476168013 23.999999500402375 -5.861267598663116e-53
1.875 3.0000000000007736 24.0 1.9999998553305554 23.999999099179114 -1.1883943908134718e-50
2.125 3.000000000000774 24.0 2.0000001100346716 24.000001035508532 -1.976589158084722e-48
2.375 3.0000000000007736 24.0 2.0000002212085475 24.000001330013937 -2.632942317395744e-46
2.625 3.0000000000007736 23.999999999999993 1.9999997929925755 23.999998428088716 -2.638888646042497e-44
2.875 3.0000000000007736 23.999999999999993 1.9999998450942789 23.999999325355205 -1.5796414191572262e-42
3.125 3.0000000000007736 23.999999999999993 2.000001308701217 24.00001009875409 4.567817789604015e-41
3.375 3.0000000000007736 23.999999999999993 2.0000093328864885 24.00007070549965 2.7652750956800404e-38
3.625 3.0000000000007736 23.999999999999993 2.00005738505193 24.00043440366444 4.404258009248603e-36
3.875 3.0000000000007736 23.999999999999993 2.000344527319853 24.002607644282953 4.802503147034089e-34
4.125 3.0000000000007736 23.999999999999993 2.0020459223479725 24.015472102040476 4.0714940949284585e-32
4.375 3.0000000000007736 23.999999999999993 2.0120020520210558 24.090342347674067 2.798298194819873e-30
4.625 3.0000000000007736 23.999999999999993 2.0679985895345756 24.50046108053212 1.5853487713817023e-28
4.875 3.0000000000007736 23.999999999999993 2.3417104977479433 26.33969729489951 7.44089836681967e-27
5.125 3.0000000000007736 23.999999999999993 3.1048859768597428 30.27778608021837 2.8831502816409013e-25
5.375 3.0000000000007736 23.999999999999993 3.466818885283673 31.563404717466398 9.092577194644609e-24
5.625 3.0000000000007736 23.999999999999993 3.5369331293433595 31.781414470044165 2.252142269674823e-22
5.875 3.000000000000774 23.999999999999993 3.549018467651839 31.81845300027945 3.954656992153136e-21
6.125 3.0000000000007736 23.99999999999999 3.5513121529543614 31.825390718075425 2.789761923259548e-20
6.375 3.0000000000007736 23.99999999999999 3.5519204679011827 31.826995745028796 -1.0909101867037715e-18
6.625 3.0000000000007736 23.99999999999999 3.5521239365496076 31.82746058503659 -5.5213930824722155e-17
6.875 3.0000000000007736 23.999999999999986 3.5521814787626087 31.827514568070388 -1.5081395283077498e-15
7.125 3.000000000000779 23.999999999999982 3.5521739510527617 31.82729973631183 -3.0406459207729985e-14
7.375 3.000000000000866 23.99999999999998 3.5520891683740805 31.82670953196178 -4.87731075149774e-13
7.625 3.0000000000019638 23.99999999999997 3.5519906926167764 31.82583583040469 -6.400550420574792e-12
7.875 3.0000000000133173 23.999999999999964 3.551915431764545 31.824654693106552 -6.946621751012237e-11
8.125 3.0000000001102425 23.99999999999996 3.5518401180947285 31.823141355449078 -6.243021272063907e-10
8.375 3.000000000786148 23.999999999999957 3.5517985435161643 31.822183833233954 -4.611047172371882e-09
8.625 3.0000000045274087 23.99999999999995 3.551791760399194 31.821847730502437 -2.7399979986059073e-08
8.875 3.0000000197386836 23.99999999999995 3.551797426044475 31.821776226651522 -1.240590773561188e-07
9.125 3.0000000523749435 23.999999999999947 3.5518038456432093 31.82176911928467 -3.552572240524588e-07
9.375 2.999999948115494 23.999999999999943 3.551809948780324 31.821757273281438 1.2942058380315937e-07
9.625 2.9999983908425487 23.999999999999943 3.5518052743799116 31.8216754243711 9.209599773068e-06
9.875 2.9999886749262266 23.999999999999943 3.551750380843013 31.821403583927896 6.829060285179713e-05
10.125 2.9999457635118083 23.999999999999936 3.551511340413066 31.820774440833834 0.00033476072351890226
10.375 2.9997980492503955 23.99999999999993 3.5507447910350938 31.819898568459724 0.0012639670514472895
10.625 2.9993895618208026 23.999999999999922 3.548717745722154 31.819406360390232 0.003855097550723615
10.875 2.9984763694470757 23.99999999999992 3.544196195104817 31.81892298539985 0.009678706501005496
11.125 2.9968432784525914 23.999999999999915 3.5360736204138887 31.81792895923651 0.02012788497491368
11.375 2.994586616041064 23.9999999999999 3.5247077143108134 31.815500416378676 0.03458962805843038
11.625 2.9924100924099797 23.999999999999872 3.513244877969327 31.810050404736387 0.0485132950314933
11.875 2.9915637052977893 23.999999999999822 3.5072299201740176 31.79942605961811 0.053807929155783495
12.125 1.993180426046774 23.999999999999766 3.5118816381917712 31.781330957462746 0.0432510018706274
12.375 1.997332987151486 23.999999999999705 3.528493910308362 31.75311393465424 0.01668234441309194
12.625 2.00262545277614 23.999999999999684 3.5525427626996087 31.709258063529973 -0.01668234441309194
12.875 2.006892273722779 23.999999999999737 3.5744044390310368 31.632326824957183 -0.0432510018706274
13.125 2.0085967598024723 23.99999999999992 3.58135540929399 31.47549727827533 -0.053807929155783495
13.375 2.0077316286721945 24.000000000000266 3.5609605968098883 31.15014707650838 -0.0485132950314933
13.625 2.0054801177807633 24.000000000000533 3.5047708568119575 30.52848221887695 -0.03458962805843038
13.875 2.0031657216125778 24.000000000000355 3.4065157728135684 29.44800463507202 -0.02012788497491368
14.125 2.0015130500194713 23.999999999999588 3.2590831838546652 27.766131146576832 -0.009678706501005496
14.375 2.000602321467899 23.999999999999293 3.09590116292586 25.991785240889094 -0.003855097550723615
14.625 2.000200163476062 24.00000000000088 2.9691975627789517 24.83219474331833 -0.0012639670514472895
14.875 2.000055464802901 23.999999999996522 2.8670143015286604 24.103110314901244 -0.00033476072351890226
15.125 2.000012691418581 23.999999999979984 2.776453834948545 23.59904175700396 -6.829060285179713e-05
15.375 2.000002267546951 23.99999999997553 2.6909445817633886 23.197253498236627 -9.209599773068e-06
15.625 2.000000182918715 24.000000000041748 2.6077854647863346 22.837342076957988 -1.2942058380315937e-07
15.875 1.999999852949467 24.000000000155936 2.5260731790356563 22.49216752223397 3.552572240524588e-07
16.125 1.9999998192057817 23.999999999754124 2.445574767564197 22.14896140936493 1.240590773561188e-07
16.375 1.9999998209310121 23.99999999899299 2.3662921111255812 21.80131357916194 2.7399979986059073e-08
16.625 1.999999823366501 24.000000000665132 2.288390798116187 21.446358053198892 4.611047172371882e-09
16.875 1.99999982475022 24.00000000488297 2.212193655567547 21.08371902322029 6.243021272063907e-10
17.125 1.9999998245489845 24.000000002774552 2.1381249932753987 20.714827456274996 6.946621751012237e-11
17.375 1.999999820500855 23.99999997154623 2.0666125491467255 20.34221364370574 6.400550420574792e-12
17.625 1.99999981960608 23.99999996143529 1.9980774508764974 19.969250641664754 4.87731075149774e-13
17.875 1.99999984268553 24.000000151442027 1.9329766929671335 19.60012899202698 3.0406459207729985e-14
18.125 1.9999998581333884 24.00000023774559 1.8716021038879735 19.23881535337849 1.5081395283077498e-15
18.375 1.9999997748565868 23.99999952609241 1.814718234554878 18.892505852636265 5.5213930824722155e-17
18.625 1.9999996668265025 23.99999892544747 1.7626971538297043 18.565268377841242 1.0909101867037715e-18
18.875 1.999999783074413 23.999999932483142 1.7157677000203944 18.260824753321042 -2.789761923259548e-20
19.125 2.000000111238343 24.000002458809767 1.6754110101799906 17.995371666440334 -3.954656992153136e-21
19.375 2.000000229128645 24.000002717911848 1.641814597368959 17.771148238595163 -2.252142269674823e-22
19.625 1.999999883246844 23.99999992416282 1.6139084211545565 17.576169574022387 -9.092577194644609e-24
19.875 1.999999283197303 23.99999535814179 1.5925941259618117 17.42270148818577 -2.8831502816409013e-25
20.125 1.9999991304082247 23.999995123888286 1.5787536817959733 17.32738027820909 -7.44089836681967e-27
20.375 1.9999995925707679 23.99999877938511 1.5709455752440356 17.276930113888994 -1.5853487713817023e-28
20.625 2.000000419330141 24.000005379868277 1.5670367278401023 17.251963774215717 -2.798298194819873e-30
20.875 2.0000007378039273 24.000006618943583 1.56526806339492 17.238121781044246 -4.0714940949284585e-32
21.125 2.000000325603394 24.00000325975538 1.5646576089170239 17.229394928887054 -4.802503147034089e-34
21.375 1.9999993971771362 23.999995737756066 1.5648229852905893 17.228588167926457 -4.404258009248603e-36
21.625 1.9999988288700008 23.99999262215163 1.5656116627770706 17.233624786522576 -2.7652750956800404e-38
21.875 1.9999990707593653 23.999994775119042 1.5675160699316528 17.246579420897376 -4.567817789604015e-41
22.125 1.9999999370989587 24.000001784369218 1.5700459817344026 17.265027300533784 1.5796414191572262e-42
22.375 2.0000007739809798 24.00000743571647 1.5714667550727484 17.275381213433416 2.638888646042497e-44
22.625 2.0000007779380864 24.000006785861654 1.571932007904973 17.277800855051286 2.632942317395744e-46
22.875 2.000000102567867 24.000001604922417 1.5720138222087157 17.27792701146946 1.976589158084722e-48
23.125 1.999999080994343 23.999993421161573 1.5718594403033268 17.275612654442092 1.1883943908134718e-50
23.375 1.9999987146078417 23.999991862866967 1.5711531450392484 17.26815672011589 5.861267598663116e-53
23.625 1.9999991082044875 23.9999951125404 1.56984303277767 17.254287652910868 2.3927033740792414e-55
23.875 2.000000090946923 24.000002852266118 1.5684769471771685 17.23737237733562 8.083295968589929e-58
24.125 2.0000010412502167 24.00000980734685 1.5678489433507174 17.22858576069173 2.2389513277987053e-60
24.375 2.0000011935880755 24.000009915605 1.5678112331115397 17.22773809914107 4.960217038783217e-63
24.625 2.000000584516528 24.000005215908956 1.5680323843652113 17.230090336941018 8.237583357394523e-66
24.875 1.9999990524216038 23.999993733553723 1.5696042532576606 17.25118207188286 8.023378137447364e-69
