0.5 2.0 24.0 2.000000000017013 24.000000000123418 -2.1109980944259782e-64
1.5 2.0 24.0 2.000000000006907 24.00000000004091 -3.833786490499683e-54
2.5 2.0 24.0 1.999999999992478 23.99999999994834 -2.7506291988257142e-45
3.5 2.0 24.0 2.000000000036143 24.000000000245343 3.7190631002266737e-37
4.5 2.0 24.0 1.9999999999714786 23.999999999799712 2.1566080528120858e-29
5.5 2.0 24.0 1.999999999870358 23.99999999906163 4.6815685166807494e-23
6.5 2.0 24.0 2.000000000198359 24.000000001183565 -8.808736703694343e-18
7.5 2.0 24.0 2.0000000005327543 24.00000000502054 -1.8100340773142959e-12
8.5 2.0 24.0 2.0000000022662716 23.999999977856504 -1.157538197381337e-08
9.5 1.9999996 24.0 1.9999981934545017 24.000000011096994 2.3670244376693356e-06
10.5 1.999643 24.0 1.9993977506738068 24.000000112071866 0.002263562657804649
11.5 1.9933996 24.0 1.9947838576706602 23.9999997788956 0.04207354924039483
12.5 2.0 24.0 1.9960161475000349 23.999999692243666 -0.0
13.5 2.0066769 24.0 2.0114370698470574 24.000000929330163 -0.04207354924039483
14.5 2.0003573 24.0 1.9987506144976457 24.000001122900315 -0.002263562657804649
15.5 2.0000004 24.0 2.0002683958065357 23.999998215264284 -2.3670244376693356e-06
16.5 2.0 24.0 2.000217934297249 23.99999673612543 1.157538197381337e-08
17.5 2.0 24.0 2.000153072405868 24.000000408543556 1.8100340773142959e-12
18.5 2.0 24.0 2.0001535440947187 24.000004362876215 8.808736703694343e-18
19.5 2.0 24.0 2.000153231237011 24.00000181943485 -4.6815685166807494e-23
20.5 2.0 24.0 2.000151582681829 23.999989478255138 -2.1566080528120858e-29
21.5 2.0 24.0 2.000146981681124 23.999954805568382 -3.7190631002266737e-37
22.5 2.0 24.0 2.0001356862469635 23.999869422267512 2.7506291988257142e-45
23.5 2.0 24.0 2.000111920724925 23.999689624028598 3.833786490499683e-54
24.5 2.0 24.0 2.000054296325542 23.999253517246416 2.1109980944259782e-64
