0.25 2.0 24.0 2.0000000000007723 24.0 -2.850203213424424e-67
0.75 2.0 24.0 2.0000000000007727 24.0 -1.0864518245663961e-61
1.25 2.0 24.0 2.0000000000007727 24.0 -1.4244864646060943e-56
1.75 2.0 24.0 2.0000000000007727 24.0 -8.548289091174405e-52
2.25 2.0 24.0 2.0000000000007727 24.0 -2.351308388844086e-47
2.75 2.0 24.0 2.000000000000774 24.000000000000007 -2.2523830569655327e-43
3.25 2.0 24.0 2.0000000000007745 24.000000000000007 1.637631564719423e-39
3.75 2.0 24.0 2.0000000000007745 24.000000000000007 4.767397604445987e-35
4.25 2.0 24.0 2.0000000000007683 23.999999999999964 3.4602839938301873e-31
4.75 2.0 24.0 2.0000000000007683 23.999999999999964 1.111987969600823e-27
5.25 2.0 24.0 2.000000000000788 24.000000000000114 1.6638083285143045e-24
5.75 2.0 24.0 2.0000000000007647 23.999999999999943 9.976476910669732e-22
6.25 2.0 24.0 2.000000000000724 23.99999999999963 -4.8921798420998234e-20
6.75 2.0 24.0 2.0000000000008704 24.000000000000732 -3.023468242913689e-16
7.25 2.0 24.0 2.0000000000009006 24.000000000000597 -1.250209723893004e-13
7.75 2.0 24.0 2.000000000006451 23.999999999995957 -2.1586786279083474e-11
8.25 2.0 24.0 2.0000000004319074 24.000000000000774 -1.7403567350686184e-09
8.75 2.0 24.0 2.0000000121871597 24.000000000017092 -6.068217856011783e-08
9.25 2.0000001 24.0 2.0000000046844026 23.999999999982112 -3.803967102260639e-07
9.75 1.9999957 24.0 1.999993618510428 23.999999999931276 2.695195306443837e-05
10.25 1.9998944 24.0 1.9998752192310687 24.000000000142887 0.0006693744426668637
10.75 1.9990139 24.0 1.9989766697839653 24.00000000020546 0.006254988727532051
11.25 1.99575 24.0 1.9958767160931083 23.99999999922418 0.027035756852131283
11.75 1.991731 24.0 1.991956757844491 23.999999999570488 0.05278713821237704
12.25 1.9950374 24.0 1.9946035075865463 24.00000000314924 0.03158840711176899
12.75 2.0050057 24.0 2.0046971186418805 24.000000002062976 -0.03158840711176899
13.25 2.0083895 24.0 2.00897707097807 23.999999984201338 -0.05278713821237704
13.75 2.0042816 24.0 2.0043649655748554 23.99999998774163 -0.027035756852131283
14.25 2.0009878 24.0 2.000731229294248 24.00000009275861 -0.006254988727532051
14.75 2.0001056 24.0 2.0000781884077057 24.000000035555633 -0.0006693744426668637
15.25 2.0000043 24.0 2.0000354362078654 23.999999601824857 -2.695195306443837e-05
15.75 1.9999999 24.0 2.0000047556262386 23.999999772246184 3.803967102260639e-07
16.25 2.0 24.0 1.9999967051081373 24.000001105944182 6.068217856011783e-08
16.75 2.0 24.0 1.9999961236087365 24.00000131559655 1.7403567350686184e-09
17.25 2.0 24.0 1.9999958385198755 23.99999897593978 2.1586786279083474e-11
17.75 2.0 24.0 1.999995469188412 23.999996836189712 1.250209723893004e-13
18.25 2.0 24.0 1.9999955903545754 23.999998043671205 3.023468242913689e-16
18.75 2.0 24.0 1.9999961858025066 24.000002897759888 4.8921798420998234e-20
19.25 2.0 24.0 1.9999965579849772 24.00000464783396 -9.976476910669732e-22
19.75 2.0 24.0 1.9999962072225688 24.00000171404439 -1.6638083285143045e-24
20.25 2.0 24.0 1.9999954302879202 23.99999567554625 -1.111987969600823e-27
20.75 2.0 24.0 1.9999952098657297 23.999995161482687 -3.4602839938301873e-31
21.25 2.0 24.0 1.9999957586898174 23.999999661502823 -4.767397604445987e-35
21.75 2.0 24.0 1.9999965992459987 24.00000572057368 -1.637631564719423e-39
22.25 2.0 24.0 1.9999966843646402 24.000005398042752 2.2523830569655327e-43
22.75 2.0 24.0 1.9999960214071624 23.999999971446304 2.351308388844086e-47
23.25 2.0 24.0 1.9999952623630266 23.999995066959904 8.548289091174405e-52
23.75 2.0 24.0 1.9999953117436595 23.99999604628608 1.4244864646060943e-56
24.25 2.0 24.0 1.9999962778922198 24.000003282810496 1.0864518245663961e-61
24.75 2.0 24.0 1.9999975988897103 24.000013475925734 2.850203213424424e-67
