0.125 2.0 0.0 2.00000000000077 23.999999999999993 -8.023378137447364e-69
0.375 2.0 0.0 2.0000000000007674 23.99999999999998 -8.237583357394523e-66
0.625 2.0 0.0 2.0000000000007665 23.99999999999997 -4.960217038783217e-63
0.875 2.0 0.0 2.0000000000007656 23.999999999999964 -2.2389513277987053e-60
1.125 2.0 0.0 2.000000000000763 23.99999999999995 -8.083295968589929e-58
1.375 2.0 0.0 2.000000000000762 23.999999999999943 -2.3927033740792414e-55
1.625 2.0 0.0 2.000000000000761 23.99999999999994 -5.861267598663116e-53
1.875 2.0 0.0 2.0000000000007594 23.99999999999993 -1.1883943908134718e-50
2.125 2.0 0.0 2.0000000000007576 23.99999999999992 -1.976589158084722e-48
2.375 2.0 0.0 2.000000000000756 23.999999999999908 -2.632942317395744e-46
2.625 2.0 0.0 2.000000000000754 23.999999999999893 -2.638888646042497e-44
2.875 2.0 0.0 2.0000000000007514 23.99999999999988 -1.5796414191572262e-42
3.125 2.0 0.0 2.0000000000007487 23.999999999999865 4.567817789604015e-41
3.375 2.0 0.0 2.000000000000748 23.999999999999858 2.7652750956800404e-38
3.625 2.0 0.0 2.000000000000746 23.99999999999985 4.404258009248603e-36
3.875 2.0 0.0 2.0000000000007434 23.999999999999837 4.802503147034089e-34
4.125 2.0 0.0 2.000000000000742 23.99999999999983 4.0714940949284585e-32
4.375 2.0 0.0 2.0000000000007407 23.999999999999822 2.798298194819873e-30
4.625 2.0 0.0 2.0000000000007407 23.999999999999822 1.5853487713817023e-28
4.875 2.0 0.0 2.000000000000738 23.999999999999808 7.44089836681967e-27
5.125 2.0 0.0 2.0000000000007354 23.999999999999794 2.8831502816409013e-25
5.375 2.0 0.0 2.0000000000007336 23.99999999999978 9.092577194644609e-24
5.625 2.0 0.0 2.000000000000732 23.999999999999773 2.252142269674823e-22
5.875 2.0 0.0 2.00000000000073 23.99999999999976 3.954656992153136e-21
6.125 2.0 0.0 2.0000000000007274 23.999999999999744 2.789761923259548e-20
6.375 2.0 0.0 2.0000000000007256 23.999999999999734 -1.0909101867037715e-18
6.625 2.0 0.0 2.000000000000722 23.999999999999716 -5.5213930824722155e-17
6.875 1.9999999999999984 0.0 2.0000000000007194 23.999999999999694 -1.5081395283077498e-15
7.125 1.9999999999999696 0.0 2.000000000000724 23.999999999999694 -3.0406459207729985e-14
7.375 1.9999999999995122 0.0 2.000000000000811 23.999999999999687 -4.87731075149774e-13
7.625 1.9999999999935993 0.0 2.000000000001906 23.999999999999666 -6.400550420574792e-12
7.875 1.9999999999305338 0.0 2.000000000013258 23.99999999999966 -6.946621751012237e-11
8.125 1.9999999993756978 0.0 2.000000000110183 23.999999999999652 -6.243021272063907e-10
8.375 1.999999995388953 0.0 2.0000000007860868 23.999999999999638 -4.611047172371882e-09
8.625 1.99999997260002 0.0 2.0000000045273465 23.99999999999963 -2.7399979986059073e-08
8.875 1.9999998759409225 0.0 2.0000000197386205 23.99999999999962 -1.240590773561188e-07
9.125 1.999999644742776 0.0 2.0000000523748804 23.999999999999616 -3.552572240524588e-07
9.375 2.0000001294205836 0.0 1.99999994811543 23.99999999999961 1.2942058380315937e-07
9.625 2.000009209599773 0.0 1.9999983908424848 23.99999999999961 9.209599773068e-06
9.875 2.0000682906028517 0.0 1.9999886749261622 23.99999999999961 6.829060285179713e-05
10.125 2.000334760723519 0.0 1.9999457635117444 23.99999999999961 0.00033476072351890226
10.375 2.001263967051447 0.0 1.9997980492503311 23.999999999999602 0.0012639670514472895
10.625 2.0038550975507237 0.0 1.9993895618207378 23.999999999999595 0.003855097550723615
10.875 2.0096787065010053 0.0 1.9984763694470118 23.999999999999588 0.009678706501005496
11.125 2.020127884974914 0.0 1.996843278452527 23.99999999999958 0.02012788497491368
11.375 2.0345896280584306 0.0 1.9945866160410008 23.99999999999958 0.03458962805843038
11.625 2.0485132950314933 0.0 1.9924100924099206 23.99999999999958 0.0485132950314933
11.875 2.0538079291557834 0.0 1.9915637052977369 23.99999999999958 0.053807929155783495
12.125 2.0432510018706274 0.0 1.9931804260467287 23.999999999999577 0.0432510018706274
12.375 2.016682344413092 0.0 1.9973329871514487 23.999999999999577 0.01668234441309194
12.625 1.983317655586908 0.0 2.002625452776104 23.999999999999574 -0.01668234441309194
12.875 1.9567489981293726 0.0 2.006892273722735 23.999999999999567 -0.0432510018706274
13.125 1.9461920708442164 0.0 2.008596759802402 23.999999999999556 -0.053807929155783495
13.375 1.9514867049685067 0.0 2.007731628672075 23.999999999999538 -0.0485132950314933
13.625 1.9654103719415696 0.0 2.005480117780605 23.999999999999524 -0.03458962805843038
13.875 1.9798721150250864 0.0 2.003165721612441 23.99999999999951 -0.02012788497491368
14.125 1.9903212934989944 0.0 2.001513050019434 23.999999999999496 -0.009678706501005496
14.375 1.9961449024492763 0.0 2.000602321467892 23.99999999999948 -0.003855097550723615
14.625 1.9987360329485526 0.0 2.0002001634758733 23.999999999999467 -0.0012639670514472895
14.875 1.999665239276481 0.0 2.0000554648032187 23.999999999999453 -0.00033476072351890226
15.125 1.9999317093971483 0.0 2.0000126914211487 23.999999999999446 -6.829060285179713e-05
15.375 1.999990790400227 0.0 2.0000022675502374 23.99999999999944 -9.209599773068e-06
15.625 1.9999998705794162 0.0 2.000000182912429 23.999999999999424 -1.2942058380315937e-07
15.875 2.000000355257224 0.0 1.9999998529302099 23.999999999999424 3.552572240524588e-07
16.125 2.0000001240590772 0.0 1.9999998192367445 23.999999999999417 1.240590773561188e-07
16.375 2.00000002739998 0.0 1.9999998210610572 23.999999999999417 2.7399979986059073e-08
16.625 2.000000004611047 0.0 1.9999998232959366 23.99999999999941 4.611047172371882e-09
16.875 2.000000000624302 0.0 1.9999998240602455 23.999999999999407 6.243021272063907e-10
17.125 2.000000000069466 0.0 1.9999998242450494 23.999999999999403 6.946621751012237e-11
17.375 2.0000000000064007 0.0 1.999999824280248 23.999999999999396 6.400550420574792e-12
17.625 2.0000000000004876 0.0 1.9999998242856938 23.999999999999385 4.87731075149774e-13
17.875 2.00000000000003 0.0 1.9999998242863857 23.999999999999382 3.0406459207729985e-14
18.125 2.0000000000000013 0.0 1.9999998242864585 23.999999999999382 1.5081395283077498e-15
18.375 2.0 0.0 1.9999998242864652 23.999999999999382 5.5213930824722155e-17
18.625 2.0 0.0 1.9999998242864652 23.999999999999375 1.0909101867037715e-18
18.875 2.0 0.0 1.9999998242864652 23.999999999999375 -2.789761923259548e-20
19.125 2.0 0.0 1.9999998242864652 23.999999999999375 -3.954656992153136e-21
19.375 2.0 0.0 1.9999998242864652 23.999999999999375 -2.252142269674823e-22
19.625 2.0 0.0 1.9999998242864652 23.999999999999375 -9.092577194644609e-24
19.875 2.0 0.0 1.9999998242864652 23.999999999999375 -2.8831502816409013e-25
20.125 2.0 0.0 1.9999998242864652 23.999999999999368 -7.44089836681967e-27
20.375 2.0 0.0 1.999999824286463 23.999999999999353 -1.5853487713817023e-28
20.625 2.0 0.0 1.999999824286463 23.999999999999353 -2.798298194819873e-30
20.875 2.0 0.0 1.9999998242864632 23.999999999999353 -4.0714940949284585e-32
21.125 2.0 0.0 1.9999998242864616 23.999999999999343 -4.802503147034089e-34
21.375 2.0 0.0 1.9999998242864612 23.99999999999934 -4.404258009248603e-36
21.625 2.0 0.0 1.9999998242864603 23.999999999999332 -2.7652750956800404e-38
21.875 2.0 0.0 1.9999998242864598 23.99999999999933 -4.567817789604015e-41
22.125 2.0 0.0 1.9999998242864585 23.999999999999318 1.5796414191572262e-42
22.375 2.0 0.0 1.999999824286458 23.99999999999931 2.638888646042497e-44
22.625 2.0 0.0 1.9999998242864563 23.9999999999993 2.632942317395744e-46
22.875 2.0 0.0 1.9999998242864538 23.99999999999929 1.976589158084722e-48
23.125 2.0 0.0 1.9999998242864532 23.999999999999282 1.1883943908134718e-50
23.375 2.0 0.0 1.9999998242864523 23.999999999999275 5.861267598663116e-53
23.625 2.0 0.0 1.9999998242864512 23.999999999999268 2.3927033740792414e-55
23.875 2.0 0.0 1.9999998242864505 23.999999999999265 8.083295968589929e-58
24.125 2.0 0.0 1.9999998242864498 23.99999999999926 2.2389513277987053e-60
24.375 2.0 0.0 1.9999998242864492 23.999999999999257 4.960217038783217e-63
24.625 2.0 0.0 1.9999998242864485 23.999999999999254 8.237583357394523e-66
24.875 2.0 0.0 1.9999998242864485 23.999999999999254 8.023378137447364e-69
