0.5 2.0 0.0 2.00000000000077 23.999999999999993 -2.1109980944259782e-64
1.5 2.0 0.0 2.0000000000007674 23.99999999999997 -3.833786490499683e-54
2.5 2.0 0.0 2.0000000000007656 23.999999999999957 -2.7506291988257142e-45
3.5 2.0 0.0 2.000000000000763 23.999999999999943 3.7190631002266737e-37
4.5 2.0 0.0 2.000000000000761 23.99999999999993 2.1566080528120858e-29
5.5 2.0 0.0 2.0000000000007603 23.999999999999922 4.6815685166807494e-23
6.5 2.0 0.0 2.0000000000007576 23.999999999999908 -8.808736703694343e-18
7.5 1.99999999999819 0.0 2.00000000000186 23.9999999999999 -1.8100340773142959e-12
8.5 1.999999988424618 0.0 2.000000004891735 23.999999999999886 -1.157538197381337e-08
9.5 2.000002367024438 0.0 1.9999981924190826 23.99999999999988 2.3670244376693356e-06
10.5 2.0022635626578045 0.0 1.999397735938071 23.99999999999988 0.002263562657804649
11.5 2.0420735492403947 0.0 1.9947838824619137 23.99999999999988 0.04207354924039483
12.5 2.0 0.0 1.9960161992584857 23.999999999999876 -0.0
13.5 1.9579264507596053 0.0 2.0114369581207745 23.999999999999854 -0.04207354924039483
14.5 1.9977364373421953 0.0 1.998750421753115 23.99999999999985 -0.002263562657804649
15.5 1.9999976329755624 0.0 2.000268561466825 23.999999999999844 -2.3670244376693356e-06
16.5 2.000000011575382 0.0 2.000218425353035 23.999999999999837 1.157538197381337e-08
17.5 2.00000000000181 0.0 2.0001531405011637 23.999999999999822 1.8100340773142959e-12
18.5 2.0 0.0 2.0001529351891874 23.99999999999981 8.808736703694343e-18
19.5 2.0 0.0 2.0001529357317978 23.999999999999808 -4.6815685166807494e-23
20.5 2.0 0.0 2.00015293573192 23.999999999999808 -2.1566080528120858e-29
21.5 2.0 0.0 2.0001529357319194 23.9999999999998 -3.7190631002266737e-37
22.5 2.0 0.0 2.0001529357319194 23.999999999999797 2.7506291988257142e-45
23.5 2.0 0.0 2.0001529357319185 23.999999999999794 3.833786490499683e-54
24.5 2.0 0.0 2.0001529357319185 23.999999999999794 2.1109980944259782e-64
