0.03125 2.0 0.0 2.00000000000077 23.999999999999993 -4.003793457677204e-70
0.09375 2.0 0.0 2.0000000000007674 23.99999999999998 -3.10028924768748e-69
0.15625 2.0 0.0 2.0000000000007665 23.99999999999997 -2.0164329257222074e-68
0.21875 2.0 0.0 2.0000000000007656 23.999999999999964 -1.1971437942926539e-67
0.28125 2.0 0.0 2.000000000000764 23.999999999999957 -6.704319663991951e-67
0.34375 2.0 0.0 2.000000000000761 23.99999999999994 -3.6001438242163e-66
0.40625 2.0 0.0 2.0000000000007585 23.999999999999922 -1.8711212490761638e-65
0.46875 2.0 0.0 2.000000000000756 23.999999999999908 -9.467542854033363e-65
0.53125 2.0 0.0 2.000000000000753 23.999999999999893 -4.681823820360618e-64
0.59375 2.0 0.0 2.0000000000007514 23.99999999999988 -2.2689000963112057e-63
0.65625 2.0 0.0 2.0000000000007487 23.999999999999865 -1.0796763064909657e-62
0.71875 2.0 0.0 2.000000000000747 23.999999999999854 -5.052285490132954e-62
0.78125 2.0 0.0 2.0000000000007443 23.999999999999837 -2.3274779481577778e-61
0.84375 2.0 0.0 2.0000000000007416 23.999999999999822 -1.0564902049433007e-60
0.90625 2.0 0.0 2.00000000000074 23.999999999999808 -4.7285315304742537e-60
0.96875 2.0 0.0 2.000000000000739 23.999999999999808 -2.0878823025968615e-59
1.03125 2.0 0.0 2.000000000000739 23.999999999999808 -9.099039886941364e-59
1.09375 2.0 0.0 2.0000000000007367 23.999999999999794 -3.9151515696813544e-58
1.15625 2.0 0.0 2.0000000000007345 23.99999999999978 -1.6637515850317588e-57
1.21875 2.0 0.0 2.0000000000007327 23.99999999999977 -6.98415315449243e-57
1.28125 2.0 0.0 2.00000000000073 23.999999999999755 -2.896688398352563e-56
1.34375 2.0 0.0 2.0000000000007274 23.999999999999737 -1.1871666588356863e-55
1.40625 2.0 0.0 2.0000000000007248 23.999999999999723 -4.808243216412138e-55
1.46875 2.0 0.0 2.000000000000724 23.999999999999723 -1.9246606613016414e-54
1.53125 2.0 0.0 2.000000000000722 23.99999999999971 -7.614287154550369e-54
1.59375 2.0 0.0 2.0000000000007194 23.999999999999694 -2.977231559962374e-53
1.65625 2.0 0.0 2.0000000000007185 23.999999999999684 -1.1505138179815468e-52
1.71875 2.0 0.0 2.000000000000716 23.999999999999673 -4.393804720150234e-52
1.78125 2.0 0.0 2.000000000000713 23.99999999999966 -1.6581299923453183e-51
1.84375 2.0 0.0 2.0000000000007114 23.99999999999965 -6.182563431609285e-51
1.90625 2.0 0.0 2.0000000000007105 23.99999999999964 -2.277278377096913e-50
1.96875 2.0 0.0 2.0000000000007088 23.99999999999963 -8.284492655247021e-50
2.03125 2.0 0.0 2.000000000000706 23.999999999999616 -2.9757630384972538e-49
2.09375 2.0 0.0 2.0000000000007048 23.999999999999606 -1.0550291032482932e-48
2.15625 2.0 0.0 2.0000000000007043 23.999999999999602 -3.6904479413849395e-48
2.21875 2.0 0.0 2.0000000000007043 23.999999999999602 -1.2729509522619648e-47
2.28125 2.0 0.0 2.0000000000007034 23.9999999999996 -4.3268626815565847e-47
2.34375 2.0 0.0 2.0000000000007025 23.999999999999595 -1.4480961508257759e-46
2.40625 2.0 0.0 2.0000000000007008 23.999999999999588 -4.766666883297355e-46
2.46875 2.0 0.0 2.0000000000007008 23.999999999999588 -1.541032557512438e-45
2.53125 2.0 0.0 2.0000000000007 23.99999999999958 -4.88392660333133e-45
2.59375 2.0 0.0 2.000000000000697 23.999999999999567 -1.5134271734381545e-44
2.65625 2.0 0.0 2.0000000000006954 23.999999999999552 -4.568647830048834e-44
2.71875 2.0 0.0 2.000000000000693 23.999999999999538 -1.3361689566318357e-43
2.78125 2.0 0.0 2.00000000000069 23.999999999999524 -3.7532028244107754e-43
2.84375 2.0 0.0 2.000000000000689 23.999999999999513 -9.974387744360698e-43
2.90625 2.0 0.0 2.0000000000006875 23.999999999999503 -2.4351720591234945e-42
2.96875 2.0 0.0 2.000000000000685 23.99999999999949 -5.085290221773357e-42
3.03125 2.0 0.0 2.000000000000682 23.99999999999947 -6.897034062129024e-42
3.09375 2.0 0.0 2.0000000000006803 23.99999999999946 9.4571499118777e-42
3.15625 2.0 0.0 2.000000000000677 23.99999999999944 1.333693151761316e-40
3.21875 2.0 0.0 2.000000000000675 23.999999999999428 7.548951878250107e-40
3.28125 2.0 0.0 2.0000000000006732 23.999999999999417 3.4311887634935694e-39
3.34375 2.0 0.0 2.0000000000006706 23.999999999999403 1.403178566439546e-38
3.40625 2.0 0.0 2.000000000000669 23.99999999999939 5.378068716624702e-38
3.46875 2.0 0.0 2.000000000000667 23.999999999999375 1.9697195541396117e-37
3.53125 2.0 0.0 2.000000000000666 23.999999999999368 6.968045095399668e-37
3.59375 2.0 0.0 2.0000000000006644 23.99999999999936 2.3966218722471593e-36
3.65625 2.0 0.0 2.0000000000006644 23.99999999999936 8.049000674182709e-36
3.71875 2.0 0.0 2.0000000000006617 23.999999999999343 2.64747034316652e-35
3.78125 2.0 0.0 2.00000000000066 23.999999999999332 8.54664587042569e-35
3.84375 2.0 0.0 2.000000000000658 23.999999999999318 2.712213722730896e-34
3.90625 2.0 0.0 2.0000000000006555 23.9999999999993 8.471067439974588e-34
3.96875 2.0 0.0 2.000000000000653 23.99999999999929 2.6064103442825064e-33
4.03125 2.0 0.0 2.00000000000065 23.999999999999275 7.905978888239404e-33
4.09375 2.0 0.0 2.0000000000006484 23.99999999999926 2.3655346031470872e-32
4.15625 2.0 0.0 2.0000000000006475 23.999999999999254 6.984994830761698e-32
4.21875 2.0 0.0 2.0000000000006457 23.999999999999247 2.0362389514835817e-31
4.28125 2.0 0.0 2.000000000000644 23.999999999999233 5.862031322215626e-31
4.34375 2.0 0.0 2.0000000000006413 23.99999999999922 1.666974471735266e-30
4.40625 2.0 0.0 2.0000000000006386 23.999999999999204 4.683320222460584e-30
4.46875 2.0 0.0 2.000000000000637 23.999999999999194 1.3001294525565887e-29
4.53125 2.0 0.0 2.0000000000006355 23.99999999999919 3.5667630039506357e-29
4.59375 2.0 0.0 2.000000000000637 23.999999999999197 9.670497416647311e-29
4.65625 2.0 0.0 2.0000000000006355 23.99999999999919 2.5913628227116674e-28
4.71875 2.0 0.0 2.0000000000006324 23.99999999999917 6.863046828850996e-28
4.78125 2.0 0.0 2.0000000000006306 23.999999999999154 1.796412949920961e-27
4.84375 2.0 0.0 2.000000000000628 23.99999999999914 4.64700787456371e-27
4.90625 2.0 0.0 2.000000000000627 23.99999999999913 1.1879054274809626e-26
4.96875 2.0 0.0 2.0000000000006253 23.99999999999912 3.0004004484834847e-26
5.03125 2.0 0.0 2.0000000000006244 23.999999999999112 7.486792811960278e-26
5.09375 2.0 0.0 2.0000000000006226 23.999999999999098 1.8451945242224962e-25
5.15625 2.0 0.0 2.0000000000006195 23.999999999999083 4.490611845317189e-25
5.21875 2.0 0.0 2.000000000000618 23.999999999999076 1.0788108353212093e-24
5.28125 2.0 0.0 2.0000000000006155 23.999999999999062 2.557329998052712e-24
5.34375 2.0 0.0 2.000000000000613 23.999999999999044 5.97877898615881e-24
5.40625 2.0 0.0 2.00000000000061 23.999999999999034 1.3776866515677294e-23
5.46875 2.0 0.0 2.000000000000609 23.99999999999902 3.1264914036512736e-23
5.53125 2.0 0.0 2.0000000000006066 23.999999999999005 6.980618709954213e-23
5.59375 2.0 0.0 2.000000000000605 23.99999999999899 1.5314050791412638e-22
5.65625 2.0 0.0 2.000000000000602 23.999999999998977 3.2952537647922248e-22
5.71875 2.0 0.0 2.0000000000006013 23.99999999999897 6.938397225712931e-22
5.78125 2.0 0.0 2.0000000000005995 23.999999999998956 1.4247827369012723e-21
5.84375 2.0 0.0 2.000000000000596 23.999999999998938 2.839370569031387e-21
5.90625 2.0 0.0 2.000000000000594 23.999999999998927 5.44950890910029e-21
5.96875 2.0 0.0 2.0000000000005915 23.999999999998913 9.944158298563714e-21
6.03125 2.0 0.0 2.000000000000589 23.9999999999989 1.683955802877859e-20
6.09375 2.0 0.0 2.000000000000586 23.999999999998884 2.5051785044004933e-20
6.15625 2.0 0.0 2.0000000000005835 23.99999999999887 2.740528868930065e-20
6.21875 2.0 0.0 2.0000000000005818 23.999999999998863 -1.9289258172990763e-21
6.28125 2.0 0.0 2.000000000000581 23.999999999998852 -1.4017862304362418e-19
6.34375 2.0 0.0 2.000000000000578 23.999999999998842 -5.9727403593566045e-19
6.40625 2.0 0.0 2.0000000000005764 23.999999999998828 -1.9104035673239254e-18
6.46875 2.0 0.0 2.0000000000005747 23.99999999999882 -5.395897040893431e-18
6.53125 2.0 0.0 2.0000000000005738 23.999999999998813 -1.4172635144106045e-17
6.59375 2.0 0.0 2.000000000000571 23.9999999999988 -3.5429167569282213e-17
6.65625 2.0 0.0 2.000000000000571 23.9999999999988 -8.534713940380537e-17
6.71875 1.9999999999999998 0.0 2.0000000000005693 23.99999999999879 -1.996000429606432e-16
6.78125 1.9999999999999996 0.0 2.0000000000005667 23.99999999999877 -4.553629995606369e-16
6.84375 1.999999999999999 0.0 2.000000000000564 23.999999999998757 -1.0167180356264946e-15
6.90625 1.9999999999999978 0.0 2.000000000000562 23.999999999998746 -2.226894517287864e-15
6.96875 1.9999999999999951 0.0 2.0000000000005604 23.999999999998735 -4.7928992723670935e-15
7.03125 1.9999999999999898 0.0 2.0000000000005587 23.99999999999872 -1.0149798143363878e-14
7.09375 1.999999999999979 0.0 2.0000000000005596 23.999999999998714 -2.1169426434468405e-14
7.15625 1.9999999999999565 0.0 2.0000000000005613 23.999999999998703 -4.352028380639294e-14
7.21875 1.9999999999999118 0.0 2.0000000000005675 23.9999999999987 -8.824162729183831e-14
7.28125 1.9999999999998235 0.0 2.00000000000058 23.99999999999869 -1.765504987103273e-13
7.34375 1.9999999999996514 0.0 2.000000000000605 23.99999999999868 -3.4869878558211256e-13
7.40625 1.9999999999993199 0.0 2.0000000000006555 23.999999999998664 -6.800747887373828e-13
7.46875 1.99999999999869 0.0 2.000000000000753 23.99999999999865 -1.3100830926616375e-12
7.53125 1.9999999999975067 0.0 2.000000000000938 23.99999999999864 -2.4932458599455e-12
7.59375 1.9999999999953115 0.0 2.0000000000012834 23.99999999999863 -4.688392804143842e-12
7.65625 1.9999999999912879 0.0 2.0000000000019176 23.999999999998618 -8.71217953361179e-12
7.71875 1.9999999999840004 0.0 2.000000000003067 23.999999999998607 -1.5999612188650176e-11
7.78125 1.9999999999709601 0.0 2.0000000000051257 23.999999999998593 -2.9039792611471703e-11
7.84375 1.9999999999479061 0.0 2.0000000000087663 23.99999999999858 -5.2093915604236066e-11
7.90625 1.9999999999076399 0.0 2.0000000000151266 23.999999999998572 -9.236014962645237e-11
7.96875 1.9999999998381668 0.0 2.000000000026099 23.999999999998558 -1.6183318890323987e-10
8.03125 1.9999999997197775 0.0 2.000000000044796 23.999999999998543 -2.8022250166414554e-10
8.09375 1.9999999995205506 0.0 2.000000000076258 23.99999999999853 -4.794494381885033e-10
8.15625 1.9999999991895576 0.0 2.000000000128524 23.999999999998515 -8.10442429110603e-10
8.21875 1.999999998646815 0.0 2.0000000002142193 23.9999999999985 -1.3531848884076558e-09
8.28125 1.9999999977687843 0.0 2.000000000352843 23.99999999999849 -2.2312156971162697e-09
8.34375 1.9999999963680257 0.0 2.000000000573973 23.999999999998472 -3.631974219148933e-09
8.40625 1.9999999941656055 0.0 2.0000000009216246 23.999999999998458 -5.834394601838469e-09
8.46875 1.9999999907552413 0.0 2.0000000014599006 23.99999999999845 -9.244758734380355e-09
8.53125 1.9999999855593757 0.0 2.0000000022799105 23.999999999998437 -1.444062428085364e-08
8.59375 1.9999999777799766 0.0 2.000000003507532 23.999999999998423 -2.2220023413817202e-08
8.65625 1.9999999663518995 0.0 2.0000000053107465 23.99999999999841 -3.364810060345147e-08
8.71875 1.9999999499155405 0.0 2.0000000079039264 23.999999999998394 -5.00844594839887e-08
8.78125 1.999999926840398 0.0 2.0000000115440804 23.99999999999838 -7.315960195901896e-08
8.84375 1.9999998953549927 0.0 2.0000000165102962 23.999999999998366 -1.046450073705699e-07
8.90625 1.9999998538753827 0.0 2.0000000230518253 23.99999999999835 -1.461246173463636e-07
8.96875 1.9999998016794465 0.0 2.0000000312815898 23.999999999998337 -1.9832055356516146e-07
9.03125 1.9999997401537202 0.0 2.0000000409793133 23.999999999998323 -2.598462797269504e-07
9.09375 1.9999996749516689 0.0 2.0000000512508076 23.99999999999831 -3.250483311046408e-07
9.15625 1.99999961955562 0.0 2.0000000599657577 23.999999999998302 -3.8044437996817056e-07
9.21875 1.9999996009383936 0.0 2.000000062864175 23.999999999998295 -3.990616064219827e-07
9.28125 1.9999996682833594 0.0 2.0000000521802743 23.99999999999828 -3.31716640591852e-07
9.34375 1.9999999060493086 0.0 2.0000000145808317 23.999999999998266 -9.39506915416835e-08
9.40625 2.000000453060324 0.0 1.9999999281529544 23.99999999999826 4.530603240697041e-07
9.46875 2.0000015297539804 0.0 1.9999997581047348 23.999999999998252 1.529753980297915e-06
9.53125 2.0000034762149435 0.0 1.9999994507643977 23.999999999998252 3.4762149433038535e-06
9.59375 2.0000068041203702 0.0 1.9999989253847787 23.999999999998252 6.804120370200431e-06
9.65625 2.000012266172538 0.0 1.9999980631892718 23.999999999998252 1.2266172538001058e-05
9.71875 2.000020946912308 0.0 1.99999669304527 23.999999999998252 2.0946912307718176e-05
9.78125 2.0000343788865793 0.0 1.9999945731388808 23.999999999998238 3.437888657929601e-05
9.84375 2.0000546878491403 0.0 1.9999913680715227 23.999999999998234 5.468784914051539e-05
9.90625 2.0000847698499293 0.0 1.9999866209298989 23.99999999999823 8.47698499292316e-05
9.96875 2.000128501542437 0.0 1.9999797201230094 23.999999999998224 0.00012850154243721726
10.03125 2.000190982645867 0.0 1.9999698611597125 23.999999999998217 0.0001909826458667602
10.09375 2.0002788060977457 0.0 1.9999560040806483 23.999999999998217 0.00027880609774585296
10.15625 2.0004003469417335 0.0 1.9999368279722245 23.999999999998213 0.00040034694173355593
10.21875 2.0005660554261655 0.0 1.9999106848764896 23.99999999999821 0.0005660554261655719
10.28125 2.0007887332867798 0.0 1.9998755564460455 23.999999999998202 0.0007887332867798587
10.34375 2.0010837650681754 0.0 1.9998290178272746 23.999999999998202 0.001083765068175486
10.40625 2.0014692691192733 0.0 1.999768214404833 23.999999999998202 0.0014692691192730424
10.46875 2.0019661263086395 0.0 1.9996898580872098 23.999999999998188 0.0019661263086395773
10.53125 2.0025978394800696 0.0 1.9995902506044985 23.999999999998188 0.002597839480069819
10.59375 2.003390174303655 0.0 1.9994653416452477 23.99999999999818 0.0033901743036548818
10.65625 2.004370533653136 0.0 1.9993108293845554 23.999999999998174 0.004370533653136037
10.71875 2.005567024104158 0.0 1.9991223098607502 23.999999999998177 0.005567024104157814
10.78125 2.007007185562589 0.0 1.998895479585898 23.999999999998174 0.007007185562588836
10.84375 2.008716373997397 0.0 1.9986263926326369 23.999999999998167 0.008716373997397405
10.90625 2.0107158128204725 0.0 1.998311769231154 23.99999999999816 0.01071581282047236
10.96875 2.0130203599593175 0.0 1.9979493477693966 23.99999999999816 0.013020359959317548
11.03125 2.015636073594931 0.0 1.9975382663012868 23.99999999999816 0.01563607359493098
11.09375 2.0185576974742765 0.0 1.9970794536729115 23.99999999999816 0.01855769747427637
11.15625 2.021766223390745 0.0 1.996576004756459 23.99999999999815 0.021766223390745052
11.21875 2.025226719910308 0.0 1.9960335097142639 23.99999999999814 0.02522671991030791
11.28125 2.028886638374096 0.0 1.9954603044074362 23.99999999999813 0.028886638374096246
11.34375 2.032674815330663 0.0 1.9948676086614574 23.999999999998128 0.03267481533066286
11.40625 2.0365013810842383 0.0 1.9942695215927575 23.999999999998124 0.036501381084238345
11.46875 2.0402587543207287 0.0 1.9936828488246983 23.999999999998124 0.04025875432072879
11.53125 2.0438238517414975 0.0 1.9931267451022179 23.999999999998117 0.043823851741497465
11.59375 2.047061570295903 0.0 1.9926221671338946 23.99999999999811 0.04706157029590306
11.65625 2.0498295112637854 0.0 1.9921911447101608 23.999999999998106 0.04982951126378543
11.71875 2.051983815731629 0.0 1.991855892277664 23.999999999998103 0.051983815731628635
11.78125 2.0533858776287497 0.0 1.9916377970558088 23.999999999998096 0.05338587762874967
11.84375 2.0539096026515002 0.0 1.9915563322999144 23.99999999999809 0.053909602651500035
11.90625 2.0534487990070067 0.0 1.9916279543728423 23.999999999998085 0.053448799007006796
11.96875 2.051924228538194 0.0 1.9918650489896303 23.999999999998085 0.05192422853819394
12.03125 2.0492898226135075 0.0 1.9922749946881204 23.999999999998085 0.04928982261350742
12.09375 2.0455375818616344 0.0 1.9928594098467325 23.999999999998085 0.04553758186163458
12.15625 2.040700734725941 0.0 1.993613643260784 23.999999999998085 0.040700734725941205
12.21875 2.0348548252974874 0.0 1.994526557479156 23.99999999999808 0.034854825297487284
12.28125 2.028116530264598 0.0 1.995580639106167 23.99999999999808 0.028116530264597768
12.34375 2.0206401586194422 0.0 1.996752451655993 23.999999999998067 0.0206401586194423
12.40625 2.0126119535118834 0.0 1.99801342517075 23.999999999998064 0.012611953511883283
12.46875 2.0042424790263493 0.0 1.9993309538805515 23.999999999998053 0.004242479026349397
12.53125 1.9957575209736507 0.0 2.0006697502580693 23.999999999998046 -0.004242479026349397
12.59375 1.9873880464881166 0.0 2.001993382788192 23.999999999998032 -0.012611953511883283
12.65625 1.9793598413805578 0.0 2.003265907720454 23.999999999998018 -0.0206401586194423
12.71875 1.9718834697354022 0.0 2.0044534940556247 23.999999999998003 -0.028116530264597768
12.78125 1.9651451747025128 0.0 2.005525937763651 23.99999999999799 -0.034854825297487284
12.84375 1.9592992652740588 0.0 2.006457966794172 23.99999999999798 -0.040700734725941205
12.90625 1.9544624181383654 0.0 2.0072302529198405 23.999999999997968 -0.04553758186163458
12.96875 1.9507101773864925 0.0 2.007830068821355 23.99999999999796 -0.04928982261350742
13.03125 1.948075771461806 0.0 2.0082515569652815 23.999999999997954 -0.05192422853819394
13.09375 1.9465512009929933 0.0 2.0084956077795235 23.99999999999794 -0.053448799007006796
13.15625 1.9460903973485 0.0 2.00856937501582 23.999999999997925 -0.053909602651500035
13.21875 1.9466141223712503 0.0 2.008485482725292 23.999999999997915 -0.05338587762874967
13.28125 1.9480161842683714 0.0 2.0082609982899378 23.999999999997918 -0.051983815731628635
13.34375 1.9501704887362146 0.0 2.0079162577617335 23.999999999997918 -0.04982951126378543
13.40625 1.952938429704097 0.0 2.0074736328351745 23.99999999999791 -0.04706157029590306
13.46875 1.9561761482585025 0.0 2.0069563237130383 23.999999999997897 -0.043823851741497465
13.53125 1.959741245679271 0.0 2.0063872504103655 23.999999999997883 -0.04025875432072879
13.59375 1.9634986189157617 0.0 2.005788098729096 23.99999999999787 -0.036501381084238345
13.65625 1.9673251846693371 0.0 2.0051785584706536 23.99999999999786 -0.03267481533066286
13.71875 1.9711133616259038 0.0 2.004575772551801 23.999999999997847 -0.028886638374096246
13.78125 1.974773280089692 0.0 2.0039939983037227 23.999999999997836 -0.02522671991030791
13.84375 1.978233776609255 0.0 2.003444467627509 23.99999999999783 -0.021766223390745052
13.90625 1.9814423025257237 0.0 2.0029354215912685 23.99999999999782 -0.01855769747427637
13.96875 1.984363926405069 0.0 2.0024722877449364 23.999999999997804 -0.01563607359493098
14.03125 1.9869796400406825 0.0 2.0020579647652794 23.99999999999779 -0.013020359959317548
14.09375 1.9892841871795277 0.0 2.001693178605466 23.999999999997776 -0.01071581282047236
14.15625 1.9912836260026026 0.0 2.0013768765089632 23.999999999997762 -0.008716373997397405
14.21875 1.9929928144374112 0.0 2.0011066293674373 23.999999999997755 -0.007007185562588836
14.28125 1.9944329758958421 0.0 2.0008790182573666 23.99999999999774 -0.005567024104157814
14.34375 1.995629466346864 0.0 2.000689986929107 23.999999999997726 -0.004370533653136037
14.40625 1.9966098256963452 0.0 2.0005351479837055 23.999999999997712 -0.0033901743036548818
14.46875 1.9974021605199301 0.0 2.0004100360103063 23.999999999997698 -0.002597839480069819
14.53125 1.9980338736913603 0.0 2.000310305750519 23.999999999997687 -0.0019661263086395773
14.59375 1.998530730880727 0.0 2.000231877212018 23.999999999997677 -0.0014692691192730424
14.65625 1.9989162349318246 0.0 2.0001710324938156 23.99999999999767 -0.001083765068175486
14.71875 1.9992112667132202 0.0 2.0001244709303427 23.999999999997655 -0.0007887332867798587
14.78125 1.9994339445738345 0.0 2.0000893301062 23.99999999999764 -0.0005660554261655719
14.84375 1.9995996530582665 0.0 2.0000631804840436 23.999999999997634 -0.00040034694173355593
14.90625 1.9997211939022541 0.0 2.000044000997395 23.99999999999762 -0.00027880609774585296
14.96875 1.9998090173541332 0.0 2.0000301421655786 23.999999999997605 -0.0001909826458667602
15.03125 1.9998714984575627 0.0 2.000020282255437 23.999999999997595 -0.00012850154243721726
15.09375 1.9999152301500707 0.0 2.000013380886175 23.99999999999759 -8.47698499292316e-05
15.15625 1.9999453121508595 0.0 2.0000086333615803 23.999999999997577 -5.468784914051539e-05
15.21875 1.9999656211134207 0.0 2.0000054279976753 23.999999999997563 -3.437888657929601e-05
15.28125 1.9999790530876922 0.0 2.000003307842877 23.999999999997556 -2.0946912307718176e-05
15.34375 1.999987733827462 0.0 2.000001937484826 23.99999999999755 -1.2266172538001058e-05
15.40625 1.9999931958796298 0.0 2.0000010751054225 23.999999999997534 -6.804120370200431e-06
15.46875 1.9999965237850568 0.0 2.0000005495705997 23.999999999997527 -3.4762149433038535e-06
15.53125 1.9999984702460196 0.0 2.0000002421023133 23.999999999997513 -1.529753980297915e-06
15.59375 1.9999995469396759 0.0 2.000000071951228 23.9999999999975 -4.530603240697041e-07
15.65625 2.0000000939506917 0.0 1.9999999854426953 23.9999999999975 9.39506915416835e-08
15.71875 2.0000003317166404 0.0 1.9999999477815424 23.999999999997492 3.31716640591852e-07
15.78125 2.0000003990616064 0.0 1.9999999370515482 23.999999999997492 3.990616064219827e-07
15.84375 2.00000038044438 0.0 1.999999939916346 23.999999999997492 3.8044437996817056e-07
15.90625 2.000000325048331 0.0 1.9999999486073565 23.999999999997492 3.250483311046408e-07
15.96875 2.0000002598462796 0.0 1.9999999588622184 23.99999999999749 2.598462797269504e-07
16.03125 2.0000001983205538 0.0 1.9999999685486798 23.999999999997485 1.9832055356516146e-07
16.09375 2.0000001461246173 0.0 1.9999999767710293 23.999999999997478 1.461246173463636e-07
16.15625 2.0000001046450073 0.0 1.9999999833078252 23.999999999997474 1.046450073705699e-07
16.21875 2.000000073159602 0.0 1.999999988271127 23.999999999997474 7.315960195901896e-08
16.28125 2.0000000500844597 0.0 1.999999991909566 23.99999999999747 5.00844594839887e-08
16.34375 2.0000000336481008 0.0 1.999999994501794 23.99999999999747 3.364810060345147e-08
16.40625 2.0000000222200236 0.0 1.999999996304527 23.999999999997474 2.2220023413817202e-08
16.46875 2.0000000144406243 0.0 1.9999999975319382 23.999999999997463 1.444062428085364e-08
16.53125 2.0000000092447587 0.0 1.9999999983518904 23.999999999997456 9.244758734380355e-09
16.59375 2.0000000058343947 0.0 1.9999999988901833 23.999999999997456 5.834394601838469e-09
16.65625 2.0000000036319743 0.0 1.9999999992378852 23.999999999997456 3.631974219148933e-09
16.71875 2.0000000022312157 0.0 1.999999999459074 23.999999999997456 2.2312156971162697e-09
16.78125 2.0000000013531847 0.0 1.9999999995977507 23.99999999999745 1.3531848884076558e-09
16.84375 2.0000000008104424 0.0 1.9999999996834918 23.99999999999745 8.10442429110603e-10
16.90625 2.0000000004794494 0.0 1.9999999997357913 23.999999999997435 4.794494381885033e-10
16.96875 2.0000000002802225 0.0 1.9999999997672804 23.999999999997428 2.8022250166414554e-10
17.03125 2.000000000161833 0.0 1.9999999997859967 23.99999999999742 1.6183318890323987e-10
17.09375 2.0000000000923603 0.0 1.9999999997969846 23.999999999997428 9.236014962645237e-11
17.15625 2.000000000052094 0.0 1.9999999998033533 23.99999999999742 5.2093915604236066e-11
17.21875 2.00000000002904 0.0 1.999999999807002 23.99999999999742 2.9039792611471703e-11
17.28125 2.0000000000159996 0.0 1.999999999809066 23.99999999999742 1.5999612188650176e-11
17.34375 2.000000000008712 0.0 1.9999999998102207 23.999999999997424 8.71217953361179e-12
17.40625 2.0000000000046882 0.0 1.9999999998108575 23.99999999999742 4.688392804143842e-12
17.46875 2.000000000002493 0.0 1.9999999998112057 23.99999999999742 2.4932458599455e-12
17.53125 2.00000000000131 0.0 1.999999999811393 23.999999999997414 1.3100830926616375e-12
17.59375 2.00000000000068 0.0 1.9999999998114923 23.99999999999741 6.800747887373828e-13
17.65625 2.0000000000003486 0.0 1.999999999811544 23.999999999997403 3.4869878558211256e-13
17.71875 2.0000000000001767 0.0 1.9999999998115707 23.9999999999974 1.765504987103273e-13
17.78125 2.0000000000000884 0.0 1.999999999811585 23.9999999999974 8.824162729183831e-14
17.84375 2.0000000000000435 0.0 1.999999999811592 23.9999999999974 4.352028380639294e-14
17.90625 2.0000000000000213 0.0 1.9999999998115956 23.9999999999974 2.1169426434468405e-14
17.96875 2.00000000000001 0.0 1.9999999998115974 23.999999999997392 1.0149798143363878e-14
18.03125 2.000000000000005 0.0 1.999999999811597 23.999999999997392 4.7928992723670935e-15
18.09375 2.000000000000002 0.0 1.999999999811597 23.99999999999739 2.226894517287864e-15
18.15625 2.000000000000001 0.0 1.9999999998115963 23.999999999997385 1.0167180356264946e-15
18.21875 2.0000000000000004 0.0 1.9999999998115963 23.999999999997385 4.553629995606369e-16
18.28125 2.0 0.0 1.9999999998115956 23.999999999997378 1.996000429606432e-16
18.34375 2.0 0.0 1.999999999811595 23.99999999999737 8.534713940380537e-17
18.40625 2.0 0.0 1.999999999811595 23.99999999999737 3.5429167569282213e-17
18.46875 2.0 0.0 1.9999999998115943 23.999999999997367 1.4172635144106045e-17
18.53125 2.0 0.0 1.9999999998115936 23.999999999997364 5.395897040893431e-18
18.59375 2.0 0.0 1.9999999998115932 23.99999999999736 1.9104035673239254e-18
18.65625 2.0 0.0 1.9999999998115923 23.99999999999735 5.9727403593566045e-19
18.71875 2.0 0.0 1.9999999998115923 23.99999999999735 1.4017862304362418e-19
18.78125 2.0 0.0 1.999999999811592 23.99999999999735 1.9289258172990763e-21
18.84375 2.0 0.0 1.999999999811592 23.99999999999735 -2.740528868930065e-20
18.90625 2.0 0.0 1.999999999811592 23.99999999999735 -2.5051785044004933e-20
18.96875 2.0 0.0 1.999999999811592 23.99999999999735 -1.683955802877859e-20
19.03125 2.0 0.0 1.999999999811592 23.99999999999735 -9.944158298563714e-21
19.09375 2.0 0.0 1.999999999811592 23.99999999999735 -5.44950890910029e-21
19.15625 2.0 0.0 1.999999999811592 23.99999999999735 -2.839370569031387e-21
19.21875 2.0 0.0 1.999999999811592 23.99999999999735 -1.4247827369012723e-21
19.28125 2.0 0.0 1.999999999811592 23.99999999999735 -6.938397225712931e-22
19.34375 2.0 0.0 1.999999999811592 23.99999999999735 -3.2952537647922248e-22
19.40625 2.0 0.0 1.999999999811592 23.99999999999735 -1.5314050791412638e-22
19.46875 2.0 0.0 1.999999999811592 23.99999999999735 -6.980618709954213e-23
19.53125 2.0 0.0 1.999999999811592 23.99999999999735 -3.1264914036512736e-23
19.59375 2.0 0.0 1.999999999811592 23.99999999999735 -1.3776866515677294e-23
19.65625 2.0 0.0 1.999999999811592 23.99999999999735 -5.97877898615881e-24
19.71875 2.0 0.0 1.999999999811592 23.99999999999735 -2.557329998052712e-24
19.78125 2.0 0.0 1.999999999811592 23.99999999999735 -1.0788108353212093e-24
19.84375 2.0 0.0 1.999999999811592 23.99999999999735 -4.490611845317189e-25
19.90625 2.0 0.0 1.999999999811592 23.99999999999735 -1.8451945242224962e-25
19.96875 2.0 0.0 1.999999999811592 23.99999999999735 -7.486792811960278e-26
20.03125 2.0 0.0 1.999999999811592 23.99999999999735 -3.0004004484834847e-26
20.09375 2.0 0.0 1.999999999811592 23.99999999999735 -1.1879054274809626e-26
20.15625 2.0 0.0 1.999999999811592 23.99999999999735 -4.64700787456371e-27
20.21875 2.0 0.0 1.999999999811592 23.99999999999735 -1.796412949920961e-27
20.28125 2.0 0.0 1.999999999811592 23.99999999999735 -6.863046828850996e-28
20.34375 2.0 0.0 1.9999999998115916 23.999999999997346 -2.5913628227116674e-28
20.40625 2.0 0.0 1.9999999998115916 23.999999999997346 -9.670497416647311e-29
20.46875 2.0 0.0 1.999999999811592 23.99999999999735 -3.5667630039506357e-29
20.53125 2.0 0.0 1.999999999811592 23.99999999999735 -1.3001294525565887e-29
20.59375 2.0 0.0 1.999999999811592 23.99999999999735 -4.683320222460584e-30
20.65625 2.0 0.0 1.999999999811592 23.99999999999735 -1.666974471735266e-30
20.71875 2.0 0.0 1.999999999811592 23.99999999999735 -5.862031322215626e-31
20.78125 2.0 0.0 1.999999999811592 23.99999999999735 -2.0362389514835817e-31
20.84375 2.0 0.0 1.999999999811592 23.99999999999735 -6.984994830761698e-32
20.90625 2.0 0.0 1.999999999811592 23.99999999999735 -2.3655346031470872e-32
20.96875 2.0 0.0 1.999999999811592 23.99999999999735 -7.905978888239404e-33
21.03125 2.0 0.0 1.999999999811592 23.99999999999735 -2.6064103442825064e-33
21.09375 2.0 0.0 1.999999999811592 23.99999999999735 -8.471067439974588e-34
21.15625 2.0 0.0 1.999999999811592 23.99999999999735 -2.712213722730896e-34
21.21875 2.0 0.0 1.999999999811592 23.99999999999735 -8.54664587042569e-35
21.28125 2.0 0.0 1.999999999811592 23.99999999999735 -2.64747034316652e-35
21.34375 2.0 0.0 1.999999999811592 23.99999999999735 -8.049000674182709e-36
21.40625 2.0 0.0 1.9999999998115916 23.999999999997346 -2.3966218722471593e-36
21.46875 2.0 0.0 1.9999999998115916 23.999999999997346 -6.968045095399668e-37
21.53125 2.0 0.0 1.9999999998115916 23.999999999997346 -1.9697195541396117e-37
21.59375 2.0 0.0 1.9999999998115916 23.999999999997346 -5.378068716624702e-38
21.65625 2.0 0.0 1.9999999998115916 23.999999999997346 -1.403178566439546e-38
21.71875 2.0 0.0 1.9999999998115916 23.999999999997346 -3.4311887634935694e-39
21.78125 2.0 0.0 1.9999999998115916 23.999999999997346 -7.548951878250107e-40
21.84375 2.0 0.0 1.9999999998115916 23.999999999997346 -1.333693151761316e-40
21.90625 2.0 0.0 1.9999999998115916 23.999999999997346 -9.4571499118777e-42
21.96875 2.0 0.0 1.9999999998115916 23.999999999997346 6.897034062129024e-42
22.03125 2.0 0.0 1.999999999811591 23.999999999997343 5.085290221773357e-42
22.09375 2.0 0.0 1.999999999811591 23.999999999997343 2.4351720591234945e-42
22.15625 2.0 0.0 1.9999999998115907 23.99999999999734 9.974387744360698e-43
22.21875 2.0 0.0 1.9999999998115896 23.999999999997335 3.7532028244107754e-43
22.28125 2.0 0.0 1.9999999998115896 23.999999999997335 1.3361689566318357e-43
22.34375 2.0 0.0 1.9999999998115903 23.999999999997335 4.568647830048834e-44
22.40625 2.0 0.0 1.9999999998115896 23.99999999999733 1.5134271734381545e-44
22.46875 2.0 0.0 1.999999999811589 23.99999999999732 4.88392660333133e-45
22.53125 2.0 0.0 1.999999999811588 23.999999999997318 1.541032557512438e-45
22.59375 2.0 0.0 1.999999999811588 23.99999999999732 4.766666883297355e-46
22.65625 2.0 0.0 1.9999999998115883 23.99999999999732 1.4480961508257759e-46
22.71875 2.0 0.0 1.9999999998115878 23.999999999997314 4.3268626815565847e-47
22.78125 2.0 0.0 1.999999999811588 23.999999999997314 1.2729509522619648e-47
22.84375 2.0 0.0 1.9999999998115883 23.999999999997314 3.6904479413849395e-48
22.90625 2.0 0.0 1.9999999998115883 23.999999999997314 1.0550291032482932e-48
22.96875 2.0 0.0 1.9999999998115878 23.999999999997307 2.9757630384972538e-49
23.03125 2.0 0.0 1.9999999998115867 23.999999999997303 8.284492655247021e-50
23.09375 2.0 0.0 1.9999999998115856 23.9999999999973 2.277278377096913e-50
23.15625 2.0 0.0 1.9999999998115863 23.9999999999973 6.182563431609285e-51
23.21875 2.0 0.0 1.9999999998115863 23.9999999999973 1.6581299923453183e-51
23.28125 2.0 0.0 1.9999999998115856 23.999999999997296 4.393804720150234e-52
23.34375 2.0 0.0 1.9999999998115863 23.999999999997296 1.1505138179815468e-52
23.40625 2.0 0.0 1.9999999998115863 23.999999999997296 2.977231559962374e-53
23.46875 2.0 0.0 1.999999999811585 23.999999999997293 7.614287154550369e-54
23.53125 2.0 0.0 1.999999999811585 23.999999999997293 1.9246606613016414e-54
23.59375 2.0 0.0 1.9999999998115854 23.999999999997293 4.808243216412138e-55
23.65625 2.0 0.0 1.9999999998115863 23.999999999997293 1.1871666588356863e-55
23.71875 2.0 0.0 1.9999999998115867 23.999999999997293 2.896688398352563e-56
23.78125 2.0 0.0 1.999999999811585 23.999999999997286 6.98415315449243e-57
23.84375 2.0 0.0 1.9999999998115856 23.999999999997286 1.6637515850317588e-57
23.90625 2.0 0.0 1.9999999998115867 23.999999999997286 3.9151515696813544e-58
23.96875 2.0 0.0 1.9999999998115863 23.99999999999728 9.099039886941364e-59
24.03125 2.0 0.0 1.999999999811585 23.99999999999728 2.0878823025968615e-59
24.09375 2.0 0.0 1.999999999811584 23.99999999999727 4.7285315304742537e-60
24.15625 2.0 0.0 1.9999999998115832 23.999999999997264 1.0564902049433007e-60
24.21875 2.0 0.0 1.9999999998115827 23.99999999999726 2.3274779481577778e-61
24.28125 2.0 0.0 1.9999999998115836 23.999999999997264 5.052285490132954e-62
24.34375 2.0 0.0 1.9999999998115827 23.999999999997264 1.0796763064909657e-62
24.40625 2.0 0.0 1.9999999998115814 23.999999999997254 2.2689000963112057e-63
24.46875 2.0 0.0 1.99999999981158 23.999999999997243 4.681823820360618e-64
24.53125 2.0 0.0 1.999999999811579 23.999999999997236 9.467542854033363e-65
24.59375 2.0 0.0 1.9999999998115783 23.99999999999723 1.8711212490761638e-65
24.65625 2.0 0.0 1.9999999998115776 23.999999999997222 3.6001438242163e-66
24.71875 2.0 0.0 1.9999999998115772 23.999999999997222 6.704319663991951e-67
24.78125 2.0 0.0 1.999999999811576 23.999999999997215 1.1971437942926539e-67
24.84375 2.0 0.0 1.999999999811576 23.999999999997215 2.0164329257222074e-68
24.90625 2.0 0.0 1.999999999811576 23.999999999997208 3.10028924768748e-69
24.96875 2.0 0.0 1.9999999998115743 23.999999999997193 4.003793457677204e-70
