   2.5000000e-01   2.0000000e+00   0.0000000e+00   2.0000000e+00   2.4000000e+01  -2.8502032e-67
   7.5000000e-01   2.0000000e+00   0.0000000e+00   2.0000000e+00   2.4000000e+01  -1.0864518e-61
   1.2500000e+00   2.0000000e+00   0.0000000e+00   2.0000000e+00   2.4000000e+01  -1.4244865e-56
   1.7500000e+00   2.0000000e+00   0.0000000e+00   2.0000000e+00   2.4000000e+01  -8.5482891e-52
   2.2500000e+00   2.0000000e+00   0.0000000e+00   2.0000000e+00   2.4000000e+01  -2.3513084e-47
   2.7500000e+00   2.0000000e+00   0.0000000e+00   2.0000000e+00   2.4000000e+01  -2.2523831e-43
   3.2500000e+00   2.0000000e+00   0.0000000e+00   2.0000000e+00   2.4000000e+01   1.6376316e-39
   3.7500000e+00   2.0000000e+00   0.0000000e+00   2.0000000e+00   2.4000000e+01   4.7673976e-35
   4.2500000e+00   2.0000000e+00   0.0000000e+00   2.0000000e+00   2.4000000e+01   3.4602840e-31
   4.7500000e+00   2.0000000e+00   0.0000000e+00   2.0000000e+00   2.4000000e+01   1.1119880e-27
   5.2500000e+00   2.0000000e+00   0.0000000e+00   2.0000000e+00   2.4000000e+01   1.6638083e-24
   5.7500000e+00   2.0000000e+00   0.0000000e+00   2.0000000e+00   2.4000000e+01   9.9764769e-22
   6.2500000e+00   2.0000000e+00   0.0000000e+00   2.0000000e+00   2.4000000e+01  -4.8921798e-20
   6.7500000e+00   2.0000000e+00   0.0000000e+00   2.0000000e+00   2.4000000e+01  -3.0234682e-16
   7.2500000e+00   2.0000000e+00   0.0000000e+00   2.0000000e+00   2.4000000e+01  -1.2502097e-13
   7.7500000e+00   2.0000000e+00   0.0000000e+00   2.0000000e+00   2.4000000e+01  -2.1586786e-11
   8.2500000e+00   2.0000000e+00   0.0000000e+00   2.0000000e+00   2.4000000e+01  -1.7403567e-09
   8.7500000e+00   1.9999999e+00   0.0000000e+00   2.0000000e+00   2.4000000e+01  -6.0682179e-08
   9.2500000e+00   1.9999996e+00   0.0000000e+00   2.0000000e+00   2.4000000e+01  -3.8039671e-07
   9.7500000e+00   2.0000270e+00   0.0000000e+00   1.9999936e+00   2.4000000e+01   2.6951953e-05
   1.0250000e+01   2.0006694e+00   0.0000000e+00   1.9998752e+00   2.4000000e+01   6.6937444e-04
   1.0750000e+01   2.0062550e+00   0.0000000e+00   1.9989767e+00   2.4000000e+01   6.2549887e-03
   1.1250000e+01   2.0270358e+00   0.0000000e+00   1.9958767e+00   2.4000000e+01   2.7035757e-02
   1.1750000e+01   2.0527871e+00   0.0000000e+00   1.9919568e+00   2.4000000e+01   5.2787138e-02
   1.2250000e+01   2.0315884e+00   0.0000000e+00   1.9946035e+00   2.4000000e+01   3.1588407e-02
   1.2750000e+01   1.9684116e+00   0.0000000e+00   2.0046971e+00   2.4000000e+01  -3.1588407e-02
   1.3250000e+01   1.9472129e+00   0.0000000e+00   2.0089771e+00   2.4000000e+01  -5.2787138e-02
   1.3750000e+01   1.9729642e+00   0.0000000e+00   2.0043650e+00   2.4000000e+01  -2.7035757e-02
   1.4250000e+01   1.9937450e+00   0.0000000e+00   2.0007312e+00   2.4000000e+01  -6.2549887e-03
   1.4750000e+01   1.9993306e+00   0.0000000e+00   2.0000782e+00   2.4000000e+01  -6.6937444e-04
   1.5250000e+01   1.9999730e+00   0.0000000e+00   2.0000355e+00   2.4000000e+01  -2.6951953e-05
   1.5750000e+01   2.0000004e+00   0.0000000e+00   2.0000048e+00   2.4000000e+01   3.8039671e-07
   1.6250000e+01   2.0000001e+00   0.0000000e+00   1.9999966e+00   2.4000000e+01   6.0682179e-08
   1.6750000e+01   2.0000000e+00   0.0000000e+00   1.9999959e+00   2.4000000e+01   1.7403567e-09
   1.7250000e+01   2.0000000e+00   0.0000000e+00   1.9999959e+00   2.4000000e+01   2.1586786e-11
   1.7750000e+01   2.0000000e+00   0.0000000e+00   1.9999959e+00   2.4000000e+01   1.2502097e-13
   1.8250000e+01   2.0000000e+00   0.0000000e+00   1.9999959e+00   2.4000000e+01   3.0234682e-16
   1.8750000e+01   2.0000000e+00   0.0000000e+00   1.9999959e+00   2.4000000e+01   4.8921798e-20
   1.9250000e+01   2.0000000e+00   0.0000000e+00   1.9999959e+00   2.4000000e+01  -9.9764769e-22
   1.9750000e+01   2.0000000e+00   0.0000000e+00   1.9999959e+00   2.4000000e+01  -1.6638083e-24
   2.0250000e+01   2.0000000e+00   0.0000000e+00   1.9999959e+00   2.4000000e+01  -1.1119880e-27
   2.0750000e+01   2.0000000e+00   0.0000000e+00   1.9999959e+00   2.4000000e+01  -3.4602840e-31
   2.1250000e+01   2.0000000e+00   0.0000000e+00   1.9999959e+00   2.4000000e+01  -4.7673976e-35
   2.1750000e+01   2.0000000e+00   0.0000000e+00   1.9999959e+00   2.4000000e+01  -1.6376316e-39
   2.2250000e+01   2.0000000e+00   0.0000000e+00   1.9999959e+00   2.4000000e+01   2.2523831e-43
   2.2750000e+01   2.0000000e+00   0.0000000e+00   1.9999959e+00   2.4000000e+01   2.3513084e-47
   2.3250000e+01   2.0000000e+00   0.0000000e+00   1.9999959e+00   2.4000000e+01   8.5482891e-52
   2.3750000e+01   2.0000000e+00   0.0000000e+00   1.9999959e+00   2.4000000e+01   1.4244865e-56
   2.4250000e+01   2.0000000e+00   0.0000000e+00   1.9999959e+00   2.4000000e+01   1.0864518e-61
   2.4750000e+01   2.0000000e+00   0.0000000e+00   1.9999959e+00   2.4000000e+01   2.8502032e-67
