-0.9933333333333334 0.4064820503519311 0.4065525379625155
-0.98 0.39745966855070874 0.40272945028966206
-0.9666666666666667 0.35600578422951235 0.3558651295380073
-0.9533333333333334 0.35282273498008415 0.3515634687297071
-0.94 0.40032650535307923 0.39826722310690155
-0.9266666666666667 0.4375028809200964 0.43742481388164195
-0.9133333333333333 0.41032181157124686 0.4139283854468089
-0.8999999999999999 0.3717998279810963 0.3686632431022925
-0.8866666666666667 0.3862591351226183 0.3835940944601022
-0.8733333333333333 0.44294174673879666 0.43861931754680616
-0.86 0.46410050003859793 0.4642596054921303
-0.8466666666666667 0.422216712352624 0.4224875136385192
-0.8333333333333333 0.3933700818948342 0.3881536321338067
-0.8200000000000001 0.4268498879865962 0.42199980903023426
-0.8066666666666666 0.4859098295152332 0.4796586453116446
-0.7933333333333333 0.4857550001704905 0.48581987741014415
-0.78 0.43544019805902884 0.43129330669152477
-0.7666666666666666 0.4222615596810332 0.4154645305514056
-0.7533333333333333 0.473857664244234 0.4660539074980705
-0.74 0.5265107719652667 0.5191262218850409
-0.7266666666666667 0.5031858890780448 0.5018815915614456
-0.7133333333333334 0.4524544345185724 0.44396030683584115
-0.7 0.4596379882501189 0.45091214122613166
-0.6866666666666666 0.5256404729903812 0.5142937997672588
-0.6733333333333333 0.5626415835095218 0.5546538191082724
-0.6599999999999999 0.51882306014095 0.5135548485516541
-0.6466666666666666 0.4769426700929239 0.4636476738329389
-0.6333333333333333 0.5087618711079689 0.49425214615447766
-0.62 0.5848282504595994 0.5643594870787891
-0.6066666666666667 0.6025291876263398 0.5839960798504359
-0.5933333333333333 0.5510254618334998 0.5232798929287878
-0.58 0.5347819348791312 0.4920480912667906
-0.5666666666666667 0.6018841713473717 0.5446978805204663
-0.5533333333333333 0.68816125574519 0.6136197372816711
-0.54 0.6888534776203309 0.6065444441250383
-0.5266666666666666 0.638787902386311 0.5359015425273431
-0.5133333333333333 0.6447974262518024 0.5308011900889169
-0.49999999999999994 0.7226551064890122 0.601908034994844
-0.48666666666666664 0.7757977441223363 0.6602774335758954
-0.47333333333333333 0.7227523521117039 0.6237930855694187
-0.45999999999999996 0.6494615446295862 0.5564165065196324
-0.4466666666666666 0.6571799770153828 0.5806193047324811
-0.4333333333333333 0.7298472506155839 0.664336963803311
-0.42 0.7479162185014547 0.7022040123053305
-0.4066666666666666 0.6719482660475466 0.6384127439088796
-0.39333333333333326 0.6209844707006558 0.5879722040609875
-0.37999999999999995 0.6695047695483285 0.640692818319351
-0.36666666666666664 0.7580274922652934 0.7281038158380813
-0.35333333333333333 0.7546449094047671 0.7362029477488505
-0.33999999999999997 0.6756882740397395 0.6534485910008309
-0.3266666666666666 0.6562496500986219 0.6312988439659104
-0.3133333333333333 0.7371559704564632 0.7092960883015053
-0.3 0.8177849977481919 0.7894289901895069
-0.2866666666666666 0.7800339117615207 0.761934506958219
-0.27333333333333326 0.7017744639960012 0.6746247890116925
-0.25999999999999995 0.7144412893701436 0.6871956780238366
-0.24666666666666665 0.8173171754860679 0.7845035729998632
-0.23333333333333328 0.8728993182157385 0.8450059265469814
-0.21999999999999992 0.8032294621313848 0.7814090885701119
-0.2066666666666666 0.7381203227100228 0.7069564526536538
-0.1933333333333333 0.7867490313170385 0.755622144945999
-0.17999999999999994 0.900413411349324 0.8630685619406682
-0.16666666666666657 0.9186758480418874 0.8918224323906682
-0.15333333333333327 0.8270202080698154 0.7988038826132875
-0.13999999999999996 0.7873670597342203 0.7533014318194191
-0.12666666666666665 0.8722497677146395 0.8355469322211583
-0.11333333333333329 0.9811956787713828 0.9407770274053666
-0.09999999999999992 0.9554260723764192 0.928315968541099
-0.08666666666666661 0.8560540278559902 0.8204651174995542
-0.0733333333333333 0.8520730466738504 0.8149840543321356
-0.05999999999999994 0.9684499743494225 0.9251314021285638
-0.04666666666666658 1.0546709526359224 1.0135269550749268
-0.03333333333333327 0.9858248894624293 0.9557726978992825
-0.019999999999999962 0.8950016271335975 0.8534672421222379
-0.006666666666666654 0.9337900545895983 0.8926583087939486
0.00666666666666671 1.0709045305044522 1.0215291459769524
0.02000000000000013 1.1173164044435069 1.0778918866674163
0.03333333333333344 1.0143789335094784 0.9788430536338412
0.046666666666666745 0.9481630242121639 0.9037875356366444
0.06000000000000005 1.0325778579030611 0.9872996413003113
0.07333333333333336 1.173608300255004 1.1222392613700185
0.08666666666666678 1.1681505693098895 1.13344200752381
0.10000000000000009 1.0466534553664761 1.006802842405504
0.1133333333333334 1.0191647004114146 0.9767659455898225
0.1266666666666667 1.1464606091213603 1.1007959697869385
0.14 1.2700556717958942 1.2260002119299163
0.15333333333333343 1.2091602965038868 1.1834315725800892
0.16666666666666674 1.0885232284660187 1.0512508604867334
0.18000000000000005 1.1106009612218983 1.076754850079898
0.19333333333333347 1.271053361436104 1.2335267757160726
0.20666666666666678 1.3547926723923618 1.3302777149996756
0.22000000000000008 1.2449742775128136 1.2321630145398224
0.2333333333333334 1.1456075808636867 1.120869706245679
0.2466666666666667 1.2235156142301815 1.2053441943359877
0.2600000000000001 1.3996970845728023 1.3815973271010733
0.27333333333333343 1.4249662284723499 1.4300316120557397
0.28666666666666674 1.2820138571613124 1.28508103428715
0.30000000000000004 1.222865454024635 1.2203818680865073
0.31333333333333335 1.3567381505509952 1.3619731691912607
0.32666666666666677 1.52438102220459 1.5386062505084608
0.3400000000000001 1.4812825029968215 1.521629360102989
0.3533333333333334 1.327508111994942 1.3515781295954106
0.3666666666666668 1.3242034937204838 1.35295456875446
0.3800000000000001 1.5062706954359295 1.544718561048047
0.3933333333333334 1.637437079708439 1.6973999092809033
0.40666666666666673 1.5280351966687262 1.6052702615348302
0.42000000000000004 1.3886719311644231 1.4424830535382376
0.43333333333333346 1.4519350936922373 1.5195194094472426
0.44666666666666677 1.665099912928256 1.7459852974370813
0.4600000000000001 1.7335630114813156 1.8448428692074792
0.4733333333333335 1.5723035465089397 1.6781431501888702
0.4866666666666668 1.4721235034930071 1.555453597816487
0.5000000000000001 1.6060255341656768 1.7034022890702125
0.5133333333333334 1.8238506295544294 1.934808012719497
0.5266666666666667 1.811446349930398 1.948425603956321
0.5400000000000001 1.6227481406271718 1.7268990183326933
0.5533333333333335 1.5834163340282732 1.6756240196545462
0.5666666666666668 1.7832529435255708 1.8855298803768035
0.5800000000000001 1.9724713813442964 2.0917692100163636
0.5933333333333334 1.874370739773256 2.0085658883008275
0.6066666666666668 1.6884613079622577 1.7773313814474443
0.6200000000000001 1.7264752982558076 1.8144012118366886
0.6333333333333334 1.976654441912191 2.065527486107346
0.6466666666666668 2.1026566335546026 2.2074500996788804
0.6600000000000001 1.9296620512353324 2.0210601056472726
0.6733333333333335 1.7781068401930846 1.814301172395616
0.6866666666666668 1.902781550483078 1.9178083743034677
0.7000000000000001 2.175784019136112 2.1541541587718798
0.7133333333333335 2.2102217362480867 2.1807533814067352
0.7266666666666668 1.9873507409155875 1.9215467379479647
0.7400000000000001 1.8992999557788306 1.8032305657119483
0.7533333333333334 2.110339533835245 1.992345382440891
0.7666666666666667 2.368200786353242 2.229030151129362
0.7800000000000001 2.2965266873568067 2.182921347713635
0.7933333333333334 2.0586509795371217 1.92439343411748
0.8066666666666668 2.0579950037099004 1.917442713957216
0.8200000000000002 2.342743967945468 2.176536729594705
0.8333333333333335 2.5421353734881333 2.3745991099715447
0.8466666666666668 2.368451960218606 2.228363020044772
0.8600000000000001 2.1547057155034843 1.9923409570292046
0.8733333333333334 2.2576332155701717 2.091222421356555
0.8866666666666668 2.5889355333501096 2.391070622980491
0.9000000000000001 2.6896193186265975 2.51127419491315
0.9133333333333334 2.437111486154478 2.271885250515753
0.9266666666666667 2.285699234475751 2.103627337098742
0.9400000000000001 2.4979610058994766 2.3027074368599703
0.9533333333333335 2.8342844744867346 2.6102721201956136
0.9666666666666668 2.8089431247985335 2.621310357005261
0.9800000000000001 2.5159785485817583 2.321589886514313
0.9933333333333334 2.460133231305546 2.2583196228999167
