-0.9933333333333334 0.4064820503519311 0.4058485221051594
-0.98 0.39745966855070874 0.39841083271295485
-0.9666666666666667 0.35600578422951235 0.34893805159242997
-0.9533333333333334 0.35282273498008415 0.3555401585599132
-0.94 0.40032650535307923 0.4001984901473119
-0.9266666666666667 0.4375028809200964 0.4397069974122605
-0.9133333333333333 0.41032181157124686 0.4099322410437317
-0.8999999999999999 0.3717998279810963 0.3675842532992829
-0.8866666666666667 0.3862591351226183 0.39037873139536217
-0.8733333333333333 0.44294174673879666 0.44388283407369006
-0.86 0.46410050003859793 0.4689697071184642
-0.8466666666666667 0.422216712352624 0.4193029669440781
-0.8333333333333333 0.3933700818948342 0.39440106087486027
-0.8200000000000001 0.4268498879865962 0.43119244687305613
-0.8066666666666666 0.4859098295152332 0.4891189463561951
-0.7933333333333333 0.4857550001704905 0.492166503212231
-0.78 0.43544019805902884 0.4309350871299105
-0.7666666666666666 0.4222615596810332 0.4285284164501069
-0.7533333333333333 0.473857664244234 0.4785553990650055
-0.74 0.5265107719652667 0.5332140345565639
-0.7266666666666667 0.5031858890780448 0.509158541867955
-0.7133333333333334 0.4524544345185724 0.44976892257407436
-0.7 0.4596379882501189 0.46914494274842655
-0.6866666666666666 0.5256404729903812 0.531551878985209
-0.6733333333333333 0.5626415835095218 0.573044317193061
-0.6599999999999999 0.51882306014095 0.52169752476422
-0.6466666666666666 0.4769426700929239 0.4786557701701852
-0.6333333333333333 0.5087618711079689 0.5167868081419824
-0.62 0.5848282504595994 0.5880034093954101
-0.6066666666666667 0.6025291876263398 0.606179376638715
-0.5933333333333333 0.5510254618334998 0.5344097382944752
-0.58 0.5347819348791312 0.5177311605999174
-0.5666666666666667 0.6018841713473717 0.572965521007244
-0.5533333333333333 0.68816125574519 0.645307868963054
-0.54 0.6888534776203309 0.6318288461327038
-0.5266666666666666 0.638787902386311 0.5535992406137218
-0.5133333333333333 0.6447974262518024 0.565352237867877
-0.49999999999999994 0.7226551064890122 0.6367698093144014
-0.48666666666666664 0.7757977441223363 0.6985240006756654
-0.47333333333333333 0.7227523521117039 0.6497088174207727
-0.45999999999999996 0.6494615446295862 0.5835241377142175
-0.4466666666666666 0.6571799770153828 0.620534219610082
-0.4333333333333333 0.7298472506155839 0.7055010370278819
-0.42 0.7479162185014547 0.7435817583499861
-0.4066666666666666 0.6719482660475466 0.6635804346515985
-0.39333333333333326 0.6209844707006558 0.625545827512362
-0.37999999999999995 0.6695047695483285 0.6843969838953692
-0.36666666666666664 0.7580274922652934 0.7756964092334533
-0.35333333333333333 0.7546449094047671 0.7784060063273236
-0.33999999999999997 0.6756882740397395 0.6811345460351084
-0.3266666666666666 0.6562496500986219 0.6787821047397193
-0.3133333333333333 0.7371559704564632 0.7583643074160342
-0.3 0.8177849977481919 0.8436851682850153
-0.2866666666666666 0.7800339117615207 0.8034425595006277
-0.27333333333333326 0.7017744639960012 0.710322855210104
-0.25999999999999995 0.7144412893701436 0.7420599190317556
-0.24666666666666665 0.8173171754860679 0.840828473023678
-0.23333333333333328 0.8728993182157385 0.9044744346225195
-0.21999999999999992 0.8032294621313848 0.8215220819805307
-0.2066666666666666 0.7381203227100228 0.7551477736679321
-0.1933333333333333 0.7867490313170385 0.8159584651529995
-0.17999999999999994 0.900413411349324 0.9277920193820373
-0.16666666666666657 0.9186758480418874 0.9538012361949797
-0.15333333333333327 0.8270202080698154 0.8395968430925776
-0.13999999999999996 0.7873670597342203 0.815003524208319
-0.12666666666666665 0.8722497677146395 0.9021336886354099
-0.11333333333333329 0.9811956787713828 1.0145308579520287
-0.09999999999999992 0.9554260723764192 0.9904343810552068
-0.08666666666666661 0.8560540278559902 0.8678153795110282
-0.0733333333333333 0.8520730466738504 0.887804655621786
-0.05999999999999994 0.9684499743494225 1.0002198922617485
-0.04666666666666658 1.0546709526359224 1.0952813177757144
-0.03333333333333327 0.9858248894624293 1.0164759546826563
-0.019999999999999962 0.8950016271335975 0.9147034704523148
-0.006666666666666654 0.9337900545895983 0.9744478955489274
0.00666666666666671 1.0709045305044522 1.1084152842199995
0.02000000000000013 1.1173164044435069 1.1661945089720014
0.03333333333333344 1.0143789335094784 1.0396249219738303
0.046666666666666745 0.9481630242121639 0.9829553778794927
0.06000000000000005 1.0325778579030611 1.0772110086111055
0.07333333333333336 1.173608300255004 1.220982572282646
0.08666666666666678 1.1681505693098895 1.223065985044208
0.10000000000000009 1.0466534553664761 1.0708174080666037
0.1133333333333334 1.0191647004114146 1.0706842353976285
0.1266666666666667 1.1464606091213603 1.1986161065494376
0.14 1.2700556717958942 1.3334097665694529
0.15333333333333343 1.2091602965038868 1.2685665397314745
0.16666666666666674 1.0885232284660187 1.1247676444715753
0.18000000000000005 1.1106009612218983 1.1794719038969588
0.19333333333333347 1.271053361436104 1.3401351141668338
0.20666666666666678 1.3547926723923618 1.4421148082004676
0.22000000000000008 1.2449742775128136 1.3108068816275444
0.2333333333333334 1.1456075808636867 1.2110394195819434
0.2466666666666667 1.2235156142301815 1.314663731321489
0.2600000000000001 1.3996970845728023 1.4997403195487768
0.27333333333333343 1.4249662284723499 1.5434062721685322
0.28666666666666674 1.2820138571613124 1.3624595649977138
0.30000000000000004 1.222865454024635 1.330824169162049
0.31333333333333335 1.3567381505509952 1.481097262467563
0.32666666666666677 1.52438102220459 1.670867400281724
0.3400000000000001 1.4812825029968215 1.6339309620593236
0.3533333333333334 1.327508111994942 1.438621166778003
0.3666666666666668 1.3242034937204838 1.4814071003918792
0.3800000000000001 1.5062706954359295 1.6783677233534908
0.3933333333333334 1.637437079708439 1.8427500634892109
0.40666666666666673 1.5280351966687262 1.7138168377199148
0.42000000000000004 1.3886719311644231 1.5515909121644311
0.43333333333333346 1.4519350936922373 1.6630999412834195
0.44666666666666677 1.665099912928256 1.900868223202287
0.4600000000000001 1.7335630114813156 2.004120130971204
0.4733333333333335 1.5723035465089397 1.7920282143471664
0.4866666666666668 1.4721235034930071 1.7057390486526125
0.5000000000000001 1.6060255341656768 1.8803931888509413
0.5133333333333334 1.8238506295544294 2.1391349955493157
0.5266666666666667 1.811446349930398 2.1459530025134983
0.5400000000000001 1.6227481406271718 1.8851441725233724
0.5533333333333335 1.5834163340282732 1.8949514360179798
0.5666666666666668 1.7832529435255708 2.128599804565358
0.5800000000000001 1.9724713813442964 2.3688367066327607
0.5933333333333334 1.874370739773256 2.2497738519648163
0.6066666666666668 1.6884613079622577 1.9965913880577388
0.6200000000000001 1.7264752982558076 2.0957309520870475
0.6333333333333334 1.976654441912191 2.3783599366266808
0.6466666666666668 2.1026566335546026 2.5498209478889873
0.6600000000000001 1.9296620512353324 2.3081793291961374
0.6733333333333335 1.7781068401930846 2.1322881019618034
0.6866666666666668 1.902781550483078 2.310485257296066
0.7000000000000001 2.175784019136112 2.6264384822563516
0.7133333333333335 2.2102217362480867 2.6873050230216577
0.7266666666666668 1.9873507409155875 2.3602564411811655
0.7400000000000001 1.8992999557788306 2.3003856986332165
0.7533333333333334 2.110339533835245 2.5458031690773693
0.7666666666666667 2.368200786353242 2.849741536027328
0.7800000000000001 2.2965266873568067 2.757368563924988
0.7933333333333334 2.0586509795371217 2.4029123160775834
0.8066666666666668 2.0579950037099004 2.4448288340394644
0.8200000000000002 2.342743967945468 2.7178706251631133
0.8333333333333335 2.5421353734881333 2.916703602622014
0.8466666666666668 2.368451960218606 2.6386940134931742
0.8600000000000001 2.1547057155034843 2.3491594999168486
0.8733333333333334 2.2576332155701717 2.4783220482018935
0.8866666666666668 2.5889355333501096 2.7970937229196546
0.9000000000000001 2.6896193186265975 2.916619979973775
0.9133333333333334 2.437111486154478 2.5846302753242725
0.9266666666666667 2.285699234475751 2.450606896764052
0.9400000000000001 2.4979610058994766 2.6855011056333877
0.9533333333333335 2.8342844744867346 3.0357461070016827
0.9666666666666668 2.8089431247985335 3.022341362854502
0.9800000000000001 2.5159785485817583 2.6421704485845448
0.9933333333333334 2.460133231305546 2.6514109097740493
