-0.9933333333333334 0.4064820503519311 0.4088503051150244
-0.98 0.39745966855070874 0.4007782894397498
-0.9666666666666667 0.35600578422951235 0.35311346117038644
-0.9533333333333334 0.35282273498008415 0.3668486427703854
-0.94 0.40032650535307923 0.39908693859327027
-0.9266666666666667 0.4375028809200964 0.4437609219658365
-0.9133333333333333 0.41032181157124686 0.41118239683279795
-0.8999999999999999 0.3717998279810963 0.376588337401341
-0.8866666666666667 0.3862591351226183 0.39688995708301456
-0.8733333333333333 0.44294174673879666 0.44393013063796866
-0.86 0.46410050003859793 0.47283380564732064
-0.8466666666666667 0.422216712352624 0.420012910311524
-0.8333333333333333 0.3933700818948342 0.40820611382744065
-0.8200000000000001 0.4268498879865962 0.4320485315693464
-0.8066666666666666 0.4859098295152332 0.49110409217286377
-0.7933333333333333 0.4857550001704905 0.49485021379680205
-0.78 0.43544019805902884 0.43319014733241457
-0.7666666666666666 0.4222615596810332 0.44335700217403284
-0.7533333333333333 0.473857664244234 0.4763443429013778
-0.74 0.5265107719652667 0.5368150323150516
-0.7266666666666667 0.5031858890780448 0.5103642476989876
-0.7133333333333334 0.4524544345185724 0.4569470077360935
-0.7 0.4596379882501189 0.4797263008009689
-0.6866666666666666 0.5256404729903812 0.5296269003410877
-0.6733333333333333 0.5626415835095218 0.577069830750752
-0.6599999999999999 0.51882306014095 0.5216916701552925
-0.6466666666666666 0.4769426700929239 0.49246929811859
-0.6333333333333333 0.5087618711079689 0.5199841086426952
-0.62 0.5848282504595994 0.5880309265890324
-0.6066666666666667 0.6025291876263398 0.6089373287277854
-0.5933333333333333 0.5510254618334998 0.53443745037329
-0.58 0.5347819348791312 0.5349398185578407
-0.5666666666666667 0.6018841713473717 0.5691838921198735
-0.5533333333333333 0.68816125574519 0.6455516869255892
-0.54 0.6888534776203309 0.6293301500162956
-0.5266666666666666 0.638787902386311 0.5537494633783747
-0.5133333333333333 0.6447974262518024 0.5749670342093127
-0.49999999999999994 0.7226551064890122 0.6255085972794624
-0.48666666666666664 0.7757977441223363 0.694598660147083
-0.47333333333333333 0.7227523521117039 0.6419757287071648
-0.45999999999999996 0.6494615446295862 0.5893317160706553
-0.4466666666666666 0.6571799770153828 0.6212254867138565
-0.4333333333333333 0.7298472506155839 0.6955279569991955
-0.42 0.7479162185014547 0.7389475272513654
-0.4066666666666666 0.6719482660475466 0.6552690581576911
-0.39333333333333326 0.6209844707006558 0.6383429256830402
-0.37999999999999995 0.6695047695483285 0.6753222966642858
-0.36666666666666664 0.7580274922652934 0.7672944563232129
-0.35333333333333333 0.7546449094047671 0.770556900394184
-0.33999999999999997 0.6756882740397395 0.6741585973581292
-0.3266666666666666 0.6562496500986219 0.690679826665373
-0.3133333333333333 0.7371559704564632 0.7420405222604791
-0.3 0.8177849977481919 0.835273951067592
-0.2866666666666666 0.7800339117615207 0.7920082120952724
-0.27333333333333326 0.7017744639960012 0.7103734141482678
-0.25999999999999995 0.7144412893701436 0.7462197153945529
-0.24666666666666665 0.8173171754860679 0.8248880895910593
-0.23333333333333328 0.8728993182157385 0.8969237196877824
-0.21999999999999992 0.8032294621313848 0.8092540913572777
-0.2066666666666666 0.7381203227100228 0.7660384289699906
-0.1933333333333333 0.7867490313170385 0.8089005443895094
-0.17999999999999994 0.900413411349324 0.9153226714468304
-0.16666666666666657 0.9186758480418874 0.9452965252386709
-0.15333333333333327 0.8270202080698154 0.8290659089097079
-0.13999999999999996 0.7873670597342203 0.831838850951339
-0.12666666666666665 0.8722497677146395 0.8859687843214195
-0.11333333333333329 0.9811956787713828 1.0051527437408398
-0.09999999999999992 0.9554260723764192 0.9789870749294083
-0.08666666666666661 0.8560540278559902 0.8636473317945992
-0.0733333333333333 0.8520730466738504 0.8993538750367929
-0.05999999999999994 0.9684499743494225 0.9803634655726265
-0.04666666666666658 1.0546709526359224 1.086739494291967
-0.03333333333333327 0.9858248894624293 1.0022117532230195
-0.019999999999999962 0.8950016271335975 0.9224665313556883
-0.006666666666666654 0.9337900545895983 0.9726095212113322
0.00666666666666671 1.0709045305044522 1.0903073644435304
0.02000000000000013 1.1173164044435069 1.1557786122274631
0.03333333333333344 1.0143789335094784 1.0238747493430305
0.046666666666666745 0.9481630242121639 1.0005990382349643
0.06000000000000005 1.0325778579030611 1.0598473557746466
0.07333333333333336 1.173608300255004 1.2051574921284964
0.08666666666666678 1.1681505693098895 1.2078653432166468
0.10000000000000009 1.0466534553664761 1.0579653816843753
0.1133333333333334 1.0191647004114146 1.0868229545176638
0.1266666666666667 1.1464606091213603 1.1706603869457364
0.14 1.2700556717958942 1.31710099642536
0.15333333333333343 1.2091602965038868 1.2468894865133056
0.16666666666666674 1.0885232284660187 1.122231167678644
0.18000000000000005 1.1106009612218983 1.1818564694868812
0.19333333333333347 1.271053361436104 1.3122430607181883
0.20666666666666678 1.3547926723923618 1.4280349654100994
0.22000000000000008 1.2449742775128136 1.2903797218428794
0.2333333333333334 1.1456075808636867 1.2290518082585473
0.2466666666666667 1.2235156142301815 1.304317853929851
0.2600000000000001 1.3996970845728023 1.4826668308487883
0.27333333333333343 1.4249662284723499 1.5323348980918097
0.28666666666666674 1.2820138571613124 1.3481428290434758
0.30000000000000004 1.222865454024635 1.360598910988311
0.31333333333333335 1.3567381505509952 1.4577414899971994
0.32666666666666677 1.52438102220459 1.6589355959957495
0.3400000000000001 1.4812825029968215 1.61807062304449
0.3533333333333334 1.327508111994942 1.4354272263402397
0.3666666666666668 1.3242034937204838 1.5033680243060403
0.3800000000000001 1.5062706954359295 1.650168579996601
0.3933333333333334 1.637437079708439 1.8328024141934462
0.40666666666666673 1.5280351966687262 1.69346944130832
0.42000000000000004 1.3886719311644231 1.5693525655682765
0.43333333333333346 1.4519350936922373 1.6636291392946148
0.44666666666666677 1.665099912928256 1.876128509782777
0.4600000000000001 1.7335630114813156 1.9915222539441708
0.4733333333333335 1.5723035465089397 1.7694130779674075
0.4866666666666668 1.4721235034930071 1.7407933494610883
0.5000000000000001 1.6060255341656768 1.8549023593267686
0.5133333333333334 1.8238506295544294 2.1173889775238415
0.5266666666666667 1.811446349930398 2.123943675979534
0.5400000000000001 1.6227481406271718 1.8679933469978702
0.5533333333333335 1.5834163340282732 1.9288320238743997
0.5666666666666668 1.7832529435255708 2.0891652916325105
0.5800000000000001 1.9724713813442964 2.353264113546197
0.5933333333333334 1.874370739773256 2.226620344840496
0.6066666666666668 1.6884613079622577 2.0112251204696463
0.6200000000000001 1.7264752982558076 2.1209037786925897
0.6333333333333334 1.976654441912191 2.3576980537665277
0.6466666666666668 2.1026566335546026 2.5575332979301386
0.6600000000000001 1.9296620512353324 2.3033198789078666
0.6733333333333335 1.7781068401930846 2.1961108672263836
0.6866666666666668 1.902781550483078 2.3225929026316097
0.7000000000000001 2.175784019136112 2.630610071222394
0.7133333333333335 2.2102217362480867 2.6947920496504594
0.7266666666666668 1.9873507409155875 2.3326320790505624
0.7400000000000001 1.8992999557788306 2.306904826543146
0.7533333333333334 2.110339533835245 2.334997608526079
0.7666666666666667 2.368200786353242 2.584024277043766
0.7800000000000001 2.2965266873568067 2.500953768060162
0.7933333333333334 2.0586509795371217 2.1909734241359424
0.8066666666666668 2.0579950037099004 2.287546494171621
0.8200000000000002 2.342743967945468 2.491506474401001
0.8333333333333335 2.5421353734881333 2.7363345287438077
0.8466666666666668 2.368451960218606 2.4936120081746367
0.8600000000000001 2.1547057155034843 2.295244514620358
0.8733333333333334 2.2576332155701717 2.4071775582830774
0.8866666666666668 2.5889355333501096 2.7034996239828635
0.9000000000000001 2.6896193186265975 2.8522799768411664
0.9133333333333334 2.437111486154478 2.5185327928437022
0.9266666666666667 2.285699234475751 2.4743376374410206
0.9400000000000001 2.4979610058994766 2.621233795268892
0.9533333333333335 2.8342844744867346 2.979436308483969
0.9666666666666668 2.8089431247985335 2.9685302424508913
0.9800000000000001 2.5159785485817583 2.6008453538165086
0.9933333333333334 2.460133231305546 2.679070512061963
