-0.9933333333333334 0.4064820503519311 0.4058485222910329
-0.98 0.39745966855070874 0.39841083254309745
-0.9666666666666667 0.35600578422951235 0.3489380511284283
-0.9533333333333334 0.35282273498008415 0.3555401592316681
-0.94 0.40032650535307923 0.4001984908194572
-0.9266666666666667 0.4375028809200964 0.43970699700970317
-0.9133333333333333 0.41032181157124686 0.40993223914919685
-0.8999999999999999 0.3717998279810963 0.3675842516299793
-0.8866666666666667 0.3862591351226183 0.3903787370434052
-0.8733333333333333 0.44294174673879666 0.44388283537714845
-0.86 0.46410050003859793 0.4689697014551175
-0.8466666666666667 0.422216712352624 0.419302968562968
-0.8333333333333333 0.3933700818948342 0.39440105671394626
-0.8200000000000001 0.4268498879865962 0.43119244234911314
-0.8066666666666666 0.4859098295152332 0.48911889758931815
-0.7933333333333333 0.4857550001704905 0.49216650801179695
-0.78 0.43544019805902884 0.4309352577968276
-0.7666666666666666 0.4222615596810332 0.42852855869662876
-0.7533333333333333 0.473857664244234 0.47855519523676904
-0.74 0.5265107719652667 0.5332129340368827
-0.7266666666666667 0.5031858890780448 0.5091573163730818
-0.7133333333333334 0.4524544345185724 0.4497695293901369
-0.7 0.4596379882501189 0.4691484736063481
-0.6866666666666666 0.5256404729903812 0.5315580654578834
-0.6733333333333333 0.5626415835095218 0.5730474857618028
-0.6599999999999999 0.51882306014095 0.5216891833149849
-0.6466666666666666 0.4769426700929239 0.47862982109656316
-0.6333333333333333 0.5087618711079689 0.5167286359204146
-0.62 0.5848282504595994 0.5878958316565316
-0.6066666666666667 0.6025291876263398 0.6060219381683881
-0.5933333333333333 0.5510254618334998 0.5342218626620777
-0.58 0.5347819348791312 0.5175218735493811
-0.5666666666666667 0.6018841713473717 0.5727552568908603
-0.5533333333333333 0.68816125574519 0.6452137804863025
-0.54 0.6888534776203309 0.6319849281810858
-0.5266666666666666 0.638787902386311 0.5539128146444541
-0.5133333333333333 0.6447974262518024 0.5657361751164551
-0.49999999999999994 0.7226551064890122 0.6371578638214934
-0.48666666666666664 0.7757977441223363 0.6987518910218774
-0.47333333333333333 0.7227523521117039 0.6496829292372329
-0.45999999999999996 0.6494615446295862 0.5833630582721577
-0.4466666666666666 0.6571799770153828 0.6203006476855571
-0.4333333333333333 0.7298472506155839 0.7052715150305928
-0.42 0.7479162185014547 0.7434675077497445
-0.4066666666666666 0.6719482660475466 0.6636010572029134
-0.39333333333333326 0.6209844707006558 0.6255996982765363
-0.37999999999999995 0.6695047695483285 0.6844492980007655
-0.36666666666666664 0.7580274922652934 0.7756910262922316
-0.35333333333333333 0.7546449094047671 0.7783422309423538
-0.33999999999999997 0.6756882740397395 0.6810934708344493
-0.3266666666666666 0.6562496500986219 0.6788213351023195
-0.3133333333333333 0.7371559704564632 0.758559227106236
-0.3 0.8177849977481919 0.8440818427269248
-0.2866666666666666 0.7800339117615207 0.8039830968884376
-0.27333333333333326 0.7017744639960012 0.7108741994934866
-0.25999999999999995 0.7144412893701436 0.7426500617944175
-0.24666666666666665 0.8173171754860679 0.8414381780081841
-0.23333333333333328 0.8728993182157385 0.9049960347497766
-0.21999999999999992 0.8032294621313848 0.8218371984172956
-0.2066666666666666 0.7381203227100228 0.7552961134134271
-0.1933333333333333 0.7867490313170385 0.81595571191875
-0.17999999999999994 0.900413411349324 0.9276155380799085
-0.16666666666666657 0.9186758480418874 0.9534686145503721
-0.15333333333333327 0.8270202080698154 0.8392025878544606
-0.13999999999999996 0.7873670597342203 0.8145876391314787
-0.12666666666666665 0.8722497677146395 0.901722644181584
-0.11333333333333329 0.9811956787713828 1.0142150228877282
-0.09999999999999992 0.9554260723764192 0.9903644156702331
-0.08666666666666661 0.8560540278559902 0.8680074893932379
-0.0733333333333333 0.8520730466738504 0.8882093293339706
-0.05999999999999994 0.9684499743494225 1.000823234349689
-0.04666666666666658 1.0546709526359224 1.095849094795946
-0.03333333333333327 0.9858248894624293 1.0166477190455865
-0.019999999999999962 0.8950016271335975 0.9144799511782309
-0.006666666666666654 0.9337900545895983 0.9738106578664865
0.00666666666666671 1.0709045305044522 1.1073289708822038
0.02000000000000013 1.1173164044435069 1.1648711940235448
0.03333333333333344 1.0143789335094784 1.0384651699981857
0.046666666666666745 0.9481630242121639 0.9819281030153542
0.06000000000000005 1.0325778579030611 1.0762000204478352
0.07333333333333336 1.173608300255004 1.2199677864975715
0.08666666666666678 1.1681505693098895 1.2221371412973696
0.10000000000000009 1.0466534553664761 1.0699839081163955
0.1133333333333334 1.0191647004114146 1.0696950181119587
0.1266666666666667 1.1464606091213603 1.197194192064304
0.14 1.2700556717958942 1.331406301459636
0.15333333333333343 1.2091602965038868 1.26621772231869
0.16666666666666674 1.0885232284660187 1.1223120695356683
0.18000000000000005 1.1106009612218983 1.1765689908061088
0.19333333333333347 1.271053361436104 1.3366258603121213
0.20666666666666678 1.3547926723923618 1.4384921949718787
0.22000000000000008 1.2449742775128136 1.3080383435485214
0.2333333333333334 1.1456075808636867 1.209112231737195
0.2466666666666667 1.2235156142301815 1.313359385220439
0.2600000000000001 1.3996970845728023 1.4991812768938564
0.27333333333333343 1.4249662284723499 1.5437769228234832
0.28666666666666674 1.2820138571613124 1.3635369628061085
0.30000000000000004 1.222865454024635 1.3323007139030398
0.31333333333333335 1.3567381505509952 1.4829466445364186
0.32666666666666677 1.52438102220459 1.6728502890375656
0.3400000000000001 1.4812825029968215 1.6354901616544393
0.3533333333333334 1.327508111994942 1.4394508993715398
0.3666666666666668 1.3242034937204838 1.481405974016668
0.3800000000000001 1.5062706954359295 1.6770243738786401
0.3933333333333334 1.637437079708439 1.8399291067595525
0.40666666666666673 1.5280351966687262 1.70989599265525
0.42000000000000004 1.3886719311644231 1.5470251922365184
0.43333333333333346 1.4519350936922373 1.656912229308508
0.44666666666666677 1.665099912928256 1.8923864377790705
0.4600000000000001 1.7335630114813156 1.9940962320493296
0.4733333333333335 1.5723035465089397 1.7822707174947516
0.4866666666666668 1.4721235034930071 1.6958850994478782
0.5000000000000001 1.6060255341656768 1.8687139019477341
0.5133333333333334 1.8238506295544294 2.125340511617103
0.5266666666666667 1.811446349930398 2.1318204111493544
0.5400000000000001 1.6227481406271718 1.8731920646533637
0.5533333333333335 1.5834163340282732 1.8838268569538266
0.5666666666666668 1.7832529435255708 2.118265933750347
0.5800000000000001 1.9724713813442964 2.3601626134537783
0.5933333333333334 1.874370739773256 2.2458488881264302
0.6066666666666668 1.6884613079622577 1.9980423079739427
0.6200000000000001 1.7264752982558076 2.1026506723670044
0.6333333333333334 1.976654441912191 2.3931954826495216
0.6466666666666668 2.1026566335546026 2.572188898721344
0.6600000000000001 1.9296620512353324 2.333988992569552
0.6733333333333335 1.7781068401930846 2.1604184194449845
0.6866666666666668 1.902781550483078 2.34574869168374
0.7000000000000001 2.175784019136112 2.6711119221705695
0.7133333333333335 2.2102217362480867 2.7368904355551047
0.7266666666666668 1.9873507409155875 2.4072950934825075
0.7400000000000001 1.8992999557788306 2.3499564179902457
0.7533333333333334 2.110339533835245 2.6062178639530282
0.7666666666666667 2.368200786353242 2.9235049374017157
0.7800000000000001 2.2965266873568067 2.8343008872952504
0.7933333333333334 2.0586509795371217 2.4656783024164435
0.8066666666666668 2.0579950037099004 2.4895046721947214
0.8200000000000002 2.342743967945468 2.71325879408692
0.8333333333333335 2.5421353734881333 2.8324448613350004
0.8466666666666668 2.368451960218606 2.558279573940613
0.8600000000000001 2.1547057155034843 2.2892383160924683
0.8733333333333334 2.2576332155701717 2.432247244614623
0.8866666666666668 2.5889355333501096 2.7628074380111065
0.9000000000000001 2.6896193186265975 2.892272718103555
0.9133333333333334 2.437111486154478 2.569133793247019
0.9266666666666667 2.285699234475751 2.439807410618244
0.9400000000000001 2.4979610058994766 2.677268116768722
0.9533333333333335 2.8342844744867346 3.0286435907515523
0.9666666666666668 2.8089431247985335 3.0165322321958987
0.9800000000000001 2.5159785485817583 2.637679481078827
0.9933333333333334 2.460133231305546 2.6472343373315472
