-0.9933333333333334 0.4064820503519311 0.4088503052639593
-0.98 0.39745966855070874 0.4007782887882387
-0.9666666666666667 0.35600578422951235 0.3531134612488529
-0.9533333333333334 0.35282273498008415 0.36684864390751126
-0.94 0.40032650535307923 0.39908693727723255
-0.9266666666666667 0.4375028809200964 0.4437609221719493
-0.9133333333333333 0.41032181157124686 0.41118239530748246
-0.8999999999999999 0.3717998279810963 0.376588335191426
-0.8866666666666667 0.3862591351226183 0.3968899695168834
-0.8733333333333333 0.44294174673879666 0.4439301252949044
-0.86 0.46410050003859793 0.47283379483179466
-0.8466666666666667 0.422216712352624 0.42001290915754913
-0.8333333333333333 0.3933700818948342 0.4082060959540342
-0.8200000000000001 0.4268498879865962 0.43204855792252683
-0.8066666666666666 0.4859098295152332 0.49110404939069524
-0.7933333333333333 0.4857550001704905 0.4948502341315273
-0.78 0.43544019805902884 0.43319030700594174
-0.7666666666666666 0.4222615596810332 0.44335711926117766
-0.7533333333333333 0.473857664244234 0.47634415887517567
-0.74 0.5265107719652667 0.5368137293291603
-0.7266666666666667 0.5031858890780448 0.5103631302845519
-0.7133333333333334 0.4524544345185724 0.456947777777762
-0.7 0.4596379882501189 0.4797301128691943
-0.6866666666666666 0.5256404729903812 0.529633525425149
-0.6733333333333333 0.5626415835095218 0.577070737025625
-0.6599999999999999 0.51882306014095 0.5216766042555532
-0.6466666666666666 0.4769426700929239 0.4924325616644063
-0.6333333333333333 0.5087618711079689 0.519896008374175
-0.62 0.5848282504595994 0.5878618954160794
-0.6066666666666667 0.6025291876263398 0.608683354998325
-0.5933333333333333 0.5510254618334998 0.5341214241359183
-0.58 0.5347819348791312 0.5345319462193406
-0.5666666666666667 0.6018841713473717 0.5686410456227393
-0.5533333333333333 0.68816125574519 0.6451052353829301
-0.54 0.6888534776203309 0.6296598382998406
-0.5266666666666666 0.638787902386311 0.5543703742212953
-0.5133333333333333 0.6447974262518024 0.5760431833789775
-0.49999999999999994 0.7226551064890122 0.626360839428857
-0.48666666666666664 0.7757977441223363 0.6951453634938447
-0.47333333333333333 0.7227523521117039 0.6423178237211769
-0.45999999999999996 0.6494615446295862 0.5894721542296693
-0.4466666666666666 0.6571799770153828 0.6211892719905426
-0.4333333333333333 0.7298472506155839 0.6953245498047621
-0.42 0.7479162185014547 0.7386240588808668
-0.4066666666666666 0.6719482660475466 0.6549496500128549
-0.39333333333333326 0.6209844707006558 0.638044537366564
-0.37999999999999995 0.6695047695483285 0.6751125244091999
-0.36666666666666664 0.7580274922652934 0.7671042833528516
-0.35333333333333333 0.7546449094047671 0.7704118023985218
-0.33999999999999997 0.6756882740397395 0.6742034241356946
-0.3266666666666666 0.6562496500986219 0.6909253747815156
-0.3133333333333333 0.7371559704564632 0.7427785051365298
-0.3 0.8177849977481919 0.8360514739815113
-0.2866666666666666 0.7800339117615207 0.7926478749874725
-0.27333333333333326 0.7017744639960012 0.710903689168288
-0.25999999999999995 0.7144412893701436 0.7466256765482665
-0.24666666666666665 0.8173171754860679 0.8252155676608208
-0.23333333333333328 0.8728993182157385 0.8971756607937093
-0.21999999999999992 0.8032294621313848 0.8093734533728072
-0.2066666666666666 0.7381203227100228 0.7660532651812058
-0.1933333333333333 0.7867490313170385 0.8087812393709091
-0.17999999999999994 0.900413411349324 0.9150959437392284
-0.16666666666666657 0.9186758480418874 0.9450284674506583
-0.15333333333333327 0.8270202080698154 0.8287998324714274
-0.13999999999999996 0.7873670597342203 0.8315605056582246
-0.12666666666666665 0.8722497677146395 0.8856772714466672
-0.11333333333333329 0.9811956787713828 1.00493050427941
-0.09999999999999992 0.9554260723764192 0.9790737679089861
-0.08666666666666661 0.8560540278559902 0.8638841168136537
-0.0733333333333333 0.8520730466738504 0.8997938392418707
-0.05999999999999994 0.9684499743494225 0.980753801615017
-0.04666666666666658 1.0546709526359224 1.0870583595209733
-0.03333333333333327 0.9858248894624293 1.002504707405647
-0.019999999999999962 0.8950016271335975 0.9227266805741345
-0.006666666666666654 0.9337900545895983 0.9729089816923656
0.00666666666666671 1.0709045305044522 1.0906909778387628
0.02000000000000013 1.1173164044435069 1.1562364941800574
0.03333333333333344 1.0143789335094784 1.024349426632916
0.046666666666666745 0.9481630242121639 1.0011685797909498
0.06000000000000005 1.0325778579030611 1.0606755822501839
0.07333333333333336 1.173608300255004 1.2064002532657083
0.08666666666666678 1.1681505693098895 1.2094752387812706
0.10000000000000009 1.0466534553664761 1.059804808945187
0.1133333333333334 1.0191647004114146 1.0892396194297138
0.1266666666666667 1.1464606091213603 1.1741341107872048
0.14 1.2700556717958942 1.3216776673104356
0.15333333333333343 1.2091602965038868 1.2516480465252307
0.16666666666666674 1.0885232284660187 1.1266976244402378
0.18000000000000005 1.1106009612218983 1.1864976617649652
0.19333333333333347 1.271053361436104 1.3168052447721885
0.20666666666666678 1.3547926723923618 1.4319055404553538
0.22000000000000008 1.2449742775128136 1.2928506017767556
0.2333333333333334 1.1456075808636867 1.230635192509656
0.2466666666666667 1.2235156142301815 1.3049725724152106
0.2600000000000001 1.3996970845728023 1.4830483570196342
0.27333333333333343 1.4249662284723499 1.5326845913137979
0.28666666666666674 1.2820138571613124 1.3485039061548652
0.30000000000000004 1.222865454024635 1.3612214875591175
0.31333333333333335 1.3567381505509952 1.4590168366319811
0.32666666666666677 1.52438102220459 1.660964759869453
0.3400000000000001 1.4812825029968215 1.6203617939654822
0.3533333333333334 1.327508111994942 1.43766426380119
0.3666666666666668 1.3242034937204838 1.5059686090658781
0.3800000000000001 1.5062706954359295 1.653413869587418
0.3933333333333334 1.637437079708439 1.836629444890852
0.40666666666666673 1.5280351966687262 1.6972362100540654
0.42000000000000004 1.3886719311644231 1.5732436527794207
0.43333333333333346 1.4519350936922373 1.6686173623233578
0.44666666666666677 1.665099912928256 1.8833213396584516
0.4600000000000001 1.7335630114813156 2.000927317787924
0.4733333333333335 1.5723035465089397 1.7797804367696242
0.4866666666666668 1.4721235034930071 1.7531584928135278
0.5000000000000001 1.6060255341656768 1.8715326271828738
0.5133333333333334 1.8238506295544294 2.1377186990747514
0.5266666666666667 1.811446349930398 2.143242959687685
0.5400000000000001 1.6227481406271718 1.8822157809461193
0.5533333333333335 1.5834163340282732 1.9404477490047316
0.5666666666666668 1.7832529435255708 2.0945278150539144
0.5800000000000001 1.9724713813442964 2.3531704443928922
0.5933333333333334 1.874370739773256 2.2205880575134516
0.6066666666666668 1.6884613079622577 2.000298003418534
0.6200000000000001 1.7264752982558076 2.1030385494609045
0.6333333333333334 1.976654441912191 2.330817757904598
0.6466666666666668 2.1026566335546026 2.5233151300124876
0.6600000000000001 1.9296620512353324 2.267453011346964
0.6733333333333335 1.7781068401930846 2.1572142731722437
0.6866666666666668 1.902781550483078 2.275611177250367
0.7000000000000001 2.175784019136112 2.573280906430923
0.7133333333333335 2.2102217362480867 2.6366820398556277
0.7266666666666668 1.9873507409155875 2.2997648641708945
0.7400000000000001 1.8992999557788306 2.3020731828856302
0.7533333333333334 2.110339533835245 2.41942475767002
0.7666666666666667 2.368200786353242 2.692238106539917
0.7800000000000001 2.2965266873568067 2.550942654912567
0.7933333333333334 2.0586509795371217 2.2159481388548503
0.8066666666666668 2.0579950037099004 2.2749820654068054
0.8200000000000002 2.342743967945468 2.466216136417535
0.8333333333333335 2.5421353734881333 2.72196716795808
0.8466666666666668 2.368451960218606 2.4889309767886827
0.8600000000000001 2.1547057155034843 2.296165354326633
0.8733333333333334 2.2576332155701717 2.415000339576403
0.8866666666666668 2.5889355333501096 2.707481732366861
0.9000000000000001 2.6896193186265975 2.853475496095586
0.9133333333333334 2.437111486154478 2.5191365613166683
0.9266666666666667 2.285699234475751 2.4733682113936757
0.9400000000000001 2.4979610058994766 2.61992530377855
0.9533333333333335 2.8342844744867346 2.978061209196388
0.9666666666666668 2.8089431247985335 2.9672726737861
0.9800000000000001 2.5159785485817583 2.5998443125446413
0.9933333333333334 2.460133231305546 2.678283202968274
