-0.996 0.40020420191564543 0.40024362118496803
-0.988 0.4109515482189157 0.4106837500876099
-0.98 0.39745966855070874 0.3969604039596223
-0.972 0.37127054825093714 0.37162190977255133
-0.964 0.3507897850213654 0.35095194971341237
-0.956 0.34867301236325726 0.34814010111903976
-0.948 0.36771103222979995 0.36735273420435405
-0.94 0.40032650535307923 0.4003014456708285
-0.9319999999999999 0.42939915067730755 0.42938358063813054
-0.9239999999999999 0.43700461431570903 0.43657384688481726
-0.916 0.4195379398342999 0.4190402276506056
-0.908 0.39135409555201445 0.3917794743093135
-0.9 0.3717998279810965 0.37177342785300127
-0.892 0.3729062687480887 0.3722812404409019
-0.884 0.3960646480744947 0.3956915143621607
-0.876 0.43156248469544356 0.43151315333141055
-0.868 0.4601801716147602 0.4600704666489808
-0.86 0.46410050003859793 0.4635092894050635
-0.852 0.4425566181629851 0.4420888206542996
-0.844 0.41269356357051523 0.4131597627413722
-0.836 0.39454871428850175 0.3943100770375621
-0.8280000000000001 0.3993374151650891 0.3986316185108001
-0.8200000000000001 0.4268498879865962 0.4264617479837982
-0.812 0.4650096362098918 0.46492182470897786
-0.804 0.4925505868685134 0.4923224973460295
-0.796 0.4922564445039805 0.49149906790032255
-0.788 0.4666040763654062 0.4662039088625266
-0.78 0.43544019805902884 0.43589645975468627
-0.772 0.4192264037816522 0.4187639407986698
-0.764 0.42816667401337377 0.42738843951917754
-0.756 0.4602246445369147 0.459819496616226
-0.748 0.5007333581274266 0.5005895902608766
-0.74 0.5265107719652667 0.5261358412394781
-0.732 0.5215021409796596 0.5205801214842886
-0.724 0.4917901118186321 0.49148681912489756
-0.716 0.45977137778033694 0.4601466090090891
-0.708 0.446056403521741 0.4453521840117433
-0.7 0.4596379882501189 0.4587599203666084
-0.692 0.4964068603513608 0.49591747064679476
-0.6839999999999999 0.5389014173979779 0.5385680260848531
-0.6759999999999999 0.5622590105511547 0.5615051482289195
-0.6679999999999999 0.5522251989618452 0.5508042340050201
-0.6599999999999999 0.51882306014095 0.5180520478086537
-0.6519999999999999 0.48683199554408274 0.4860912521233942
-0.644 0.47679030033872877 0.4743074396307029
-0.636 0.4963456074356288 0.4929645354661031
-0.628 0.5391352231497831 0.5349028289293446
-0.62 0.5848282504595994 0.5788951772434676
-0.612 0.6073207083934525 0.5984226931850514
-0.604 0.5949224149863056 0.5822345116226763
-0.596 0.5618978980211298 0.5460234782090576
-0.588 0.5351518353489694 0.5139350609669002
-0.5800000000000001 0.534781934879131 0.5058809157907429
-0.5720000000000001 0.5666545248651699 0.5302459331609723
-0.5640000000000001 0.6214969397927611 0.5769507508182689
-0.556 0.6754577608888499 0.6216559921447221
-0.548 0.7009753315209349 0.6369674057711713
-0.54 0.6888534776203309 0.6150496463431935
-0.532 0.6569558272234292 0.5756489028476515
-0.524 0.6332704625187766 0.5440226167542426
-0.516 0.6366121012662608 0.5404525947893606
-0.508 0.6705415405135821 0.5709657688783077
-0.5 0.7226551064890118 0.6223213208906822
-0.492 0.7660400465300409 0.6669801716538387
-0.484 0.773210480375554 0.6772272600830122
-0.476 0.7395189619854335 0.6493842340491587
-0.46799999999999997 0.6881174430956817 0.6070728999447612
-0.45999999999999996 0.6494615446295862 0.576540607381169
-0.45199999999999996 0.6424381634102484 0.578159390931605
-0.44399999999999995 0.669372866528023 0.6151503390616276
-0.43599999999999994 0.7152739848047349 0.6708528697133048
-0.42799999999999994 0.7504734823312778 0.7145465846063404
-0.42 0.7479162185014547 0.7188940297823627
-0.41200000000000003 0.707277127661118 0.6850699539041186
-0.404 0.6555938796366361 0.6402621619067148
-0.396 0.6237538252651263 0.611645652970021
-0.388 0.6286792037343989 0.6192601633261678
-0.38 0.6695047695483279 0.6631109397088946
-0.372 0.7269272010482885 0.7228175868177567
-0.364 0.7676361211428432 0.7645840353961285
-0.356 0.7652396063507209 0.7622604237836007
-0.348 0.7242428054472306 0.7224768262874394
-0.33999999999999997 0.6756882740397395 0.6756049443701675
-0.33199999999999996 0.6510355752315552 0.6497466213817074
-0.32399999999999995 0.6656644516384408 0.6640743132861521
-0.31599999999999995 0.7159510725208736 0.7150283200006413
-0.30799999999999994 0.7786856615845394 0.7782002111311781
-0.3 0.8177849977481919 0.8169564031894418
-0.29200000000000004 0.8089030062351736 0.8072716972139413
-0.28400000000000003 0.7622697280860553 0.7616924031598924
-0.276 0.7128875639397595 0.713335750149173
-0.268 0.6924411275432856 0.6912335052649676
-0.26 0.7144412893701434 0.7130313349328752
-0.252 0.7720389953285646 0.771275421344851
-0.244 0.8376886595121901 0.8372210408805213
-0.236 0.8727795286488113 0.871770805377624
-0.22799999999999998 0.8558582771711178 0.8540675224038026
-0.21999999999999997 0.803229462131385 0.8028812190036143
-0.21199999999999997 0.7534322987417411 0.7536601304017138
-0.20399999999999996 0.7378761501502596 0.7363433523685157
-0.19599999999999995 0.7678227545754822 0.766323717690143
-0.18799999999999994 0.8327294866365885 0.8319355298845261
-0.17999999999999994 0.900413411349324 0.8998277227357184
-0.17199999999999993 0.9302424821295882 0.9289705255943036
-0.16399999999999998 0.9046661198026215 0.9027797993786717
-0.15600000000000003 0.8463897185491132 0.8463361679666686
-0.14800000000000002 0.7970600908500782 0.7970412166933711
-0.14 0.7873670597342202 0.7856175033210984
-0.132 0.8259613061026077 0.8244558078647126
-0.124 0.8981307836685601 0.8973464425476098
-0.11599999999999999 0.9668449472381088 0.9661264339031012
-0.10799999999999998 0.9901425295305019 0.9885444467408093
-0.09999999999999998 0.9554260723764196 0.953454056522993
-0.09199999999999997 0.8920001382529668 0.8921417970227148
-0.08399999999999996 0.8441206107963338 0.8436780800741092
-0.07599999999999996 0.8413126172576659 0.8392958057881659
-0.06799999999999995 0.8892193507837597 0.8876491855037527
-0.05999999999999994 0.9684499743494225 0.9676181200791618
-0.051999999999999935 1.0370140372636427 1.0361274435546768
-0.043999999999999984 1.052491496691666 1.0505904415651768
-0.03600000000000003 1.008286186296351 1.0064173148482627
-0.028000000000000025 0.9403540600436692 0.9407825564240915
-0.020000000000000018 0.8950016271335978 0.8942560394862991
-0.01200000000000001 0.9001409573921666 0.8981283661821966
-0.0040000000000000036 0.9579671093402585 0.9566463727246886
0.0040000000000000036 1.0438771751659501 1.0433622906240305
0.01200000000000001 1.1109371168901578 1.1103062576378389
0.020000000000000018 1.1173164044435073 1.1156225381150906
0.028000000000000025 1.063429236380987 1.062323473903505
0.03600000000000003 0.9917819103256905 0.9930069297635122
0.04400000000000004 0.950126441062313 0.9497017418464471
0.052000000000000046 0.9643071010289208 0.9631185649114007
0.06000000000000005 1.0325778579030611 1.0325053493708205
0.06800000000000006 1.124581914595762 1.1256130940481897
0.07600000000000007 1.1886188076669886 1.1897209734405856
0.08400000000000007 1.1846648301320484 1.1849249869451353
0.09200000000000008 1.1210760594259062 1.1227400368310656
0.10000000000000009 1.0466534553664761 1.0506546314613745
0.1080000000000001 1.009955607577201 1.0122506503207107
0.1160000000000001 1.034292006031183 1.03687688299308
0.12400000000000011 1.113423588394775 1.1182621256750167
0.13200000000000012 1.210710468652368 1.2177744726855657
0.14000000000000012 1.2700556717958944 1.2781059332970706
0.14800000000000013 1.2546105513019121 1.2625739309642348
0.15600000000000003 1.1814888320246 1.1919365468871188
0.16399999999999992 1.1053801818459352 1.118150225699675
0.17199999999999993 1.074988531763603 1.0865925330379478
0.17999999999999994 1.1106009612218974 1.124389657700938
0.18799999999999994 1.2008701702878823 1.2191965219104826
0.19599999999999995 1.302383909912045 1.3251975503039009
0.20399999999999996 1.3552409887774934 1.3806207090844616
0.21199999999999997 1.327259277256358 1.353405826861772
0.21999999999999997 1.244974277512815 1.2742797036396167
0.22799999999999998 1.1684177982140045 1.1994758627619455
0.236 1.145764844867683 1.1764632680158862
0.244 1.1937612274498877 1.229159225883006
0.252 1.2952721237581013 1.3383914443771219
0.26 1.3996970845728012 1.4501871023999025
0.268 1.4441705031750915 1.498628480813731
0.276 1.402754373630796 1.4580381167455094
0.28400000000000003 1.311886840771658 1.3697819052459017
0.29200000000000004 1.2362688507053214 1.2942546312365515
0.30000000000000004 1.222865454024635 1.2810909074480152
0.30800000000000005 1.2843188443106872 1.3497684840816744
0.31600000000000006 1.3969671605806444 1.473342143141216
0.32400000000000007 1.5027187214763718 1.5888621329090393
0.3320000000000001 1.5368490535440102 1.6272042425542712
0.3400000000000001 1.4812825029968215 1.5712904618569847
0.3480000000000001 1.382631877144549 1.4734614352012578
0.3560000000000001 1.3094854308002126 1.3980619623196628
0.3640000000000001 1.3069131434702232 1.3965304091917896
0.3720000000000001 1.382834541497459 1.4824887326559173
0.3800000000000001 1.5062706954359295 1.6202426680623885
0.3880000000000001 1.6114928530629653 1.7374067694177844
0.39600000000000013 1.6332979586796348 1.7631366438578513
0.404 1.5630791272290674 1.6911782045641184
0.4119999999999999 1.4576689045739408 1.5846388769020674
0.41999999999999993 1.3886719311644238 1.5116429299255003
0.42799999999999994 1.3985725909886262 1.524649088144997
0.43599999999999994 1.4898787233071666 1.630072355974856
0.44399999999999995 1.623470574483026 1.7824263127934283
0.45199999999999996 1.7260416914675971 1.8995679341818226
0.45999999999999996 1.7335630114813159 1.910651035815906
0.46799999999999997 1.6484338430341476 1.8223655322330092
0.476 1.5375149658707306 1.7082156065310619
0.484 1.4744877849604758 1.640252420745386
0.492 1.4985496526108204 1.6708965207592494
0.5 1.6060255341656744 1.7980456048196634
0.508 1.748822306560023 1.9650649865843948
0.516 1.846370054771515 2.0797444734922266
0.524 1.8377229151177175 2.073272272954308
0.532 1.737695548529513 1.967374631923443
0.54 1.6227481406271735 1.8454516715391136
0.548 1.5676500993017355 1.7835867148134747
0.556 1.6075897627862503 1.8324852913148217
0.5640000000000001 1.731846062206836 1.9799393876294875
0.5720000000000001 1.8825451113492608 2.1567214794793297
0.5800000000000001 1.9724713813442964 2.2613561841481706
0.5880000000000001 1.9458979921643011 2.230649661043283
0.5960000000000001 1.8312774639271558 2.1036043820798636
0.6040000000000001 1.714011233689236 1.9722396244455342
0.6120000000000001 1.668936068054921 1.9163069394383299
0.6200000000000001 1.7264752982558076 1.9823657436898223
0.6280000000000001 1.8679007962020078 2.1469336578411022
0.6360000000000001 2.02481911453971 2.3281908693466824
0.6440000000000001 2.104335307866383 2.4180191084372638
0.6520000000000001 2.058259005311381 2.362827166989554
0.6600000000000001 1.9296620512353324 2.2188332193418976
0.668 1.8120156494695503 2.0840430395832343
0.6759999999999999 1.7791850229249007 2.0403238537426054
0.6839999999999999 1.8560217636653848 2.126832772366585
0.692 2.014731516788469 2.3075975820012076
0.7 2.175784019136112 2.4875367920705083
0.708 2.241956723419135 2.5538315463433277
0.716 2.1750359474101035 2.4655749910451172
0.724 2.03340589474056 2.2945760369622152
0.732 1.9175454389559026 2.138907619551315
0.74 1.89929995577883 2.073877003942587
0.748 1.9970726776206664 2.126686227132458
0.756 2.1728528732236017 2.2706707693535337
0.764 2.335539562216617 2.408937491575671
0.772 2.3853461527918483 2.436090629810663
0.78 2.296526687356809 2.3308850946765016
0.788 2.143144614540729 2.170678114038108
0.796 2.031461479375169 2.0493328001094677
0.804 2.030248320816955 2.040041695040288
0.812 2.1504930712932246 2.15900626826226
0.8200000000000001 2.3427439679454642 2.351413191680233
0.8280000000000001 2.5041480265500318 2.511192830920328
0.8360000000000001 2.534541271647375 2.537514023080487
0.8440000000000001 2.4231053941355998 2.4247760698163408
0.8520000000000001 2.259597888638119 2.2651562757374917
0.8600000000000001 2.1547057155034843 2.155786877163554
0.8680000000000001 2.1730619041915733 2.1704459398641873
0.8760000000000001 2.3171615593645254 2.3155679994616207
0.8840000000000001 2.524840338216584 2.5244162333558027
0.8920000000000001 2.6816390171106184 2.6800686795008404
0.9000000000000001 2.6896193186265975 2.6847167597484187
0.9080000000000001 2.5552307012131186 2.551443152420389
0.916 2.3835746545234 2.3845475112503838
0.9239999999999999 2.2883053570632583 2.2843309602265904
0.9319999999999999 2.328835533145937 2.3224476393382156
0.94 2.4979610058994766 2.493139079591205
0.948 2.719526781494695 2.7158132261509405
0.956 2.8680166360514647 2.8628654104900084
0.964 2.8507101480708554 2.8423846192705224
0.972 2.693453614112457 2.688063397875375
0.98 2.5159785485817614 2.514962204294185
0.988 2.4333768891589513 2.426675167911559
0.996 2.498724389232622 2.4906238977021182
