-0.996 0.40020420191564543 0.40045914401874655
-0.988 0.4109515482189157 0.4112915124187595
-0.98 0.39745966855070874 0.3972389038026114
-0.972 0.37127054825093714 0.37106511801207875
-0.964 0.3507897850213654 0.3511904462128405
-0.956 0.34867301236325726 0.3490077979818176
-0.948 0.36771103222979995 0.36780052498251364
-0.94 0.40032650535307923 0.4004224252413433
-0.9319999999999999 0.42939915067730755 0.429799411978822
-0.9239999999999999 0.43700461431570903 0.43739614879186495
-0.916 0.4195379398342999 0.41930557129810886
-0.908 0.39135409555201445 0.3913108365625618
-0.9 0.3717998279810965 0.3723332993674255
-0.892 0.3729062687480887 0.3732902712209506
-0.884 0.3960646480744947 0.3962140323422332
-0.876 0.43156248469544356 0.43178008609048846
-0.868 0.4601801716147602 0.46073827779597537
-0.86 0.46410050003859793 0.4645280521213846
-0.852 0.4425566181629851 0.4423349156789735
-0.844 0.41269356357051523 0.41284336766424623
-0.836 0.39454871428850175 0.39520816973143497
-0.8280000000000001 0.3993374151650891 0.39977608490757355
-0.8200000000000001 0.4268498879865962 0.4270757298356298
-0.812 0.4650096362098918 0.46537440866823643
-0.804 0.4925505868685134 0.49327508144910115
-0.796 0.4922564445039805 0.49270457451482486
-0.788 0.4666040763654062 0.4664250331987626
-0.78 0.43544019805902884 0.4358085743490203
-0.772 0.4192264037816522 0.42000503526369926
-0.764 0.42816667401337377 0.42866807995171385
-0.756 0.4602246445369147 0.46054670245629564
-0.748 0.5007333581274266 0.5012723312165956
-0.74 0.5265107719652667 0.5274043700090125
-0.732 0.5215021409796596 0.5219552789285897
-0.724 0.4917901118186321 0.4916906490117391
-0.716 0.45977137778033694 0.4603682031757913
-0.708 0.446056403521741 0.4469316068671076
-0.7 0.4596379882501189 0.4601799020198094
-0.692 0.4964068603513608 0.49678652801717943
-0.6839999999999999 0.5389014173979779 0.5395296213184317
-0.6759999999999999 0.5622590105511547 0.5631175405999606
-0.6679999999999999 0.5522251989618452 0.5523247622794895
-0.6599999999999999 0.51882306014095 0.5182627057908411
-0.6519999999999999 0.48683199554408274 0.48670134351742056
-0.644 0.47679030033872877 0.47621381808846286
-0.636 0.4963456074356288 0.49453653469920145
-0.628 0.5391352231497831 0.5359540774096403
-0.62 0.5848282504595994 0.5801946803772094
-0.612 0.6073207083934525 0.6004107888606811
-0.604 0.5949224149863056 0.5838788564765938
-0.596 0.5618978980211298 0.5462875767853312
-0.588 0.5351518353489694 0.5149965848559649
-0.5800000000000001 0.534781934879131 0.5080718664412178
-0.5720000000000001 0.5666545248651699 0.5319283268777948
-0.5640000000000001 0.6214969397927611 0.578134547598723
-0.556 0.6754577608888499 0.6232123588343541
-0.548 0.7009753315209349 0.6391767918689061
-0.54 0.6888534776203309 0.6165951799627547
-0.532 0.6569558272234292 0.5758307181590676
-0.524 0.6332704625187766 0.5453829658475434
-0.516 0.6366121012662608 0.5426852680328638
-0.508 0.6705415405135821 0.5725220204009032
-0.5 0.7226551064890118 0.6234090754424181
-0.492 0.7660400465300409 0.6685626164819681
-0.484 0.773210480375554 0.6794061258106276
-0.476 0.7395189619854335 0.6505992109976364
-0.46799999999999997 0.6881174430956817 0.60712467653248
-0.45999999999999996 0.6494615446295862 0.5781818346810794
-0.45199999999999996 0.6424381634102484 0.5804483649094976
-0.44399999999999995 0.669372866528023 0.6167252204990379
-0.43599999999999994 0.7152739848047349 0.6721208426112419
-0.42799999999999994 0.7504734823312778 0.7165016749015083
-0.42 0.7479162185014547 0.7213625850965677
-0.41200000000000003 0.707277127661118 0.6862386149511819
-0.404 0.6555938796366361 0.6405363511333997
-0.396 0.6237538252651263 0.6137550263875555
-0.388 0.6286792037343989 0.6216711094986049
-0.38 0.6695047695483279 0.6647132349021412
-0.372 0.7269272010482885 0.7242346704240116
-0.364 0.7676361211428432 0.7668199642614207
-0.356 0.7652396063507209 0.7648497228527661
-0.348 0.7242428054472306 0.7234676050480763
-0.33999999999999997 0.6756882740397395 0.6761474551075833
-0.33199999999999996 0.6510355752315552 0.6523244178655248
-0.32399999999999995 0.6656644516384408 0.666669310107357
-0.31599999999999995 0.7159510725208736 0.7168014967433314
-0.30799999999999994 0.7786856615845394 0.7799668579615074
-0.3 0.8177849977481919 0.8196440588936869
-0.29200000000000004 0.8089030062351736 0.8100382341091383
-0.28400000000000003 0.7622697280860553 0.7625462996842485
-0.276 0.7128875639397595 0.7142342915607374
-0.268 0.6924411275432856 0.6941765017335927
-0.26 0.7144412893701434 0.7156835883900916
-0.252 0.7720389953285646 0.7731107508172492
-0.244 0.8376886595121901 0.8392691228946516
-0.236 0.8727795286488113 0.874852130280743
-0.22799999999999998 0.8558582771711178 0.8569435889522686
-0.21999999999999997 0.803229462131385 0.8036856335852856
-0.21199999999999997 0.7534322987417411 0.7551359817153358
-0.20399999999999996 0.7378761501502596 0.7397605383537352
-0.19599999999999995 0.7678227545754822 0.7691786158706947
-0.18799999999999994 0.8327294866365885 0.8339967285707717
-0.17999999999999994 0.900413411349324 0.902297671058552
-0.17199999999999993 0.9302424821295882 0.9324746291008053
-0.16399999999999998 0.9046661198026215 0.9056494767299662
-0.15600000000000003 0.8463897185491132 0.8470439095029249
-0.14800000000000002 0.7970600908500782 0.7990533224367726
-0.14 0.7873670597342202 0.7893317318830795
-0.132 0.8259613061026077 0.8273984504081252
-0.124 0.8981307836685601 0.8996043815584633
-0.11599999999999999 0.9668449472381088 0.9690678065633109
-0.10799999999999998 0.9901425295305019 0.9925392090522198
-0.09999999999999998 0.9554260723764196 0.956380093189797
-0.09199999999999997 0.8920001382529668 0.8930042403674852
-0.08399999999999996 0.8441206107963338 0.8464643861484616
-0.07599999999999996 0.8413126172576659 0.8434229206193706
-0.06799999999999995 0.8892193507837597 0.8908188126779758
-0.05999999999999994 0.9684499743494225 0.9702231039843117
-0.051999999999999935 1.0370140372636427 1.0396413175403718
-0.043999999999999984 1.052491496691666 1.0550446907315987
-0.03600000000000003 1.008286186296351 1.0092736260911124
-0.028000000000000025 0.9403540600436692 0.9418279998492778
-0.020000000000000018 0.8950016271335978 0.897751028162128
-0.01200000000000001 0.9001409573921666 0.9025181580242233
-0.0040000000000000036 0.9579671093402585 0.959934632023885
0.0040000000000000036 1.0438771751659501 1.0462509658701455
0.01200000000000001 1.1109371168901578 1.1143201476491162
0.020000000000000018 1.1173164044435073 1.1203889670204954
0.028000000000000025 1.063429236380987 1.0649734078574227
0.03600000000000003 0.9917819103256905 0.9943271850655389
0.04400000000000004 0.950126441062313 0.9538961186002809
0.052000000000000046 0.9643071010289208 0.9677581350474898
0.06000000000000005 1.0325778579030611 1.0359877184749169
0.06800000000000006 1.124581914595762 1.1289562472656727
0.07600000000000007 1.1886188076669886 1.194423442099799
0.08400000000000007 1.1846648301320484 1.1901154072451547
0.09200000000000008 1.1210760594259062 1.1253235542809439
0.10000000000000009 1.0466534553664761 1.0525604039342722
0.1080000000000001 1.009955607577201 1.0172413771903193
0.1160000000000001 1.034292006031183 1.0418112088098475
0.12400000000000011 1.113423588394775 1.1219618333667989
0.13200000000000012 1.210710468652368 1.2215522997146242
0.14000000000000012 1.2700556717958944 1.2833421918536771
0.14800000000000013 1.2546105513019121 1.2678322862669207
0.15600000000000003 1.1814888320246 1.194099158369497
0.16399999999999992 1.1053801818459352 1.1203996421031248
0.17199999999999993 1.074988531763603 1.0919091084185233
0.17999999999999994 1.1106009612218974 1.1291565354899147
0.18799999999999994 1.2008701702878823 1.2226883743083288
0.19599999999999995 1.302383909912045 1.329045465527893
0.20399999999999996 1.3552409887774934 1.3860538790853236
0.21199999999999997 1.327259277256358 1.358392727416334
0.21999999999999997 1.244974277512815 1.2759263121089708
0.22799999999999998 1.1684177982140045 1.2022311316829013
0.236 1.145764844867683 1.1821996608445358
0.244 1.1937612274498877 1.2340081697809664
0.252 1.2952721237581013 1.3420756601443713
0.26 1.3996970845728012 1.4546323992279584
0.268 1.4441705031750915 1.5047823047564781
0.276 1.402754373630796 1.4631378364094805
0.28400000000000003 1.311886840771658 1.3714147475317169
0.29200000000000004 1.2362688507053214 1.2980496852557166
0.30000000000000004 1.222865454024635 1.2875422447614162
0.30800000000000005 1.2843188443106872 1.3549980775276205
0.31600000000000006 1.3969671605806444 1.4775453246215196
0.32400000000000007 1.5027187214763718 1.5942404978111
0.3320000000000001 1.5368490535440102 1.634294611352562
0.3400000000000001 1.4812825029968215 1.5765419859347563
0.3480000000000001 1.382631877144549 1.4753436352012685
0.3560000000000001 1.3094854308002126 1.403155712454883
0.3640000000000001 1.3069131434702232 1.403748885432511
0.3720000000000001 1.382834541497459 1.4881837113887832
0.3800000000000001 1.5062706954359295 1.6251075373142911
0.3880000000000001 1.6114928530629653 1.7438511200971831
0.39600000000000013 1.6332979586796348 1.7711317630137273
0.404 1.5630791272290674 1.6964101578814974
0.4119999999999999 1.4576689045739408 1.586885199206356
0.41999999999999993 1.3886719311644238 1.5180002475817216
0.42799999999999994 1.3985725909886262 1.5324029334293645
0.43599999999999994 1.4898787233071666 1.6360102582050375
0.44399999999999995 1.623470574483026 1.7877538991858106
0.45199999999999996 1.7260416914675971 1.9068081987266867
0.45999999999999996 1.7335630114813159 1.9190826683502857
0.46799999999999997 1.6484338430341476 1.8270495988823716
0.476 1.5375149658707306 1.7106511709744845
0.484 1.4744877849604758 1.6475101186906933
0.492 1.4985496526108204 1.678761821932473
0.5 1.6060255341656744 1.8039158300870182
0.508 1.748822306560023 1.9707362355106834
0.516 1.846370054771515 2.087820025472131
0.524 1.8377229151177175 2.082255158057425
0.532 1.737695548529513 1.9719466239882277
0.54 1.6227481406271735 1.8492266766545822
0.548 1.5676500993017355 1.7930855188784802
0.556 1.6075897627862503 1.84231452647991
0.5640000000000001 1.731846062206836 1.9882899655198
0.5720000000000001 1.8825451113492608 2.1660189586368577
0.5800000000000001 1.9724713813442964 2.2739172280300797
0.5880000000000001 1.9458979921643011 2.24364548889099
0.5960000000000001 1.8312774639271558 2.1113144581712664
0.6040000000000001 1.714011233689236 1.9805390420390674
0.6120000000000001 1.668936068054921 1.9302875492987308
0.6200000000000001 1.7264752982558076 1.9957399795570714
0.6280000000000001 1.8679007962020078 2.158715110281854
0.6360000000000001 2.02481911453971 2.3413273415400164
0.6440000000000001 2.104335307866383 2.434340547761682
0.6520000000000001 2.058259005311381 2.378191912741997
0.6600000000000001 1.9296620512353324 2.228123269140541
0.668 1.8120156494695503 2.0954904063587163
0.6759999999999999 1.7791850229249007 2.057165111612291
0.6839999999999999 1.8560217636653848 2.1429115750972247
0.692 2.014731516788469 2.3233001860810565
0.7 2.175784019136112 2.5068659339282755
0.708 2.241956723419135 2.5784679867663134
0.716 2.1750359474101035 2.4905478164002974
0.724 2.03340589474056 2.316777102519808
0.732 1.9175454389559026 2.1707629521878617
0.74 1.89929995577883 2.1202760345167913
0.748 1.9970726776206664 2.181315731519483
0.756 2.1728528732236017 2.3150858581078158
0.764 2.335539562216617 2.443991514913378
0.772 2.3853461527918483 2.4669641172797734
0.78 2.296526687356809 2.352882727620273
0.788 2.143144614540729 2.1841147203526265
0.796 2.031461479375169 2.065296247251861
0.804 2.030248320816955 2.0575440872868196
0.812 2.1504930712932246 2.173696197814436
0.8200000000000001 2.3427439679454642 2.3650059877402767
0.8280000000000001 2.5041480265500318 2.5272406583216016
0.8360000000000001 2.534541271647375 2.555470783816524
0.8440000000000001 2.4231053941355998 2.4380380531466908
0.8520000000000001 2.259597888638119 2.2738661356941368
0.8600000000000001 2.1547057155034843 2.170300076372752
0.8680000000000001 2.1730619041915733 2.1867453464022595
0.8760000000000001 2.3171615593645254 2.329555716415157
0.8840000000000001 2.524840338216584 2.538192437249399
0.8920000000000001 2.6816390171106184 2.69713268840931
0.9000000000000001 2.6896193186265975 2.7034477532931396
0.9080000000000001 2.5552307012131186 2.5644812250973468
0.916 2.3835746545234 2.3944764612888005
0.9239999999999999 2.2883053570632583 2.3010677055953317
0.9319999999999999 2.328835533145937 2.3400338568095385
0.94 2.4979610058994766 2.508445454788603
0.948 2.719526781494695 2.731625447544672
0.956 2.8680166360514647 2.8824625361737524
0.964 2.8507101480708554 2.8628320681674095
0.972 2.693453614112457 2.70160419655331
0.98 2.5159785485817614 2.5270223947020964
0.988 2.4333768891589513 2.4459201378239666
0.996 2.498724389232622 2.509653989206428
