-0.9933333333333334 0.4064820503519311 0.4058485221051695
-0.98 0.39745966855070874 0.39841083271294253
-0.9666666666666667 0.35600578422951235 0.34893805159235247
-0.9533333333333334 0.35282273498008415 0.3555401585600997
-0.94 0.40032650535307923 0.40019849014788145
-0.9266666666666667 0.4375028809200964 0.43970699741172187
-0.9133333333333333 0.4103218115712467 0.40993224104138637
-0.8999999999999999 0.371799827981095 0.3675842532983753
-0.8866666666666667 0.38625913512260796 0.390378731401701
-0.8733333333333333 0.44294174673871833 0.4438828340877042
-0.86 0.4641005000380445 0.46896970711308805
-0.8466666666666667 0.4222167123489807 0.4193029669056749
-0.8333333333333333 0.3933700818724979 0.3944010608436315
-0.8200000000000001 0.4268498878590554 0.4311924469147719
-0.8066666666666666 0.48590982883696204 0.4891189465449057
-0.7933333333333333 0.4857549968109915 0.4921665033808661
-0.78 0.43544018256149747 0.43093508699411054
-0.7666666666666666 0.4222614930974185 0.42852841601995495
-0.7533333333333333 0.47385739781059893 0.4785553985109906
-0.74 0.5265097790148362 0.5332140345592511
-0.7266666666666667 0.5031824425412151 0.5091585428068955
-0.7133333333333334 0.4524432927247961 0.44976892381489947
-0.7 0.4596044419873287 0.4691449443019577
-0.6866666666666666 0.5255464032358944 0.5315518818002369
-0.6733333333333333 0.5623959018634729 0.5730443225486859
-0.6599999999999999 0.5182254578514495 0.521697533395028
-0.6466666666666666 0.4755888260792587 0.47865578260724684
-0.6333333333333333 0.5059053210295138 0.5167868280985868
-0.62 0.579214774176186 0.5880034405251703
-0.6066666666666667 0.5922552061360904 0.6061794185807913
-0.5933333333333333 0.5335123829989846 0.5344097812741682
-0.58 0.5069782048338117 0.5177312246795117
-0.5666666666666667 0.560772942296653 0.5729656443394102
-0.5533333333333333 0.6315458407934703 0.645307957290103
-0.54 0.6162385739129619 0.6318288678065791
-0.5266666666666666 0.5520450550679699 0.553599229446337
-0.5133333333333333 0.5482905144728343 0.5653522040819785
-0.49999999999999994 0.6226551064890122 0.6367697399566525
-0.48666666666666664 0.6792908323433683 0.6985239057149288
-0.47333333333333333 0.6360095047933627 0.6497087073170629
-0.45999999999999996 0.5768466409222172 0.5835240191180617
-0.4466666666666666 0.6005645620636632 0.6205340734045797
-0.4333333333333333 0.6887360215648651 0.7055008536768241
-0.42 0.7201124884561353 0.7435815596620661
-0.4066666666666666 0.6544351872130316 0.6635803153611975
-0.39333333333333326 0.6107104892104064 0.6255457969092354
-0.37999999999999995 0.6638912932649151 0.6843970387998999
-0.36666666666666664 0.7551709421868383 0.7756965445684127
-0.35333333333333333 0.7532910653911019 0.7784061772796308
-0.33999999999999997 0.675090671750239 0.6811347019837626
-0.3266666666666666 0.656003968452573 0.6787822686497071
-0.3133333333333333 0.7370619007019764 0.7583644947986401
-0.3 0.8177514514854016 0.8436853845191876
-0.2866666666666666 0.7800227699677444 0.8034427676772354
-0.27333333333333326 0.7017710174591715 0.7103230147657406
-0.25999999999999995 0.7144402964197131 0.7420601315046196
-0.24666666666666665 0.8173169090524328 0.8408288863557805
-0.23333333333333328 0.8728992516321238 0.9044750304049152
-0.21999999999999992 0.8032294466338534 0.8215230961597091
-0.2066666666666666 0.7381203193505238 0.7551487093897382
-0.1933333333333333 0.7867490306387674 0.8159577150080743
-0.17999999999999994 0.9004134112217832 0.9277872754681937
-0.16666666666666657 0.918675848019551 0.9537914383081325
-0.15333333333333327 0.827020208066172 0.839580518634209
-0.13999999999999996 0.7873670597336668 0.8149883233030528
-0.12666666666666665 0.8722497677145612 0.9021329700877682
-0.11333333333333329 0.9811956787713725 1.0145612221044538
-0.09999999999999992 0.955426072376418 0.9905258733477021
-0.08666666666666661 0.85605402785599 0.867981615614735
-0.0733333333333333 0.8520730466738504 0.8880483815324229
-0.05999999999999994 0.9684499743494225 1.000536807872559
-0.04666666666666658 1.0546709526359224 1.0955682190305485
-0.03333333333333327 0.9858248894624293 1.016531585293004
-0.019999999999999962 0.8950016271335975 0.914533013962866
-0.006666666666666654 0.9337900545895983 0.9739854375540142
0.00666666666666671 1.0709045305044522 1.1075567153010497
0.02000000000000013 1.1173164044435069 1.1649824992397046
0.03333333333333344 1.0143789335094784 1.0382511187917578
0.046666666666666745 0.9481630242121639 0.9813630770646355
0.06000000000000005 1.0325778579030611 1.0750317862658345
0.07333333333333336 1.173608300255004 1.217978938696264
0.08666666666666678 1.1681505693098895 1.219447975235279
0.10000000000000009 1.0466534553664761 1.066946749486824
0.1133333333333334 1.0191647004114146 1.0659689350591515
0.1266666666666667 1.1464606091213603 1.192041467539265
0.14 1.2700556717958942 1.3246075684871672
0.15333333333333343 1.2091602965038868 1.2585147492814264
0.16666666666666674 1.0885232284660187 1.114066707747405
0.18000000000000005 1.1106009612218983 1.1660400692393418
0.19333333333333347 1.271053361436104 1.3218657336659252
0.20666666666666678 1.3547926723923618 1.4193223688301195
0.22000000000000008 1.2449742775128136 1.2867814639323256
0.2333333333333334 1.1456075808636867 1.1856312277447034
0.2466666666666667 1.2235156142301815 1.2828658671179345
0.2600000000000001 1.3996970845728023 1.4585832827091807
0.27333333333333343 1.4249662284723499 1.4961765390201642
0.28666666666666674 1.2820138571613124 1.3160003702283836
0.30000000000000004 1.222865454024635 1.2808598748702866
0.31333333333333335 1.3567381505509952 1.4192742381002614
0.32666666666666677 1.52438102220459 1.594803851867392
0.3400000000000001 1.4812825029968215 1.5532992201913782
0.3533333333333334 1.327508111994942 1.361920765818594
0.3666666666666668 1.3242034937204838 1.3964755596686513
0.3800000000000001 1.5062706954359295 1.574462938568328
0.3933333333333334 1.637437079708439 1.7213660240892954
0.40666666666666673 1.5280351966687262 1.5938106787071407
0.42000000000000004 1.3886719311644231 1.4366816312061614
0.43333333333333346 1.4519350936922373 1.532521146624918
0.44666666666666677 1.665099912928256 1.7430555055534702
0.4600000000000001 1.7335630114813156 1.8296462591379326
0.4733333333333335 1.5723035465089397 1.6283722380273344
0.4866666666666668 1.4721235034930071 1.5431643406809783
0.5000000000000001 1.6060255341656768 1.6923779374964845
0.5133333333333334 1.8238506295544294 1.916452536372215
0.5266666666666667 1.811446349930398 1.9142295678726529
0.5400000000000001 1.6227481406271718 1.6746589905688094
0.5533333333333335 1.5834163340282732 1.6772768782162102
0.5666666666666668 1.7832529435255708 1.8772917601169627
0.5800000000000001 1.9724713813442964 2.083561618204154
0.5933333333333334 1.874370739773256 1.975100478763591
0.6066666666666668 1.6884613079622577 1.7508371930031021
0.6200000000000001 1.7264752982558076 1.8360570338906903
0.6333333333333334 1.976654441912191 2.0825473988959433
0.6466666666666668 2.1026566335546026 2.232131837283751
0.6600000000000001 1.9296620512353324 2.0202153146885706
0.6733333333333335 1.7781068401930846 1.8660185964494203
0.6866666666666668 1.902781550483078 2.0219079242679596
0.7000000000000001 2.175784019136112 2.2987144414783316
0.7133333333333335 2.2102217362480867 2.3528285642894393
0.7266666666666668 1.9873507409155875 2.0680806272439454
0.7400000000000001 1.8992999557788306 2.0183053365276047
0.7533333333333334 2.110339533835245 2.238828906555179
0.7666666666666667 2.368200786353242 2.5136848158839897
0.7800000000000001 2.2965266873568067 2.442611864448656
0.7933333333333334 2.0586509795371217 2.1432164445529223
0.8066666666666668 2.0579950037099004 2.2025020812639236
0.8200000000000002 2.342743967945468 2.4850241320028443
0.8333333333333335 2.5421353734881333 2.712692921557278
0.8466666666666668 2.368451960218606 2.5064090576513602
0.8600000000000001 2.1547057155034843 2.263740756828714
0.8733333333333334 2.2576332155701717 2.418427297107166
0.8866666666666668 2.5889355333501096 2.750997456504519
0.9000000000000001 2.6896193186265975 2.881469440360958
0.9133333333333334 2.437111486154478 2.5609194680484517
0.9266666666666667 2.285699234475751 2.4331152275442154
0.9400000000000001 2.4979610058994766 2.6711746121680373
0.9533333333333335 2.8342844744867346 3.023019304240286
0.9666666666666668 2.8089431247985335 3.012161120959835
0.9800000000000001 2.5159785485817583 2.6349027191104457
0.9933333333333334 2.460133231305546 2.6453330316953108
