-0.9933333333333334 0.4064820503519311 0.40388900386466
-0.98 0.39745966855070874 0.4007641033266027
-0.9666666666666667 0.35600578422951235 0.35926030198083053
-0.9533333333333334 0.35282273498008415 0.35292991192989215
-0.94 0.40032650535307923 0.3971231928842913
-0.9266666666666667 0.4375028809200964 0.43358565404701577
-0.9133333333333333 0.41032181157124686 0.41311782083297705
-0.8999999999999999 0.3717998279810963 0.37203678761644365
-0.8866666666666667 0.3862591351226183 0.38378978895002314
-0.8733333333333333 0.44294174673879666 0.436056316094967
-0.86 0.46410050003859793 0.4597028089973127
-0.8466666666666667 0.422216712352624 0.42327454235339423
-0.8333333333333333 0.3933700818948342 0.3905606276537086
-0.8200000000000001 0.4268498879865962 0.42102306985091387
-0.8066666666666666 0.4859098295152332 0.47544011311215684
-0.7933333333333333 0.4857550001704905 0.48131069641738167
-0.78 0.43544019805902884 0.4334952214872814
-0.7666666666666666 0.4222615596810332 0.4163647495576888
-0.7533333333333333 0.473857664244234 0.463693569047393
-0.74 0.5265107719652667 0.5132215913003355
-0.7266666666666667 0.5031858890780448 0.4983237699707503
-0.7133333333333334 0.4524544345185724 0.4466632132018692
-0.7 0.4596379882501189 0.4502085254686998
-0.6866666666666666 0.5256404729903812 0.5102022130408606
-0.6733333333333333 0.5626415835095218 0.5474497446747342
-0.6599999999999999 0.51882306014095 0.5117695732493309
-0.6466666666666666 0.4769426700929239 0.465688151266708
-0.6333333333333333 0.5087618711079689 0.49210314973455166
-0.62 0.5848282504595994 0.5583535478826747
-0.6066666666666667 0.6025291876263398 0.5764823660999182
-0.5933333333333333 0.5510254618334998 0.5236512666044163
-0.58 0.5347819348791312 0.49255044034134665
-0.5666666666666667 0.6018841713473717 0.5409446139356373
-0.5533333333333333 0.68816125574519 0.6054029878034479
-0.54 0.6888534776203309 0.5995533121811172
-0.5266666666666666 0.638787902386311 0.5373525221212294
-0.5133333333333333 0.6447974262518024 0.5291143951651017
-0.49999999999999994 0.7226551064890122 0.5959442721098611
-0.48666666666666664 0.7757977441223363 0.6498657307054879
-0.47333333333333333 0.7227523521117039 0.6182938147769252
-0.45999999999999996 0.6494615446295862 0.5574991040392425
-0.4466666666666666 0.6571799770153828 0.5768073969396855
-0.4333333333333333 0.7298472506155839 0.6558942882699158
-0.42 0.7479162185014547 0.6907199134651202
-0.4066666666666666 0.6719482660475466 0.635627117698207
-0.39333333333333326 0.6209844707006558 0.5878666331547808
-0.37999999999999995 0.6695047695483285 0.6353109847512831
-0.36666666666666664 0.7580274922652934 0.7173919820511694
-0.35333333333333333 0.7546449094047671 0.7252400108505759
-0.33999999999999997 0.6756882740397395 0.653177465892695
-0.3266666666666666 0.6562496500986219 0.6291295571033465
-0.3133333333333333 0.7371559704564632 0.7019221878291304
-0.3 0.8177849977481919 0.7763974408301206
-0.2866666666666666 0.7800339117615207 0.7528824127776492
-0.27333333333333326 0.7017744639960012 0.675435703741453
-0.25999999999999995 0.7144412893701436 0.6827853179351586
-0.24666666666666665 0.8173171754860679 0.7745285642013824
-0.23333333333333328 0.8728993182157385 0.8301154876688004
-0.21999999999999992 0.8032294621313848 0.7752045363305664
-0.2066666666666666 0.7381203227100228 0.7066749668251475
-0.1933333333333333 0.7867490313170385 0.7487889156284557
-0.17999999999999994 0.900413411349324 0.8498661841036271
-0.16666666666666657 0.9186758480418874 0.8763416906289072
-0.15333333333333327 0.8270202080698154 0.7958258817084014
-0.13999999999999996 0.7873670597342203 0.7506438746322133
-0.12666666666666665 0.8722497677146395 0.8262629367724625
-0.11333333333333329 0.9811956787713828 0.9243817179329306
-0.09999999999999992 0.9554260723764192 0.9141739785235792
-0.08666666666666661 0.8560540278559902 0.8196669644935337
-0.0733333333333333 0.8520730466738504 0.8094137165566868
-0.05999999999999994 0.9684499743494225 0.9128189736906043
-0.04666666666666658 1.0546709526359224 0.9943479551467334
-0.03333333333333327 0.9858248894624293 0.9447095942560142
-0.019999999999999962 0.8950016271335975 0.8526900504595417
-0.006666666666666654 0.9337900545895983 0.8843299026360231
0.00666666666666671 1.0709045305044522 1.0057691529835708
0.02000000000000013 1.1173164044435069 1.0574729846628974
0.03333333333333344 1.0143789335094784 0.9721626932726274
0.046666666666666745 0.9481630242121639 0.9011270631898393
0.06000000000000005 1.0325778579030611 0.976482901416909
0.07333333333333336 1.173608300255004 1.1030099804387334
0.08666666666666678 1.1681505693098895 1.1141638421439768
0.10000000000000009 1.0466534553664761 1.0043805948770523
0.1133333333333334 1.0191647004114146 0.9714482491821034
0.1266666666666667 1.1464606091213603 1.0874940116523883
0.14 1.2700556717958942 1.2039562912957757
0.15333333333333343 1.2091602965038868 1.1680605370780976
0.16666666666666674 1.0885232284660187 1.0514054380486626
0.18000000000000005 1.1106009612218983 1.0690922258982454
0.19333333333333347 1.271053361436104 1.2174222570535056
0.20666666666666678 1.3547926723923618 1.3067878446403116
0.22000000000000008 1.2449742775128136 1.2227991819213082
0.2333333333333334 1.1456075808636867 1.1208049065677614
0.2466666666666667 1.2235156142301815 1.1953477471835696
0.2600000000000001 1.3996970845728023 1.361704384410572
0.27333333333333343 1.4249662284723499 1.4067612382432728
0.28666666666666674 1.2820138571613124 1.281827040818478
0.30000000000000004 1.222865454024635 1.217478527048332
0.31333333333333335 1.3567381505509952 1.3488385898670616
0.32666666666666677 1.52438102220459 1.5141858629597043
0.3400000000000001 1.4812825029968215 1.5011430012357403
0.3533333333333334 1.327508111994942 1.3527207419527698
0.3666666666666668 1.3242034937204838 1.3465286896918252
0.3800000000000001 1.5062706954359295 1.527875576349127
0.3933333333333334 1.637437079708439 1.669617360579855
0.40666666666666673 1.5280351966687262 1.591116618811349
0.42000000000000004 1.3886719311644231 1.444953648478298
0.43333333333333346 1.4519350936922373 1.5090034965291375
0.44666666666666677 1.665099912928256 1.7219527841274938
0.4600000000000001 1.7335630114813156 1.811553513884395
0.4733333333333335 1.5723035465089397 1.6661584084621328
0.4866666666666668 1.4721235034930071 1.5476384170963702
0.5000000000000001 1.6060255341656768 1.6788935026620397
0.5133333333333334 1.8238506295544294 1.8928051004975672
0.5266666666666667 1.811446349930398 1.9052292286773818
0.5400000000000001 1.6227481406271718 1.712838457633576
0.5533333333333335 1.5834163340282732 1.6553563392712485
0.5666666666666668 1.7832529435255708 1.8487193619255406
0.5800000000000001 1.9724713813442964 2.036845658178951
0.5933333333333334 1.874370739773256 1.9639780542122904
0.6066666666666668 1.6884613079622577 1.7571732875298438
0.6200000000000001 1.7264752982558076 1.7743825409749574
0.6333333333333334 1.976654441912191 1.9994439569844245
0.6466666666666668 2.1026566335546026 2.1173874991751065
0.6600000000000001 1.9296620512353324 1.9462455676554553
0.6733333333333335 1.7781068401930846 1.7428368018035485
0.6866666666666668 1.902781550483078 1.8199895225168485
0.7000000000000001 2.175784019136112 2.0389431835647844
0.7133333333333335 2.2102217362480867 2.076729247619793
0.7266666666666668 1.9873507409155875 1.8700701383903993
0.7400000000000001 1.8992999557788306 1.762421261298151
0.7533333333333334 2.110339533835245 1.939349679988485
0.7666666666666667 2.368200786353242 2.1608385673338897
0.7800000000000001 2.2965266873568067 2.1253422149409023
0.7933333333333334 2.0586509795371217 1.9025058788922184
0.8066666666666668 2.0579950037099004 1.8849875927398483
0.8200000000000002 2.342743967945468 2.126840221379995
0.8333333333333335 2.5421353734881333 2.308160681385093
0.8466666666666668 2.368451960218606 2.183755438626253
0.8600000000000001 2.1547057155034843 1.9725430175412744
0.8733333333333334 2.2576332155701717 2.0526726184504804
0.8866666666666668 2.5889355333501096 2.3322781509327584
0.9000000000000001 2.6896193186265975 2.4411529847515148
0.9133333333333334 2.437111486154478 2.236188285588484
0.9266666666666667 2.285699234475751 2.0767268699358477
0.9400000000000001 2.4979610058994766 2.2546801915999017
0.9533333333333335 2.8342844744867346 2.539419790159592
0.9666666666666668 2.8089431247985335 2.5512544323360156
0.9800000000000001 2.5159785485817583 2.2929294165240655
0.9933333333333334 2.460133231305546 2.221882013447547
