-0.9933333333333334 0.4064820503519311 0.406552537962516
-0.98 0.39745966855070874 0.4027294502896853
-0.9666666666666667 0.35600578422951235 0.35586512953805205
-0.9533333333333334 0.35282273498008415 0.3515634687294069
-0.94 0.40032650535307923 0.39826722310615087
-0.9266666666666667 0.4375028809200964 0.4374248138830353
-0.9133333333333333 0.4103218115712467 0.4139283854509498
-0.8999999999999999 0.371799827981095 0.368663243100434
-0.8866666666666667 0.38625913512260796 0.3835940944483184
-0.8733333333333333 0.44294174673871833 0.4386193175371754
-0.86 0.4641005000380445 0.46425960552104384
-0.8466666666666667 0.4222167123489807 0.4224875137044941
-0.8333333333333333 0.3933700818724979 0.3881536321247977
-0.8200000000000001 0.4268498878590554 0.42199980886561567
-0.8066666666666666 0.48590982883696204 0.47965864506898814
-0.7933333333333333 0.4857549968109915 0.48581987743573246
-0.78 0.43544018256149747 0.4312933072561592
-0.7666666666666666 0.4222614930974185 0.41546453124053956
-0.7533333333333333 0.47385739781059893 0.46605390752587783
-0.74 0.5265097790148362 0.5191262205939793
-0.7266666666666667 0.5031824425412151 0.501881589389907
-0.7133333333333334 0.4524432927247961 0.44396030482090965
-0.7 0.4596044419873287 0.4509121383148022
-0.6866666666666666 0.5255464032358944 0.5142937937707965
-0.6733333333333333 0.5623959018634729 0.5546538084197032
-0.6599999999999999 0.5182254578514495 0.5135548331409062
-0.6466666666666666 0.4755888260792587 0.4636476533748607
-0.6333333333333333 0.5059053210295138 0.49425211825790516
-0.62 0.579214774176186 0.5643594492800146
-0.6066666666666667 0.5922552061360904 0.5839960296034299
-0.5933333333333333 0.5335123829989846 0.5232798157574914
-0.58 0.5069782048338117 0.4920480469172562
-0.5666666666666667 0.560772942296653 0.5446978765706365
-0.5533333333333333 0.6315458407934703 0.6136197645286572
-0.54 0.6162385739129619 0.6065445037436747
-0.5266666666666666 0.5520450550679699 0.5359016098154026
-0.5133333333333333 0.5482905144728343 0.5308012639407189
-0.49999999999999994 0.6226551064890122 0.6019081201954504
-0.48666666666666664 0.6792908323433683 0.6602775214848715
-0.47333333333333333 0.6360095047933627 0.6237931603481554
-0.45999999999999996 0.5768466409222172 0.5564165801666916
-0.4466666666666666 0.6005645620636632 0.5806194090077512
-0.4333333333333333 0.6887360215648651 0.664337103106191
-0.42 0.7201124884561353 0.7022041574849741
-0.4066666666666666 0.6544351872130316 0.6384128706933345
-0.39333333333333326 0.6107104892104064 0.5879723084767255
-0.37999999999999995 0.6638912932649151 0.6406929023226837
-0.36666666666666664 0.7551709421868383 0.728103868366915
-0.35333333333333333 0.7532910653911019 0.7362029509794964
-0.33999999999999997 0.675090671750239 0.6534485309501965
-0.3266666666666666 0.656003968452573 0.6312987597298386
-0.3133333333333333 0.7370619007019764 0.7092960185333408
-0.3 0.8177514514854016 0.7894289759868864
-0.2866666666666666 0.7800227699677444 0.7619345949869886
-0.27333333333333326 0.7017710174591715 0.6746250245918723
-0.25999999999999995 0.7144402964197131 0.6871958979809264
-0.24666666666666665 0.8173169090524328 0.7845035158595365
-0.23333333333333328 0.8728992516321238 0.8450053647506874
-0.21999999999999992 0.8032294466338534 0.7814076508735388
-0.2066666666666666 0.7381203193505238 0.7069540358874782
-0.1933333333333333 0.7867490306387674 0.7556194093038493
-0.17999999999999994 0.9004134112217832 0.8630667620952368
-0.16666666666666657 0.918675848019551 0.8918231092570594
-0.15333333333333327 0.827020208066172 0.7988094146997522
-0.13999999999999996 0.7873670597336668 0.7533143352570639
-0.12666666666666665 0.8722497677145612 0.8355692434673463
-0.11333333333333329 0.9811956787713725 0.9408076041360636
-0.09999999999999992 0.955426072376418 0.928347636199931
-0.08666666666666661 0.85605402785599 0.8204851637013469
-0.0733333333333333 0.8520730466738504 0.8149700592915592
-0.05999999999999994 0.9684499743494225 0.9250522656412574
-0.04666666666666658 1.0546709526359224 1.0133510639423942
-0.03333333333333327 0.9858248894624293 0.9554897653750638
-0.019999999999999962 0.8950016271335975 0.8530449900613423
-0.006666666666666654 0.9337900545895983 0.8919704757026421
0.00666666666666671 1.0709045305044522 1.0204139650150705
0.02000000000000013 1.1173164044435069 1.0763282704235286
0.03333333333333344 1.0143789335094784 0.9769450683153214
0.046666666666666745 0.9481630242121639 0.9013968472607103
0.06000000000000005 1.0325778579030611 0.9838203201028367
0.07333333333333336 1.173608300255004 1.1172272034450523
0.08666666666666678 1.1681505693098895 1.1271782745191363
0.10000000000000009 1.0466534553664761 0.9997913887136107
0.1133333333333334 1.0191647004114146 0.9681813936050848
0.1266666666666667 1.1464606091213603 1.0888938495770373
0.14 1.2700556717958942 1.2102975468734785
0.15333333333333343 1.2091602965038868 1.1656037454104675
0.16666666666666674 1.0885232284660187 1.0324333631190148
0.18000000000000005 1.1106009612218983 1.0540801253501917
0.19333333333333347 1.271053361436104 1.2036503631845683
0.20666666666666678 1.3547926723923618 1.294079333685767
0.22000000000000008 1.2449742775128136 1.1944254117865278
0.2333333333333334 1.1456075808636867 1.082147106007256
0.2466666666666667 1.2235156142301815 1.1588145822278157
0.2600000000000001 1.3996970845728023 1.3230231553954743
0.27333333333333343 1.4249662284723499 1.3641833179238563
0.28666666666666674 1.2820138571613124 1.2204966929345886
0.30000000000000004 1.222865454024635 1.153492582531377
0.31333333333333335 1.3567381505509952 1.281113797743799
0.32666666666666677 1.52438102220459 1.4409171153621363
0.3400000000000001 1.4812825029968215 1.4186458576216383
0.3533333333333334 1.327508111994942 1.2535952677795106
0.3666666666666668 1.3242034937204838 1.248102891608247
0.3800000000000001 1.5062706954359295 1.4175496816130193
0.3933333333333334 1.637437079708439 1.5503426336386243
0.40666666666666673 1.5280351966687262 1.4588192332915724
0.42000000000000004 1.3886719311644231 1.303682778559574
0.43333333333333346 1.4519350936922373 1.366095092234576
0.44666666666666677 1.665099912928256 1.5626957885001294
0.4600000000000001 1.7335630114813156 1.645032371179024
0.4733333333333335 1.5723035465089397 1.4908618100908582
0.4866666666666668 1.4721235034930071 1.3781687702998116
0.5000000000000001 1.6060255341656768 1.5065958973381297
0.5133333333333334 1.8238506295544294 1.7095573886094146
0.5266666666666667 1.811446349930398 1.7209415525063938
0.5400000000000001 1.6227481406271718 1.5254049488251462
0.5533333333333335 1.5834163340282732 1.4805990674374268
0.5666666666666668 1.7832529435255708 1.6667401441556826
0.5800000000000001 1.9724713813442964 1.8499844127615628
0.5933333333333334 1.874370739773256 1.7777440688522903
0.6066666666666668 1.6884613079622577 1.5752824092901354
0.6200000000000001 1.7264752982558076 1.6119639315349055
0.6333333333333334 1.976654441912191 1.8411211324824763
0.6466666666666668 2.1026566335546026 1.9757684658118406
0.6600000000000001 1.9296620512353324 1.8202626543443856
0.6733333333333335 1.7781068401930846 1.651593305914341
0.6866666666666668 1.902781550483078 1.771901548728819
0.7000000000000001 2.175784019136112 2.0220442430961825
0.7133333333333335 2.2102217362480867 2.080455331751293
0.7266666666666668 1.9873507409155875 1.8592136233095755
0.7400000000000001 1.8992999557788306 1.7609744061042631
0.7533333333333334 2.110339533835245 1.9582847993368016
0.7666666666666667 2.368200786353242 2.200133683266211
0.7800000000000001 2.2965266873568067 2.161300514138917
0.7933333333333334 2.0586509795371217 1.9096632096418906
0.8066666666666668 2.0579950037099004 1.9058311234036294
0.8200000000000002 2.342743967945468 2.1658695996472037
0.8333333333333335 2.5421353734881333 2.3649128317393613
0.8466666666666668 2.368451960218606 2.2207925338019705
0.8600000000000001 2.1547057155034843 1.986659797148084
0.8733333333333334 2.2576332155701717 2.086178567262755
0.8866666666666668 2.5889355333501096 2.386138500624331
0.9000000000000001 2.6896193186265975 2.5067979262590945
0.9133333333333334 2.437111486154478 2.268473017514279
0.9266666666666667 2.285699234475751 2.101053454377584
0.9400000000000001 2.4979610058994766 2.3005083632365997
0.9533333333333335 2.8342844744867346 2.608381187249651
0.9666666666666668 2.8089431247985335 2.619980176022486
0.9800000000000001 2.5159785485817583 2.320914280073042
0.9933333333333334 2.460133231305546 2.2581180796761102
