-0.996 0.40020420191564543 0.4003336960228706
-0.988 0.4109515482189157 0.41168834065597354
-0.98 0.39745966855070874 0.39829956562306684
-0.972 0.37127054825093714 0.3714394166687995
-0.964 0.3507897850213654 0.35067557230229646
-0.956 0.34867301236325726 0.3486882969713465
-0.948 0.36771103222979995 0.3677106842562285
-0.94 0.40032650535307923 0.4001593590019488
-0.9319999999999999 0.42939915067730755 0.4294435463927675
-0.9239999999999999 0.43700461431570903 0.43770015390251804
-0.916 0.41953793983429977 0.42019029493990395
-0.908 0.3913540955520141 0.3912902512974888
-0.9 0.37179982798109523 0.37154395005433394
-0.892 0.3729062687480842 0.37279227335510673
-0.884 0.39606464807447916 0.3958855413935788
-0.876 0.43156248469539105 0.43120839916563286
-0.868 0.4601801716145875 0.4601397636142001
-0.86 0.4641005000380445 0.4647283547846367
-0.852 0.4425566181612559 0.4429780661987569
-0.844 0.41269356356524944 0.4123859336185114
-0.836 0.3945487142728711 0.394142176302163
-0.8280000000000001 0.3993374151198647 0.3990698299252793
-0.8200000000000001 0.4268498878590554 0.4264612826549399
-0.812 0.4650096358592953 0.4644532446926529
-0.804 0.49255058592911843 0.4924236311188598
-0.796 0.49225644205056596 0.4927819202358811
-0.788 0.46660407011978416 0.46675153247486323
-0.78 0.43544018256149747 0.4348798488882724
-0.772 0.4192263662989053 0.41865645789411604
-0.764 0.42816658564795135 0.4277167192779461
-0.756 0.46022444148112973 0.4595933444598179
-0.748 0.5007329033169742 0.49996080210840094
-0.74 0.5265097790148362 0.5262915974057486
-0.732 0.5215000279443166 0.521879942179796
-0.724 0.49178572885350513 0.4916178710881954
-0.716 0.45976251619691033 0.4589417121858407
-0.708 0.446038939803857 0.4452886681034825
-0.7 0.4596044419873287 0.4589391141926412
-0.692 0.4963440496498631 0.4954358294239295
-0.6839999999999999 0.5387867855736449 0.5377876659152709
-0.6759999999999999 0.5620550910191705 0.5617358495028721
-0.6679999999999999 0.5518716134116944 0.5520537718162508
-0.6599999999999999 0.5182254578514495 0.5177031235837461
-0.6519999999999999 0.4858475038464435 0.48475804211632123
-0.644 0.47520943846820457 0.47425784367072454
-0.636 0.49387127611511333 0.49295542562282246
-0.628 0.5353603371406532 0.5341440626382696
-0.62 0.579214774176186 0.5779844368692935
-0.612 0.599184126427 0.598749335477741
-0.604 0.5834267479377021 0.5833463358716112
-0.596 0.5460668957589359 0.5451369010230633
-0.588 0.5139015529214671 0.5124945448916988
-0.5800000000000001 0.5069782048338116 0.5057242542814271
-0.5720000000000001 0.53119577000908 0.5298602067701186
-0.5640000000000001 0.5774185257122287 0.5756631540574184
-0.556 0.6220492461128982 0.6203182120489933
-0.548 0.6378974494661922 0.6370222850235567
-0.54 0.6162385739129619 0.6155344553546559
-0.532 0.5754748010065562 0.5738466119282282
-0.524 0.5441516736683581 0.5422071285573036
-0.516 0.5416032378859981 0.539874719086462
-0.508 0.571813383354553 0.5699676576374726
-0.5 0.6226551064890118 0.6204116779355889
-0.492 0.6673118893710118 0.6653025491067657
-0.484 0.6782016169952912 0.6771905051987108
-0.476 0.6504001731350151 0.6493905973523817
-0.46799999999999997 0.6066364168788088 0.6046671927357918
-0.45999999999999996 0.5768466409222172 0.5747022981531739
-0.45199999999999996 0.5793602813555057 0.5774332962089908
-0.44399999999999995 0.6159643517520713 0.6138233682461754
-0.43599999999999994 0.6711955707242026 0.6686323928063658
-0.42799999999999994 0.7150147274751879 0.712842117435935
-0.42 0.7201124884561353 0.7189663254121853
-0.41200000000000003 0.6860268452336158 0.6846457099448319
-0.404 0.6397628773744422 0.6374274545463949
-0.396 0.6122581582165229 0.6099067265609786
-0.388 0.6205426217679464 0.6184145419693576
-0.38 0.6638912932649146 0.6614755558782923
-0.372 0.7231523150391586 0.7203469908572542
-0.364 0.7651617898223277 0.7629481351476848
-0.356 0.7636587444801967 0.7624521839049827
-0.348 0.7232583137495914 0.7215457134513519
-0.33999999999999997 0.675090671750239 0.6724348258694955
-0.33199999999999996 0.6506819896814044 0.6481037292849893
-0.32399999999999995 0.6654605321064566 0.6630354358446086
-0.31599999999999995 0.7158364406965406 0.7130099181570486
-0.30799999999999994 0.7786228508830418 0.7754560074544923
-0.3 0.8177514514854016 0.8153964794142348
-0.29200000000000004 0.8088855425172896 0.8074865638886506
-0.28400000000000003 0.7622608665026287 0.760133596737047
-0.276 0.7128831809746325 0.7099201094516676
-0.268 0.6924390145079425 0.6896732055091317
-0.26 0.7144402964197129 0.7117638839707056
-0.252 0.7720385405181122 0.7688615918324468
-0.244 0.8376884564564051 0.8342544231172601
-0.236 0.8727794402833888 0.8703518962327419
-0.22799999999999998 0.8558582396883709 0.8542207207187633
-0.21999999999999997 0.8032294466338536 0.8006043508649572
-0.21199999999999997 0.7534322924961191 0.7500818018908229
-0.20399999999999996 0.7378761476968451 0.7348004526112824
-0.19599999999999995 0.7678227536360872 0.7647470157465741
-0.18799999999999994 0.832729486285992 0.8290747761419748
-0.17999999999999994 0.9004134112217832 0.8966593802815528
-0.17199999999999993 0.9302424820843638 0.9277214987140141
-0.16399999999999998 0.9046661197869907 0.9027497784074302
-0.15600000000000003 0.8463897185438474 0.8433025702930886
-0.14800000000000002 0.7970600908483491 0.7934130120840575
-0.14 0.7873670597336667 0.7840454799068214
-0.132 0.825961306102435 0.8225144888912916
-0.124 0.8981307836685076 0.8940113689324036
-0.11599999999999999 0.9668449472380932 0.962785553578737
-0.10799999999999998 0.9901425295304973 0.9874609208202965
-0.09999999999999998 0.9554260723764184 0.9530576082573062
-0.09199999999999997 0.8920001382529664 0.8883106242491604
-0.08399999999999996 0.8441206107963337 0.8400613259975325
-0.07599999999999996 0.8413126172576659 0.8376119802009301
-0.06799999999999995 0.8892193507837597 0.8852769233181667
-0.05999999999999994 0.9684499743494225 0.9638062225255375
-0.051999999999999935 1.0370140372636427 1.0326860574414072
-0.043999999999999984 1.052491496691666 1.0496863810976973
-0.03600000000000003 1.008286186296351 1.0054798057666434
-0.028000000000000025 0.9403540600436692 0.9361483853056856
-0.020000000000000018 0.8950016271335978 0.8906159920590353
-0.01200000000000001 0.9001409573921666 0.896086221307665
-0.0040000000000000036 0.9579671093402585 0.9534991294594186
0.0040000000000000036 1.0438771751659501 1.03866295962737
0.01200000000000001 1.1109371168901578 1.1062845448955783
0.020000000000000018 1.1173164044435073 1.1142260478087596
0.028000000000000025 1.063429236380987 1.059967215114578
0.03600000000000003 0.9917819103256905 0.9869187736659975
0.04400000000000004 0.950126441062313 0.9452886273428753
0.052000000000000046 0.9643071010289208 0.9597643867700804
0.06000000000000005 1.0325778579030611 1.0274796970378068
0.06800000000000006 1.124581914595762 1.1187873353217337
0.07600000000000007 1.1886188076669886 1.1837174142044447
0.08400000000000007 1.1846648301320484 1.181322290884979
0.09200000000000008 1.1210760594259062 1.1169902629752404
0.10000000000000009 1.0466534553664761 1.0412348861955103
0.1080000000000001 1.009955607577201 1.0047315629856524
0.1160000000000001 1.034292006031183 1.0292569608011388
0.12400000000000011 1.113423588394775 1.1076414044923226
0.13200000000000012 1.210710468652368 1.2042834910533307
0.14000000000000012 1.2700556717958944 1.264822823455479
0.14800000000000013 1.2546105513019121 1.2508024468492565
0.15600000000000003 1.1814888320246 1.1765591678892189
0.16399999999999992 1.1053801818459352 1.0992634433616897
0.17199999999999993 1.074988531763603 1.069224167117812
0.17999999999999994 1.1106009612218974 1.10490780995073
0.18799999999999994 1.2008701702878823 1.1942780665471617
0.19599999999999995 1.302383909912045 1.2953105027650436
0.20399999999999996 1.3552409887774934 1.3497177697977132
0.21199999999999997 1.327259277256358 1.3229687299549129
0.21999999999999997 1.244974277512815 1.2392409962043662
0.22799999999999998 1.1684177982140045 1.1617103854612711
0.236 1.145764844867683 1.1395196633017692
0.244 1.1937612274498877 1.1874126929906164
0.252 1.2952721237581013 1.28785377995505
0.26 1.3996970845728012 1.3919875136841684
0.268 1.4441705031750915 1.4382951106210609
0.276 1.402754373630796 1.3977692453913737
0.28400000000000003 1.311886840771658 1.3051659545364735
0.29200000000000004 1.2362688507053214 1.228822335932396
0.30000000000000004 1.222865454024635 1.2159410749127977
0.30800000000000005 1.2843188443106872 1.277087072314337
0.31600000000000006 1.3969671605806444 1.388535006382535
0.32400000000000007 1.5027187214763718 1.4942897372690722
0.3320000000000001 1.5368490535440102 1.5305367483159245
0.3400000000000001 1.4812825029968215 1.4754746234507377
0.3480000000000001 1.382631877144549 1.3749233717935314
0.3560000000000001 1.3094854308002126 1.3013642241307783
0.3640000000000001 1.3069131434702232 1.2993418522317284
0.3720000000000001 1.382834541497459 1.374733340371963
0.3800000000000001 1.5062706954359295 1.4968806189457478
0.3880000000000001 1.6114928530629653 1.6024631252336348
0.39600000000000013 1.6332979586796348 1.6265653251771812
0.404 1.5630791272290674 1.5563424683160876
0.4119999999999999 1.4576689045739408 1.4489147469151131
0.41999999999999993 1.3886719311644238 1.379780066338248
0.42799999999999994 1.3985725909886262 1.3901600265813434
0.43599999999999994 1.4898787233071666 1.4806552015089007
0.44399999999999995 1.623470574483026 1.612900980853666
0.45199999999999996 1.7260416914675971 1.7162485432294177
0.45999999999999996 1.7335630114813159 1.7261599733274116
0.46799999999999997 1.6484338430341476 1.6404986904826298
0.476 1.5375149658707306 1.5276005751160353
0.484 1.4744877849604758 1.4647442735899756
0.492 1.4985496526108204 1.4891948874977006
0.5 1.6060255341656744 1.5956004319746369
0.508 1.748822306560023 1.7371048522276333
0.516 1.846370054771515 1.8359325177252912
0.524 1.8377229151177175 1.8296629219525822
0.532 1.737695548529513 1.7285543086078914
0.54 1.6227481406271735 1.6117623793438198
0.548 1.5676500993017355 1.5570857040204884
0.556 1.6075897627862503 1.5972267415297852
0.5640000000000001 1.731846062206836 1.7201023072866755
0.5720000000000001 1.8825451113492608 1.8696014698429912
0.5800000000000001 1.9724713813442964 1.9612950687375479
0.5880000000000001 1.9458979921643011 1.9369050293130814
0.5960000000000001 1.8312774639271558 1.820650810247988
0.6040000000000001 1.714011233689236 1.701776339265063
0.6120000000000001 1.668936068054921 1.6573261296863722
0.6200000000000001 1.7264752982558076 1.7148245358387844
0.6280000000000001 1.8679007962020078 1.8545755823668764
0.6360000000000001 2.02481911453971 2.010509411245442
0.6440000000000001 2.104335307866383 2.0923163568242265
0.6520000000000001 2.058259005311381 2.0481149599730206
0.6600000000000001 1.9296620512353324 1.9174275399020877
0.668 1.8120156494695503 1.7985329617544699
0.6759999999999999 1.7791850229249007 1.766493305804341
0.6839999999999999 1.8560217636653848 1.8430137637715571
0.692 2.014731516788469 1.9998015104321447
0.7 2.175784019136112 2.160217358654626
0.708 2.241956723419135 2.229179349645645
0.716 2.1750359474101035 2.1636597091937033
0.724 2.03340589474056 2.01954940093533
0.732 1.9175454389559026 1.9028301627289133
0.74 1.89929995577883 1.885418999868589
0.748 1.9970726776206664 1.9824964558141231
0.756 2.1728528732236017 2.1560997066531846
0.764 2.335539562216617 2.318572896398189
0.772 2.3853461527918483 2.371566266170986
0.78 2.296526687356809 2.2835241352786904
0.788 2.143144614540729 2.1274081142667938
0.796 2.031461479375169 2.0153092580692364
0.804 2.030248320816955 2.0149010688800137
0.812 2.1504930712932246 2.1340368268353567
0.8200000000000001 2.3427439679454642 2.3239376915142875
0.8280000000000001 2.5041480265500318 2.485693132306419
0.8360000000000001 2.534541271647375 2.5195889958639888
0.8440000000000001 2.4231053941355998 2.4082275843753136
0.8520000000000001 2.259597888638119 2.2419165892964017
0.8600000000000001 2.1547057155034843 2.137082560532579
0.8680000000000001 2.1730619041915733 2.1561413182261955
0.8760000000000001 2.3171615593645254 2.2987001511798297
0.8840000000000001 2.524840338216584 2.503969013815389
0.8920000000000001 2.6816390171106184 2.661809811846613
0.9000000000000001 2.6896193186265975 2.6734611043111123
0.9080000000000001 2.5552307012131186 2.5383612488802294
0.916 2.3835746545234 2.3639773825359613
0.9239999999999999 2.2883053570632583 2.2691823193248135
0.9319999999999999 2.328835533145937 2.31017664535296
0.94 2.4979610058994766 2.4772585786851464
0.948 2.719526781494695 2.6964251214170014
0.956 2.8680166360514647 2.8466897615801656
0.964 2.8507101480708554 2.8329992378694735
0.972 2.693453614112457 2.6742057862737543
0.98 2.5159785485817614 2.494243000670153
0.988 2.4333768891589513 2.4124727769593965
0.996 2.498724389232622 2.477945024117962
