-0.996 0.40020420191564543 0.39836154754107933
-0.988 0.4109515482189157 0.4083476873450061
-0.98 0.39745966855070874 0.3961368556376121
-0.972 0.37127054825093714 0.3716794184312596
-0.964 0.3507897850213654 0.3520547385481434
-0.956 0.34867301236325726 0.35013690722037133
-0.948 0.36771103222979995 0.36886120439548387
-0.94 0.40032650535307923 0.4001406947831825
-0.9319999999999999 0.42939915067730755 0.42727876931966535
-0.9239999999999999 0.43700461431570903 0.43440127213117785
-0.916 0.4195379398342999 0.418508259186144
-0.908 0.39135409555201445 0.3920672738443931
-0.9 0.3717998279810965 0.3732840982706972
-0.892 0.3729062687480887 0.3745354352677732
-0.884 0.3960646480744947 0.3972421367226744
-0.876 0.43156248469544356 0.4311506412139385
-0.868 0.4601801716147602 0.45779134502867225
-0.86 0.46410050003859793 0.46156144101222096
-0.852 0.4425566181629851 0.4418633722283206
-0.844 0.41269356357051523 0.4137216558484329
-0.836 0.39454871428850175 0.39626175507664474
-0.8280000000000001 0.3993374151650891 0.40113616657964446
-0.8200000000000001 0.4268498879865962 0.42802680636359025
-0.812 0.4650096362098918 0.46433221574178984
-0.804 0.4925505868685134 0.48991502521870106
-0.796 0.4922564445039805 0.4898514131138705
-0.788 0.4666040763654062 0.466286920434322
-0.78 0.43544019805902884 0.4367929063611576
-0.772 0.4192264037816522 0.4211792315024678
-0.764 0.42816667401337377 0.4301365803645368
-0.756 0.4602246445369147 0.4613662758654481
-0.748 0.5007333581274266 0.49975336896947464
-0.74 0.5265107719652667 0.5236628243517429
-0.732 0.5215021409796596 0.5193029923994279
-0.724 0.4917901118186321 0.4918800639866091
-0.716 0.45977137778033694 0.4614492311483479
-0.708 0.446056403521741 0.448244167652202
-0.7 0.4596379882501189 0.4617439942759154
-0.692 0.4964068603513608 0.497410569062042
-0.6839999999999999 0.5389014173979779 0.5374751359746356
-0.6759999999999999 0.5622590105511547 0.5590465526528219
-0.6679999999999999 0.5522251989618452 0.5499575023561458
-0.6599999999999999 0.51882306014095 0.5187591254502992
-0.6519999999999999 0.48683199554408274 0.4878738351843673
-0.644 0.47679030033872877 0.47767772135599207
-0.636 0.4963456074356288 0.496176838862447
-0.628 0.5391352231497831 0.536322975180506
-0.62 0.5848282504595994 0.5775934853285798
-0.612 0.6073207083934525 0.5961605998071448
-0.604 0.5949224149863056 0.5820029077209621
-0.596 0.5618978980211298 0.547259487058618
-0.588 0.5351518353489694 0.5165620309689729
-0.5800000000000001 0.534781934879131 0.5101180089074029
-0.5720000000000001 0.5666545248651699 0.5341301071997719
-0.5640000000000001 0.6214969397927611 0.5787457529239635
-0.556 0.6754577608888499 0.6206262657598252
-0.548 0.7009753315209349 0.6353950357266867
-0.54 0.6888534776203309 0.6157146207825185
-0.532 0.6569558272234292 0.5774985926923251
-0.524 0.6332704625187766 0.5473421963348726
-0.516 0.6366121012662608 0.5449748974156413
-0.508 0.6705415405135821 0.5745892670950836
-0.5 0.7226551064890118 0.6232912994615749
-0.492 0.7660400465300409 0.6649575412390634
-0.484 0.773210480375554 0.6751576991392577
-0.476 0.7395189619854335 0.6497908891248926
-0.46799999999999997 0.6881174430956817 0.6086437690219354
-0.45999999999999996 0.6494615446295862 0.5799827999588153
-0.45199999999999996 0.6424381634102484 0.5827150434766526
-0.44399999999999995 0.669372866528023 0.6186381486484467
-0.43599999999999994 0.7152739848047349 0.6714301130599442
-0.42799999999999994 0.7504734823312778 0.7122480764447829
-0.42 0.7479162185014547 0.7171823624232342
-0.41200000000000003 0.707277127661118 0.685918601153415
-0.404 0.6555938796366361 0.6421907871171093
-0.396 0.6237538252651263 0.6156529724941823
-0.388 0.6286792037343989 0.6240462671539624
-0.38 0.6695047695483279 0.666436287594983
-0.372 0.7269272010482885 0.7228490334117368
-0.364 0.7676361211428432 0.7619139336638563
-0.356 0.7652396063507209 0.7608726423684768
-0.348 0.7242428054472306 0.723704063368865
-0.33999999999999997 0.6756882740397395 0.6780407537953785
-0.33199999999999996 0.6510355752315552 0.6545058280754572
-0.32399999999999995 0.6656644516384408 0.6692990054532402
-0.31599999999999995 0.7159510725208736 0.7183823561385976
-0.30799999999999994 0.7786856615845394 0.7778785318009102
-0.3 0.8177849977481919 0.8141641633786411
-0.29200000000000004 0.8089030062351736 0.8063518096282372
-0.28400000000000003 0.7622697280860553 0.7632260358101739
-0.276 0.7128875639397595 0.716219523744356
-0.268 0.6924411275432856 0.69653212566155
-0.26 0.7144412893701434 0.7184337749219756
-0.252 0.7720389953285646 0.7743804815140489
-0.244 0.8376886595121901 0.8363860441227859
-0.236 0.8727795286488113 0.868957999585154
-0.22799999999999998 0.8558582771711178 0.8538152369241444
-0.21999999999999997 0.803229462131385 0.8049330520658469
-0.21199999999999997 0.7534322987417411 0.7573514938543207
-0.20399999999999996 0.7378761501502596 0.7424194163563895
-0.19599999999999995 0.7678227545754822 0.7720689831705341
-0.18799999999999994 0.8327294866365885 0.8348242585766753
-0.17999999999999994 0.900413411349324 0.8984590748312489
-0.17199999999999993 0.9302424821295882 0.9261469729135539
-0.16399999999999998 0.9046661198026215 0.9030400193562189
-0.15600000000000003 0.8463897185491132 0.8486716102643539
-0.14800000000000002 0.7970600908500782 0.801401184149408
-0.14 0.7873670597342202 0.7922515255798992
-0.132 0.8259613061026077 0.8303835128817978
-0.124 0.8981307836685601 0.8999425588058471
-0.11599999999999999 0.9668449472381088 0.9643634208776801
-0.10799999999999998 0.9901425295305019 0.9860902881447486
-0.09999999999999998 0.9554260723764196 0.9545415589939359
-0.09199999999999997 0.8920001382529668 0.8950866547804673
-0.08399999999999996 0.8441206107963338 0.8490513076176747
-0.07599999999999996 0.8413126172576659 0.8466418821667194
-0.06799999999999995 0.8892193507837597 0.8937924800619492
-0.05999999999999994 0.9684499743494225 0.9698332490359357
-0.051999999999999935 1.0370140372636427 1.0339082067677365
-0.043999999999999984 1.052491496691666 1.0485030437310847
-0.03600000000000003 1.008286186296351 1.0081476824239686
-0.028000000000000025 0.9403540600436692 0.9442166680368754
-0.020000000000000018 0.8950016271335978 0.9005681201758589
-0.01200000000000001 0.9001409573921666 0.9060755822407722
-0.0040000000000000036 0.9579671093402585 0.9629266818510847
0.0040000000000000036 1.0438771751659501 1.0451887637387034
0.01200000000000001 1.1109371168901578 1.1078571597845452
0.020000000000000018 1.1173164044435073 1.1143201238764653
0.028000000000000025 1.063429236380987 1.0650351063973686
0.03600000000000003 0.9917819103256905 0.9974495460968024
0.04400000000000004 0.950126441062313 0.9574651250238274
0.052000000000000046 0.9643071010289208 0.9721049451646644
0.06000000000000005 1.0325778579030611 1.0392807635234675
0.06800000000000006 1.124581914595762 1.1273378545718218
0.07600000000000007 1.1886188076669886 1.1873465212963719
0.08400000000000007 1.1846648301320484 1.184553621806168
0.09200000000000008 1.1210760594259062 1.126166106581767
0.10000000000000009 1.0466534553664761 1.0557406871162778
0.1080000000000001 1.009955607577201 1.0207693627910737
0.1160000000000001 1.034292006031183 1.0459415227342135
0.12400000000000011 1.113423588394775 1.1243280108031386
0.13200000000000012 1.210710468652368 1.2181034479257187
0.14000000000000012 1.2700556717958944 1.2747156620414035
0.14800000000000013 1.2546105513019121 1.2622462143210773
0.15600000000000003 1.1814888320246 1.1953937064166023
0.16399999999999992 1.1053801818459352 1.1237981033525362
0.17199999999999993 1.074988531763603 1.09612129112803
0.17999999999999994 1.1106009612218974 1.1342542723572417
0.18799999999999994 1.2008701702878823 1.2257179483427054
0.19599999999999995 1.302383909912045 1.3258180316280013
0.20399999999999996 1.3552409887774934 1.378476386771145
0.21199999999999997 1.327259277256358 1.355519441209433
0.21999999999999997 1.244974277512815 1.279989932328371
0.22799999999999998 1.1684177982140045 1.2078091662550763
0.236 1.145764844867683 1.188557073633337
0.244 1.1937612274498877 1.2407888011645785
0.252 1.2952721237581013 1.3455361109258832
0.26 1.3996970845728012 1.4505169218165501
0.268 1.4441705031750915 1.4965868732368441
0.276 1.402754373630796 1.4607115918041271
0.28400000000000003 1.311886840771658 1.3753543899054894
0.29200000000000004 1.2362688507053214 1.302796036244376
0.30000000000000004 1.222865454024635 1.2929952885596991
0.30800000000000005 1.2843188443106872 1.360336249015519
0.31600000000000006 1.3969671605806444 1.47831326776707
0.32400000000000007 1.5027187214763718 1.5865967602044462
0.3320000000000001 1.5368490535440102 1.6238704139646303
0.3400000000000001 1.4812825029968215 1.573782536924766
0.3480000000000001 1.382631877144549 1.4789940075611934
0.3560000000000001 1.3094854308002126 1.4077819750532172
0.3640000000000001 1.3069131434702232 1.4096768747346595
0.3720000000000001 1.382834541497459 1.493941159225332
0.3800000000000001 1.5062706954359295 1.6254683744589884
0.3880000000000001 1.6114928530629653 1.7355924953216952
0.39600000000000013 1.6332979586796348 1.7619739285685583
0.404 1.5630791272290674 1.6965925072549517
0.4119999999999999 1.4576689045739408 1.5930130477848958
0.41999999999999993 1.3886719311644238 1.5250785536771527
0.42799999999999994 1.3985725909886262 1.5410643190598985
0.43599999999999994 1.4898787233071666 1.6440616132928256
0.44399999999999995 1.623470574483026 1.7892205298804644
0.45199999999999996 1.7260416914675971 1.8993951444658237
0.45999999999999996 1.7335630114813159 1.9126265704133156
0.46799999999999997 1.6484338430341476 1.8309703094772338
0.476 1.5375149658707306 1.7195007154641764
0.484 1.4744877849604758 1.6570757815364954
0.492 1.4985496526108204 1.6897718599444667
0.5 1.6060255341656744 1.8132536621426312
0.508 1.748822306560023 1.9716608140182703
0.516 1.846370054771515 2.079389321733517
0.524 1.8377229151177175 2.07654516961847
0.532 1.737695548529513 1.9770745442403805
0.54 1.6227481406271735 1.8579523740043915
0.548 1.5676500993017355 1.8021521174726902
0.556 1.6075897627862503 1.8521949653327727
0.5640000000000001 1.731846062206836 1.9947109426241738
0.5720000000000001 1.8825451113492608 2.1617600704061504
0.5800000000000001 1.9724713813442964 2.2602775043768393
0.5880000000000001 1.9458979921643011 2.2351984867551073
0.5960000000000001 1.8312774639271558 2.1144053820476856
0.6040000000000001 1.714011233689236 1.9865422489392395
0.6120000000000001 1.668936068054921 1.9370671881699617
0.6200000000000001 1.7264752982558076 2.0032812883770257
0.6280000000000001 1.8679007962020078 2.1616322360657194
0.6360000000000001 2.02481911453971 2.3324046465875385
0.6440000000000001 2.104335307866383 2.417495055977508
0.6520000000000001 2.058259005311381 2.369586759625233
0.6600000000000001 1.9296620512353324 2.2312546596354332
0.668 1.8120156494695503 2.100806114040967
0.6759999999999999 1.7791850229249007 2.063354500722235
0.6839999999999999 1.8560217636653848 2.148793721304969
0.692 2.014731516788469 2.321728814871956
0.7 2.175784019136112 2.4903024955700115
0.708 2.241956723419135 2.553297881217605
0.716 2.1750359474101035 2.4733666205045814
0.724 2.03340589474056 2.3068387860962978
0.732 1.9175454389559026 2.155720112454413
0.74 1.89929995577883 2.0951610403914733
0.748 1.9970726776206664 2.1462406496535467
0.756 2.1728528732236017 2.281212766845453
0.764 2.335539562216617 2.4103248728293347
0.772 2.3853461527918483 2.438363960404323
0.78 2.296526687356809 2.341860575992751
0.788 2.143144614540729 2.1856246737949636
0.796 2.031461479375169 2.069833052664805
0.804 2.030248320816955 2.064625849150679
0.812 2.1504930712932246 2.1803726117720643
0.8200000000000001 2.3427439679454642 2.3633370582484012
0.8280000000000001 2.5041480265500318 2.512847022176887
0.8360000000000001 2.534541271647375 2.540007858438579
0.8440000000000001 2.4231053941355998 2.4359665707384437
0.8520000000000001 2.259597888638119 2.2797437463664956
0.8600000000000001 2.1547057155034843 2.1771023711092594
0.8680000000000001 2.1730619041915733 2.1952603468791896
0.8760000000000001 2.3171615593645254 2.3363064547185886
0.8840000000000001 2.524840338216584 2.5346253576989133
0.8920000000000001 2.6816390171106184 2.680608931331907
0.9000000000000001 2.6896193186265975 2.688616684560505
0.9080000000000001 2.5552307012131186 2.564438687598745
0.916 2.3835746545234 2.4011898684464437
0.9239999999999999 2.2883053570632583 2.3087826503757336
0.9319999999999999 2.328835533145937 2.349517346060101
0.94 2.4979610058994766 2.5150011766923286
0.948 2.719526781494695 2.7260059133488928
0.956 2.8680166360514647 2.864228444794776
0.964 2.8507101480708554 2.849422055029669
0.972 2.693453614112457 2.703854333953477
0.98 2.5159785485817614 2.5346843042694007
0.988 2.4333768891589513 2.454737958936561
0.996 2.498724389232622 2.520058590605805
