-0.996 0.40020420191564543 0.4003336960228706
-0.988 0.4109515482189157 0.41168834065597354
-0.98 0.39745966855070874 0.3982995656230669
-0.972 0.37127054825093714 0.3714394166687995
-0.964 0.3507897850213654 0.35067557230229646
-0.956 0.34867301236325726 0.3486882969713465
-0.948 0.36771103222979995 0.3677106842562285
-0.94 0.40032650535307923 0.4001593590019488
-0.9319999999999999 0.42939915067730755 0.4294435463927675
-0.9239999999999999 0.43700461431570903 0.43770015390251804
-0.916 0.4195379398342999 0.420190294939904
-0.908 0.39135409555201445 0.39129025129748884
-0.9 0.3717998279810965 0.37154395005433394
-0.892 0.3729062687480887 0.37279227335510673
-0.884 0.3960646480744947 0.3958855413935787
-0.876 0.43156248469544356 0.43120839916563297
-0.868 0.4601801716147602 0.4601397636142005
-0.86 0.46410050003859793 0.4647283547846369
-0.852 0.4425566181629851 0.4429780661987571
-0.844 0.41269356357051523 0.4123859336185115
-0.836 0.39454871428850175 0.39414217630216347
-0.8280000000000001 0.3993374151650891 0.39906982992527956
-0.8200000000000001 0.4268498879865962 0.42646128265494
-0.812 0.4650096362098918 0.46445324469265264
-0.804 0.4925505868685134 0.4924236311188596
-0.796 0.4922564445039805 0.4927819202358809
-0.788 0.4666040763654062 0.4667515324748629
-0.78 0.43544019805902884 0.43487984888827214
-0.772 0.4192264037816522 0.41865645789411593
-0.764 0.42816667401337377 0.42771671927794586
-0.756 0.4602246445369147 0.45959334445981787
-0.748 0.5007333581274266 0.499960802108401
-0.74 0.5265107719652667 0.5262915974057486
-0.732 0.5215021409796596 0.5218799421797958
-0.724 0.4917901118186321 0.49161787108819455
-0.716 0.45977137778033694 0.4589417121858394
-0.708 0.446056403521741 0.44528866810348144
-0.7 0.4596379882501189 0.45893911419264094
-0.692 0.4964068603513608 0.4954358294239314
-0.6839999999999999 0.5389014173979779 0.5377876659152747
-0.6759999999999999 0.5622590105511547 0.5617358495028759
-0.6679999999999999 0.5522251989618452 0.5520537718162524
-0.6599999999999999 0.51882306014095 0.5177031235837422
-0.6519999999999999 0.48683199554408274 0.48475804211631035
-0.644 0.47679030033872877 0.47425784367071233
-0.636 0.4963456074356288 0.492955425622815
-0.628 0.5391352231497831 0.5341440626382674
-0.62 0.5848282504595994 0.5779844368692945
-0.612 0.6073207083934525 0.598749335477745
-0.604 0.5949224149863056 0.5833463358716173
-0.596 0.5618978980211298 0.5451369010230466
-0.588 0.5351518353489694 0.5124945448916866
-0.5800000000000001 0.534781934879131 0.5057242542815538
-0.5720000000000001 0.5666545248651699 0.5298602067702354
-0.5640000000000001 0.6214969397927611 0.575663154056965
-0.556 0.6754577608888499 0.6203182120491699
-0.548 0.7009753315209349 0.6370222850235722
-0.54 0.6888534776203309 0.6155344553545743
-0.532 0.6569558272234292 0.5738466119282264
-0.524 0.6332704625187766 0.5422071285573579
-0.516 0.6366121012662608 0.539874719086467
-0.508 0.6705415405135821 0.5699676576373545
-0.5 0.7226551064890118 0.6204116779355686
-0.492 0.7660400465300409 0.6653025491070773
-0.484 0.773210480375554 0.6771905051986655
-0.476 0.7395189619854335 0.6493905973523728
-0.46799999999999997 0.6881174430956817 0.6046671927358452
-0.45999999999999996 0.6494615446295862 0.5747022981531731
-0.45199999999999996 0.6424381634102484 0.5774332962089856
-0.44399999999999995 0.669372866528023 0.6138233682461933
-0.43599999999999994 0.7152739848047349 0.6686323928063949
-0.42799999999999994 0.7504734823312778 0.7128421174359016
-0.42 0.7479162185014547 0.7189663254120666
-0.41200000000000003 0.707277127661118 0.684645709944331
-0.404 0.6555938796366361 0.6374274545452131
-0.396 0.6237538252651263 0.6099067265596625
-0.388 0.6286792037343989 0.6184145419696745
-0.38 0.6695047695483279 0.6614755558821008
-0.372 0.7269272010482885 0.7203469908644298
-0.364 0.7676361211428432 0.7629481351569056
-0.356 0.7652396063507209 0.7624521839123636
-0.348 0.7242428054472306 0.7215457134492513
-0.33999999999999997 0.6756882740397395 0.6724348258504769
-0.33199999999999996 0.6510355752315552 0.6481037292356946
-0.32399999999999995 0.6656644516384408 0.6630354357328547
-0.31599999999999995 0.7159510725208736 0.7130099179343118
-0.30799999999999994 0.7786856615845394 0.7754560070851283
-0.3 0.8177849977481919 0.8153964789244508
-0.29200000000000004 0.8089030062351736 0.807486563362436
-0.28400000000000003 0.7622697280860553 0.7601335971502741
-0.276 0.7128875639397595 0.7099201118143723
-0.268 0.6924411275432856 0.6896732093078385
-0.26 0.7144412893701434 0.7117638882892384
-0.252 0.7720389953285646 0.7688615950969564
-0.244 0.8376886595121901 0.8342544229711674
-0.236 0.8727795286488113 0.8703518898898642
-0.22799999999999998 0.8558582771711178 0.8542207054031077
-0.21999999999999997 0.803229462131385 0.8006043245788879
-0.21199999999999997 0.7534322987417411 0.7500817613888973
-0.20399999999999996 0.7378761501502596 0.734800389612217
-0.19599999999999995 0.7678227545754822 0.7647469236576778
-0.18799999999999994 0.8327294866365885 0.8290746724832454
-0.17999999999999994 0.900413411349324 0.8966593381449184
-0.17199999999999993 0.9302424821295882 0.9277216756191061
-0.16399999999999998 0.9046661198026215 0.9027503257955358
-0.15600000000000003 0.8463897185491132 0.8433034234476684
-0.14800000000000002 0.7970600908500782 0.7934140355820538
-0.14 0.7873670597342202 0.7840465831278628
-0.132 0.8259613061026077 0.8225155877386015
-0.124 0.8981307836685601 0.894012339431369
-0.11599999999999999 0.9668449472381088 0.9627862201414101
-0.10799999999999998 0.9901425295305019 0.9874610808600163
-0.09999999999999998 0.9554260723764196 0.9530570809926263
-0.09199999999999997 0.8920001382529668 0.8883093084228011
-0.08399999999999996 0.8441206107963338 0.8400590356867252
-0.07599999999999996 0.8413126172576659 0.8376083911417124
-0.06799999999999995 0.8892193507837597 0.8852725533659938
-0.05999999999999994 0.9684499743494225 0.9638044184027494
-0.051999999999999935 1.0370140372636427 1.0326945967747603
-0.043999999999999984 1.052491496691666 1.0497165952111072
-0.03600000000000003 1.008286186296351 1.0055428249153535
-0.028000000000000025 0.9403540600436692 0.9362525352160479
-0.020000000000000018 0.8950016271335978 0.8907699438998489
-0.01200000000000001 0.9001409573921666 0.8963054511716992
-0.0040000000000000036 0.9579671093402585 0.9538065687259518
0.0040000000000000036 1.0438771751659501 1.0390808261110531
0.01200000000000001 1.1109371168901578 1.106820326043114
0.020000000000000018 1.1173164044435073 1.1148649123325094
0.028000000000000025 1.063429236380987 1.0606858462301658
0.03600000000000003 0.9917819103256905 0.9877161962984701
0.04400000000000004 0.950126441062313 0.9462086866928456
0.052000000000000046 0.9643071010289208 0.960896905472483
0.06000000000000005 1.0325778579030611 1.0289437858470913
0.06800000000000006 1.124581914595762 1.1206906603160973
0.07600000000000007 1.1886188076669886 1.186098974427
0.08400000000000007 1.1846648301320484 1.1841312219542788
0.09200000000000008 1.1210760594259062 1.1201548731484599
0.10000000000000009 1.0466534553664761 1.0447881550510016
0.1080000000000001 1.009955607577201 1.0088891918660372
0.1160000000000001 1.034292006031183 1.0344034416779437
0.12400000000000011 1.113423588394775 1.1142293433700856
0.13200000000000012 1.210710468652368 1.2126288633398343
0.14000000000000012 1.2700556717958944 1.27487216736258
0.14800000000000013 1.2546105513019121 1.2621178772344699
0.15600000000000003 1.1814888320246 1.188681457029253
0.16399999999999992 1.1053801818459352 1.1121902806332742
0.17199999999999993 1.074988531763603 1.0835731320442066
0.17999999999999994 1.1106009612218974 1.121730618201159
0.18799999999999994 1.2008701702878823 1.2146567086923494
0.19599999999999995 1.302383909912045 1.3197422223248991
0.20399999999999996 1.3552409887774934 1.3775887964438396
0.21199999999999997 1.327259277256358 1.3527787925543122
0.21999999999999997 1.244974277512815 1.2697495389865543
0.22799999999999998 1.1684177982140045 1.1930246772702955
0.236 1.145764844867683 1.1731590427111707
0.244 1.1937612274498877 1.225642679372963
0.252 1.2952721237581013 1.332686846424266
0.26 1.3996970845728012 1.4438954529512893
0.268 1.4441705031750915 1.4953886779842944
0.276 1.402754373630796 1.4567078494408223
0.28400000000000003 1.311886840771658 1.3636497638096345
0.29200000000000004 1.2362688507053214 1.28736529116474
0.30000000000000004 1.222865454024635 1.2774685922698823
0.30800000000000005 1.2843188443106872 1.3454571416403498
0.31600000000000006 1.3969671605806444 1.4666916613527459
0.32400000000000007 1.5027187214763718 1.582184153095465
0.3320000000000001 1.5368490535440102 1.6242659155456165
0.3400000000000001 1.4812825029968215 1.5694586837876203
0.3480000000000001 1.382631877144549 1.4660735258859443
0.3560000000000001 1.3094854308002126 1.3912240983320492
0.3640000000000001 1.3069131434702232 1.3927851096550772
0.3720000000000001 1.382834541497459 1.4774980943244047
0.3800000000000001 1.5062706954359295 1.6127753294386267
0.3880000000000001 1.6114928530629653 1.730532767725484
0.39600000000000013 1.6332979586796348 1.7605276267745118
0.404 1.5630791272290674 1.6884698881717868
0.4119999999999999 1.4576689045739408 1.575884414757891
0.41999999999999993 1.3886719311644238 1.5047613890059743
0.42799999999999994 1.3985725909886262 1.5203923340312877
0.43599999999999994 1.4898787233071666 1.6239395765083735
0.44399999999999995 1.623470574483026 1.773714129973657
0.45199999999999996 1.7260416914675971 1.8921373037394078
0.45999999999999996 1.7335630114813159 1.9078391226225828
0.46799999999999997 1.6484338430341476 1.817957196263746
0.476 1.5375149658707306 1.6976995320538362
0.484 1.4744877849604758 1.6328705283396392
0.492 1.4985496526108204 1.6654563470583188
0.5 1.6060255341656744 1.7900515972620195
0.508 1.748822306560023 1.954481915272483
0.516 1.846370054771515 2.071273867977122
0.524 1.8377229151177175 2.069639082709096
0.532 1.737695548529513 1.9605100717742068
0.54 1.6227481406271735 1.8330188900213364
0.548 1.5676500993017355 1.7755240805631378
0.556 1.6075897627862503 1.8256642336519149
0.5640000000000001 1.731846062206836 1.9700073794822794
0.5720000000000001 1.8825451113492608 2.1444886244845653
0.5800000000000001 1.9724713813442964 2.2522757835113447
0.5880000000000001 1.9458979921643011 2.2262898912548605
0.5960000000000001 1.8312774639271558 2.0940664774810154
0.6040000000000001 1.714011233689236 1.9581949088735948
0.6120000000000001 1.668936068054921 1.907510427478084
0.6200000000000001 1.7264752982558076 1.9738697121522213
0.6280000000000001 1.8679007962020078 2.1347382234136365
0.6360000000000001 2.02481911453971 2.31417521288248
0.6440000000000001 2.104335307866383 2.4082156142627427
0.6520000000000001 2.058259005311381 2.357104128129098
0.6600000000000001 1.9296620512353324 2.2062662426545434
0.668 1.8120156494695503 2.0686816089769824
0.6759999999999999 1.7791850229249007 2.0304399633699224
0.6839999999999999 1.8560217636653848 2.11599819909324
0.692 2.014731516788469 2.2921573237423827
0.7 2.175784019136112 2.4702918839445713
0.708 2.241956723419135 2.5409972854459077
0.716 2.1750359474101035 2.4547061173389073
0.724 2.03340589474056 2.2740160576015938
0.732 1.9175454389559026 2.11541248410325
0.74 1.89929995577883 2.053252214399185
0.748 1.9970726776206664 2.105765824157929
0.756 2.1728528732236017 2.246663294665904
0.764 2.335539562216617 2.3868861355584556
0.772 2.3853461527918483 2.4225263592753317
0.78 2.296526687356809 2.3203261576029517
0.788 2.143144614540729 2.1536754212428444
0.796 2.031461479375169 2.0347193854501215
0.804 2.030248320816955 2.03034215167143
0.812 2.1504930712932246 2.1473847371695296
0.8200000000000001 2.3427439679454642 2.336134575057492
0.8280000000000001 2.5041480265500318 2.49688805999733
0.8360000000000001 2.534541271647375 2.529443511405995
0.8440000000000001 2.4231053941355998 2.416422530900171
0.8520000000000001 2.259597888638119 2.2485293819911756
0.8600000000000001 2.1547057155034843 2.142515572480142
0.8680000000000001 2.1730619041915733 2.1608480825296974
0.8760000000000001 2.3171615593645254 2.303020796311373
0.8840000000000001 2.524840338216584 2.508056179226596
0.8920000000000001 2.6816390171106184 2.665612944785948
0.9000000000000001 2.6896193186265975 2.676809725650259
0.9080000000000001 2.5552307012131186 2.541132891437137
0.916 2.3835746545234 2.366208582284994
0.9239999999999999 2.2883053570632583 2.271019826452658
0.9319999999999999 2.328835533145937 2.3117783448751696
0.94 2.4979610058994766 2.4787390016295667
0.948 2.719526781494695 2.697832900849941
0.956 2.8680166360514647 2.8480023733657096
0.964 2.8507101480708554 2.834161205905898
0.972 2.693453614112457 2.675178828292736
0.98 2.5159785485817614 2.495052436801371
0.988 2.4333768891589513 2.4131671210108068
0.996 2.498724389232622 2.4785876727099323

