-0.9933333333333334 0.4064820503519311 0.40655253796251606
-0.98 0.39745966855070874 0.40272945028968554
-0.9666666666666667 0.35600578422951235 0.3558651295380524
-0.9533333333333334 0.35282273498008415 0.35156346872940697
-0.94 0.40032650535307923 0.39826722310615065
-0.9266666666666667 0.4375028809200964 0.4374248138830349
-0.9133333333333333 0.41032181157124686 0.4139283854509495
-0.8999999999999999 0.3717998279810963 0.36866324310043364
-0.8866666666666667 0.3862591351226183 0.3835940944483179
-0.8733333333333333 0.44294174673879666 0.43861931753717504
-0.86 0.46410050003859793 0.4642596055210431
-0.8466666666666667 0.422216712352624 0.42248751370449317
-0.8333333333333333 0.3933700818948342 0.3881536321247975
-0.8200000000000001 0.4268498879865962 0.42199980886561755
-0.8066666666666666 0.4859098295152332 0.47965864506899186
-0.7933333333333333 0.4857550001704905 0.4858198774357334
-0.78 0.43544019805902884 0.43129330725615195
-0.7666666666666666 0.4222615596810332 0.41546453124052846
-0.7533333333333333 0.473857664244234 0.4660539075258791
-0.74 0.5265107719652667 0.5191262205940116
-0.7266666666666667 0.5031858890780448 0.5018815893899558
-0.7133333333333334 0.4524544345185724 0.443960304820938
-0.7 0.4596379882501189 0.45091213831480925
-0.6866666666666666 0.5256404729903812 0.5142937937708069
-0.6733333333333333 0.5626415835095218 0.5546538084197172
-0.6599999999999999 0.51882306014095 0.5135548331409726
-0.6466666666666666 0.4769426700929239 0.46364765337500596
-0.6333333333333333 0.5087618711079689 0.49425211825786214
-0.62 0.5848282504595994 0.5643594492793254
-0.6066666666666667 0.6025291876263398 0.5839960296030398
-0.5933333333333333 0.5510254618334998 0.5232798157583036
-0.58 0.5347819348791312 0.4920480469170532
-0.5666666666666667 0.6018841713473717 0.5446978765721138
-0.5533333333333333 0.68816125574519 0.6136197645275953
-0.54 0.6888534776203309 0.6065445037456821
-0.5266666666666666 0.638787902386311 0.5359016098139022
-0.5133333333333333 0.6447974262518024 0.53080126394288
-0.49999999999999994 0.7226551064890122 0.6019081202067762
-0.48666666666666664 0.7757977441223363 0.6602775215161643
-0.47333333333333333 0.7227523521117039 0.6237931603698128
-0.45999999999999996 0.6494615446295862 0.556416580352288
-0.4466666666666666 0.6571799770153828 0.5806194095397471
-0.4333333333333333 0.7298472506155839 0.664337103441172
-0.42 0.7479162185014547 0.7022041576331675
-0.4066666666666666 0.6719482660475466 0.6384128692477895
-0.39333333333333326 0.6209844707006558 0.5879723042815133
-0.37999999999999995 0.6695047695483285 0.6406928983419807
-0.36666666666666664 0.7580274922652934 0.7281038691520093
-0.35333333333333333 0.7546449094047671 0.7362029572289404
-0.33999999999999997 0.6756882740397395 0.6534485562109448
-0.3266666666666666 0.6562496500986219 0.6312987951858832
-0.3133333333333333 0.7371559704564632 0.709296037544457
-0.3 0.8177849977481919 0.7894289504958166
-0.2866666666666666 0.7800339117615207 0.7619344957795624
-0.27333333333333326 0.7017744639960012 0.6746247916549402
-0.25999999999999995 0.7144412893701436 0.6871956745549497
-0.24666666666666665 0.8173171754860679 0.784503557141582
-0.23333333333333328 0.8728993182157385 0.845005899261362
-0.21999999999999992 0.8032294621313848 0.7814090659939924
-0.2066666666666666 0.7381203227100228 0.7069564648233082
-0.1933333333333333 0.7867490313170385 0.7556222043949972
-0.17999999999999994 0.900413411349324 0.8630686817139868
-0.16666666666666657 0.9186758480418874 0.8918226080703806
-0.15333333333333327 0.8270202080698154 0.7988040897811829
-0.13999999999999996 0.7873670597342203 0.7533016867160999
-0.12666666666666665 0.8722497677146395 0.8355472941171089
-0.11333333333333329 0.9811956787713828 0.9407775264059286
-0.09999999999999992 0.9554260723764192 0.9283165629202865
-0.08666666666666661 0.8560540278559902 0.8204657582554904
-0.0733333333333333 0.8520730466738504 0.8149847931720049
-0.05999999999999994 0.9684499743494225 0.9251323272193397
-0.04666666666666658 1.0546709526359224 1.0135280261860775
-0.03333333333333327 0.9858248894624293 0.9557737343127262
-0.019999999999999962 0.8950016271335975 0.853468144694648
-0.006666666666666654 0.9337900545895983 0.8926591960082425
0.00666666666666671 1.0709045305044522 1.0215300806527408
0.02000000000000013 1.1173164044435069 1.0778927799461966
0.03333333333333344 1.0143789335094784 0.9788437588531536
0.046666666666666745 0.9481630242121639 0.9037880805580103
0.06000000000000005 1.0325778579030611 0.9873001331441695
0.07333333333333336 1.173608300255004 1.1222397326068827
0.08666666666666678 1.1681505693098895 1.1334424207695815
0.10000000000000009 1.0466534553664761 1.0068031931570574
0.1133333333333334 1.0191647004114146 0.976766348168117
0.1266666666666667 1.1464606091213603 1.1007965644457491
0.14 1.2700556717958942 1.22600107342957
0.15333333333333343 1.2091602965038868 1.183432657654603
0.16666666666666674 1.0885232284660187 1.0512521173630769
0.18000000000000005 1.1106009612218983 1.076756395200643
0.19333333333333347 1.271053361436104 1.2335287359475648
0.20666666666666678 1.3547926723923618 1.3302799024175553
0.22000000000000008 1.2449742775128136 1.232164984636318
0.2333333333333334 1.1456075808636867 1.1208711522231116
0.2466666666666667 1.2235156142301815 1.205345067739468
0.2600000000000001 1.3996970845728023 1.3815973463852795
0.27333333333333343 1.4249662284723499 1.4300304151705414
0.28666666666666674 1.2820138571613124 1.2850784595450002
0.30000000000000004 1.222865454024635 1.220377504252749
0.31333333333333335 1.3567381505509952 1.3619658810416042
0.32666666666666677 1.52438102220459 1.5385953865167938
0.3400000000000001 1.4812825029968215 1.5216157570507196
0.3533333333333334 1.327508111994942 1.3515633210523967
0.3666666666666668 1.3242034937204838 1.3529381390912378
0.3800000000000001 1.5062706954359295 1.5447002287201637
0.3933333333333334 1.637437079708439 1.6973816621345394
0.40666666666666673 1.5280351966687262 1.6052515576565187
0.42000000000000004 1.3886719311644231 1.4424834665702388
0.43333333333333346 1.4519350936922373 1.5195453131033259
0.44666666666666677 1.665099912928256 1.7460363265929677
0.4600000000000001 1.7335630114813156 1.8449223318488555
0.4733333333333335 1.5723035465089397 1.6782108917522882
0.4866666666666668 1.4721235034930071 1.555521816629382
0.5000000000000001 1.6060255341656768 1.7034422355913805
0.5133333333333334 1.8238506295544294 1.9348199536434971
0.5266666666666667 1.811446349930398 1.948399447541265
0.5400000000000001 1.6227481406271718 1.726857288747468
0.5533333333333335 1.5834163340282732 1.6755848520933223
0.5666666666666668 1.7832529435255708 1.885474657884507
0.5800000000000001 1.9724713813442964 2.091701984621337
0.5933333333333334 1.874370739773256 2.0084978778206253
0.6066666666666668 1.6884613079622577 1.7772671503026123
0.6200000000000001 1.7264752982558076 1.8143419858983245
0.6333333333333334 1.976654441912191 2.065453888746209
0.6466666666666668 2.1026566335546026 2.207425605218381
0.6600000000000001 1.9296620512353324 2.0210789781212384
0.6733333333333335 1.7781068401930846 1.8144605579017457
0.6866666666666668 1.902781550483078 1.9179871868178373
0.7000000000000001 2.175784019136112 2.1539515627169687
0.7133333333333335 2.2102217362480867 2.180378921582072
0.7266666666666668 1.9873507409155875 1.9214432520617262
0.7400000000000001 1.8992999557788306 1.8032405770071893
0.7533333333333334 2.110339533835245 1.9924038361121665
0.7666666666666667 2.368200786353242 2.2291084815307696
0.7800000000000001 2.2965266873568067 2.1829935583455673
0.7933333333333334 2.0586509795371217 1.92444460416224
0.8066666666666668 2.0579950037099004 1.9174849498843574
0.8200000000000002 2.342743967945468 2.1765748955655932
0.8333333333333335 2.5421353734881333 2.374632883295483
0.8466666666666668 2.368451960218606 2.228387459795662
0.8600000000000001 2.1547057155034843 1.9923583782098118
0.8733333333333334 2.2576332155701717 2.091239461203479
0.8866666666666668 2.5889355333501096 2.3910874004488356
0.9000000000000001 2.6896193186265975 2.511289436973139
0.9133333333333334 2.437111486154478 2.2718997645486394
0.9266666666666667 2.285699234475751 2.103640541014236
0.9400000000000001 2.4979610058994766 2.302721486550425
0.9533333333333335 2.8342844744867346 2.6102833336399147
0.9666666666666668 2.8089431247985335 2.621319561009468
0.9800000000000001 2.5159785485817583 2.3215845397340207
0.9933333333333334 2.460133231305546 2.2583199633080673
