-0.9933333333333334 0.4064820503519311 0.40388900386465987
-0.98 0.39745966855070874 0.4007641033266026
-0.9666666666666667 0.35600578422951235 0.3592603019808304
-0.9533333333333334 0.35282273498008415 0.35292991192989204
-0.94 0.40032650535307923 0.39712319288429165
-0.9266666666666667 0.4375028809200964 0.4335856540470159
-0.9133333333333333 0.4103218115712467 0.413117820832977
-0.8999999999999999 0.371799827981095 0.3720367876164436
-0.8866666666666667 0.38625913512260796 0.38378978895002286
-0.8733333333333333 0.44294174673871833 0.4360563160949662
-0.86 0.4641005000380445 0.45970280899731103
-0.8466666666666667 0.4222167123489807 0.42327454235339335
-0.8333333333333333 0.3933700818724979 0.3905606276537118
-0.8200000000000001 0.4268498878590554 0.42102306985091875
-0.8066666666666666 0.48590982883696204 0.47544011311215584
-0.7933333333333333 0.4857549968109915 0.4813106964173662
-0.78 0.43544018256149747 0.433495221487258
-0.7666666666666666 0.4222614930974185 0.41636474955769454
-0.7533333333333333 0.47385739781059893 0.4636935690474557
-0.74 0.5265097790148362 0.5132215913004317
-0.7266666666666667 0.5031824425412151 0.4983237699708041
-0.7133333333333334 0.4524432927247961 0.44666321320179775
-0.7 0.4596044419873287 0.45020852546845397
-0.6866666666666666 0.5255464032358944 0.510202213040597
-0.6733333333333333 0.5623959018634729 0.5474497446748322
-0.6599999999999999 0.5182254578514495 0.5117695732495782
-0.6466666666666666 0.4755888260792587 0.46568815126670526
-0.6333333333333333 0.5059053210295138 0.4921031497341889
-0.62 0.579214774176186 0.5583535478822723
-0.6066666666666667 0.5922552061360904 0.576482366099741
-0.5933333333333333 0.5335123829989846 0.5236512666080896
-0.58 0.5069782048338117 0.49255044034215223
-0.5666666666666667 0.560772942296653 0.5409446139328469
-0.5533333333333333 0.6315458407934703 0.6054029878000107
-0.54 0.6162385739129619 0.5995533121784083
-0.5266666666666666 0.5520450550679699 0.537352522123603
-0.5133333333333333 0.5482905144728343 0.5291143951569313
-0.49999999999999994 0.6226551064890122 0.595944272079617
-0.48666666666666664 0.6792908323433683 0.6498657306312341
-0.47333333333333333 0.6360095047933627 0.6182938146533722
-0.45999999999999996 0.5768466409222172 0.5574991036876524
-0.4466666666666666 0.6005645620636632 0.576807395909112
-0.4333333333333333 0.6887360215648651 0.6558942871610496
-0.42 0.7201124884561353 0.6907199128276066
-0.4066666666666666 0.6544351872130316 0.6356271196868284
-0.39333333333333326 0.6107104892104064 0.5878666418090592
-0.37999999999999995 0.6638912932649151 0.6353109947118855
-0.36666666666666664 0.7551709421868383 0.7173919830170923
-0.35333333333333333 0.7532910653911019 0.7252400010902457
-0.33999999999999997 0.675090671750239 0.653177419308864
-0.3266666666666666 0.656003968452573 0.6291294675133483
-0.3133333333333333 0.7370619007019764 0.7019220985629196
-0.3 0.8177514514854016 0.7763974213956872
-0.2866666666666666 0.7800227699677444 0.7528825097398382
-0.27333333333333326 0.7017710174591715 0.6754360746719689
-0.25999999999999995 0.7144402964197131 0.6827857806400008
-0.24666666666666665 0.8173169090524328 0.7745287533764238
-0.23333333333333328 0.8728992516321238 0.8301150127036361
-0.21999999999999992 0.8032294466338534 0.775202969604969
-0.2066666666666666 0.7381203193505238 0.7066713756024492
-0.1933333333333333 0.7867490306387674 0.7487833719019561
-0.17999999999999994 0.9004134112217832 0.8498600249204609
-0.16666666666666657 0.918675848019551 0.8763373930322098
-0.15333333333333327 0.827020208066172 0.7958277118753753
-0.13999999999999996 0.7873670597336668 0.750657699512742
-0.12666666666666665 0.8722497677145612 0.8262917190268674
-0.11333333333333329 0.9811956787713725 0.9244238326899417
-0.09999999999999992 0.955426072376418 0.9142200191039869
-0.08666666666666661 0.85605402785599 0.8197020455872658
-0.0733333333333333 0.8520730466738504 0.8094110156162596
-0.05999999999999994 0.9684499743494225 0.9127446373047081
-0.04666666666666658 1.0546709526359224 0.9941703166428554
-0.03333333333333327 0.9858248894624293 0.9444156720211693
-0.019999999999999962 0.8950016271335975 0.852241605066011
-0.006666666666666654 0.9337900545895983 0.883585779206646
0.00666666666666671 1.0709045305044522 1.0045599146205868
0.02000000000000013 1.1173164044435069 1.0557824887899583
0.03333333333333344 1.0143789335094784 0.970092901265578
0.046666666666666745 0.9481630242121639 0.8984698400590321
0.06000000000000005 1.0325778579030611 0.9725692963707587
0.07333333333333336 1.173608300255004 1.0973727600820455
0.08666666666666678 1.1681505693098895 1.1071253090178603
0.10000000000000009 1.0466534553664761 0.9964053221760343
0.1133333333333334 1.0191647004114146 0.9616227811071633
0.1266666666666667 1.1464606091213603 1.073922936440783
0.14 1.2700556717958942 1.1862399844060267
0.15333333333333343 1.2091602965038868 1.1480207979385126
0.16666666666666674 1.0885232284660187 1.0301134831034973
0.18000000000000005 1.1106009612218983 1.0435913139694049
0.19333333333333347 1.271053361436104 1.1841764464065563
0.20666666666666678 1.3547926723923618 1.266987677701241
0.22000000000000008 1.2449742775128136 1.1812703417163462
0.2333333333333334 1.1456075808636867 1.0780425994933756
0.2466666666666667 1.2235156142301815 1.1444409737516688
0.2600000000000001 1.3996970845728023 1.2983153932491591
0.27333333333333343 1.4249662284723499 1.3360753613670444
0.28666666666666674 1.2820138571613124 1.2119919507869992
0.30000000000000004 1.222865454024635 1.1452206127254145
0.31333333333333335 1.3567381505509952 1.262254950503808
0.32666666666666677 1.52438102220459 1.4106030793753133
0.3400000000000001 1.4812825029968215 1.3921891267614388
0.3533333333333334 1.327508111994942 1.2479271847628153
0.3666666666666668 1.3242034937204838 1.234900624013307
0.3800000000000001 1.5062706954359295 1.3934392347939553
0.3933333333333334 1.637437079708439 1.5153783086554509
0.40666666666666673 1.5280351966687262 1.4369261901319597
0.42000000000000004 1.3886719311644231 1.2975759155686561
0.43333333333333346 1.4519350936922373 1.3480752140660712
0.44666666666666677 1.665099912928256 1.532458109614634
0.4600000000000001 1.7335630114813156 1.6075306084232677
0.4733333333333335 1.5723035465089397 1.474999487354257
0.4866666666666668 1.4721235034930071 1.3681279941401523
0.5000000000000001 1.6060255341656768 1.4833586731835364
0.5133333333333334 1.8238506295544294 1.6723712699250155
0.5266666666666667 1.811446349930398 1.6838163446295493
0.5400000000000001 1.6227481406271718 1.5144386170083914
0.5533333333333335 1.5834163340282732 1.464577670696917
0.5666666666666668 1.7832529435255708 1.637244778869175
0.5800000000000001 1.9724713813442964 1.8060482336609562
0.5933333333333334 1.874370739773256 1.7444675268867107
0.6066666666666668 1.6884613079622577 1.565669598002044
0.6200000000000001 1.7264752982558076 1.5895567337063363
0.6333333333333334 1.976654441912191 1.8041009685768332
0.6466666666666668 2.1026566335546026 1.9268438980075144
0.6600000000000001 1.9296620512353324 1.7935413248578296
0.6733333333333335 1.7781068401930846 1.638644363669159
0.6866666666666668 1.902781550483078 1.742800682758646
0.7000000000000001 2.175784019136112 1.9761432709313629
0.7133333333333335 2.2102217362480867 2.029543823843641
0.7266666666666668 1.9873507409155875 1.8391244865622063
0.7400000000000001 1.8992999557788306 1.740947833708368
0.7533333333333334 2.110339533835245 1.92132895899995
0.7666666666666667 2.368200786353242 2.1447150557707038
0.7800000000000001 2.2965266873568067 2.112405378389329
0.7933333333333334 2.0586509795371217 1.8930715913806049
0.8066666666666668 2.0579950037099004 1.8772885087264655
0.8200000000000002 2.342743967945468 2.1195086299623482
0.8333333333333335 2.5421353734881333 2.3012801884132417
0.8466666666666668 2.368451960218606 2.1781447314613933
0.8600000000000001 2.1547057155034843 1.9682895234350597
0.8733333333333334 2.2576332155701717 2.0490586934032518
0.8866666666666668 2.5889355333501096 2.3289662209984456
0.9000000000000001 2.6896193186265975 2.4384115524644256
0.9133333333333334 2.437111486154478 2.23438080499437
0.9266666666666667 2.285699234475751 2.0757175870246805
0.9400000000000001 2.4979610058994766 2.254212937552276
0.9533333333333335 2.8342844744867346 2.5394139169901844
0.9666666666666668 2.8089431247985335 2.551666570849876
0.9800000000000001 2.5159785485817583 2.2936137751548196
0.9933333333333334 2.460133231305546 2.2227256456660927
