-0.996 0.40020420191564543 0.3998852145105726
-0.988 0.4109515482189157 0.41124409187407973
-0.98 0.39745966855070874 0.3986737968120906
-0.972 0.37127054825093714 0.3724544777104607
-0.964 0.3507897850213654 0.3514191978659851
-0.956 0.34867301236325726 0.3489727441930714
-0.948 0.36771103222979995 0.3677134841282539
-0.94 0.40032650535307923 0.3997678185883372
-0.9319999999999999 0.42939915067730755 0.42856823568894503
-0.9239999999999999 0.43700461431570903 0.4369543163350564
-0.916 0.4195379398342999 0.42039512524701855
-0.908 0.39135409555201445 0.3920628919752314
-0.9 0.3717998279810965 0.37195204619451633
-0.892 0.3729062687480887 0.37274096716673527
-0.884 0.3960646480744947 0.3955206984896352
-0.876 0.43156248469544356 0.4303608989498565
-0.868 0.4601801716147602 0.45879346585373637
-0.86 0.46410050003859793 0.4636679255425407
-0.852 0.4425566181629851 0.4429865425709924
-0.844 0.41269356357051523 0.41286287648925135
-0.836 0.39454871428850175 0.39417147804667674
-0.8280000000000001 0.3993374151650891 0.3986398235804659
-0.8200000000000001 0.4268498879865962 0.42566891961564235
-0.812 0.4650096362098918 0.4630819608318915
-0.804 0.4925505868685134 0.4905642993427547
-0.796 0.4922564445039805 0.49139382146233856
-0.788 0.4666040763654062 0.4665285688500801
-0.78 0.43544019805902884 0.4350030529307281
-0.772 0.4192264037816522 0.41826110114630405
-0.764 0.42816667401337377 0.42685841185807205
-0.756 0.4602246445369147 0.458305036741988
-0.748 0.5007333581274266 0.4979933949468481
-0.74 0.5265107719652667 0.5238793415629717
-0.732 0.5215021409796596 0.5201496891573792
-0.724 0.4917901118186321 0.4911192446145601
-0.716 0.45977137778033694 0.45864883132600937
-0.708 0.446056403521741 0.4444192156236073
-0.7 0.4596379882501189 0.45759508469240395
-0.692 0.4964068603513608 0.4935742871325086
-0.6839999999999999 0.5389014173979779 0.5351485476289246
-0.6759999999999999 0.5622590105511547 0.5587340571123821
-0.6679999999999999 0.5522251989618452 0.5499642807220776
-0.6599999999999999 0.51882306014095 0.5168747105651599
-0.6519999999999999 0.48683199554408274 0.4839819502508883
-0.644 0.47679030033872877 0.47285843414950735
-0.636 0.4963456074356288 0.49105699669466557
-0.628 0.5391352231497831 0.5316209813600392
-0.62 0.5848282504595994 0.5745957841519852
-0.612 0.6073207083934525 0.5951280514970597
-0.604 0.5949224149863056 0.5808836218450288
-0.596 0.5618978980211298 0.5439279246607174
-0.588 0.5351518353489694 0.5111841893310325
-0.5800000000000001 0.534781934879131 0.5037583762092224
-0.5720000000000001 0.5666545248651699 0.5273547154141036
-0.5640000000000001 0.6214969397927611 0.5723947405844063
-0.556 0.6754577608888499 0.6160764427305664
-0.548 0.7009753315209349 0.6326546020807782
-0.54 0.6888534776203309 0.6124895030283268
-0.532 0.6569558272234292 0.5719541943808493
-0.524 0.6332704625187766 0.5400360199482854
-0.516 0.6366121012662608 0.537000165415484
-0.508 0.6705415405135821 0.566465630426498
-0.5 0.7226551064890118 0.6159773417786418
-0.492 0.7660400465300409 0.6598526771114213
-0.484 0.773210480375554 0.6719105197511739
-0.476 0.7395189619854335 0.6457895968598445
-0.46799999999999997 0.6881174430956817 0.6022385615003225
-0.45999999999999996 0.6494615446295862 0.5719425190265179
-0.45199999999999996 0.6424381634102484 0.5740135003511141
-0.44399999999999995 0.669372866528023 0.6097543385843414
-0.43599999999999994 0.7152739848047349 0.6635347225905389
-0.42799999999999994 0.7504734823312778 0.7067664928650739
-0.42 0.7479162185014547 0.7133549997833033
-0.41200000000000003 0.707277127661118 0.6808950796606583
-0.404 0.6555938796366361 0.6346387814370849
-0.396 0.6237538252651263 0.6065883602974335
-0.388 0.6286792037343989 0.6143904159117513
-0.38 0.6695047695483279 0.6567223748084626
-0.372 0.7269272010482885 0.7144611128316458
-0.364 0.7676361211428432 0.7561840276654472
-0.356 0.7652396063507209 0.7565204962339309
-0.348 0.7242428054472306 0.7176628545831056
-0.33999999999999997 0.6756882740397395 0.669327236899157
-0.33199999999999996 0.6510355752315552 0.6443386930288162
-0.32399999999999995 0.6656644516384408 0.6585193670874622
-0.31599999999999995 0.7159510725208736 0.7076101801146241
-0.30799999999999994 0.7786856615845394 0.76872915506045
-0.3 0.8177849977481919 0.8078432531171451
-0.29200000000000004 0.8089030062351736 0.8010860224444419
-0.28400000000000003 0.7622697280860553 0.7558703589133438
-0.276 0.7128875639397595 0.7062146258755089
-0.268 0.6924411275432856 0.685240599823151
-0.26 0.7144412893701434 0.7065883272279384
-0.252 0.7720389953285646 0.7627043478363114
-0.244 0.8376886595121901 0.8266775785720711
-0.236 0.8727795286488113 0.8621483813537516
-0.22799999999999998 0.8558582771711178 0.8475716412860037
-0.21999999999999997 0.803229462131385 0.7961302024067416
-0.21199999999999997 0.7534322987417411 0.7458787900143492
-0.20399999999999996 0.7378761501502596 0.729722031097131
-0.19599999999999995 0.7678227545754822 0.7588089731241832
-0.18799999999999994 0.8327294866365885 0.8219344445211352
-0.17999999999999994 0.900413411349324 0.8879481516233544
-0.17199999999999993 0.9302424821295882 0.9186065216451064
-0.16399999999999998 0.9046661198026215 0.8956015865802935
-0.15600000000000003 0.8463897185491132 0.8383468058569035
-0.14800000000000002 0.7970600908500782 0.7885229421133739
-0.14 0.7873670597342202 0.7782519465813211
-0.132 0.8259613061026077 0.8158205678550781
-0.124 0.8981307836685601 0.8859536205689904
-0.11599999999999999 0.9668449472381088 0.9530965635766333
-0.10799999999999998 0.9901425295305019 0.977685762803151
-0.09999999999999998 0.9554260723764196 0.9456179464356629
-0.09199999999999997 0.8920001382529668 0.8829072565305907
-0.08399999999999996 0.8441206107963338 0.8343964288328877
-0.07599999999999996 0.8413126172576659 0.8309218956889519
-0.06799999999999995 0.8892193507837597 0.8775345544596387
-0.05999999999999994 0.9684499743494225 0.9544539140231223
-0.051999999999999935 1.0370140372636427 1.0216548364507911
-0.043999999999999984 1.052491496691666 1.0389821845005631
-0.03600000000000003 1.008286186296351 0.9975366919183836
-0.028000000000000025 0.9403540600436692 0.9301483719719575
-0.020000000000000018 0.8950016271335978 0.8842092556162175
-0.01200000000000001 0.9001409573921666 0.8887241318190622
-0.0040000000000000036 0.9579671093402585 0.945105637605989
0.0040000000000000036 1.0438771751659501 1.0286138314312556
0.01200000000000001 1.1109371168901578 1.09475515200357
0.020000000000000018 1.1173164044435073 1.1036185975090436
0.028000000000000025 1.063429236380987 1.052508360200454
0.03600000000000003 0.9917819103256905 0.9811789169099236
0.04400000000000004 0.950126441062313 0.938949192224607
0.052000000000000046 0.9643071010289208 0.9525141687260051
0.06000000000000005 1.0325778579030611 1.01922570332031
0.06800000000000006 1.124581914595762 1.1089280875027092
0.07600000000000007 1.1886188076669886 1.1727880791013099
0.08400000000000007 1.1846648301320484 1.172129361400611
0.09200000000000008 1.1210760594259062 1.1114516875050915
0.10000000000000009 1.0466534553664761 1.0374061611699303
0.1080000000000001 1.009955607577201 1.000587463768131
0.1160000000000001 1.034292006031183 1.0249407336822807
0.12400000000000011 1.113423588394775 1.1032828485594202
0.13200000000000012 1.210710468652368 1.1994996380025449
0.14000000000000012 1.2700556717958944 1.260495461967888
0.14800000000000013 1.2546105513019121 1.2497752669725675
0.15600000000000003 1.1814888320246 1.1799572318026013
0.16399999999999992 1.1053801818459352 1.1045670553164946
0.17199999999999993 1.074988531763603 1.0749897828607016
0.17999999999999994 1.1106009612218974 1.1120623457891945
0.18799999999999994 1.2008701702878823 1.203435485419753
0.19599999999999995 1.302383909912045 1.3062750110301544
0.20399999999999996 1.3552409887774934 1.3632304953498542
0.21199999999999997 1.327259277256358 1.3410597920295027
0.21999999999999997 1.244974277512815 1.2616095500703643
0.22799999999999998 1.1684177982140045 1.1854075396749975
0.236 1.145764844867683 1.1642284771352234
0.244 1.1937612274498877 1.2153322351189357
0.252 1.2952721237581013 1.3203485329865932
0.26 1.3996970845728012 1.4289158069806658
0.268 1.4441705031750915 1.4797091740565917
0.276 1.402754373630796 1.4441734182085686
0.28400000000000003 1.311886840771658 1.3545606087996864
0.29200000000000004 1.2362688507053214 1.2782884726694097
0.30000000000000004 1.222865454024635 1.2668618160639007
0.30800000000000005 1.2843188443106872 1.3332624798219095
0.31600000000000006 1.3969671605806444 1.4520945071297475
0.32400000000000007 1.5027187214763718 1.5647956939398227
0.3320000000000001 1.5368490535440102 1.6067705410687736
0.3400000000000001 1.4812825029968215 1.5559246039232444
0.3480000000000001 1.382631877144549 1.4559908975679265
0.3560000000000001 1.3094854308002126 1.3808292420250958
0.3640000000000001 1.3069131434702232 1.3808147346201325
0.3720000000000001 1.382834541497459 1.4638241412706843
0.3800000000000001 1.5062706954359295 1.5964068026959635
0.3880000000000001 1.6114928530629653 1.7113813758869374
0.39600000000000013 1.6332979586796348 1.7420199081806558
0.404 1.5630791272290674 1.6746463111482557
0.4119999999999999 1.4576689045739408 1.5652700923857128
0.41999999999999993 1.3886719311644238 1.4934075516813108
0.42799999999999994 1.3985725909886262 1.5073490554845614
0.43599999999999994 1.4898787233071666 1.6089726892279392
0.44399999999999995 1.623470574483026 1.7556892534165545
0.45199999999999996 1.7260416914675971 1.8713918467270754
0.45999999999999996 1.7335630114813159 1.8885725761956496
0.46799999999999997 1.6484338430341476 1.8039725384716883
0.476 1.5375149658707306 1.6864939911005092
0.484 1.4744877849604758 1.620459216845454
0.492 1.4985496526108204 1.6511544493214818
0.5 1.6060255341656744 1.7733975111286693
0.508 1.748822306560023 1.9341470506379879
0.516 1.846370054771515 2.0480785941561916
0.524 1.8377229151177175 2.048513594586829
0.532 1.737695548529513 1.9447248325766728
0.54 1.6227481406271735 1.818912596079276
0.548 1.5676500993017355 1.759036829240545
0.556 1.6075897627862503 1.8060549251488958
0.5640000000000001 1.731846062206836 1.9462854533741656
0.5720000000000001 1.8825451113492608 2.1152177640774914
0.5800000000000001 1.9724713813442964 2.219327747327429
0.5880000000000001 1.9458979921643011 2.195903329826748
0.5960000000000001 1.8312774639271558 2.0694011317501015
0.6040000000000001 1.714011233689236 1.93495641783002
0.6120000000000001 1.668936068054921 1.8819557918101164
0.6200000000000001 1.7264752982558076 1.945370817968774
0.6280000000000001 1.8679007962020078 2.102003943565525
0.6360000000000001 2.02481911453971 2.2758530367686864
0.6440000000000001 2.104335307866383 2.3672207005510137
0.6520000000000001 2.058259005311381 2.320393044094331
0.6600000000000001 1.9296620512353324 2.1757378311883824
0.668 1.8120156494695503 2.038522521044796
0.6759999999999999 1.7791850229249007 1.9961591992996173
0.6839999999999999 1.8560217636653848 2.0751976130437364
0.692 2.014731516788469 2.2408091848068343
0.7 2.175784019136112 2.404707826233561
0.708 2.241956723419135 2.462905817606755
0.716 2.1750359474101035 2.369263086084304
0.724 2.03340589474056 2.177131774686512
0.732 1.9175454389559026 1.9999245908374617
0.74 1.89929995577883 1.9386535511712537
0.748 1.9970726776206664 2.0100021786365114
0.756 2.1728528732236017 2.1662642277777246
0.764 2.335539562216617 2.3152261565441803
0.772 2.3853461527918483 2.360670009047065
0.78 2.296526687356809 2.2723196006203783
0.788 2.143144614540729 2.1164414978331134
0.796 2.031461479375169 2.0004982969643166
0.804 2.030248320816955 1.9954025685431027
0.812 2.1504930712932246 2.110023939697776
0.8200000000000001 2.3427439679454642 2.294100604265301
0.8280000000000001 2.5041480265500318 2.450247187179976
0.8360000000000001 2.534541271647375 2.4841007650774127
0.8440000000000001 2.4231053941355998 2.3790025753773554
0.8520000000000001 2.259597888638119 2.2169739184208304
0.8600000000000001 2.1547057155034843 2.110710208054266
0.8680000000000001 2.1730619041915733 2.1266150851198895
0.8760000000000001 2.3171615593645254 2.2651186852965735
0.8840000000000001 2.524840338216584 2.4644491329850595
0.8920000000000001 2.6816390171106184 2.61724859643655
0.9000000000000001 2.6896193186265975 2.6307135463694786
0.9080000000000001 2.5552307012131186 2.503456826372306
0.916 2.3835746545234 2.333466504727596
0.9239999999999999 2.2883053570632583 2.237153824980726
0.9319999999999999 2.328835533145937 2.274982154479096
0.94 2.4979610058994766 2.437522895541605
0.948 2.719526781494695 2.6501401231867256
0.956 2.8680166360514647 2.7957520084602425
0.964 2.8507101480708554 2.7854754535703314
0.972 2.693453614112457 2.6354476227692585
0.98 2.5159785485817614 2.459363536248479
0.988 2.4333768891589513 2.3756499002960387
0.996 2.498724389232622 2.4376322354834983
