-0.9933333333333334 0.4064820503519311 0.4058485221051694
-0.98 0.39745966855070874 0.39841083271294264
-0.9666666666666667 0.35600578422951235 0.34893805159235286
-0.9533333333333334 0.35282273498008415 0.3555401585601001
-0.94 0.40032650535307923 0.4001984901478815
-0.9266666666666667 0.4375028809200964 0.4397069974117219
-0.9133333333333333 0.41032181157124686 0.40993224104138615
-0.8999999999999999 0.3717998279810963 0.3675842532983752
-0.8866666666666667 0.3862591351226183 0.39037873140170126
-0.8733333333333333 0.44294174673879666 0.44388283408770535
-0.86 0.46410050003859793 0.46896970711308683
-0.8466666666666667 0.422216712352624 0.41930296690566976
-0.8333333333333333 0.3933700818948342 0.3944010608436267
-0.8200000000000001 0.4268498879865962 0.43119244691477626
-0.8066666666666666 0.4859098295152332 0.489118946544931
-0.7933333333333333 0.4857550001704905 0.49216650338089063
-0.78 0.43544019805902884 0.43093508699409205
-0.7666666666666666 0.4222615596810332 0.428528416019883
-0.7533333333333333 0.473857664244234 0.4785553985108878
-0.74 0.5265107719652667 0.5332140345592822
-0.7266666666666667 0.5031858890780448 0.5091585428071671
-0.7133333333333334 0.4524544345185724 0.4497689238152582
-0.7 0.4596379882501189 0.4691449443022327
-0.6866666666666666 0.5256404729903812 0.5315518818001189
-0.6733333333333333 0.5626415835095218 0.5730443225484001
-0.6599999999999999 0.51882306014095 0.521697533395451
-0.6466666666666666 0.4769426700929239 0.4786557826077887
-0.6333333333333333 0.5087618711079689 0.5167868280996613
-0.62 0.5848282504595994 0.5880034405263551
-0.6066666666666667 0.6025291876263398 0.606179418583348
-0.5933333333333333 0.5510254618334998 0.5344097812682602
-0.58 0.5347819348791312 0.5177312246607938
-0.5666666666666667 0.6018841713473717 0.5729656443595647
-0.5533333333333333 0.68816125574519 0.6453079573024292
-0.54 0.6888534776203309 0.6318288678065005
-0.5266666666666666 0.638787902386311 0.5535992294479859
-0.5133333333333333 0.6447974262518024 0.5653522040854582
-0.49999999999999994 0.7226551064890122 0.6367697399324156
-0.48666666666666664 0.7757977441223363 0.6985239057351709
-0.47333333333333333 0.7227523521117039 0.6497087073396391
-0.45999999999999996 0.6494615446295862 0.583524019163118
-0.4466666666666666 0.6571799770153828 0.6205340734238629
-0.4333333333333333 0.7298472506155839 0.7055008536011758
-0.42 0.7479162185014547 0.7435815593407801
-0.4066666666666666 0.6719482660475466 0.6635803143169692
-0.39333333333333326 0.6209844707006558 0.6255457964926534
-0.37999999999999995 0.6695047695483285 0.6843970394800785
-0.36666666666666664 0.7580274922652934 0.775696546108313
-0.35333333333333333 0.7546449094047671 0.778406181444153
-0.33999999999999997 0.6756882740397395 0.6811347022194865
-0.3266666666666666 0.6562496500986219 0.6787822623184615
-0.3133333333333333 0.7371559704564632 0.7583644884247676
-0.3 0.8177849977481919 0.8436853817449688
-0.2866666666666666 0.7800339117615207 0.8034427834600826
-0.27333333333333326 0.7017744639960012 0.7103230796929199
-0.25999999999999995 0.7144412893701436 0.742060186155421
-0.24666666666666665 0.8173171754860679 0.8408288181478809
-0.23333333333333328 0.8728993182157385 0.9044748445513195
-0.21999999999999992 0.8032294621313848 0.8215224904146063
-0.2066666666666666 0.7381203227100228 0.7551481429096744
-0.1933333333333333 0.7867490313170385 0.815958817922037
-0.17999999999999994 0.900413411349324 0.9277923342157437
-0.16666666666666657 0.9186758480418874 0.9538014421555356
-0.15333333333333327 0.8270202080698154 0.8395969439388858
-0.13999999999999996 0.7873670597342203 0.8150036271821528
-0.12666666666666665 0.8722497677146395 0.9021338389023585
-0.11333333333333329 0.9811956787713828 1.0145310740788185
-0.09999999999999992 0.9554260723764192 0.9904346437354512
-0.08666666666666661 0.8560540278559902 0.8678153491567383
-0.0733333333333333 0.8520730466738504 0.8878042013752472
-0.05999999999999994 0.9684499743494225 1.0002190782350993
-0.04666666666666658 1.0546709526359224 1.0952806155691617
-0.03333333333333327 0.9858248894624293 1.01647552399313
-0.019999999999999962 0.8950016271335975 0.9147032008241657
-0.006666666666666654 0.9337900545895983 0.9744477382433159
0.00666666666666671 1.0709045305044522 1.1084152397882785
0.02000000000000013 1.1173164044435069 1.1661945267079439
0.03333333333333344 1.0143789335094784 1.0396249537763111
0.046666666666666745 0.9481630242121639 0.9829554464229121
0.06000000000000005 1.0325778579030611 1.0772111064750272
0.07333333333333336 1.173608300255004 1.2209827079660367
0.08666666666666678 1.1681505693098895 1.2230661308451203
0.10000000000000009 1.0466534553664761 1.0708175295148556
0.1133333333333334 1.0191647004114146 1.0706843357401707
0.1266666666666667 1.1464606091213603 1.1986161715420434
0.14 1.2700556717958942 1.333409767814965
0.15333333333333343 1.2091602965038868 1.2685664497498426
0.16666666666666674 1.0885232284660187 1.1247674595463992
0.18000000000000005 1.1106009612218983 1.1794715844755537
0.19333333333333347 1.271053361436104 1.340134588023258
0.20666666666666678 1.3547926723923618 1.4421140867752897
0.22000000000000008 1.2449742775128136 1.3108060834912054
0.2333333333333334 1.1456075808636867 1.21103858219156
0.2466666666666667 1.2235156142301815 1.3146627229772503
0.2600000000000001 1.3996970845728023 1.4997390954433412
0.27333333333333343 1.4249662284723499 1.5434049720939949
0.28666666666666674 1.2820138571613124 1.3624584110595808
0.30000000000000004 1.222865454024635 1.3308230272596253
0.31333333333333335 1.3567381505509952 1.4810959223579525
0.32666666666666677 1.52438102220459 1.6708657272303067
0.3400000000000001 1.4812825029968215 1.633929060774663
0.3533333333333334 1.327508111994942 1.4386190064531124
0.3666666666666668 1.3242034937204838 1.4814041388428412
0.3800000000000001 1.5062706954359295 1.6783631498086211
0.3933333333333334 1.637437079708439 1.8427435972865778
0.40666666666666673 1.5280351966687262 1.7138090963166503
0.42000000000000004 1.3886719311644231 1.5515820287645485
0.43333333333333346 1.4519350936922373 1.663088189420446
0.44666666666666677 1.665099912928256 1.900852764473689
0.4600000000000001 1.7335630114813156 2.004102796200795
0.4733333333333335 1.5723035465089397 1.7920128001184499
0.4866666666666668 1.4721235034930071 1.70573090763461
0.5000000000000001 1.6060255341656768 1.8803991367932338
0.5133333333333334 1.8238506295544294 2.1391652185993046
0.5266666666666667 1.811446349930398 2.1460077537692355
0.5400000000000001 1.6227481406271718 1.885218508882557
0.5533333333333335 1.5834163340282732 1.895034592355004
0.5666666666666668 1.7832529435255708 2.1287133001850176
0.5800000000000001 1.9724713813442964 2.3689548360925476
0.5933333333333334 1.874370739773256 2.2498453464644492
0.6066666666666668 1.6884613079622577 1.996620790161587
0.6200000000000001 1.7264752982558076 2.0957199627901852
0.6333333333333334 1.976654441912191 2.3783349926161934
0.6466666666666668 2.1026566335546026 2.5497789749611135
0.6600000000000001 1.9296620512353324 2.3081250024628117
0.6733333333333335 1.7781068401930846 2.1322387369621274
0.6866666666666668 1.902781550483078 2.310429496002612
0.7000000000000001 2.175784019136112 2.6263522344679684
0.7133333333333335 2.2102217362480867 2.687222738028521
0.7266666666666668 1.9873507409155875 2.360167344946699
0.7400000000000001 1.8992999557788306 2.300269563382126
0.7533333333333334 2.110339533835245 2.545704798391073
0.7666666666666667 2.368200786353242 2.8495734164082966
0.7800000000000001 2.2965266873568067 2.7573094759036594
0.7933333333333334 2.0586509795371217 2.402967935981457
0.8066666666666668 2.0579950037099004 2.445074321529501
0.8200000000000002 2.342743967945468 2.718369803435741
0.8333333333333335 2.5421353734881333 2.916349597757199
0.8466666666666668 2.368451960218606 2.637905987429991
0.8600000000000001 2.1547057155034843 2.34883353304951
0.8733333333333334 2.2576332155701717 2.47834761415547
0.8866666666666668 2.5889355333501096 2.7973195730456224
0.9000000000000001 2.6896193186265975 2.9168477239501778
0.9133333333333334 2.437111486154478 2.5847965428734225
0.9266666666666667 2.285699234475751 2.4507375356269248
0.9400000000000001 2.4979610058994766 2.685606688467993
0.9533333333333335 2.8342844744867346 3.0358360140634946
0.9666666666666668 2.8089431247985335 3.0224098461564943
0.9800000000000001 2.5159785485817583 2.6422173906406687
0.9933333333333334 2.460133231305546 2.6514491168380676
