-0.9933333333333334 0.4064820503519311 0.4194619587143754
-0.98 0.39745966855070874 0.38789523710754037
-0.9666666666666667 0.35600578422951235 0.3294515978498508
-0.9533333333333334 0.35282273498008415 0.3561110991981852
-0.94 0.40032650535307923 0.4329355447460308
-0.9266666666666667 0.4375028809200964 0.4382568950738952
-0.9133333333333333 0.4103218115712467 0.41046519151464955
-0.8999999999999999 0.371799827981095 0.36773648355132915
-0.8866666666666667 0.38625913512260796 0.4060225946029676
-0.8733333333333333 0.44294174673871833 0.4993088371382485
-0.86 0.4641005000380445 0.48185683484004915
-0.8466666666666667 0.4222167123489807 0.42440940353885975
-0.8333333333333333 0.3933700818724979 0.425486088870741
-0.8200000000000001 0.4268498878590554 0.47066987459861476
-0.8066666666666666 0.48590982883696204 0.561593567907438
-0.7933333333333333 0.4857549968109915 0.5243604132429253
-0.78 0.43544018256149747 0.4478016507230971
-0.7666666666666666 0.4222614930974185 0.4725259433285139
-0.7533333333333333 0.47385739781059893 0.5330332629503345
-0.74 0.5265097790148362 0.6053170962571488
-0.7266666666666667 0.5031824425412151 0.5566395499945183
-0.7133333333333334 0.4524432927247961 0.47583596241910026
-0.7 0.4596044419873287 0.5246967379871957
-0.6866666666666666 0.5255464032358944 0.6470405828795993
-0.6733333333333333 0.5623959018634729 0.6377972227724074
-0.6599999999999999 0.5182254578514495 0.5734056590833143
-0.6466666666666666 0.4755888260792587 0.5612316126889525
-0.6333333333333333 0.5059053210295138 0.6119238529629757
-0.62 0.579214774176186 0.7388952836292556
-0.6066666666666667 0.5922552061360904 0.6994874507612936
-0.5933333333333333 0.5335123829989846 0.6045317961367891
-0.58 0.5069782048338117 0.6228215846114247
-0.5666666666666667 0.560772942296653 0.6970105469582836
-0.5533333333333333 0.6315458407934703 0.8142495930124596
-0.54 0.6162385739129619 0.7521912769310668
-0.5266666666666666 0.5520450550679699 0.6387340529782475
-0.5133333333333333 0.5482905144728343 0.6918394649111806
-0.49999999999999994 0.6226551064890122 0.842667436081975
-0.48666666666666664 0.6792908323433683 0.8507147524890275
-0.47333333333333333 0.6360095047933627 0.7957118793585294
-0.45999999999999996 0.5768466409222172 0.7122920139644457
-0.4466666666666666 0.6005645620636632 0.7867218107995608
-0.4333333333333333 0.6887360215648651 0.9660701376418477
-0.42 0.7201124884561353 0.9293448317285185
-0.4066666666666666 0.6544351872130316 0.8158257354786799
-0.39333333333333326 0.6107104892104064 0.8177239471908179
-0.37999999999999995 0.6638912932649151 0.9029177058106705
-0.36666666666666664 0.7551709421868383 1.0712690815616792
-0.35333333333333333 0.7532910653911019 0.9969482475980538
-0.33999999999999997 0.675090671750239 0.8479590294775278
-0.3266666666666666 0.656003968452573 0.8930107582264294
-0.3133333333333333 0.7370619007019764 1.0045476140571612
-0.3 0.8177514514854016 1.1262671646517535
-0.2866666666666666 0.7800227699677444 1.034938144794537
-0.27333333333333326 0.7017710174591715 0.8820915258342672
-0.25999999999999995 0.7144402964197131 0.9708810782665571
-0.24666666666666665 0.8173169090524328 1.1933136341918664
-0.23333333333333328 0.8728992516321238 1.1698768807510511
-0.21999999999999992 0.8032294466338534 1.0460176526955642
-0.2066666666666666 0.7381203193505238 1.0223446581838096
-0.1933333333333333 0.7867490306387674 1.1123909345710907
-0.17999999999999994 0.9004134112217832 1.3368360441986895
-0.16666666666666657 0.918675848019551 1.2612002490089853
-0.15333333333333327 0.827020208066172 1.085681716875345
-0.13999999999999996 0.7873670597336668 1.1181410100042437
-0.12666666666666665 0.8722497677145612 1.2490079659268103
-0.11333333333333329 0.9811956787713725 1.4506923204607751
-0.09999999999999992 0.955426072376418 1.337825126421678
-0.08666666666666661 0.85605402785599 1.1337681151218792
-0.0733333333333333 0.8520730466738504 1.228281127524471
-0.05999999999999994 0.9684499743494225 1.4957795585704177
-0.04666666666666658 1.0546709526359224 1.5043122941013243
-0.03333333333333327 0.9858248894624293 1.4038284292876808
-0.019999999999999962 0.8950016271335975 1.2566057319007395
-0.006666666666666654 0.9337900545895983 1.3884595564305782
0.00666666666666671 1.0709045305044522 1.7029650041250766
0.02000000000000013 1.1173164044435069 1.6346706535812154
0.03333333333333344 1.0143789335094784 1.4317681200985706
0.046666666666666745 0.9481630242121639 1.4385048981941488
0.06000000000000005 1.0325778579030611 1.590539813907937
0.07333333333333336 1.173608300255004 1.8849680574330914
0.08666666666666678 1.1681505693098895 1.7529812730138705
0.10000000000000009 1.0466534553664761 1.4907530350237215
0.1133333333333334 1.0191647004114146 1.5749484470038801
0.1266666666666667 1.1464606091213603 1.7756118497401747
0.14 1.2700556717958942 1.9863533513528873
0.15333333333333343 1.2091602965038868 1.825991737664622
0.16666666666666674 1.0885232284660187 1.5604623351294786
0.18000000000000005 1.1106009612218983 1.7208695339668405
0.19333333333333347 1.271053361436104 2.1178001559911364
0.20666666666666678 1.3547926723923618 2.072804427431924
0.22000000000000008 1.2449742775128136 1.8503810256627022
0.2333333333333334 1.1456075808636867 1.813569689415213
0.2466666666666667 1.2235156142301815 1.9768021294197315
0.2600000000000001 1.3996970845728023 2.3739809857966874
0.27333333333333343 1.4249662284723499 2.236498830279137
0.28666666666666674 1.2820138571613124 1.9226909291043603
0.30000000000000004 1.222865454024635 1.9846429307740117
0.31333333333333335 1.3567381505509952 2.2182976355680317
0.32666666666666677 1.52438102220459 2.5694183375948523
0.3400000000000001 1.4812825029968215 2.3678049282837406
0.3533333333333334 1.327508111994942 2.0064605654112135
0.3666666666666668 1.3242034937204838 2.177584815578281
0.3800000000000001 1.5062706954359295 2.655380627950862
0.3933333333333334 1.637437079708439 2.6638940328887775
0.40666666666666673 1.5280351966687262 2.4825398923425346
0.42000000000000004 1.3886719311644231 2.2332329722184383
0.43333333333333346 1.4519350936922373 2.4658853360799724
0.44666666666666677 1.665099912928256 3.021580018603041
0.4600000000000001 1.7335630114813156 2.896479018969353
0.4733333333333335 1.5723035465089397 2.5336831117244665
0.4866666666666668 1.4721235034930071 2.554188461539166
0.5000000000000001 1.6060255341656768 2.830647336080584
0.5133333333333334 1.8238506295544294 3.354556056977867
0.5266666666666667 1.811446349930398 3.119103323954186
0.5400000000000001 1.6227481406271718 2.6541911661270774
0.5533333333333335 1.5834163340282732 2.8153611611487652
0.5666666666666668 1.7832529435255708 3.1830889831958813
0.5800000000000001 1.9724713813442964 3.561562153149213
0.5933333333333334 1.874370739773256 3.2756594624561517
0.6066666666666668 1.6884613079622577 2.8111919084610406
0.6200000000000001 1.7264752982558076 3.10837437034203
0.6333333333333334 1.976654441912191 3.834117154604925
0.6466666666666668 2.1026566335546026 3.750925604863678
0.6600000000000001 1.9296620512353324 3.3474069708087226
0.6733333333333335 1.7781068401930846 3.295024971700167
0.6866666666666668 1.902781550483078 3.6040474285522723
0.7000000000000001 2.175784019136112 4.3334052295670205
0.7133333333333335 2.2102217362480867 4.081030718321889
0.7266666666666668 1.9873507409155875 3.5088410152625347
0.7400000000000001 1.8992999557788306 3.635861967981777
0.7533333333333334 2.110339533835245 4.072832640943014
0.7666666666666667 2.368200786353242 4.714319501420209
0.7800000000000001 2.2965266873568067 4.343927390814187
0.7933333333333334 2.0586509795371217 3.6855593938306663
0.8066666666666668 2.0579950037099004 4.010811175854854
0.8200000000000002 2.342743967945468 4.902131336423638
0.8333333333333335 2.5421353734881333 4.909160430458934
0.8466666666666668 2.368451960218606 4.570042308401243
0.8600000000000001 2.1547057155034843 4.140258028213463
0.8733333333333334 2.2576332155701717 4.564273820565809
0.8866666666666668 2.5889355333501096 5.5851970787252405
0.9000000000000001 2.6896193186265975 5.346078379128503
0.9133333333333334 2.437111486154478 4.669867915251163
0.9266666666666667 2.285699234475751 4.720527690144236
0.9400000000000001 2.4979610058994766 5.238824277945956
0.9533333333333335 2.8342844744867346 6.199826904649602
0.9666666666666668 2.8089431247985335 5.759445644884915
0.9800000000000001 2.5159785485817583 4.893633089411612
0.9933333333333334 2.460133231305546 5.217424506508083
