-0.9933333333333334 0.4064820503519311 0.4194619587143753
-0.98 0.39745966855070874 0.38789523710754
-0.9666666666666667 0.35600578422951235 0.32945159784985023
-0.9533333333333334 0.35282273498008415 0.35611109919818457
-0.94 0.40032650535307923 0.4329355447460358
-0.9266666666666667 0.4375028809200964 0.4382568950739016
-0.9133333333333333 0.41032181157124686 0.4104651915146537
-0.8999999999999999 0.3717998279810963 0.3677364835512958
-0.8866666666666667 0.3862591351226183 0.40602259460293655
-0.8733333333333333 0.44294174673879666 0.49930883713819496
-0.86 0.46410050003859793 0.48185683483999714
-0.8466666666666667 0.422216712352624 0.424409403538811
-0.8333333333333333 0.3933700818948342 0.4254860888707739
-0.8200000000000001 0.4268498879865962 0.4706698745987284
-0.8066666666666666 0.4859098295152332 0.5615935679076212
-0.7933333333333333 0.4857550001704905 0.5243604132428618
-0.78 0.43544019805902884 0.44780165072284345
-0.7666666666666666 0.4222615596810332 0.47252594332654874
-0.7533333333333333 0.473857664244234 0.5330332629456166
-0.74 0.5265107719652667 0.6053170962496698
-0.7266666666666667 0.5031858890780448 0.5566395499881016
-0.7133333333333334 0.4524544345185724 0.4758359624172215
-0.7 0.4596379882501189 0.524696737990556
-0.6866666666666666 0.5256404729903812 0.647040582894479
-0.6733333333333333 0.5626415835095218 0.6377972227981368
-0.6599999999999999 0.51882306014095 0.5734056591212318
-0.6466666666666666 0.4769426700929239 0.5612316127288707
-0.6333333333333333 0.5087618711079689 0.611923852998906
-0.62 0.5848282504595994 0.7388952836467535
-0.6066666666666667 0.6025291876263398 0.6994874507467673
-0.5933333333333333 0.5510254618334998 0.6045317960836372
-0.58 0.5347819348791312 0.6228215844984477
-0.5666666666666667 0.6018841713473717 0.6970105467737716
-0.5533333333333333 0.68816125574519 0.8142495927333944
-0.54 0.6888534776203309 0.7521912766681781
-0.5266666666666666 0.638787902386311 0.6387340527534714
-0.5133333333333333 0.6447974262518024 0.6918394646949474
-0.49999999999999994 0.7226551064890122 0.8426674358536629
-0.48666666666666664 0.7757977441223363 0.8507147523056564
-0.47333333333333333 0.7227523521117039 0.7957118791994893
-0.45999999999999996 0.6494615446295862 0.712292014336716
-0.4466666666666666 0.6571799770153828 0.7867218109670737
-0.4333333333333333 0.7298472506155839 0.9660701379899814
-0.42 0.7479162185014547 0.9293448322568926
-0.4066666666666666 0.6719482660475466 0.8158257361686028
-0.39333333333333326 0.6209844707006558 0.8177239482491802
-0.37999999999999995 0.6695047695483285 0.9029177073218062
-0.36666666666666664 0.7580274922652934 1.071269083615421
-0.35333333333333333 0.7546449094047671 0.9969482493722757
-0.33999999999999997 0.6756882740397395 0.8479590306410971
-0.3266666666666666 0.6562496500986219 0.8930107582640199
-0.3133333333333333 0.7371559704564632 1.0045476084957117
-0.3 0.8177849977481919 1.1262671758930318
-0.2866666666666666 0.7800339117615207 1.0349381576846954
-0.27333333333333326 0.7017744639960012 0.8820915514912181
-0.25999999999999995 0.7144412893701436 0.9708811347158038
-0.24666666666666665 0.8173171754860679 1.1933137420434101
-0.23333333333333328 0.8728993182157385 1.1698770531651617
-0.21999999999999992 0.8032294621313848 1.0460178593692115
-0.2066666666666666 0.7381203227100228 1.0223449995464529
-0.1933333333333333 0.7867490313170385 1.112391478393008
-0.17999999999999994 0.900413411349324 1.3368369757340597
-0.16666666666666657 0.9186758480418874 1.2612013098859007
-0.15333333333333327 0.8270202080698154 1.0856828228961735
-0.13999999999999996 0.7873670597342203 1.1181424836431377
-0.12666666666666665 0.8722497677146395 1.2490100802417445
-0.11333333333333329 0.9811956787713828 1.4506958781349069
-0.09999999999999992 0.9554260723764192 1.3378289285620326
-0.08666666666666661 0.8560540278559902 1.1337719029070474
-0.0733333333333333 0.8520730466738504 1.228287551845701
-0.05999999999999994 0.9684499743494225 1.4957888575878755
-0.04666666666666658 1.0546709526359224 1.5043274420627175
-0.03333333333333327 0.9858248894624293 1.4038431563081841
-0.019999999999999962 0.8950016271335975 1.2567632173814274
-0.006666666666666654 0.9337900545895983 1.3886121666748183
0.00666666666666671 1.0709045305044522 1.7031821081139773
0.02000000000000013 1.1173164044435069 1.634950108048895
0.03333333333333344 1.0143789335094784 1.4320761547058756
0.046666666666666745 0.9481630242121639 1.4389718747426488
0.06000000000000005 1.0325778579030611 1.5912873170157917
0.07333333333333336 1.173608300255004 1.8862860403278727
0.08666666666666678 1.1681505693098895 1.754452723143564
0.10000000000000009 1.0466534553664761 1.4923029620575814
0.1133333333333334 1.0191647004114146 1.577156742686334
0.1266666666666667 1.1464606091213603 1.7784611375193706
0.14 1.2700556717958942 1.9923196405226373
0.15333333333333343 1.2091602965038868 1.8315679368256248
0.16666666666666674 1.0885232284660187 1.5663320441454234
0.18000000000000005 1.1106009612218983 1.7283908121905638
0.19333333333333347 1.271053361436104 2.128675844783537
0.20666666666666678 1.3547926723923618 2.085080848041671
0.22000000000000008 1.2449742775128136 1.8628505612300406
0.2333333333333334 1.1456075808636867 1.827954072524244
0.2466666666666667 1.2235156142301815 1.9950070530979467
0.2600000000000001 1.3996970845728023 2.3995108025790994
0.27333333333333343 1.4249662284723499 2.262545169071686
0.28666666666666674 1.2820138571613124 1.9473462214353463
0.30000000000000004 1.222865454024635 2.0131672008814174
0.31333333333333335 1.3567381505509952 2.2537970198428035
0.32666666666666677 1.52438102220459 2.6166916808437986
0.3400000000000001 1.4812825029968215 2.41313496685354
0.3533333333333334 1.327508111994942 2.0480342397436146
0.3666666666666668 1.3242034937204838 2.226210657777036
0.3800000000000001 1.5062706954359295 2.719096678443411
0.3933333333333334 1.637437079708439 2.731952766868836
0.40666666666666673 1.5280351966687262 2.5482473090677704
0.42000000000000004 1.3886719311644231 2.312868643298655
0.43333333333333346 1.4519350936922373 2.5481116915568256
0.44666666666666677 1.665099912928256 3.1232067257955762
0.4600000000000001 1.7335630114813156 2.9980786451004677
0.4733333333333335 1.5723035465089397 2.6269088765657465
0.4866666666666668 1.4721235034930071 2.653579816762763
0.5000000000000001 1.6060255341656768 2.9470557664631043
0.5133333333333334 1.8238506295544294 3.5017176892798454
0.5266666666666667 1.811446349930398 3.25980185429975
0.5400000000000001 1.6227481406271718 2.7790013578802735
0.5533333333333335 1.5834163340282732 2.9538062903499873
0.5666666666666668 1.7832529435255708 3.344628945661483
0.5800000000000001 1.9724713813442964 3.7606432142869193
0.5933333333333334 1.874370739773256 3.4593702260141512
0.6066666666666668 1.6884613079622577 2.976279295188748
0.6200000000000001 1.7264752982558076 3.2953637469449566
0.6333333333333334 1.976654441912191 4.072375031289706
0.6466666666666668 2.1026566335546026 3.9909478881367617
0.6600000000000001 1.9296620512353324 3.568166260241375
0.6733333333333335 1.7781068401930846 3.5200059834925885
0.6866666666666668 1.902781550483078 3.859049529789366
0.7000000000000001 2.175784019136112 4.652246209405476
0.7133333333333335 2.2102217362480867 4.387475592960364
0.7266666666666668 1.9873507409155875 3.779394866578488
0.7400000000000001 1.8992999557788306 3.924961742939156
0.7533333333333334 2.110339533835245 4.406735099805939
0.7666666666666667 2.368200786353242 5.117321113866436
0.7800000000000001 2.2965266873568067 4.719811232175053
0.7933333333333334 2.0586509795371217 4.012997509528202
0.8066666666666668 2.0579950037099004 4.375482458012353
0.8200000000000002 2.342743967945468 5.35862116335813
0.8333333333333335 2.5421353734881333 5.376035963908871
0.8466666666666668 2.368451960218606 5.004160182417174
0.8600000000000001 2.1547057155034843 4.599981045712578
0.8733333333333334 2.2576332155701717 5.047466391152492
0.8866666666666668 2.5889355333501096 6.172406522899127
0.9000000000000001 2.6896193186265975 5.91687254822645
0.9133333333333334 2.437111486154478 5.177615425348878
0.9266666666666667 2.285699234475751 5.244741310655236
0.9400000000000001 2.4979610058994766 5.8330374776939475
0.9533333333333335 2.8342844744867346 6.9211337337557834
0.9666666666666668 2.8089431247985335 6.436747754802974
0.9800000000000001 2.5159785485817583 5.4786896443155655
0.9933333333333334 2.460133231305546 5.852782912413151
