-0.996 0.40020420191564543 0.4117783647746307
-0.988 0.4109515482189157 0.40983671931330945
-0.98 0.39745966855070874 0.3949869518316288
-0.972 0.37127054825093714 0.372830612353914
-0.964 0.3507897850213654 0.3436963149487855
-0.956 0.34867301236325726 0.35237610960069365
-0.948 0.36771103222979995 0.3738543089082257
-0.94 0.40032650535307923 0.4039998169494072
-0.9319999999999999 0.42939915067730755 0.4452221664706062
-0.9239999999999999 0.43700461431570903 0.4393088390953215
-0.916 0.4195379398342999 0.4207235757947356
-0.908 0.39135409555201445 0.39659454112701015
-0.9 0.3717998279810965 0.3671167112295452
-0.892 0.3729062687480887 0.3794710258840841
-0.884 0.3960646480744947 0.40508464134859995
-0.876 0.43156248469544356 0.437680249861883
-0.868 0.4601801716147602 0.47971739001788505
-0.86 0.46410050003859793 0.469694672143811
-0.852 0.4425566181629851 0.4469870438644341
-0.844 0.41269356357051523 0.42100517786185754
-0.836 0.39454871428850175 0.39285221558130723
-0.8280000000000001 0.3993374151650891 0.40882594259575006
-0.8200000000000001 0.4268498879865962 0.4387374868468672
-0.812 0.4650096362098918 0.4734697697466721
-0.804 0.4925505868685134 0.5151139718781286
-0.796 0.4922564445039805 0.5009015878514635
-0.788 0.4666040763654062 0.47512462793268173
-0.78 0.43544019805902884 0.43632269345882774
-0.772 0.4192264037816522 0.4316592682277307
-0.764 0.42816667401337377 0.44533982717726367
-0.756 0.4602246445369147 0.47734922659724804
-0.748 0.5007333581274266 0.5135274863526663
-0.74 0.5265107719652667 0.5529639391114561
-0.732 0.5215021409796596 0.5345172216620304
-0.724 0.4917901118186321 0.5051466715438293
-0.716 0.45977137778033694 0.463060922571737
-0.708 0.446056403521741 0.4625453587729127
-0.7 0.4596379882501189 0.48093030204334725
-0.692 0.4964068603513608 0.5176341959151542
-0.6839999999999999 0.5389014173979779 0.5573855696906345
-0.6759999999999999 0.5622590105511547 0.5907062680623576
-0.6679999999999999 0.5522251989618452 0.5688509055062061
-0.6599999999999999 0.51882306014095 0.5364700744740996
-0.6519999999999999 0.48683199554408274 0.491871041792014
-0.644 0.47679030033872877 0.49596092008415626
-0.636 0.4963456074356288 0.5195353693211389
-0.628 0.5391352231497831 0.5600358407371455
-0.62 0.5848282504595994 0.6204630060438798
-0.612 0.6073207083934525 0.6222982642735897
-0.604 0.5949224149863056 0.6028756018937842
-0.596 0.5618978980211298 0.5699040214918791
-0.588 0.5351518353489694 0.5242270784415615
-0.5800000000000001 0.534781934879131 0.5331445944820821
-0.5720000000000001 0.5666545248651699 0.5621088745207156
-0.5640000000000001 0.6214969397927611 0.6066901757393988
-0.556 0.6754577608888499 0.6703734400926584
-0.548 0.7009753315209349 0.6661825332748463
-0.54 0.6888534776203309 0.6413803665827136
-0.532 0.6569558272234292 0.6052768672859175
-0.524 0.6332704625187766 0.5583951918086738
-0.516 0.6366121012662608 0.573451861437499
-0.508 0.6705415405135821 0.6092012587480676
-0.5 0.7226551064890118 0.6584634470518008
-0.492 0.7660400465300409 0.7252121674199936
-0.484 0.773210480375554 0.7144522453338386
-0.476 0.7395189619854335 0.6832002445520753
-0.46799999999999997 0.6881174430956817 0.6434303706026346
-0.45999999999999996 0.6494615446295862 0.5952615226461266
-0.45199999999999996 0.6424381634102484 0.6152767959185079
-0.44399999999999995 0.669372866528023 0.656545610380017
-0.43599999999999994 0.7152739848047349 0.7085409748300714
-0.42799999999999994 0.7504734823312778 0.7750432495801335
-0.42 0.7479162185014547 0.7576924506562366
-0.41200000000000003 0.707277127661118 0.7200957106623307
-0.404 0.6555938796366361 0.6779503986236435
-0.396 0.6237538252651263 0.6337645059116676
-0.388 0.6286792037343989 0.6600263185795051
-0.38 0.6695047695483279 0.7087261753746152
-0.372 0.7269272010482885 0.7644677351337166
-0.364 0.7676361211428432 0.8303043242667381
-0.356 0.7652396063507209 0.8062797159663707
-0.348 0.7242428054472306 0.7638902568748526
-0.33999999999999997 0.6756882740397395 0.7006854178578279
-0.33199999999999996 0.6510355752315552 0.6937041976643116
-0.32399999999999995 0.6656644516384408 0.7160218425087511
-0.31599999999999995 0.7159510725208736 0.7675430929583151
-0.30799999999999994 0.7786856615845394 0.8251806985046686
-0.3 0.8177849977481919 0.8865814393107161
-0.29200000000000004 0.8089030062351736 0.8562443869670556
-0.28400000000000003 0.7622697280860553 0.8087254703267505
-0.276 0.7128875639397595 0.7412034554513204
-0.268 0.6924411275432856 0.7412854444916499
-0.26 0.7144412893701434 0.7714373082308583
-0.252 0.7720389953285646 0.8298726351999526
-0.244 0.8376886595121901 0.8978844612138749
-0.236 0.8727795286488113 0.942205363646588
-0.22799999999999998 0.8558582771711178 0.9079483595694964
-0.21999999999999997 0.803229462131385 0.8560691252841715
-0.21199999999999997 0.7534322987417411 0.7846569417508165
-0.20399999999999996 0.7378761501502596 0.7915898166922841
-0.19599999999999995 0.7678227545754822 0.8294260812781998
-0.18799999999999994 0.8327294866365885 0.8936991120191435
-0.17999999999999994 0.900413411349324 0.9891983967207376
-0.17199999999999993 0.9302424821295882 0.9903251224552176
-0.16399999999999998 0.9046661198026215 0.9582002830155386
-0.15600000000000003 0.8463897185491132 0.9052654588620488
-0.14800000000000002 0.7970600908500782 0.8327657849728088
-0.14 0.7873670597342202 0.8481986821507477
-0.132 0.8259613061026077 0.8953386067744428
-0.124 0.8981307836685601 0.9666405253427477
-0.11599999999999999 0.9668449472381088 1.067757551341912
-0.10799999999999998 0.9901425295305019 1.0595432049043487
-0.09999999999999998 0.9554260723764196 1.0189290285581485
-0.09199999999999997 0.8920001382529668 0.9610318689663716
-0.08399999999999996 0.8441206107963338 0.8865222624230638
-0.07599999999999996 0.8413126172576659 0.9110263978683257
-0.06799999999999995 0.8892193507837597 0.9681769257835788
-0.05999999999999994 0.9684499743494225 1.0460497281387298
-0.051999999999999935 1.0370140372636427 1.1508143777699624
-0.043999999999999984 1.052491496691666 1.1324863097960125
-0.03600000000000003 1.008286186296351 1.082158228753732
-0.028000000000000025 0.9403540600436692 1.0194866800393056
-0.020000000000000018 0.8950016271335978 0.9449399589922629
-0.01200000000000001 0.9001409573921666 0.9785032656782143
-0.0040000000000000036 0.9579671093402585 1.0457830513337658
0.0040000000000000036 1.0438771751659501 1.1290431820746458
0.01200000000000001 1.1109371168901578 1.2342663591775107
0.020000000000000018 1.1173164044435073 1.205349515392705
0.028000000000000025 1.063429236380987 1.1444462235981852
0.03600000000000003 0.9917819103256905 1.0768781950030548
0.04400000000000004 0.950126441062313 1.0081952460688375
0.052000000000000046 0.9643071010289208 1.050614026169286
0.06000000000000005 1.0325778579030611 1.1287823063661442
0.06800000000000006 1.124581914595762 1.2173395711577113
0.07600000000000007 1.1886188076669886 1.3208090752650306
0.08400000000000007 1.1846648301320484 1.2819780851658682
0.09200000000000008 1.1210760594259062 1.2146512458576466
0.10000000000000009 1.0466534553664761 1.1147048759428722
0.1080000000000001 1.009955607577201 1.1066868634693274
0.1160000000000001 1.034292006031183 1.1448578420308384
0.12400000000000011 1.113423588394775 1.2294654353069527
0.13200000000000012 1.210710468652368 1.3226794765905394
0.14000000000000012 1.2700556717958944 1.420079368689279
0.14800000000000013 1.2546105513019121 1.3711284297694684
0.15600000000000003 1.1814888320246 1.295347403082356
0.16399999999999992 1.1053801818459352 1.1879765265186162
0.17199999999999993 1.074988531763603 1.1909591408569156
0.17999999999999994 1.1106009612218974 1.2421835955851033
0.18799999999999994 1.2008701702878823 1.339098853172073
0.19599999999999995 1.302383909912045 1.4471716050050967
0.20399999999999996 1.3552409887774934 1.5228366713141925
0.21199999999999997 1.327259277256358 1.4672389425937817
0.21999999999999997 1.244974277512815 1.3848942052094697
0.22799999999999998 1.1684177982140045 1.271845621396713
0.236 1.145764844867683 1.2879035265617982
0.244 1.1937612274498877 1.354135038842037
0.252 1.2952721237581013 1.462990144667305
0.26 1.3996970845728012 1.6225465145036737
0.268 1.4441705031750915 1.6255308007364953
0.276 1.402754373630796 1.5743766255680063
0.28400000000000003 1.311886840771658 1.4902284275168718
0.29200000000000004 1.2362688507053214 1.3748367138075266
0.30000000000000004 1.222865454024635 1.4056585376960693
0.30800000000000005 1.2843188443106872 1.4890652742604278
0.31600000000000006 1.3969671605806444 1.6117797601475978
0.32400000000000007 1.5027187214763718 1.7835665764248954
0.3320000000000001 1.5368490535440102 1.7709850034394297
0.3400000000000001 1.4812825029968215 1.7048409468357306
0.3480000000000001 1.382631877144549 1.611085762421662
0.3560000000000001 1.3094854308002126 1.4910077288953665
0.3640000000000001 1.3069131434702232 1.537426254474254
0.3720000000000001 1.382834541497459 1.639214236807552
0.3800000000000001 1.5062706954359295 1.7749606180886586
0.3880000000000001 1.6114928530629653 1.9554845978501993
0.39600000000000013 1.6332979586796348 1.9255041529300168
0.404 1.5630791272290674 1.84198556756
0.4119999999999999 1.4576689045739408 1.7387433207993872
0.41999999999999993 1.3886719311644238 1.618936553007402
0.42799999999999994 1.3985725909886262 1.6816311398030894
0.43599999999999994 1.4898787233071666 1.8031804156825433
0.44399999999999995 1.623470574483026 1.9511239014071413
0.45199999999999996 1.7260416914675971 2.1362070267219977
0.45999999999999996 1.7335630114813159 2.088011295782918
0.46799999999999997 1.6484338430341476 1.9865360111024142
0.476 1.5375149658707306 1.867825243365997
0.484 1.4744877849604758 1.7694523899513042
0.492 1.4985496526108204 1.8449593096499846
0.5 1.6060255341656744 1.9864893381252449
0.508 1.748822306560023 2.1458165559146947
0.516 1.846370054771515 2.3304072089722823
0.524 1.8377229151177175 2.262966354889954
0.532 1.737695548529513 2.146405718007876
0.54 1.6227481406271735 1.9730561006426424
0.548 1.5676500993017355 1.9649892732807073
0.556 1.6075897627862503 2.0383905628534507
0.5640000000000001 1.731846062206836 2.193951646360185
0.5720000000000001 1.8825451113492608 2.3625705710797344
0.5800000000000001 1.9724713813442964 2.5358567300991384
0.5880000000000001 1.9458979921643011 2.448340737570631
0.5960000000000001 1.8312774639271558 2.3142372332413004
0.6040000000000001 1.714011233689236 2.1247039994751327
0.6120000000000001 1.668936068054921 2.135328849160159
0.6200000000000001 1.7264752982558076 2.23180735666081
0.6280000000000001 1.8679007962020078 2.40676529884439
0.6360000000000001 2.02481911453971 2.6708671720406114
0.6440000000000001 2.104335307866383 2.6994662664767226
0.6520000000000001 2.058259005311381 2.627779078592332
0.6600000000000001 1.9296620512353324 2.4917083691216764
0.668 1.8120156494695503 2.295594350018133
0.6759999999999999 1.7791850229249007 2.3276754863852416
0.6839999999999999 1.8560217636653848 2.449507925710448
0.692 2.014731516788469 2.6461734853796113
0.7 2.175784019136112 2.932686263753912
0.708 2.241956723419135 2.93201993770267
0.716 2.1750359474101035 2.835129550417901
0.724 2.03340589474056 2.6804681497917167
0.732 1.9175454389559026 2.4712922285097365
0.74 1.89929995577883 2.5270012667273347
0.748 1.9970726776206664 2.6758076373979294
0.756 2.1728528732236017 2.8918287003395227
0.764 2.335539562216617 3.19300732079066
0.772 2.3853461527918483 3.158874891677854
0.78 2.296526687356809 3.0297200343439328
0.788 2.143144614540729 2.8524880196127125
0.796 2.031461479375169 2.628370127000167
0.804 2.030248320816955 2.699697036368259
0.812 2.1504930712932246 2.864745601151096
0.8200000000000001 2.3427439679454642 3.0846593033506435
0.8280000000000001 2.5041480265500318 3.376450427095824
0.8360000000000001 2.534541271647375 3.3049091681576286
0.8440000000000001 2.4231053941355998 3.1399817810610076
0.8520000000000001 2.259597888638119 2.9444436513228127
0.8600000000000001 2.1547057155034843 2.7157497017111565
0.8680000000000001 2.1730619041915733 2.797920117400728
0.8760000000000001 2.3171615593645254 2.9687741079183194
0.8840000000000001 2.524840338216584 3.175012441434785
0.8920000000000001 2.6816390171106184 3.4236588605675626
0.9000000000000001 2.6896193186265975 3.3122620504074147
0.9080000000000001 2.5552307012131186 3.108940641720494
0.916 2.3835746545234 2.9011934572151548
0.9239999999999999 2.2883053570632583 2.6858094066326137
0.9319999999999999 2.328835533145937 2.790967556110033
0.94 2.4979610058994766 2.9861887891214747
0.948 2.719526781494695 3.2044204466002117
0.956 2.8680166360514647 3.450524047328125
0.964 2.8507101480708554 3.3367379840698326
0.972 2.693453614112457 3.1511457057640246
0.98 2.5159785485817614 2.8834917541157123
0.988 2.4333768891589513 2.8658708140477436
0.996 2.498724389232622 2.9777140564228137
