-0.9933333333333334 0.4064820503519311 0.40584852229150015
-0.98 0.39745966855070874 0.39841083254354653
-0.9666666666666667 0.35600578422951235 0.3489380511266569
-0.9533333333333334 0.35282273498008415 0.3555401592323324
-0.94 0.40032650535307923 0.4001984908230406
-0.9266666666666667 0.4375028809200964 0.4397069970095068
-0.9133333333333333 0.41032181157124686 0.4099322391419575
-0.8999999999999999 0.3717998279810963 0.36758425162024855
-0.8866666666666667 0.3862591351226183 0.3903787370767918
-0.8733333333333333 0.44294174673879666 0.4438828354066912
-0.86 0.46410050003859793 0.4689697013773284
-0.8466666666666667 0.422216712352624 0.4193029684898716
-0.8333333333333333 0.3933700818948342 0.3944010567329251
-0.8200000000000001 0.4268498879865962 0.4311924426015481
-0.8066666666666666 0.4859098295152332 0.4891188977328806
-0.7933333333333333 0.4857550001704905 0.49216650751742386
-0.78 0.43544019805902884 0.43093525737311145
-0.7666666666666666 0.4222615596810332 0.42852855879303164
-0.7533333333333333 0.473857664244234 0.4785551964290771
-0.74 0.5265107719652667 0.5332129352774626
-0.7266666666666667 0.5031858890780448 0.5091573152362212
-0.7133333333333334 0.4524544345185724 0.4497695272473867
-0.7 0.4596379882501189 0.46914847197815823
-0.6866666666666666 0.5256404729903812 0.5315580672418087
-0.6733333333333333 0.5626415835095218 0.5730474919725979
-0.6599999999999999 0.51882306014095 0.5216891901615496
-0.6466666666666666 0.4769426700929239 0.4786298307020005
-0.6333333333333333 0.5087618711079689 0.5167286525260699
-0.62 0.5848282504595994 0.5878958617268631
-0.6066666666666667 0.6025291876263398 0.6060219843886842
-0.5933333333333333 0.5510254618334998 0.5342218649331394
-0.58 0.5347819348791312 0.5175217636675813
-0.5666666666666667 0.6018841713473717 0.5727550565997046
-0.5533333333333333 0.68816125574519 0.6452136549962778
-0.54 0.6888534776203309 0.631985042905809
-0.5266666666666666 0.638787902386311 0.5539130677676581
-0.5133333333333333 0.6447974262518024 0.5657364390359154
-0.49999999999999994 0.7226551064890122 0.6371579847979328
-0.48666666666666664 0.7757977441223363 0.6987517388572775
-0.47333333333333333 0.7227523521117039 0.6496826351742219
-0.45999999999999996 0.6494615446295862 0.5833628451106218
-0.4466666666666666 0.6571799770153828 0.6203005788805249
-0.4333333333333333 0.7298472506155839 0.7052716552058083
-0.42 0.7479162185014547 0.7434678110245428
-0.4066666666666666 0.6719482660475466 0.6636013684266698
-0.39333333333333326 0.6209844707006558 0.6255998334848676
-0.37999999999999995 0.6695047695483285 0.6844491439191045
-0.36666666666666664 0.7580274922652934 0.775690615946591
-0.35333333333333333 0.7546449094047671 0.7783419628143339
-0.33999999999999997 0.6756882740397395 0.6810937113073716
-0.3266666666666666 0.6562496500986219 0.6788219870667593
-0.3133333333333333 0.7371559704564632 0.7585603047362628
-0.3 0.8177849977481919 0.8440831377407781
-0.2866666666666666 0.7800339117615207 0.8039843117615271
-0.27333333333333326 0.7017744639960012 0.7108750126217472
-0.25999999999999995 0.7144412893701436 0.7426503288753041
-0.24666666666666665 0.8173171754860679 0.8414375750654953
-0.23333333333333328 0.8728993182157385 0.9049946956231002
-0.21999999999999992 0.8032294621313848 0.8218359426273467
-0.2066666666666666 0.7381203227100228 0.7552952588897865
-0.1933333333333333 0.7867490313170385 0.8159551833525412
-0.17999999999999994 0.900413411349324 0.92761528803524
-0.16666666666666657 0.9186758480418874 0.9534684085499859
-0.15333333333333327 0.8270202080698154 0.8392024084158407
-0.13999999999999996 0.7873670597342203 0.8145875109263957
-0.12666666666666665 0.8722497677146395 0.901722664738232
-0.11333333333333329 0.9811956787713828 1.0142152223733463
-0.09999999999999992 0.9554260723764192 0.9903645948468887
-0.08666666666666661 0.8560540278559902 0.8680078673198224
-0.0733333333333333 0.8520730466738504 0.888210119047403
-0.05999999999999994 0.9684499743494225 1.0008244639698254
-0.04666666666666658 1.0546709526359224 1.095849906057863
-0.03333333333333327 0.9858248894624293 1.0166468374026016
-0.019999999999999962 0.8950016271335975 0.9144777210150736
-0.006666666666666654 0.9337900545895983 0.9738074927512809
0.00666666666666671 1.0709045305044522 1.1073255264719477
0.02000000000000013 1.1173164044435069 1.1648691997748555
0.03333333333333344 1.0143789335094784 1.0384648487241153
0.046666666666666745 0.9481630242121639 0.981928605368577
0.06000000000000005 1.0325778579030611 1.0762014182990953
0.07333333333333336 1.173608300255004 1.21996994760035
0.08666666666666678 1.1681505693098895 1.2221395197345808
0.10000000000000009 1.0466534553664761 1.0699861147373626
0.1133333333333334 1.0191647004114146 1.069697562662759
0.1266666666666667 1.1464606091213603 1.197197281660342
0.14 1.2700556717958942 1.3314097724208485
0.15333333333333343 1.2091602965038868 1.266219651901729
0.16666666666666674 1.0885232284660187 1.1223103296657004
0.18000000000000005 1.1106009612218983 1.1765626866661336
0.19333333333333347 1.271053361436104 1.3366132554955619
0.20666666666666678 1.3547926723923618 1.4384750214245818
0.22000000000000008 1.2449742775128136 1.3080228331259351
0.2333333333333334 1.1456075808636867 1.2091007297428011
0.2466666666666667 1.2235156142301815 1.3133520981408509
0.2600000000000001 1.3996970845728023 1.4991806480348098
0.27333333333333343 1.4249662284723499 1.5437848036399462
0.28666666666666674 1.2820138571613124 1.3635518115479268
0.30000000000000004 1.222865454024635 1.3323217686206004
0.31333333333333335 1.3567381505509952 1.482977201231324
0.32666666666666677 1.52438102220459 1.6728896204167873
0.3400000000000001 1.4812825029968215 1.6355301789063255
0.3533333333333334 1.327508111994942 1.4394837846087694
0.3666666666666668 1.3242034937204838 1.4814344946201028
0.3800000000000001 1.5062706954359295 1.6770466700902413
0.3933333333333334 1.637437079708439 1.8399406508941112
0.40666666666666673 1.5280351966687262 1.7098925031850865
0.42000000000000004 1.3886719311644231 1.547009922059169
0.43333333333333346 1.4519350936922373 1.6568835308183587
0.44666666666666677 1.665099912928256 1.8923423174836003
0.4600000000000001 1.7335630114813156 1.994043005744403
0.4733333333333335 1.5723035465089397 1.7822216809233624
0.4866666666666668 1.4721235034930071 1.6958408608961688
0.5000000000000001 1.6060255341656768 1.8686718092367516
0.5133333333333334 1.8238506295544294 2.1253038398884585
0.5266666666666667 1.811446349930398 2.131798436744306
0.5400000000000001 1.6227481406271718 1.8731891375582992
0.5533333333333335 1.5834163340282732 1.88384068091372
0.5666666666666668 1.7832529435255708 2.11830425221906
0.5800000000000001 1.9724713813442964 2.3602273009162023
0.5933333333333334 1.874370739773256 2.2459308720700495
0.6066666666666668 1.6884613079622577 1.9981308530307929
0.6200000000000001 1.7264752982558076 2.102756899399651
0.6333333333333334 1.976654441912191 2.3933267596151104
0.6466666666666668 2.1026566335546026 2.572333719118818
0.6600000000000001 1.9296620512353324 2.334112393000272
0.6733333333333335 1.7781068401930846 2.1605194758989055
0.6866666666666668 1.902781550483078 2.345827639347538
0.7000000000000001 2.175784019136112 2.671142548411664
0.7133333333333335 2.2102217362480867 2.736824339953892
0.7266666666666668 1.9873507409155875 2.4070424479211354
0.7400000000000001 1.8992999557788306 2.3494297466997653
0.7533333333333334 2.110339533835245 2.6051593558461486
0.7666666666666667 2.368200786353242 2.9216302166531722
0.7800000000000001 2.2965266873568067 2.8323292775305964
0.7933333333333334 2.0586509795371217 2.467575095561555
0.8066666666666668 2.0579950037099004 2.4917693452846974
0.8200000000000002 2.342743967945468 2.711751096473559
0.8333333333333335 2.5421353734881333 2.8299724907087587
0.8466666666666668 2.368451960218606 2.5587512706660407
0.8600000000000001 2.1547057155034843 2.29006738911745
0.8733333333333334 2.2576332155701717 2.4328135124014754
0.8866666666666668 2.5889355333501096 2.7630593403389714
0.9000000000000001 2.6896193186265975 2.892403104346915
0.9133333333333334 2.437111486154478 2.569260431348517
0.9266666666666667 2.285699234475751 2.439909381295444
0.9400000000000001 2.4979610058994766 2.677346446278976
0.9533333333333335 2.8342844744867346 3.0286821402347655
0.9666666666666668 2.8089431247985335 3.0165266004584357
0.9800000000000001 2.5159785485817583 2.637650727416663
0.9933333333333334 2.460133231305546 2.647193288694977
