-0.99 0.41062318223362765 0.42442072502222294
-0.97 0.3649624622267511 0.3740153777550752
-0.95 0.3611990196921392 0.3485474693351782
-0.9299999999999999 0.4337999543279584 0.4413585422525928
-0.91 0.39828049876123384 0.4110602525983745
-0.89 0.3768127344344535 0.34632058672355825
-0.87 0.4548360674198643 0.4536605581754555
-0.85 0.43500731236516516 0.4447054145963006
-0.8300000000000001 0.39580387877647005 0.3480497701404899
-0.81 0.47378047398331724 0.46412639578463877
-0.79 0.4744548953432529 0.4769694425465252
-0.77 0.4189716993177168 0.36076818100006136
-0.75 0.4910442281554814 0.4757126269344232
-0.73 0.5156547251543409 0.5109266028503233
-0.71 0.4470555516080834 0.3887055340662871
-0.69 0.5074397503784758 0.4888449572897894
-0.6699999999999999 0.5577223395085857 0.5473585185091596
-0.6499999999999999 0.4817287243477629 0.43114261622115674
-0.63 0.5271574887341419 0.5002566592932691
-0.61 0.607356570598726 0.5828969128670229
-0.5900000000000001 0.5399212731885088 0.48329376289475867
-0.5700000000000001 0.5789205127753033 0.5064855605863698
-0.55 0.6982656069482513 0.6149166003645528
-0.53 0.6492829499212034 0.5404485042393363
-0.51 0.6595875811369412 0.508035816766334
-0.49 0.7719527627464742 0.6427959448918192
-0.47 0.7008534651776018 0.5986227297685186
-0.44999999999999996 0.6462694418493077 0.5091976237183053
-0.43 0.7444618890293299 0.6674182023644315
-0.41000000000000003 0.6940510516570662 0.6552034852973423
-0.39 0.6237405660494912 0.5173276425562622
-0.37 0.7400519544330569 0.6910483621272472
-0.35 0.7366278206807514 0.7116270924660211
-0.32999999999999996 0.6508236998695912 0.5418731940819176
-0.30999999999999994 0.7637609623768962 0.7169128357977819
-0.29 0.7996204238518176 0.7714790211328696
-0.27 0.6937567190722003 0.5891221193034462
-0.25 0.7891772335369942 0.7447963595128426
-0.22999999999999998 0.8646954579810802 0.8348656349856327
-0.20999999999999996 0.7455257854808067 0.6586310251883735
-0.18999999999999995 0.8146573200043202 0.7697974003046139
-0.16999999999999998 0.928801484059963 0.8975069510728733
-0.15000000000000002 0.806518225012245 0.7439220083958267
-0.13 0.841965109133171 0.7854175674005137
-0.10999999999999999 0.9900488641493642 0.9522352098609603
-0.08999999999999997 0.877031956783446 0.8340837645667356
-0.06999999999999995 0.8731056946330229 0.7881603686989693
-0.04999999999999999 1.0469617805676694 0.9934907446787893
-0.030000000000000027 0.9568467838603952 0.9193008653295824
-0.010000000000000009 0.9101488708772018 0.7835421948312079
0.010000000000000009 1.0987213542727352 1.0227989442491892
0.030000000000000027 1.0450994003089014 0.996663405500102
0.050000000000000044 0.9551447040003636 0.78623377505133
0.07000000000000006 1.145336705678358 1.04818244382039
0.09000000000000008 1.1402093073866364 1.0726223146013225
0.1100000000000001 1.0100511562721624 0.8160036366513982
0.13000000000000012 1.18769767197323 1.081627114305678
0.15000000000000002 1.2398975856840142 1.1606289281215576
0.16999999999999993 1.0766563331340069 0.8874472190779195
0.18999999999999995 1.22750999223407 1.1282069788338547
0.20999999999999996 1.3413352376581824 1.265506740517451
0.22999999999999998 1.156476589083856 1.0015044502451709
0.25 1.267143082344635 1.1805613886843527
0.27 1.441432762431833 1.3800530196186735
0.29000000000000004 1.2506164772983572 1.1484335728107853
0.31000000000000005 1.3094356403140897 1.2257778500233951
0.33000000000000007 1.5372439742366706 1.4909258805554855
0.3500000000000001 1.3595880277013908 1.3115464280526976
0.3700000000000001 1.3575019192869138 1.2544845163934164
0.3900000000000001 1.6264171672246828 1.58542718891528
0.41000000000000003 1.4831048072595368 1.4724288964316918
0.42999999999999994 1.414565654095015 1.2693817421150644
0.44999999999999996 1.7076025213616153 1.6591760585350879
0.47 1.619888487947092 1.621030898325757
0.49 1.4838272575833036 1.288053707999709
0.51 1.7807291541425552 1.7180121219985587
0.53 1.767546655951573 1.7569612774647099
0.55 1.5683505824206976 1.335724986750722
0.5700000000000001 1.8470993238167963 1.7699264053778507
0.5900000000000001 1.9225910869707499 1.886715445739502
0.6100000000000001 1.6709431424951853 1.4278370292883993
0.6300000000000001 1.9092978755097079 1.8135733009849933
0.6500000000000001 2.0806552495983826 2.008809622701258
0.67 1.79400042780781 1.5606416628987263
0.69 1.9709615470542152 1.8382027012592264
0.71 2.2369324051838917 2.1167272897786407
0.73 1.9392917019299392 1.7274671206914802
0.75 2.0364779821993526 1.8426123124191973
0.77 2.3867963224029753 2.2110585533749925
0.79 2.107681931963328 1.912102822252977
0.81 2.1106821742599897 1.827186851528512
0.8300000000000001 2.52650379066287 2.285446227260274
0.8500000000000001 2.2988119316160285 2.0934531868406108
0.8700000000000001 2.198594332399704 1.8019374154280587
0.8900000000000001 2.653838123334356 2.3398064999718624
0.91 2.510793280389792 2.260801327996882
0.9299999999999999 2.305210016790336 1.7938861051069064
0.95 2.7685567941251064 2.3854095450826174
0.97 2.740007818608754 2.420716030819345
0.99 2.4353228051090436 1.8371572643448308
