-0.992 0.40866391007291786 0.40557616971796817
-0.976 0.3847765051567682 0.3836036290285767
-0.96 0.34702488929124486 0.33153752458195174
-0.944 0.3832133780086262 0.38424226623376356
-0.9279999999999999 0.4365921993109166 0.4352674366414463
-0.912 0.40550079292998514 0.40405349650503336
-0.896 0.36943097813868997 0.3558954731150319
-0.88 0.41331724620791926 0.4150858447478303
-0.864 0.4657986018019602 0.4665703512293083
-0.848 0.4272867429959724 0.425005094344579
-0.8320000000000001 0.39381904134839935 0.38286650878326434
-0.8160000000000001 0.445807475513516 0.44829264532447194
-0.8 0.49628191756442325 0.4994673000052867
-0.784 0.4502572904842986 0.4467470319745348
-0.768 0.42038897234044137 0.4126674550940006
-0.752 0.48079872159970677 0.4841511358289281
-0.736 0.5280457874245559 0.5340656532142121
-0.72 0.474559078640017 0.46956449295230823
-0.704 0.4493790095832233 0.44553894468130656
-0.688 0.5184817195767678 0.5229679579370032
-0.6719999999999999 0.5613633701843036 0.5704722621463226
-0.6559999999999999 0.5011018976650815 0.4938050451415806
-0.64 0.4829289924648338 0.48175022887411445
-0.624 0.5633169602719265 0.5651716772878606
-0.608 0.605150073062333 0.6090584189513059
-0.592 0.5461751785322296 0.5204114616775269
-0.5760000000000001 0.5469012297698509 0.5225798529691057
-0.56 0.6504663280456929 0.6130400364822477
-0.544 0.6990294049289163 0.6529962072080142
-0.528 0.6425673119497182 0.5526980479033443
-0.512 0.6501422906454478 0.5701085149446566
-0.496 0.7474268393798489 0.6669856758355488
-0.48 0.7605071010452359 0.6989073786243485
-0.46399999999999997 0.6656362349843163 0.5856974796715351
-0.44799999999999995 0.6521796878160977 0.6190852276718162
-0.43199999999999994 0.7362854441611697 0.7213834449397927
-0.416 0.7310780483331603 0.7434165878747141
-0.4 0.6357225643047111 0.6198992741890962
-0.384 0.6453718591661087 0.6703205883204838
-0.368 0.7515371921017864 0.7780514008802459
-0.352 0.7479590952534892 0.7880903249143523
-0.33599999999999997 0.6589704571819467 0.6567762517835984
-0.31999999999999995 0.6873446125810152 0.7248810114167129
-0.304 0.8033652814399245 0.8381064798116946
-0.28800000000000003 0.7883562168763373 0.8340513954925906
-0.272 0.6977300976844477 0.6977073054722716
-0.256 0.7400458402309752 0.7835160796773498
-0.24 0.8611883788167213 0.9016613913184934
-0.22399999999999998 0.8317325013836104 0.8808390679031493
-0.20799999999999996 0.7401669440929923 0.7429773972329212
-0.19199999999999995 0.7974537081936601 0.8463691138492401
-0.17599999999999993 0.9220871380040221 0.9689603491807116
-0.15999999999999998 0.877033868891532 0.9288897525845823
-0.14400000000000002 0.7861829304787611 0.7933641281955954
-0.128 0.8597178864953371 0.913773790873731
-0.11199999999999999 0.986016463669966 1.0396722252461597
-0.09599999999999997 0.924439822811923 0.9777103904281161
-0.07999999999999996 0.8361595584972273 0.849085981311459
-0.06399999999999995 0.9271360870353161 0.9859245085451762
-0.04799999999999999 1.052971809178896 1.113897163207201
-0.03200000000000003 0.9741766895749673 1.0276244314288223
-0.016000000000000014 0.890513193699673 0.9106995089954342
0.0 1.0 1.0632878090538105
0.016000000000000014 1.1229479889516962 1.1917018276004907
0.03200000000000003 1.0265078303570365 1.0791687212576218
0.04800000000000004 0.9496930414308024 0.9792389532663948
0.06400000000000006 1.078590310509518 1.147399531288389
0.08000000000000007 1.1959439915956134 1.274707536946839
0.09600000000000009 1.0817361772216183 1.1342781507930164
0.1120000000000001 1.0141818487269432 1.0564306657333418
0.1280000000000001 1.1631722634928987 1.2402346845558812
0.14400000000000013 1.2719685981890743 1.3643187362056564
0.16000000000000003 1.1402068215156387 1.1945853850180395
0.17599999999999993 1.0844962030890688 1.1440453520029883
0.19199999999999995 1.25399128557204 1.3444270872280488
0.20799999999999996 1.3510465622468397 1.4635487877705784
0.22399999999999998 1.2023096697640268 1.2642154582746865
0.24 1.1611863102654139 1.2465192569613404
0.256 1.3512688763596146 1.4657592269079918
0.272 1.4332252241355279 1.5778308730200028
0.28800000000000003 1.2684822028678309 1.3475927768122935
0.30400000000000005 1.2448351299592508 1.3671841204427477
0.32000000000000006 1.4551990103223007 1.606641239914242
0.3360000000000001 1.51858142407548 1.7069410975773576
0.3520000000000001 1.3392123666658073 1.4441131918928578
0.3680000000000001 1.3360567458418129 1.5050620032265198
0.3840000000000001 1.5659453095417406 1.765194224881788
0.4 1.607228578728053 1.8477992824584626
0.4159999999999999 1.4150416100183487 1.5528114319701016
0.43199999999999994 1.4354938498712304 1.659136644363429
0.44799999999999995 1.6836392549806107 1.9403258618957981
0.46399999999999997 1.6993237967231951 1.9986110752436617
0.48 1.4965680706841802 1.6740006654394
0.496 1.5438142323439672 1.8290286865346115
0.512 1.8083796968423806 2.1311360010717433
0.528 1.7950749274189515 2.1573970900050226
0.544 1.5844498896116148 1.8078175243358563
0.56 1.661706189954164 2.013767906112247
0.5760000000000001 1.9402339017852372 2.3357219580168804
0.5920000000000001 1.8947474630546766 2.321373098828654
0.6080000000000001 1.6794086111408688 1.9540177699932597
0.6240000000000001 1.789872795834955 2.2118473686591904
0.6400000000000001 2.0792403357787013 2.55160955585197
0.6560000000000001 1.9986712450487862 2.4875997872484037
0.672 1.782232600360435 2.1123352172019034
0.688 1.9290250191328675 2.421572058414188
0.704 2.2254133273393415 2.775806980987222
0.72 2.1072469579355295 2.65284447668131
0.736 1.8937803799209518 2.2813065385688533
0.752 2.0798737375193728 2.639409488140376
0.768 2.3787496892988105 3.001705930201565
0.784 2.2209524266553853 2.808813185274317
0.8 2.014983757571631 2.4529131482581943
0.8160000000000001 2.243120753692998 2.8503074312240453
0.8320000000000001 2.5392373020964705 3.204362429150917
0.8480000000000001 2.3403487620408328 2.9196587438835677
0.8640000000000001 2.1468505833468083 2.565671693735866
0.8800000000000001 2.4194490047894615 2.941410129342761
0.8960000000000001 2.706865582952254 3.200353051399987
0.912 2.4660864230977304 2.801331946853198
0.9279999999999999 2.2904669427862494 2.521405011877647
0.944 2.6095122388380965 2.914602155970378
0.96 2.8816376889922086 3.198843983198096
0.976 2.5989112812191415 2.8200868209109107
0.992 2.446998561291038 2.6422556072808754
