-0.9933333333333334 0.4064820503519311 0.40655253770623734
-0.98 0.39745966855070874 0.40272945005977184
-0.9666666666666667 0.35600578422951235 0.3558651304188654
-0.9533333333333334 0.35282273498008415 0.35156346845429276
-0.94 0.40032650535307923 0.39826722143834703
-0.9266666666666667 0.4375028809200964 0.4374248138327326
-0.9133333333333333 0.41032181157124686 0.4139283878410777
-0.8999999999999999 0.3717998279810963 0.3686632459882091
-0.8866666666666667 0.3862591351226183 0.3835940890630255
-0.8733333333333333 0.44294174673879666 0.43861930857161724
-0.86 0.46410050003859793 0.4642596097920037
-0.8466666666666667 0.422216712352624 0.42248752415857405
-0.8333333333333333 0.3933700818948342 0.38815364827366183
-0.8200000000000001 0.4268498879865962 0.42199980685900584
-0.8066666666666666 0.4859098295152332 0.47965860462402654
-0.7933333333333333 0.4857550001704905 0.4858197745719567
-0.78 0.43544019805902884 0.43129316069525053
-0.7666666666666666 0.4222615596810332 0.41546472173089577
-0.7533333333333333 0.473857664244234 0.46605472684122073
-0.74 0.5265107719652667 0.5191272671604147
-0.7266666666666667 0.5031858890780448 0.5018814349476513
-0.7133333333333334 0.4524544345185724 0.44395710095349916
-0.7 0.4596379882501189 0.4509066696809859
-0.6866666666666666 0.5256404729903812 0.5142918196498547
-0.6733333333333333 0.5626415835095218 0.5546636863570565
-0.6599999999999999 0.51882306014095 0.5135841708564285
-0.6466666666666666 0.4769426700929239 0.4637060934924003
-0.6333333333333333 0.5087618711079689 0.4943597390714282
-0.62 0.5848282504595994 0.5645355217280282
-0.6066666666666667 0.6025291876263398 0.5842332112343911
-0.5933333333333333 0.5510254618334998 0.523504056746471
-0.58 0.5347819348791312 0.4920942390641868
-0.5666666666666667 0.6018841713473717 0.5444787863707405
-0.5533333333333333 0.68816125574519 0.6131225578432411
-0.54 0.6888534776203309 0.6059037648262888
-0.5266666666666666 0.638787902386311 0.5353683128204336
-0.5133333333333333 0.6447974262518024 0.5305114632749488
-0.49999999999999994 0.7226551064890122 0.6018709318967279
-0.48666666666666664 0.7757977441223363 0.660465156495561
-0.47333333333333333 0.7227523521117039 0.624071442312223
-0.45999999999999996 0.6494615446295862 0.556576235482714
-0.4466666666666666 0.6571799770153828 0.5806209374545803
-0.4333333333333333 0.7298472506155839 0.6642016531205254
-0.42 0.7479162185014547 0.7020271892554567
-0.4066666666666666 0.6719482660475466 0.6383164689676143
-0.39333333333333326 0.6209844707006558 0.5879895148170153
-0.37999999999999995 0.6695047695483285 0.6407483607287795
-0.36666666666666664 0.7580274922652934 0.7281306321661748
-0.35333333333333333 0.7546449094047671 0.7361366828460734
-0.33999999999999997 0.6756882740397395 0.6532959177491324
-0.3266666666666666 0.6562496500986219 0.6311327999188132
-0.3133333333333333 0.7371559704564632 0.7091699307909257
-0.3 0.8177849977481919 0.7893898412493355
-0.2866666666666666 0.7800339117615207 0.7619865303834474
-0.27333333333333326 0.7017744639960012 0.6746939100390145
-0.25999999999999995 0.7144412893701436 0.6871729172572052
-0.24666666666666665 0.8173171754860679 0.7843232465613306
-0.23333333333333328 0.8728993182157385 0.8446635408275935
-0.21999999999999992 0.8032294621313848 0.7810157747432572
-0.2066666666666666 0.7381203227100228 0.7066633070587256
-0.1933333333333333 0.7867490313170385 0.7554506780641588
-0.17999999999999994 0.900413411349324 0.8630232860574203
-0.16666666666666657 0.9186758480418874 0.8918795434664547
-0.15333333333333327 0.8270202080698154 0.7988773126791343
-0.13999999999999996 0.7873670597342203 0.7532801046577736
-0.12666666666666665 0.8722497677146395 0.8353753930584212
-0.11333333333333329 0.9811956787713828 0.9404496240918323
-0.09999999999999992 0.9554260723764192 0.9279373643102693
-0.08666666666666661 0.8560540278559902 0.8202002894893963
-0.0733333333333333 0.8520730466738504 0.8148592068117715
-0.05999999999999994 0.9684499743494225 0.9251234401108758
-0.04666666666666658 1.0546709526359224 1.013594615001857
-0.03333333333333327 0.9858248894624293 0.9558235185218477
-0.019999999999999962 0.8950016271335975 0.8533744269997459
-0.006666666666666654 0.9337900545895983 0.8922780979195597
0.00666666666666671 1.0709045305044522 1.0207365100888581
0.02000000000000013 1.1173164044435069 1.0767033279205322
0.03333333333333344 1.0143789335094784 0.9774895980138314
0.046666666666666745 0.9481630242121639 0.9024396130608756
0.06000000000000005 1.0325778579030611 0.9858837187023697
0.07333333333333336 1.173608300255004 1.1208063422811934
0.08666666666666678 1.1681505693098895 1.1322096298482598
0.10000000000000009 1.0466534553664761 1.0058371199077238
0.1133333333333334 1.0191647004114146 0.9756764132626392
0.1266666666666667 1.1464606091213603 1.099156123298527
0.14 1.2700556717958942 1.223692569677059
0.15333333333333343 1.2091602965038868 1.1807613399068932
0.16666666666666674 1.0885232284660187 1.0486469162340344
0.18000000000000005 1.1106009612218983 1.0740961930207888
0.19333333333333347 1.271053361436104 1.2307900362280182
0.20666666666666678 1.3547926723923618 1.3279840535354897
0.22000000000000008 1.2449742775128136 1.2309231051219887
0.2333333333333334 1.1456075808636867 1.1207640765216473
0.2466666666666667 1.2235156142301815 1.206047040757118
0.2600000000000001 1.3996970845728023 1.3830874757675131
0.27333333333333343 1.4249662284723499 1.432084925038826
0.28666666666666674 1.2820138571613124 1.287168588848271
0.30000000000000004 1.222865454024635 1.2221742640844169
0.31333333333333335 1.3567381505509952 1.3631685367176898
0.32666666666666677 1.52438102220459 1.5388841759765173
0.3400000000000001 1.4812825029968215 1.5206167991493937
0.3533333333333334 1.327508111994942 1.349277398527216
0.3666666666666668 1.3242034937204838 1.349012103351451
0.3800000000000001 1.5062706954359295 1.5383486828882997
0.3933333333333334 1.637437079708439 1.6887867519583835
0.40666666666666673 1.5280351966687262 1.595685806010232
0.42000000000000004 1.3886719311644231 1.4329112928198364
0.43333333333333346 1.4519350936922373 1.5087875549410166
0.44666666666666677 1.665099912928256 1.7337178075872803
0.4600000000000001 1.7335630114813156 1.8327743618122363
0.4733333333333335 1.5723035465089397 1.6687820236807793
0.4866666666666668 1.4721235034930071 1.5501933521478457
0.5000000000000001 1.6060255341656768 1.702186914676767
0.5133333333333334 1.8238506295544294 1.9387662477429646
0.5266666666666667 1.811446349930398 1.9582940790473489
0.5400000000000001 1.6227481406271718 1.7417942020425619
0.5533333333333335 1.5834163340282732 1.6956517861353904
0.5666666666666668 1.7832529435255708 1.9132122693601694
0.5800000000000001 1.9724713813442964 2.12698367576696
0.5933333333333334 1.874370739773256 2.0461624514993484
0.6066666666666668 1.6884613079622577 1.8139669343987825
0.6200000000000001 1.7264752982558076 1.8549394586709922
0.6333333333333334 1.976654441912191 2.114367765055966
0.6466666666666668 2.1026566335546026 2.2608810038225404
0.6600000000000001 1.9296620512353324 2.0651604821075695
0.6733333333333335 1.7781068401930846 1.8282310589801962
0.6866666666666668 1.902781550483078 1.8956720301366845
0.7000000000000001 2.175784019136112 2.103854518899694
0.7133333333333335 2.2102217362480867 2.1261854956849353
0.7266666666666668 1.9873507409155875 1.8835033062801931
0.7400000000000001 1.8992999557788306 1.7768766395368005
0.7533333333333334 2.110339533835245 1.9714017129806443
0.7666666666666667 2.368200786353242 2.2119482651486693
0.7800000000000001 2.2965266873568067 2.1709198932997174
0.7933333333333334 2.0586509795371217 1.9167412432572113
0.8066666666666668 2.0579950037099004 1.9118090039526954
0.8200000000000002 2.342743967945468 2.1716781708924504
0.8333333333333335 2.5421353734881333 2.3704183944900317
0.8466666666666668 2.368451960218606 2.2252114812500325
0.8600000000000001 2.1547057155034843 1.9899564699076557
0.8733333333333334 2.2576332155701717 2.0890140160426753
0.8866666666666668 2.5889355333501096 2.3887674925446856
0.9000000000000001 2.6896193186265975 2.509006305595099
0.9133333333333334 2.437111486154478 2.2699549419574403
0.9266666666666667 2.285699234475751 2.1019698898693004
0.9400000000000001 2.4979610058994766 2.301075461696013
0.9533333333333335 2.8342844744867346 2.6086421249178313
0.9666666666666668 2.8089431247985335 2.6199459449843374
0.9800000000000001 2.5159785485817583 2.320686547637534
0.9933333333333334 2.460133231305546 2.2578051535919386
