-0.9933333333333334 0.4064820503519311 0.4038890042134872
-0.98 0.39745966855070874 0.40076410289322206
-0.9666666666666667 0.35600578422951235 0.35926030117701774
-0.9533333333333334 0.35282273498008415 0.35292991331919354
-0.94 0.40032650535307923 0.3971231933056106
-0.9266666666666667 0.4375028809200964 0.43358565243985686
-0.9133333333333333 0.4103218115712467 0.4131178181881607
-0.8999999999999999 0.371799827981095 0.3720367877493003
-0.8866666666666667 0.38625913512260796 0.383789799137204
-0.8733333333333333 0.44294174673871833 0.4360563147314118
-0.86 0.4641005000380445 0.45970279118024576
-0.8466666666666667 0.4222167123489807 0.4232745273240773
-0.8333333333333333 0.3933700818724979 0.3905606263885065
-0.8200000000000001 0.4268498878590554 0.4210231372668718
-0.8066666666666666 0.48590982883696204 0.47544019388134706
-0.7933333333333333 0.4857549968109915 0.48131075028564363
-0.78 0.43544018256149747 0.4334951080513113
-0.7666666666666666 0.4222614930974185 0.4163641050611279
-0.7533333333333333 0.47385739781059893 0.46369297513034724
-0.74 0.5265097790148362 0.5132221689882676
-0.7266666666666667 0.5031824425412151 0.4983267101355435
-0.7133333333333334 0.4524432927247961 0.44666808934031826
-0.7 0.4596044419873287 0.4502093563207023
-0.6866666666666666 0.5255464032358944 0.5101915017886849
-0.6733333333333333 0.5623959018634729 0.5474262102683882
-0.6599999999999999 0.5182254578514495 0.5117434251594464
-0.6466666666666666 0.4755888260792587 0.46568273083251416
-0.6333333333333333 0.5059053210295138 0.4921485432279319
-0.62 0.579214774176186 0.5584710434567797
-0.6066666666666667 0.5922552061360904 0.5766695003313432
-0.5933333333333333 0.5335123829989846 0.5238942102738726
-0.58 0.5069782048338117 0.4928338825965023
-0.5666666666666667 0.560772942296653 0.5411399825473819
-0.5533333333333333 0.6315458407934703 0.6053428081048714
-0.54 0.6162385739129619 0.5992018048456359
-0.5266666666666666 0.5520450550679699 0.5368150983969966
-0.5133333333333333 0.5482905144728343 0.5285574880551956
-0.49999999999999994 0.6226551064890122 0.5955644440400694
-0.48666666666666664 0.6792908323433683 0.6497740416590255
-0.47333333333333333 0.6360095047933627 0.6184844830910632
-0.45999999999999996 0.5768466409222172 0.5577650933896723
-0.4466666666666666 0.6005645620636632 0.5769303436093163
-0.4333333333333333 0.6887360215648651 0.6557904005405604
-0.42 0.7201124884561353 0.6904200457430244
-0.4066666666666666 0.6544351872130316 0.6352975175250977
-0.39333333333333326 0.6107104892104064 0.5876892163255978
-0.37999999999999995 0.6638912932649151 0.6352585347293795
-0.36666666666666664 0.7551709421868383 0.717378451656252
-0.35333333333333333 0.7532910653911019 0.7251752525332895
-0.33999999999999997 0.675090671750239 0.6529869175590253
-0.3266666666666666 0.656003968452573 0.6288350085215405
-0.3133333333333333 0.7370619007019764 0.7016153452629624
-0.3 0.8177514514854016 0.7762098618515358
-0.2866666666666666 0.7800227699677444 0.7528746824396877
-0.27333333333333326 0.7017710174591715 0.6755795412570389
-0.25999999999999995 0.7144402964197131 0.6829209972821473
-0.24666666666666665 0.8173169090524328 0.7745327294248797
-0.23333333333333328 0.8728992516321238 0.8299257431285438
-0.21999999999999992 0.8032294466338534 0.7748281431363748
-0.2066666666666666 0.7381203193505238 0.706228010018921
-0.1933333333333333 0.7867490306387674 0.7483917526275378
-0.17999999999999994 0.9004134112217832 0.8496233178194006
-0.16666666666666657 0.918675848019551 0.8763010376580211
-0.15333333333333327 0.827020208066172 0.7959472319352701
-0.13999999999999996 0.7873670597336668 0.7507638648392062
-0.12666666666666665 0.8722497677145612 0.8262268617649587
-0.11333333333333329 0.9811956787713725 0.9241208107555429
-0.09999999999999992 0.955426072376418 0.9137154009476545
-0.08666666666666661 0.85605402785599 0.8191619885952379
-0.0733333333333333 0.8520730466738504 0.8089673330701321
-0.05999999999999994 0.9684499743494225 0.9124333809862022
-0.04666666666666658 1.0546709526359224 0.9940081129821656
-0.03333333333333327 0.9858248894624293 0.9443719102072584
-0.019999999999999962 0.8950016271335975 0.8521890624779631
-0.006666666666666654 0.9337900545895983 0.8833774051146348
0.00666666666666671 1.0709045305044522 1.0041479777196625
0.02000000000000013 1.1173164044435069 1.0552614383297318
0.03333333333333344 1.0143789335094784 0.9696509863010657
0.046666666666666745 0.9481630242121639 0.8982408960729509
0.06000000000000005 1.0325778579030611 0.9725418464984574
0.07333333333333336 1.173608300255004 1.0974993494502314
0.08666666666666678 1.1681505693098895 1.107311706449691
0.10000000000000009 1.0466534553664761 0.9965241699445868
0.1133333333333334 1.0191647004114146 0.96154825063265
0.1266666666666667 1.1464606091213603 1.0735897994200951
0.14 1.2700556717958942 1.1856711758331122
0.15333333333333343 1.2091602965038868 1.147381013606139
0.16666666666666674 1.0885232284660187 1.0296176573053315
0.18000000000000005 1.1106009612218983 1.0432999794430584
0.19333333333333347 1.271053361436104 1.1840871384582714
0.20666666666666678 1.3547926723923618 1.2670733286171305
0.22000000000000008 1.2449742775128136 1.1814377272317385
0.2333333333333334 1.1456075808636867 1.078154132667351
0.2466666666666667 1.2235156142301815 1.1443477116587137
0.2600000000000001 1.3996970845728023 1.2979355078853043
0.27333333333333343 1.4249662284723499 1.3354274625151974
0.28666666666666674 1.2820138571613124 1.2112197946937613
0.30000000000000004 1.222865454024635 1.144473514220613
0.31333333333333335 1.3567381505509952 1.2615788314326613
0.32666666666666677 1.52438102220459 1.4100918227326553
0.3400000000000001 1.4812825029968215 1.3919348806988037
0.3533333333333334 1.327508111994942 1.2479219650163504
0.3666666666666668 1.3242034937204838 1.2349880854545314
0.3800000000000001 1.5062706954359295 1.3934552999729537
0.3933333333333334 1.637437079708439 1.515216330398259
0.40666666666666673 1.5280351966687262 1.4365313760432894
0.42000000000000004 1.3886719311644231 1.2969875320749988
0.43333333333333346 1.4519350936922373 1.3473197991294819
0.44666666666666677 1.665099912928256 1.5315996575758564
0.4600000000000001 1.7335630114813156 1.606753226756271
0.4733333333333335 1.5723035465089397 1.4744835389255293
0.4866666666666668 1.4721235034930071 1.3678955465027534
0.5000000000000001 1.6060255341656768 1.4832883368097156
0.5133333333333334 1.8238506295544294 1.6723695927484399
0.5266666666666667 1.811446349930398 1.68379329909871
0.5400000000000001 1.6227481406271718 1.5142999497785936
0.5533333333333335 1.5834163340282732 1.4642344385498305
0.5666666666666668 1.7832529435255708 1.6366352535363091
0.5800000000000001 1.9724713813442964 1.8052382015608948
0.5933333333333334 1.874370739773256 1.743658569354032
0.6066666666666668 1.6884613079622577 1.5650618675460999
0.6200000000000001 1.7264752982558076 1.5891699347685986
0.6333333333333334 1.976654441912191 1.8039313355624902
0.6466666666666668 2.1026566335546026 1.926912132317326
0.6600000000000001 1.9296620512353324 1.7937958549922564
0.6733333333333335 1.7781068401930846 1.638991554082934
0.6866666666666668 1.902781550483078 1.7431258028334744
0.7000000000000001 2.175784019136112 1.9763437000923063
0.7133333333333335 2.2102217362480867 2.029515510313077
0.7266666666666668 1.9873507409155875 1.8388069477610733
0.7400000000000001 1.8992999557788306 1.7403277090268106
0.7533333333333334 2.110339533835245 1.9203529201863647
0.7666666666666667 2.368200786353242 2.1434539824130683
0.7800000000000001 2.2965266873568067 2.111122978904783
0.7933333333333334 2.0586509795371217 1.8920336910377598
0.8066666666666668 2.0579950037099004 1.8765039765008718
0.8200000000000002 2.342743967945468 2.118931073019301
0.8333333333333335 2.5421353734881333 2.300965521932048
0.8466666666666668 2.368451960218606 2.178121025592387
0.8600000000000001 2.1547057155034843 1.9684938642949388
0.8733333333333334 2.2576332155701717 2.049356540585059
0.8866666666666668 2.5889355333501096 2.3292486018519583
0.9000000000000001 2.6896193186265975 2.4385552595542532
0.9133333333333334 2.437111486154478 2.23427255096099
0.9266666666666667 2.285699234475751 2.0752998819968544
0.9400000000000001 2.4979610058994766 2.253397412911009
0.9533333333333335 2.8342844744867346 2.538188041830118
0.9666666666666668 2.8089431247985335 2.5502267151011933
0.9800000000000001 2.5159785485817583 2.2922217950170207
0.9933333333333334 2.460133231305546 2.2214198839893555
