-0.9933333333333334 0.4064820503519311 0.403889004213487
-0.98 0.39745966855070874 0.4007641028932222
-0.9666666666666667 0.35600578422951235 0.3592603011770178
-0.9533333333333334 0.35282273498008415 0.35292991331919354
-0.94 0.40032650535307923 0.39712319330561063
-0.9266666666666667 0.4375028809200964 0.43358565243985736
-0.9133333333333333 0.41032181157124686 0.4131178181881609
-0.8999999999999999 0.3717998279810963 0.37203678774930016
-0.8866666666666667 0.3862591351226183 0.3837897991372039
-0.8733333333333333 0.44294174673879666 0.4360563147314118
-0.86 0.46410050003859793 0.45970279118024504
-0.8466666666666667 0.422216712352624 0.4232745273240772
-0.8333333333333333 0.3933700818948342 0.3905606263885065
-0.8200000000000001 0.4268498879865962 0.4210231372668715
-0.8066666666666666 0.4859098295152332 0.47544019388134673
-0.7933333333333333 0.4857550001704905 0.48131075028564363
-0.78 0.43544019805902884 0.43349510805131153
-0.7666666666666666 0.4222615596810332 0.41636410506112725
-0.7533333333333333 0.473857664244234 0.4636929751303486
-0.74 0.5265107719652667 0.5132221689882684
-0.7266666666666667 0.5031858890780448 0.4983267101355434
-0.7133333333333334 0.4524544345185724 0.44666808934032165
-0.7 0.4596379882501189 0.45020935632069903
-0.6866666666666666 0.5256404729903812 0.5101915017886669
-0.6733333333333333 0.5626415835095218 0.5474262102684002
-0.6599999999999999 0.51882306014095 0.5117434251594868
-0.6466666666666666 0.4769426700929239 0.4656827308324547
-0.6333333333333333 0.5087618711079689 0.4921485432279576
-0.62 0.5848282504595994 0.5584710434568072
-0.6066666666666667 0.6025291876263398 0.5766695003312261
-0.5933333333333333 0.5510254618334998 0.5238942102741737
-0.58 0.5347819348791312 0.49283388260459743
-0.5666666666666667 0.6018841713473717 0.5411399825960947
-0.5533333333333333 0.68816125574519 0.6053428081580394
-0.54 0.6888534776203309 0.5992018048655897
-0.5266666666666666 0.638787902386311 0.5368150983779111
-0.5133333333333333 0.6447974262518024 0.5285574877314863
-0.49999999999999994 0.7226551064890122 0.5955644435386541
-0.48666666666666664 0.7757977441223363 0.6497740415107243
-0.47333333333333333 0.7227523521117039 0.6184844829023619
-0.45999999999999996 0.6494615446295862 0.557765094056472
-0.4466666666666666 0.6571799770153828 0.576930344746202
-0.4333333333333333 0.7298472506155839 0.6557903995793583
-0.42 0.7479162185014547 0.690420042451172
-0.4066666666666666 0.6719482660475466 0.6352975098621753
-0.39333333333333326 0.6209844707006558 0.5876892051315397
-0.37999999999999995 0.6695047695483285 0.6352585322103199
-0.36666666666666664 0.7580274922652934 0.7173784596844655
-0.35333333333333333 0.7546449094047671 0.7251752800412317
-0.33999999999999997 0.6756882740397395 0.6529869337123775
-0.3266666666666666 0.6562496500986219 0.628834946432759
-0.3133333333333333 0.7371559704564632 0.7016151783725609
-0.3 0.8177849977481919 0.7762096618907096
-0.2866666666666666 0.7800339117615207 0.7528745539780566
-0.27333333333333326 0.7017744639960012 0.6755796287922007
-0.25999999999999995 0.7144412893701436 0.6829212048358829
-0.24666666666666665 0.8173171754860679 0.7745329828622527
-0.23333333333333328 0.8728993182157385 0.8299257466580133
-0.21999999999999992 0.8032294621313848 0.7748273335069069
-0.2066666666666666 0.7381203227100228 0.7062260039813428
-0.1933333333333333 0.7867490313170385 0.7483883087573789
-0.17999999999999994 0.900413411349324 0.8496204819958797
-0.16666666666666657 0.9186758480418874 0.8762996811500979
-0.15333333333333327 0.8270202080698154 0.7959476983978274
-0.13999999999999996 0.7873670597342203 0.7507703673896797
-0.12666666666666665 0.8722497677146395 0.826234568690886
-0.11333333333333329 0.9811956787713828 0.9241209425676884
-0.09999999999999992 0.9554260723764192 0.9136861440024984
-0.08666666666666661 0.8560540278559902 0.819083762519458
-0.0733333333333333 0.8520730466738504 0.8088559776756313
-0.05999999999999994 0.9684499743494225 0.9123451726986902
-0.04666666666666658 1.0546709526359224 0.9940159371999264
-0.03333333333333327 0.9858248894624293 0.9445248970591966
-0.019999999999999962 0.8950016271335975 0.8525366784261761
-0.006666666666666654 0.9337900545895983 0.8839434075536292
0.00666666666666671 1.0709045305044522 1.0049342619407589
0.02000000000000013 1.1173164044435069 1.056153678473839
0.03333333333333344 1.0143789335094784 0.970484380551651
0.046666666666666745 0.9481630242121639 0.8991979545959945
0.06000000000000005 1.0325778579030611 0.974292590369074
0.07333333333333336 1.173608300255004 1.1008058527573124
0.08666666666666678 1.1681505693098895 1.112441057911949
0.10000000000000009 1.0466534553664761 1.0034382732506877
0.1133333333333334 1.0191647004114146 0.9709766596996666
0.1266666666666667 1.1464606091213603 1.0870350379358835
0.14 1.2700556717958942 1.203260573471594
0.15333333333333343 1.2091602965038868 1.1670024725298638
0.16666666666666674 1.0885232284660187 1.0499531827417132
0.18000000000000005 1.1106009612218983 1.067069944850975
0.19333333333333347 1.271053361436104 1.214787142282856
0.20666666666666678 1.3547926723923618 1.3040013467007157
0.22000000000000008 1.2449742775128136 1.220507097115548
0.2333333333333334 1.1456075808636867 1.1193377727009701
0.2466666666666667 1.2235156142301815 1.194404568793528
0.2600000000000001 1.3996970845728023 1.3612310096630942
0.27333333333333343 1.4249662284723499 1.4068057265281375
0.28666666666666674 1.2820138571613124 1.2822805772660386
0.30000000000000004 1.222865454024635 1.218043093224788
0.31333333333333335 1.3567381505509952 1.3490170169881608
0.32666666666666677 1.52438102220459 1.5136927694473505
0.3400000000000001 1.4812825029968215 1.4997387828440998
0.3533333333333334 1.327508111994942 1.3503081111967181
0.3666666666666668 1.3242034937204838 1.3424657130232842
0.3800000000000001 1.5062706954359295 1.5212186006132384
0.3933333333333334 1.637437079708439 1.6605002190563007
0.40666666666666673 1.5280351966687262 1.5807328315748097
0.42000000000000004 1.3886719311644231 1.4341620739797198
0.43333333333333346 1.4519350936922373 1.4972521866496558
0.44666666666666677 1.665099912928256 1.7094522319778318
0.4600000000000001 1.7335630114813156 1.8002879032428132
0.4733333333333335 1.5723035465089397 1.6590293463511392
0.4866666666666668 1.4721235034930071 1.5462726730557157
0.5000000000000001 1.6060255341656768 1.6838983818648048
0.5133333333333334 1.8238506295544294 1.9051665277389986
0.5266666666666667 1.811446349930398 1.924112979824233
0.5400000000000001 1.6227481406271718 1.7359710166858182
0.5533333333333335 1.5834163340282732 1.6835202907934326
0.5666666666666668 1.7832529435255708 1.8855059531161067
0.5800000000000001 1.9724713813442964 2.0817125730938617
0.5933333333333334 1.874370739773256 2.010843676252608
0.6066666666666668 1.6884613079622577 1.802352335677543
0.6200000000000001 1.7264752982558076 1.8210788036375725
0.6333333333333334 1.976654441912191 2.044350691525511
0.6466666666666668 2.1026566335546026 2.1381868200480576
0.6600000000000001 1.9296620512353324 1.9258133478132253
0.6733333333333335 1.7781068401930846 1.6990993542547401
0.6866666666666668 1.902781550483078 1.7773631422812557
0.7000000000000001 2.175784019136112 2.0009551873736156
0.7133333333333335 2.2102217362480867 2.0476281233123226
0.7266666666666668 1.9873507409155875 1.851233947281037
0.7400000000000001 1.8992999557788306 1.7498290270031331
0.7533333333333334 2.110339533835245 1.9293635839829095
0.7666666666666667 2.368200786353242 2.152440010275334
0.7800000000000001 2.2965266873568067 2.1190725846594725
0.7933333333333334 2.0586509795371217 1.898302087513815
0.8066666666666668 2.0579950037099004 1.881829949636331
0.8200000000000002 2.342743967945468 2.124068468577715
0.8333333333333335 2.5421353734881333 2.305760368305367
0.8466666666666668 2.368451960218606 2.18194760941784
0.8600000000000001 2.1547057155034843 1.9712904261036612
0.8733333333333334 2.2576332155701717 2.051692099836156
0.8866666666666668 2.5889355333501096 2.331438718488032
0.9000000000000001 2.6896193186265975 2.4404921178136885
0.9133333333333334 2.437111486154478 2.235756108464115
0.9266666666666667 2.285699234475751 2.0764338942481184
0.9400000000000001 2.4979610058994766 2.2544050293393947
0.9533333333333335 2.8342844744867346 2.5391117046761367
0.9666666666666668 2.8089431247985335 2.5509469025342337
0.9800000000000001 2.5159785485817583 2.292660259320745
0.9933333333333334 2.460133231305546 2.2216409404617403
