-0.99 0.41062318223362765 0.41091078423002514
-0.97 0.3649624622267511 0.38321005846557776
-0.95 0.3611990196921392 0.35206507316418423
-0.9299999999999999 0.4337999543279584 0.4221170369602857
-0.91 0.39828049876123356 0.41052664555612217
-0.89 0.37681273443444735 0.35782179355702476
-0.87 0.4548360674197358 0.43032546052098275
-0.85 0.43500731236287543 0.4361203027557111
-0.8300000000000001 0.39580387874171113 0.3673945007239411
-0.81 0.4737804735336823 0.43719396047231956
-0.79 0.47445489038684757 0.4605831876918914
-0.77 0.4189716527605596 0.38342116704945217
-0.75 0.49104385549016416 0.4442240687086408
-0.73 0.5156521832196892 0.4848597372456042
-0.71 0.4470407767720602 0.4072858905128703
-0.69 0.5073665701365877 0.45184675778613004
-0.6699999999999999 0.557413467967762 0.5088379206668878
-0.6499999999999999 0.4806178246939387 0.43805436341470394
-0.63 0.523752743260682 0.45850118643271753
-0.61 0.5984644088527874 0.5297790119080196
-0.5900000000000001 0.5201314032801474 0.47229799058632865
-0.5700000000000001 0.5413894028901635 0.4640388883879891
-0.55 0.637612540976988 0.5488561109421233
-0.53 0.5657559287800762 0.5117503998718822
-0.51 0.5615677138062657 0.47460833405702757
-0.49 0.6739328954157987 0.5713269319830616
-0.47 0.6173264440364746 0.5570937533227742
-0.44999999999999996 0.5856163758780444 0.49024016775942175
-0.43 0.7069307791441899 0.5923336671757311
-0.41000000000000003 0.6742611817487046 0.6018510140061637
-0.39 0.6148484043035526 0.5113750960172361
-0.37 0.736647208959597 0.612051048540371
-0.35 0.7355169210269271 0.6462676962034035
-0.32999999999999996 0.6505148283287675 0.5413923116155687
-0.30999999999999994 0.7636877821350081 0.6313778590206649
-0.29 0.7996056490157945 0.6905682656410047
-0.27 0.6937541771375486 0.5827097847645004
-0.25 0.789176860871677 0.6512965955677477
-0.22999999999999998 0.864695411423923 0.7347467664328617
-0.20999999999999996 0.7455257805244014 0.6344620893751891
-0.18999999999999995 0.8146573195546852 0.6701222414237303
-0.16999999999999998 0.9288014840252041 0.7763628905068705
-0.15000000000000002 0.8065182250099553 0.6937977720719124
-0.13 0.8419651091330425 0.6869841639648506
-0.10999999999999999 0.9900488641493581 0.812843963436048
-0.08999999999999997 0.8770319567834458 0.7558203990421203
-0.06999999999999995 0.8731056946330229 0.7016508313191895
-0.04999999999999999 1.0469617805676694 0.8419243980054975
-0.030000000000000027 0.9568467838603952 0.8163820933764511
-0.010000000000000009 0.9101488708772018 0.7179015997260924
0.010000000000000009 1.0987213542727352 0.8655369137745074
0.030000000000000027 1.0450994003089014 0.8749792736630115
0.050000000000000044 0.9551447040003636 0.7420605709801271
0.07000000000000006 1.145336705678358 0.8872516971944455
0.09000000000000008 1.1402093073866364 0.9329451443819943
0.1100000000000001 1.0100511562721624 0.7800692627605841
0.13000000000000012 1.18769767197323 0.9104982012751248
0.15000000000000002 1.2398975856840142 0.9926568792818345
0.16999999999999993 1.0766563331340069 0.8357675442088691
0.18999999999999995 1.22750999223407 0.9365764720898582
0.20999999999999996 1.3413352376581824 1.0544892750469979
0.22999999999999998 1.156476589083856 0.9090637628814516
0.25 1.267143082344635 0.9643335959165689
0.27 1.441432762431833 1.1160816706460057
0.29000000000000004 1.2506164772983572 0.9957963831130231
0.31000000000000005 1.3094356403140897 0.9911695094581886
0.33000000000000007 1.5372439742366706 1.1725478769279194
0.3500000000000001 1.3595880277013908 1.0889835696953805
0.3700000000000001 1.3575019192869138 1.0167489024764067
0.3900000000000001 1.6264171672246828 1.2208968842902412
0.41000000000000003 1.4831048072595368 1.182557879693337
0.42999999999999994 1.414565654095015 1.0447371049657366
0.44999999999999996 1.7076025213616153 1.2608195317516266
0.47 1.619888487947092 1.272470200844275
0.49 1.4838272575833036 1.0819673849866265
0.51 1.7807291541425552 1.2954996402800056
0.53 1.767546655951573 1.3594740901081859
0.55 1.5683505824206976 1.1371616603465835
0.5700000000000001 1.8470993238167963 1.3297249471750168
0.5900000000000001 1.9225910869707499 1.4461433354071862
0.6100000000000001 1.6709431424951853 1.2154584845395173
0.6300000000000001 1.9092978755097079 1.3648968789736293
0.6500000000000001 2.0806552495983826 1.5323721098868937
0.67 1.79400042780781 1.316582924180806
0.69 1.9709615470542152 1.399642376018652
0.71 2.2369324051838917 1.6151631583378294
0.73 1.9392917019299392 1.4351035452776386
0.75 2.0364779821993526 1.4314184975906683
0.77 2.3867963224029753 1.6887479735543673
0.79 2.107681931963328 1.5611999114180937
0.81 2.1106821742599897 1.4595144982134935
0.8300000000000001 2.52650379066287 1.7481794821454235
0.8500000000000001 2.2988119316160285 1.685191401035838
0.8700000000000001 2.198594332399704 1.4892325288184265
0.8900000000000001 2.653838123334356 1.7941599358646472
0.91 2.510793280389792 1.802813379574987
0.9299999999999999 2.305210016790336 1.5318657234076984
0.95 2.7685567941251064 1.83308251892971
0.97 2.740007818608754 1.9159694302046142
0.99 2.4353228051090436 1.6000469720827988
