-0.99 0.41062318223362765 0.41091078423002
-0.97 0.3649624622267511 0.38321005846559486
-0.95 0.3611990196921392 0.3520650731642446
-0.9299999999999999 0.4337999543279584 0.4221170369601685
-0.91 0.39828049876123384 0.4105266455560007
-0.89 0.3768127344344535 0.35782179355728644
-0.87 0.4548360674198643 0.430325460520811
-0.85 0.43500731236516516 0.43612030275549934
-0.8300000000000001 0.39580387877647005 0.3673945007237878
-0.81 0.47378047398331724 0.4371939604725115
-0.79 0.4744548953432529 0.46058318769266215
-0.77 0.4189716993177168 0.3834211670486195
-0.75 0.4910442281554814 0.4442240687076515
-0.73 0.5156547251543409 0.48485973724850234
-0.71 0.4470555516080834 0.4072858905545441
-0.69 0.5074397503784758 0.45184675797884233
-0.6699999999999999 0.5577223395085857 0.5088379212966367
-0.6499999999999999 0.4817287243477629 0.438054364532905
-0.63 0.5271574887341419 0.45850118290041886
-0.61 0.607356570598726 0.5297790056848972
-0.5900000000000001 0.5399212731885088 0.4722979876368279
-0.5700000000000001 0.5789205127753033 0.46403890334343
-0.55 0.6982656069482513 0.5488560670318701
-0.53 0.6492829499212034 0.5117500197400155
-0.51 0.6595875811369412 0.4746079528579753
-0.49 0.7719527627464742 0.5713274413458632
-0.47 0.7008534651776018 0.5570952618828137
-0.44999999999999996 0.6462694418493077 0.49024024443756753
-0.43 0.7444618890293299 0.592331331429804
-0.41000000000000003 0.6940510516570662 0.6018484946328326
-0.39 0.6237405660494912 0.5113777868879078
-0.37 0.7400519544330569 0.612056837675796
-0.35 0.7366278206807514 0.646267294369973
-0.32999999999999996 0.6508236998695912 0.5413792461718498
-0.30999999999999994 0.7637609623768962 0.6313625887649918
-0.29 0.7996204238518176 0.6905725607833546
-0.27 0.6937567190722003 0.5827416415148745
-0.25 0.7891772335369942 0.6513328472333123
-0.22999999999999998 0.8646954579810802 0.7347550842259365
-0.20999999999999996 0.7455257854808067 0.6344251279142188
-0.18999999999999995 0.8146573200043202 0.6700918079902636
-0.16999999999999998 0.928801484059963 0.77638293650154
-0.15000000000000002 0.806518225012245 0.6939258197929532
-0.13 0.841965109133171 0.687165323489419
-0.10999999999999999 0.9900488641493642 0.8130817082245658
-0.08999999999999997 0.877031956783446 0.7559968645671911
-0.06999999999999995 0.8731056946330229 0.7019557846087294
-0.04999999999999999 1.0469617805676694 0.8426689331389217
-0.030000000000000027 0.9568467838603952 0.8178826786614211
-0.010000000000000009 0.9101488708772018 0.720951850415647
0.010000000000000009 1.0987213542727352 0.8712162488549975
0.030000000000000027 1.0450994003089014 0.8833309650230254
0.050000000000000044 0.9551447040003636 0.7529378282648098
0.07000000000000006 1.145336705678358 0.9038952243241196
0.09000000000000008 1.1402093073866364 0.9547168620247719
0.1100000000000001 1.0100511562721624 0.803953931476987
0.13000000000000012 1.18769767197323 0.9437628008177126
0.15000000000000002 1.2398975856840142 1.0348191353007485
0.16999999999999993 1.0766563331340069 0.8785516218256164
0.18999999999999995 1.22750999223407 0.9913396965884175
0.20999999999999996 1.3413352376581824 1.1228178723544011
0.22999999999999998 1.156476589083856 0.9755270632766095
0.25 1.267143082344635 1.0418713419141565
0.27 1.441432762431833 1.2119700383866114
0.29000000000000004 1.2506164772983572 1.0880296585432827
0.31000000000000005 1.3094356403140897 1.0891140237175374
0.33000000000000007 1.5372439742366706 1.2931851030411776
0.3500000000000001 1.3595880277013908 1.2056238312455734
0.3700000000000001 1.3575019192869138 1.1287676150958548
0.3900000000000001 1.6264171672246828 1.3561629033287088
0.41000000000000003 1.4831048072595368 1.3120381601509612
0.42999999999999994 1.414565654095015 1.1525266681384714
0.44999999999999996 1.7076025213616153 1.3796263944447056
0.47 1.619888487947092 1.3736621253737946
0.49 1.4838272575833036 1.1423579472621335
0.51 1.7807291541425552 1.3500303986952138
0.53 1.767546655951573 1.4000270326853967
0.55 1.5683505824206976 1.158468640870206
0.5700000000000001 1.8470993238167963 1.3473415813989476
0.5900000000000001 1.9225910869707499 1.4590236278004007
0.6100000000000001 1.6709431424951853 1.2216111160876846
0.6300000000000001 1.9092978755097079 1.3693004148187986
0.6500000000000001 2.0806552495983826 1.5355816924477619
0.67 1.79400042780781 1.3181338249420467
0.69 1.9709615470542152 1.4007160963595242
0.71 2.2369324051838917 1.6160415306302898
0.73 1.9392917019299392 1.4356054667675722
0.75 2.0364779821993526 1.431746981473851
0.77 2.3867963224029753 1.6890278648949388
0.79 2.107681931963328 1.5613657849885936
0.81 2.1106821742599897 1.4596051712589606
0.8300000000000001 2.52650379066287 1.7482525649495366
0.8500000000000001 2.2988119316160285 1.685233193494224
0.8700000000000001 2.198594332399704 1.4892522434640894
0.8900000000000001 2.653838123334356 1.7941768934489994
0.91 2.510793280389792 1.8028253405997676
0.9299999999999999 2.305210016790336 1.5318727010659234
0.95 2.7685567941251064 1.833089224307466
0.97 2.740007818608754 1.9159747607091129
0.99 2.4353228051090436 1.6000496431702222
