-0.9933333333333334 0.4064820503519311 0.40655253770623734
-0.98 0.39745966855070874 0.402729450059772
-0.9666666666666667 0.35600578422951235 0.3558651304188656
-0.9533333333333334 0.35282273498008415 0.351563468454293
-0.94 0.40032650535307923 0.39826722143834764
-0.9266666666666667 0.4375028809200964 0.4374248138327327
-0.9133333333333333 0.4103218115712467 0.4139283878410773
-0.8999999999999999 0.371799827981095 0.36866324598820865
-0.8866666666666667 0.38625913512260796 0.3835940890630256
-0.8733333333333333 0.44294174673871833 0.4386193085716177
-0.86 0.4641005000380445 0.4642596097920036
-0.8466666666666667 0.4222167123489807 0.42248752415857493
-0.8333333333333333 0.3933700818724979 0.3881536482736611
-0.8200000000000001 0.4268498878590554 0.4219998068590062
-0.8066666666666666 0.48590982883696204 0.47965860462402987
-0.7933333333333333 0.4857549968109915 0.4858197745719557
-0.78 0.43544018256149747 0.43129316069524803
-0.7666666666666666 0.4222614930974185 0.4154647217308989
-0.7533333333333333 0.47385739781059893 0.4660547268412193
-0.74 0.5265097790148362 0.5191272671603829
-0.7266666666666667 0.5031824425412151 0.5018814349477004
-0.7133333333333334 0.4524432927247961 0.44395710095348195
-0.7 0.4596044419873287 0.4509066696809241
-0.6866666666666666 0.5255464032358944 0.5142918196500473
-0.6733333333333333 0.5623959018634729 0.5546636863570972
-0.6599999999999999 0.5182254578514495 0.5135841708561323
-0.6466666666666666 0.4755888260792587 0.46370609349252345
-0.6333333333333333 0.5059053210295138 0.49435973907193004
-0.62 0.579214774176186 0.5645355217249414
-0.6066666666666667 0.5922552061360904 0.584233211229827
-0.5933333333333333 0.5335123829989846 0.5235040567713258
-0.58 0.5069782048338117 0.4920942390486268
-0.5666666666666667 0.560772942296653 0.5444787863042833
-0.5533333333333333 0.6315458407934703 0.6131225578160333
-0.54 0.6162385739129619 0.6059037649084549
-0.5266666666666666 0.5520450550679699 0.5353683133266253
-0.5133333333333333 0.5482905144728343 0.5305114637072061
-0.49999999999999994 0.6226551064890122 0.6018709319847294
-0.48666666666666664 0.6792908323433683 0.6604651567114455
-0.47333333333333333 0.6360095047933627 0.6240714416148938
-0.45999999999999996 0.5768466409222172 0.556576234149205
-0.4466666666666666 0.6005645620636632 0.5806209379772116
-0.4333333333333333 0.6887360215648651 0.6642016578455961
-0.42 0.7201124884561353 0.7020271985095253
-0.4066666666666666 0.6544351872130316 0.6383164775517851
-0.39333333333333326 0.6107104892104064 0.5879895156771722
-0.37999999999999995 0.6638912932649151 0.640748352316912
-0.36666666666666664 0.7551709421868383 0.7281306120610149
-0.35333333333333333 0.7532910653911019 0.7361366631920856
-0.33999999999999997 0.675090671750239 0.6532959310460278
-0.3266666666666666 0.656003968452573 0.6311328625172052
-0.3133333333333333 0.7370619007019764 0.7091700435463888
-0.3 0.8177514514854016 0.789389954321441
-0.2866666666666666 0.7800227699677444 0.7619865617178039
-0.27333333333333326 0.7017710174591715 0.6746938114141126
-0.25999999999999995 0.7144402964197131 0.6871727431519171
-0.24666666666666665 0.8173169090524328 0.7843233060570458
-0.23333333333333328 0.8728992516321238 0.844664395924959
-0.21999999999999992 0.8032294466338534 0.7810176907770414
-0.2066666666666666 0.7381203193505238 0.7066661178796385
-0.1933333333333333 0.7867490306387674 0.7554531543251201
-0.17999999999999994 0.9004134112217832 0.8630236652931879
-0.16666666666666657 0.918675848019551 0.8918766937218804
-0.15333333333333327 0.827020208066172 0.7988679944957187
-0.13999999999999996 0.7873670597336668 0.7532696519979545
-0.12666666666666665 0.8722497677145612 0.8353718660058402
-0.11333333333333329 0.9811956787713725 0.940466587009142
-0.09999999999999992 0.955426072376418 0.927982487535242
-0.08666666666666661 0.85605402785599 0.8202518465049022
-0.0733333333333333 0.8520730466738504 0.814890270776083
-0.05999999999999994 0.9684499743494225 0.9250997391814351
-0.04666666666666658 1.0546709526359224 1.0134852361220654
-0.03333333333333327 0.9858248894624293 0.9556159593841832
-0.019999999999999962 0.8950016271335975 0.853067767392964
-0.006666666666666654 0.9337900545895983 0.8918566168502126
0.00666666666666671 1.0709045305044522 1.0201612224939334
0.02000000000000013 1.1173164044435069 1.0760154221763973
0.03333333333333344 1.0143789335094784 0.9767060652273563
0.046666666666666745 0.9481630242121639 0.9012912396384416
0.06000000000000005 1.0325778579030611 0.9838090911623526
0.07333333333333336 1.173608300255004 1.1172745940737174
0.08666666666666678 1.1681505693098895 1.1272211336042521
0.10000000000000009 1.0466534553664761 0.9997459334212964
0.1133333333333334 1.0191647004114146 0.9680085542676021
0.1266666666666667 1.1464606091213603 1.0885769646004124
0.14 1.2700556717958942 1.2098933981114692
0.15333333333333343 1.2091602965038868 1.1652483447978073
0.16666666666666674 1.0885232284660187 1.0322366076572025
0.18000000000000005 1.1106009612218983 1.0540101084496842
0.19333333333333347 1.271053361436104 1.203666627884312
0.20666666666666678 1.3547926723923618 1.2941335927118178
0.22000000000000008 1.2449742775128136 1.194433391224809
0.2333333333333334 1.1456075808636867 1.0820259291596148
0.2466666666666667 1.2235156142301815 1.1584999663219229
0.2600000000000001 1.3996970845728023 1.322490546012525
0.27333333333333343 1.4249662284723499 1.3635366058880243
0.28666666666666674 1.2820138571613124 1.2199380924477607
0.30000000000000004 1.222865454024635 1.1531054556503824
0.31333333333333335 1.3567381505509952 1.2808784262551973
0.32666666666666677 1.52438102220459 1.4408590498150726
0.3400000000000001 1.4812825029968215 1.4187533334356173
0.3533333333333334 1.327508111994942 1.2537872445121918
0.3666666666666668 1.3242034937204838 1.248270420223358
0.3800000000000001 1.5062706954359295 1.4176185879781107
0.3933333333333334 1.637437079708439 1.5502558701619384
0.40666666666666673 1.5280351966687262 1.458565572017259
0.42000000000000004 1.3886719311644231 1.3033493914639467
0.43333333333333346 1.4519350936922373 1.3657180111497675
0.44666666666666677 1.665099912928256 1.5623152248253582
0.4600000000000001 1.7335630114813156 1.6447473908193078
0.4733333333333335 1.5723035465089397 1.4907475113786541
0.4866666666666668 1.4721235034930071 1.3782007285414508
0.5000000000000001 1.6060255341656768 1.506701447599108
0.5133333333333334 1.8238506295544294 1.7096831646875168
0.5266666666666667 1.811446349930398 1.7210104627644174
0.5400000000000001 1.6227481406271718 1.5253547933314846
0.5533333333333335 1.5834163340282732 1.480415136984345
0.5666666666666668 1.7832529435255708 1.666402749571658
0.5800000000000001 1.9724713813442964 1.8495373609216554
0.5933333333333334 1.874370739773256 1.7773114145600495
0.6066666666666668 1.6884613079622577 1.5749833519614531
0.6200000000000001 1.7264752982558076 1.611780254076118
0.6333333333333334 1.976654441912191 1.8410445366344028
0.6466666666666668 2.1026566335546026 1.9758073102153924
0.6600000000000001 1.9296620512353324 1.8203753115398293
0.6733333333333335 1.7781068401930846 1.6517083183020205
0.6866666666666668 1.902781550483078 1.7719341047319028
0.7000000000000001 2.175784019136112 2.0219205097642012
0.7133333333333335 2.2102217362480867 2.0801309271873145
0.7266666666666668 1.9873507409155875 1.858710719501202
0.7400000000000001 1.8992999557788306 1.7603240979906825
0.7533333333333334 2.110339533835245 1.9574367223571623
0.7666666666666667 2.368200786353242 2.199145902743951
0.7800000000000001 2.2965266873568067 2.1603834662852157
0.7933333333333334 2.0586509795371217 1.9090023838531391
0.8066666666666668 2.0579950037099004 1.905368940814743
0.8200000000000002 2.342743967945468 2.165555096103737
0.8333333333333335 2.5421353734881333 2.3647712807321755
0.8466666666666668 2.368451960218606 2.220818128840309
0.8600000000000001 2.1547057155034843 1.986786664660917
0.8733333333333334 2.2576332155701717 2.0863109429842206
0.8866666666666668 2.5889355333501096 2.386207654244801
0.9000000000000001 2.6896193186265975 2.5067351315511983
0.9133333333333334 2.437111486154478 2.2682372931626764
0.9266666666666667 2.285699234475751 2.1006510479362372
0.9400000000000001 2.4979610058994766 2.2998882957380458
0.9533333333333335 2.8342844744867346 2.6075459438848076
0.9666666666666668 2.8089431247985335 2.6190859261500488
0.9800000000000001 2.5159785485817583 2.320150974039029
0.9933333333333334 2.460133231305546 2.2574884367071433
