-0.99 0.41062318223362765 0.4244207250222516
-0.97 0.3649624622267511 0.3740153777550142
-0.95 0.3611990196921392 0.34854746933527214
-0.9299999999999999 0.4337999543279584 0.44135854225291626
-0.91 0.39828049876123356 0.41106025259832374
-0.89 0.37681273443444735 0.34632058672297483
-0.87 0.4548360674197358 0.45366055817662543
-0.85 0.43500731236287543 0.444705414596531
-0.8300000000000001 0.39580387874171113 0.34804977013955196
-0.81 0.4737804735336823 0.4641263957844314
-0.79 0.47445489038684757 0.4769694425422537
-0.77 0.4189716527605596 0.3607681810245306
-0.75 0.49104385549016416 0.47571262692444516
-0.73 0.5156521832196892 0.5109266028018107
-0.71 0.4470407767720602 0.3887055330758633
-0.69 0.5073665701365877 0.48884495351704266
-0.6699999999999999 0.557413467967762 0.5473585111294985
-0.6499999999999999 0.4806178246939387 0.43114259755757645
-0.63 0.523752743260682 0.5002566407102824
-0.61 0.5984644088527874 0.5828969102162479
-0.5900000000000001 0.5201314032801474 0.48329382558958583
-0.5700000000000001 0.5413894028901635 0.5064856387022273
-0.55 0.637612540976988 0.6149166962575846
-0.53 0.5657559287800762 0.5404483338921691
-0.51 0.5615677138062657 0.5080358667107305
-0.49 0.6739328954157987 0.6427958230517263
-0.47 0.6173264440364746 0.5986212204867882
-0.44999999999999996 0.5856163758780444 0.5091968337691188
-0.43 0.7069307791441899 0.6674179713124856
-0.41000000000000003 0.6742611817487046 0.6552083468312634
-0.39 0.6148484043035526 0.5173283443201245
-0.37 0.736647208959597 0.6910485696780924
-0.35 0.7355169210269271 0.7116291341962823
-0.32999999999999996 0.6505148283287675 0.5418641754834104
-0.30999999999999994 0.7636877821350081 0.716900849563884
-0.29 0.7996056490157945 0.7714375664095403
-0.27 0.6937541771375486 0.5890910226651276
-0.25 0.789176860871677 0.7447628042269467
-0.22999999999999998 0.864695411423923 0.8348290745182211
-0.20999999999999996 0.7455257805244014 0.6586437853974956
-0.18999999999999995 0.8146573195546852 0.7698103375888876
-0.16999999999999998 0.9288014840252041 0.8975721105722914
-0.15000000000000002 0.8065182250099553 0.743983704177782
-0.13 0.8419651091330425 0.7854703363357277
-0.10999999999999999 0.9900488641493581 0.9522727573089868
-0.08999999999999997 0.8770319567834458 0.833973871611487
-0.06999999999999995 0.8731056946330229 0.7879250758502566
-0.04999999999999999 1.0469617805676694 0.9929695964355255
-0.030000000000000027 0.9568467838603952 0.9183933784014036
-0.010000000000000009 0.9101488708772018 0.7821141004153563
0.010000000000000009 1.0987213542727352 1.0203590529947153
0.030000000000000027 1.0450994003089014 0.993090268226397
0.050000000000000044 0.9551447040003636 0.7821586077444358
0.07000000000000006 1.145336705678358 1.041747660317258
0.09000000000000008 1.1402093073866364 1.0636034070387663
0.1100000000000001 1.0100511562721624 0.8056661617118797
0.13000000000000012 1.18769767197323 1.0658510885755226
0.15000000000000002 1.2398975856840142 1.1384282418888794
0.16999999999999993 1.0766563331340069 0.864110118675409
0.18999999999999995 1.22750999223407 1.0958582108659853
0.20999999999999996 1.3413352376581824 1.221895968125091
0.22999999999999998 1.156476589083856 0.9594063084985724
0.25 1.267143082344635 1.127711524666327
0.27 1.441432762431833 1.3106103281264057
0.29000000000000004 1.2506164772983572 1.0827945509422505
0.31000000000000005 1.3094356403140897 1.1518921542203082
0.33000000000000007 1.5372439742366706 1.3942186642236463
0.3500000000000001 1.3595880277013908 1.2191840106140097
0.3700000000000001 1.3575019192869138 1.1621496868581938
0.3900000000000001 1.6264171672246828 1.4638048477722272
0.41000000000000003 1.4831048072595368 1.3536407512881277
0.42999999999999994 1.414565654095015 1.1635552608251587
0.44999999999999996 1.7076025213616153 1.5184156930424182
0.47 1.619888487947092 1.479242732767068
0.49 1.4838272575833036 1.1744526067608456
0.51 1.7807291541425552 1.565971940218762
0.53 1.767546655951573 1.6004809950322052
0.55 1.5683505824206976 1.2187846564224953
0.5700000000000001 1.8470993238167963 1.616491244776317
0.5900000000000001 1.9225910869707499 1.727235531364177
0.6100000000000001 1.6709431424951853 1.3137265254060764
0.6300000000000001 1.9092978755097079 1.6731117141728957
0.6500000000000001 2.0806552495983826 1.8641931196234525
0.67 1.79400042780781 1.4619322384222109
0.69 1.9709615470542152 1.7282156214024886
0.71 2.2369324051838917 2.0047256034489203
0.73 1.9392917019299392 1.650904337861137
0.75 2.0364779821993526 1.7674955591067092
0.77 2.3867963224029753 2.1333726922519354
0.79 2.107681931963328 1.8573827950342576
0.81 2.1106821742599897 1.7809729641608458
0.8300000000000001 2.52650379066287 2.235804167923019
0.8500000000000001 2.2988119316160285 2.057211450312969
0.8700000000000001 2.198594332399704 1.775729709394366
0.8900000000000001 2.653838123334356 2.31002654199581
0.91 2.510793280389792 2.2386053288210697
0.9299999999999999 2.305210016790336 1.779543461214918
0.95 2.7685567941251064 2.3684659166626414
0.97 2.740007818608754 2.4073233758475734
0.99 2.4353228051090436 1.8299066175012213
