-0.9933333333333334 0.4064820503519311 0.40584852229150037
-0.98 0.39745966855070874 0.3984108325435464
-0.9666666666666667 0.35600578422951235 0.34893805112665693
-0.9533333333333334 0.35282273498008415 0.3555401592323323
-0.94 0.40032650535307923 0.40019849082304043
-0.9266666666666667 0.4375028809200964 0.43970699700950633
-0.9133333333333333 0.4103218115712467 0.40993223914195703
-0.8999999999999999 0.371799827981095 0.3675842516202503
-0.8866666666666667 0.38625913512260796 0.39037873707678983
-0.8733333333333333 0.44294174673871833 0.4438828354066887
-0.86 0.4641005000380445 0.468969701377332
-0.8466666666666667 0.4222167123489807 0.4193029684898756
-0.8333333333333333 0.3933700818724979 0.394401056732925
-0.8200000000000001 0.4268498878590554 0.4311924426015337
-0.8066666666666666 0.48590982883696204 0.48911889773286876
-0.7933333333333333 0.4857549968109915 0.49216650751743335
-0.78 0.43544018256149747 0.43093525737314825
-0.7666666666666666 0.4222614930974185 0.4285285587930335
-0.7533333333333333 0.47385739781059893 0.4785551964290091
-0.74 0.5265097790148362 0.5332129352774058
-0.7266666666666667 0.5031824425412151 0.5091573152362519
-0.7133333333333334 0.4524432927247961 0.4497695272474045
-0.7 0.4596044419873287 0.46914847197860216
-0.6866666666666666 0.5255464032358944 0.531558067241484
-0.6733333333333333 0.5623959018634729 0.573047491971792
-0.6599999999999999 0.5182254578514495 0.5216891901614251
-0.6466666666666666 0.4755888260792587 0.4786298307016298
-0.6333333333333333 0.5059053210295138 0.5167286525264521
-0.62 0.579214774176186 0.5878958617295653
-0.6066666666666667 0.5922552061360904 0.6060219843679349
-0.5933333333333333 0.5335123829989846 0.5342218649041475
-0.58 0.5069782048338117 0.517521763761801
-0.5666666666666667 0.560772942296653 0.5727550567174299
-0.5533333333333333 0.6315458407934703 0.6452136546322287
-0.54 0.6162385739129619 0.6319850426432674
-0.5266666666666666 0.5520450550679699 0.5539130679200477
-0.5133333333333333 0.5482905144728343 0.5657364392277914
-0.49999999999999994 0.6226551064890122 0.6371579847590236
-0.48666666666666664 0.6792908323433683 0.6987517383405675
-0.47333333333333333 0.6360095047933627 0.6496826352963019
-0.45999999999999996 0.5768466409222172 0.583362846145652
-0.4466666666666666 0.6005645620636632 0.6203005799343962
-0.4333333333333333 0.6887360215648651 0.7052716553350298
-0.42 0.7201124884561353 0.7434678110010273
-0.4066666666666666 0.6544351872130316 0.6636013692214813
-0.39333333333333326 0.6107104892104064 0.6255998332159144
-0.37999999999999995 0.6638912932649151 0.6844491416563655
-0.36666666666666664 0.7551709421868383 0.7756906085392119
-0.35333333333333333 0.7532910653911019 0.7783419526899193
-0.33999999999999997 0.675090671750239 0.6810937153921175
-0.3266666666666666 0.656003968452573 0.6788219977654906
-0.3133333333333333 0.7370619007019764 0.758560322287583
-0.3 0.8177514514854016 0.8440831684764176
-0.2866666666666666 0.7800227699677444 0.8039842979263548
-0.27333333333333326 0.7017710174591715 0.7108749357638046
-0.25999999999999995 0.7144402964197131 0.7426501692796024
-0.24666666666666665 0.8173169090524328 0.8414374056923228
-0.23333333333333328 0.8728992516321238 0.9049948466471175
-0.21999999999999992 0.8032294466338534 0.8218360749619726
-0.2066666666666666 0.7381203193505238 0.7552947701661327
-0.1933333333333333 0.7867490306387674 0.8159531162514602
-0.17999999999999994 0.9004134112217832 0.9276102883610052
-0.16666666666666657 0.918675848019551 0.9534611350079693
-0.15333333333333327 0.827020208066172 0.8391949674733629
-0.13999999999999996 0.7873670597336668 0.8145811329454679
-0.12666666666666665 0.8722497677145612 0.9017187636617745
-0.11333333333333329 0.9811956787713725 1.014213294263789
-0.09999999999999992 0.955426072376418 0.9903637261606336
-0.08666666666666661 0.85605402785599 0.8679969005678301
-0.0733333333333333 0.8520730466738504 0.888175615294022
-0.05999999999999994 0.9684499743494225 1.0007449705959184
-0.04666666666666658 1.0546709526359224 1.0957177277519072
-0.03333333333333327 0.9858248894624293 1.0164952013680164
-0.019999999999999962 0.8950016271335975 0.9143357857983221
-0.006666666666666654 0.9337900545895983 0.9736433429197926
0.00666666666666671 1.0709045305044522 1.107103399577238
0.02000000000000013 1.1173164044435069 1.164563236944916
0.03333333333333344 1.0143789335094784 1.0380142955448193
0.046666666666666745 0.9481630242121639 0.9812779976882329
0.06000000000000005 1.0325778579030611 1.075125720014494
0.07333333333333336 1.173608300255004 1.2182722944746611
0.08666666666666678 1.1681505693098895 1.2198877427396189
0.10000000000000009 1.0466534553664761 1.0673927702755517
0.1133333333333334 1.0191647004114146 1.0664220931925397
0.1266666666666667 1.1464606091213603 1.1925192212477658
0.14 1.2700556717958942 1.3250672407197353
0.15333333333333343 1.2091602965038868 1.2588868385326364
0.16666666666666674 1.0885232284660187 1.1143782360715198
0.18000000000000005 1.1106009612218983 1.1663872580014254
0.19333333333333347 1.271053361436104 1.3223145617143186
0.20666666666666678 1.3547926723923618 1.4198596406902928
0.22000000000000008 1.2449742775128136 1.2872765238471862
0.2333333333333334 1.1456075808636867 1.1860301907613335
0.2466666666666667 1.2235156142301815 1.2832012244847193
0.2600000000000001 1.3996970845728023 1.458818366814779
0.27333333333333343 1.4249662284723499 1.4962662741026567
0.28666666666666674 1.2820138571613124 1.3159714758390249
0.30000000000000004 1.222865454024635 1.2807831315754394
0.31333333333333335 1.3567381505509952 1.4191743434696453
0.32666666666666677 1.52438102220459 1.5947181807334372
0.3400000000000001 1.4812825029968215 1.5532452429159205
0.3533333333333334 1.327508111994942 1.3618509535535732
0.3666666666666668 1.3242034937204838 1.396349698048922
0.3800000000000001 1.5062706954359295 1.5742205394988686
0.3933333333333334 1.637437079708439 1.7209655741717753
0.40666666666666673 1.5280351966687262 1.5933171582465404
0.42000000000000004 1.3886719311644231 1.4361552584212591
0.43333333333333346 1.4519350936922373 1.5319251615752814
0.44666666666666677 1.665099912928256 1.7424096774721956
0.4600000000000001 1.7335630114813156 1.829072355638325
0.4733333333333335 1.5723035465089397 1.6280085658335484
0.4866666666666668 1.4721235034930071 1.5429665536022759
0.5000000000000001 1.6060255341656768 1.6923530488385792
0.5133333333333334 1.8238506295544294 1.9166051022553312
0.5266666666666667 1.811446349930398 1.9145054300498456
0.5400000000000001 1.6227481406271718 1.6749360057305405
0.5533333333333335 1.5834163340282732 1.677543604126793
0.5666666666666668 1.7832529435255708 1.8775391910884094
0.5800000000000001 1.9724713813442964 2.083741943510519
0.5933333333333334 1.874370739773256 1.9751749209774467
0.6066666666666668 1.6884613079622577 1.750843010334004
0.6200000000000001 1.7264752982558076 1.8360470455534872
0.6333333333333334 1.976654441912191 2.0825782365571452
0.6466666666666668 2.1026566335546026 2.2322716672608696
0.6600000000000001 1.9296620512353324 2.0205083062426885
0.6733333333333335 1.7781068401930846 1.866470141587376
0.6866666666666668 1.902781550483078 2.0226505767319174
0.7000000000000001 2.175784019136112 2.299848731317777
0.7133333333333335 2.2102217362480867 2.3542575661570604
0.7266666666666668 1.9873507409155875 2.0695383667370484
0.7400000000000001 1.8992999557788306 2.019864527836387
0.7533333333333334 2.110339533835245 2.240683515010551
0.7666666666666667 2.368200786353242 2.5158021187075903
0.7800000000000001 2.2965266873568067 2.4446125582828944
0.7933333333333334 2.0586509795371217 2.1448412216422152
0.8066666666666668 2.0579950037099004 2.2040085152335696
0.8200000000000002 2.342743967945468 2.4864801307660653
0.8333333333333335 2.5421353734881333 2.714006555198562
0.8466666666666668 2.368451960218606 2.507335632365513
0.8600000000000001 2.1547057155034843 2.264314982094644
0.8733333333333334 2.2576332155701717 2.4187551253648105
0.8866666666666668 2.5889355333501096 2.7510568516378044
0.9000000000000001 2.6896193186265975 2.881240235461848
0.9133333333333334 2.437111486154478 2.560455433473647
0.9266666666666667 2.285699234475751 2.432460173104661
0.9400000000000001 2.4979610058994766 2.670222343215756
0.9533333333333335 2.8342844744867346 3.0217420402187196
0.9666666666666668 2.8089431247985335 3.010738536413799
0.9800000000000001 2.5159785485817583 2.633561882752941
0.9933333333333334 2.460133231305546 2.6439441139063926
