-0.992 0.40866391007291786 0.40557616971796817
-0.976 0.3847765051567682 0.3836036290285778
-0.96 0.34702488929124486 0.3315375245819516
-0.944 0.3832133780086262 0.3842422662337614
-0.9279999999999999 0.4365921993109166 0.4352674366414453
-0.912 0.405500792929985 0.4040534965050383
-0.896 0.3694309781386876 0.3558954731150414
-0.88 0.41331724620789057 0.4150858447478075
-0.864 0.46579860180165006 0.46657035122927304
-0.848 0.4272867429929452 0.4250050943446068
-0.8320000000000001 0.3938190413217268 0.3828665087833387
-0.8160000000000001 0.4458074753013782 0.44829264532447305
-0.8 0.4962819160414253 0.4994673000050589
-0.784 0.45025728061448717 0.44674703197440796
-0.768 0.42038891460445016 0.4126674550941406
-0.752 0.4807984167311434 0.4841511358295667
-0.736 0.5280443342863975 0.5340656532141705
-0.72 0.47455282648963953 0.4695644929517462
-0.704 0.44935472782288916 0.44553894468002864
-0.688 0.5183965941766367 0.5229679579344639
-0.6719999999999999 0.5610939895262614 0.570472262146696
-0.6559999999999999 0.5003324095832428 0.4938050451376783
-0.64 0.4809448829903968 0.4817502288574553
-0.624 0.558698921133953 0.5651716774017975
-0.608 0.5954477030582044 0.6090584193709052
-0.592 0.5277748193354577 0.5204114620560211
-0.5760000000000001 0.5154017766001746 0.5225798540533696
-0.56 0.6017911024496958 0.6130400378333675
-0.544 0.6311338759000595 0.6529962040528656
-0.528 0.5570798102772513 0.5526980535040248
-0.512 0.5529812139265355 0.5701085115141209
-0.496 0.6477463279255457 0.6669856748757934
-0.48 0.6681954664065723 0.6989073803783759
-0.46399999999999997 0.5884693675968637 0.5856974812430584
-0.44799999999999995 0.5939514637959165 0.6190852318400509
-0.43199999999999994 0.6966243708321732 0.7213834486093318
-0.416 0.7066929996405078 0.7434165672908953
-0.4 0.6221890359810498 0.6198992732706982
-0.384 0.638591906056184 0.6703205737752058
-0.368 0.7484712031223856 0.7780514586147805
-0.352 0.7467075610193669 0.7880904280323365
-0.33599999999999997 0.6585093062157034 0.6567762685360483
-0.31999999999999995 0.6871912315130827 0.7248810711064249
-0.304 0.8033192315457348 0.8381064824203164
-0.28800000000000003 0.7883437369000239 0.8340516423648245
-0.272 0.6977270446821543 0.6977079346559655
-0.256 0.7400451660620273 0.7835168873066884
-0.24 0.8611882444354935 0.9016626914870358
-0.22399999999999998 0.831732477204701 0.8808395497820414
-0.20799999999999996 0.7401669401659728 0.7429774325031893
-0.19199999999999995 0.7974537076179318 0.8463691176299715
-0.17599999999999993 0.9220871379278317 0.9689608894695629
-0.15999999999999998 0.8770338688824305 0.9288927816957006
-0.14400000000000002 0.7861829304777797 0.7933665711266273
-0.128 0.8597178864952416 0.9137749904759688
-0.11199999999999999 0.9860164636699575 1.0396694260159767
-0.09599999999999997 0.9244398228119224 0.9777015191509161
-0.07999999999999996 0.8361595584972273 0.8490835509831333
-0.06399999999999995 0.9271360870353161 0.9859294765258646
-0.04799999999999999 1.052971809178896 1.1139200925797819
-0.03200000000000003 0.9741766895749673 1.0276539221178984
-0.016000000000000014 0.890513193699673 0.9106939754173886
0.0 1.0 1.0632126586454684
0.016000000000000014 1.1229479889516962 1.1914858774519557
0.03200000000000003 1.0265078303570365 1.0787550472920617
0.04800000000000004 0.9496930414308024 0.978604291801516
0.06400000000000006 1.078590310509518 1.1462763672477163
0.08000000000000007 1.1959439915956134 1.2729133911138097
0.09600000000000009 1.0817361772216183 1.1319928108079167
0.1120000000000001 1.0141818487269432 1.053600514002218
0.1280000000000001 1.1631722634928987 1.2358937586909655
0.14400000000000013 1.2719685981890743 1.358197936382902
0.16000000000000003 1.1402068215156387 1.1876162823919971
0.17599999999999993 1.0844962030890688 1.1357636949447647
0.19199999999999995 1.25399128557204 1.3322782539878206
0.20799999999999996 1.3510465622468397 1.4472339230271327
0.22399999999999998 1.2023096697640268 1.246527953564343
0.24 1.1611863102654139 1.2257924576861652
0.256 1.3512688763596146 1.4365059221676737
0.272 1.4332252241355279 1.5406942694080152
0.28800000000000003 1.2684822028678309 1.3100642275374894
0.30400000000000005 1.2448351299592508 1.3243364397466242
0.32000000000000006 1.4551990103223007 1.5491786893732944
0.3360000000000001 1.51858142407548 1.6384132370327764
0.3520000000000001 1.3392123666658073 1.3790196315881258
0.3680000000000001 1.3360567458418129 1.4315697563100236
0.3840000000000001 1.5659453095417406 1.670520935443843
0.4 1.607228578728053 1.7402298458955172
0.4159999999999999 1.4150416100183487 1.4546667340258677
0.43199999999999994 1.4354938498712304 1.5480658162074896
0.44799999999999995 1.6836392549806107 1.8011230645105112
0.46399999999999997 1.6993237967231951 1.8461771454503335
0.48 1.4965680706841802 1.5382780204565418
0.496 1.5438142323439672 1.6741500957169357
0.512 1.8083796968423806 1.9409284572706687
0.528 1.7950749274189515 1.955611621752375
0.544 1.5844498896116148 1.6308349328293028
0.56 1.661706189954164 1.809969163153319
0.5760000000000001 1.9402339017852372 2.0897758015831487
0.5920000000000001 1.8947474630546766 2.06809983697726
0.6080000000000001 1.6794086111408688 1.7335743277679532
0.6240000000000001 1.789872795834955 1.9559138130373461
0.6400000000000001 2.0792403357787013 2.2475116787280216
0.6560000000000001 1.9986712450487862 2.183150883004185
0.672 1.782232600360435 1.8475183618715276
0.688 1.9290250191328675 2.112232200500575
0.704 2.2254133273393415 2.4136954369832413
0.72 2.1072469579355295 2.3003366943833194
0.736 1.8937803799209518 1.9737903219017119
0.752 2.0798737375193728 2.2796090146454437
0.768 2.3787496892988105 2.58842583087688
0.784 2.2209524266553853 2.42002810194698
0.8 2.014983757571631 2.1138492490063845
0.8160000000000001 2.243120753692998 2.4592494455890295
0.8320000000000001 2.5392373020964705 2.772032916233819
0.8480000000000001 2.3403487620408328 2.5428115574561723
0.8640000000000001 2.1468505833468083 2.2689077609538986
0.8800000000000001 2.4194490047894615 2.6522678387292404
0.8960000000000001 2.706865582952254 2.96459536393854
0.912 2.4660864230977304 2.669445640745197
0.9279999999999999 2.2904669427862494 2.440131781645225
0.944 2.6095122388380965 2.8601256172111653
0.96 2.8816376889922086 3.1666970321612204
0.976 2.5989112812191415 2.801667326522429
0.992 2.446998561291038 2.629183838164866
