-0.99 0.41062318223362765 0.3591091919395782
-0.97 0.3649624622267511 0.3177811445115776
-0.95 0.3611990196921392 0.3363482204485529
-0.9299999999999999 0.4337999543279584 0.42975800018285093
-0.91 0.39828049876123356 0.3609723138734518
-0.89 0.37681273443444735 0.36102517852829036
-0.87 0.4548360674197358 0.5104302454586267
-0.85 0.43500731236287543 0.4219802755785451
-0.8300000000000001 0.39580387874171113 0.40491685860409066
-0.81 0.4737804735336823 0.6080151902218789
-0.79 0.47445489038684757 0.5090062435435349
-0.77 0.4189716527605596 0.4748562378375743
-0.75 0.49104385549016416 0.7203936717819077
-0.73 0.5156521832196892 0.6260069146903742
-0.71 0.4470407767720602 0.5759300045072142
-0.69 0.5073665701365877 0.8119656983294986
-0.6699999999999999 0.557413467967762 0.7584539258282939
-0.6499999999999999 0.4806178246939387 0.690582283854857
-0.63 0.523752743260682 0.8204728681543468
-0.61 0.5984644088527874 0.84391307883434
-0.5900000000000001 0.5201314032801474 0.6583118056119334
-0.5700000000000001 0.5413894028901635 0.8575937690835715
-0.55 0.637612540976988 0.934034253865137
-0.53 0.5657559287800762 0.7619203380841757
-0.51 0.5615677138062657 0.8984764346120204
-0.49 0.6739328954157987 1.071225157075907
-0.47 0.6173264440364746 0.9356193836509055
-0.44999999999999996 0.5856163758780444 0.9670270076437215
-0.43 0.7069307791441899 1.3705988060769305
-0.41000000000000003 0.6742611817487046 1.1372654518530771
-0.39 0.6148484043035526 1.0998379869390216
-0.37 0.736647208959597 1.6537164230141137
-0.35 0.7355169210269271 1.3829517499062476
-0.32999999999999996 0.6505148283287675 1.291178669296451
-0.30999999999999994 0.7636877821350081 1.950332139690626
-0.29 0.7996056490157945 1.6849824465175982
-0.27 0.6937541771375486 1.5420070215612474
-0.25 0.789176860871677 2.1690858281999033
-0.22999999999999998 0.864695411423923 1.9928639112641056
-0.20999999999999996 0.7455257805244014 1.8064366148705853
-0.18999999999999995 0.8146573195546852 2.1502737647258496
-0.16999999999999998 0.9288014840252041 2.210271305698513
-0.15000000000000002 0.8065182250099553 1.7260583634914242
-0.13 0.8419651091330425 2.2450415551830014
-0.10999999999999999 0.9900488641493581 2.4304368120559428
-0.08999999999999997 0.8770319567834458 1.920530133980892
-0.06999999999999995 0.8731056946330229 2.370161983164915
-0.04999999999999999 1.0469617805676694 2.6659616848689316
-0.030000000000000027 0.9568467838603952 2.3567328819480573
-0.010000000000000009 0.9101488708772018 2.4229901194736096
0.010000000000000009 1.0987213542727352 3.314820097403907
0.030000000000000027 1.0450994003089014 2.738585208461847
0.050000000000000044 0.9551447040003636 2.622272615030707
0.07000000000000006 1.145336705678358 3.859860257067668
0.09000000000000008 1.1402093073866364 3.209688151321682
0.1100000000000001 1.0100511562721624 2.9773856312045988
0.13000000000000012 1.18769767197323 4.454338307847124
0.15000000000000002 1.2398975856840142 3.825342531547653
0.16999999999999993 1.0766563331340069 3.487306572008692
0.18999999999999995 1.22750999223407 4.915207563888275
0.20999999999999996 1.3413352376581824 4.483360055440272
0.22999999999999998 1.156476589083856 4.055531178464522
0.25 1.267143082344635 4.829277812370607
0.27 1.441432762431833 4.952157856852618
0.29000000000000004 1.2506164772983572 3.861382313806733
0.31000000000000005 1.3094356403140897 5.02880146862711
0.33000000000000007 1.5372439742366706 5.432147341483447
0.3500000000000001 1.3595880277013908 4.275225104161449
0.3700000000000001 1.3575019192869138 5.310095973883879
0.3900000000000001 1.6264171672246828 5.95847617504967
0.41000000000000003 1.4831048072595368 5.265180055352843
0.42999999999999994 1.414565654095015 5.425663575473222
0.44999999999999996 1.7076025213616153 7.409292016965451
0.47 1.619888487947092 6.127963764259965
0.49 1.4838272575833036 5.896548260939661
0.51 1.7807291541425552 8.705175220358242
0.53 1.767546655951573 7.242279088744491
0.55 1.5683505824206976 6.755455907306472
0.5700000000000001 1.8470993238167963 10.196659255930998
0.5900000000000001 1.9225910869707499 8.757103622666078
0.6100000000000001 1.6709431424951853 8.02787180819163
0.6300000000000001 1.9092978755097079 11.490149617684695
0.6500000000000001 2.0806552495983826 10.464904393077495
0.67 1.79400042780781 9.531931985599984
0.69 1.9709615470542152 11.445575085654967
0.71 2.2369324051838917 11.773432135404182
0.73 1.9392917019299392 9.275354980416704
0.75 2.0364779821993526 12.121058013555276
0.77 2.3867963224029753 13.114149400522347
0.79 2.107681931963328 10.35268069514489
0.81 2.1106821742599897 12.979964015457213
0.8300000000000001 2.52650379066287 14.616184709569662
0.8500000000000001 2.2988119316160285 12.945630647702302
0.8700000000000001 2.198594332399704 13.428880885556215
0.8900000000000001 2.653838123334356 18.401346277776817
0.91 2.510793280389792 15.249991730818746
0.9299999999999999 2.305210016790336 14.770178499693076
0.95 2.7685567941251064 21.823051919424497
0.97 2.740007818608754 18.025080778564046
0.99 2.4353228051090436 17.468884674501783
