-0.9933333333333334 0.4064820503519311 0.44010002806009735
-0.98 0.39745966855070874 0.4041069758836271
-0.9666666666666667 0.35600578422951235 0.3639834191787328
-0.9533333333333334 0.35282273498008415 0.36177257159252646
-0.94 0.40032650535307923 0.422184734661255
-0.9266666666666667 0.4375028809200964 0.45234222291476933
-0.9133333333333333 0.4103218115712467 0.4157460918415566
-0.8999999999999999 0.371799827981095 0.38818767159856826
-0.8866666666666667 0.38625913512260796 0.402933579047004
-0.8733333333333333 0.44294174673871833 0.47101412676271226
-0.86 0.4641005000380445 0.4843694062514855
-0.8466666666666667 0.4222167123489807 0.4340871774138847
-0.8333333333333333 0.3933700818724979 0.4142868319245512
-0.8200000000000001 0.4268498878590554 0.4451174844038137
-0.8066666666666666 0.48590982883696204 0.539125015475004
-0.7933333333333333 0.4857549968109915 0.5106154204227225
-0.78 0.43544018256149747 0.45639529528877587
-0.7666666666666666 0.4222614930974185 0.4492316203551009
-0.7533333333333333 0.47385739781059893 0.5007469857639812
-0.74 0.5265097790148362 0.5871488489242973
-0.7266666666666667 0.5031824425412151 0.5303713754703703
-0.7133333333333334 0.4524432927247961 0.48321785022837116
-0.7 0.4596044419873287 0.49035583995257276
-0.6866666666666666 0.5255464032358944 0.5748746229124756
-0.6733333333333333 0.5623959018634729 0.6027487845864582
-0.6599999999999999 0.5182254578514495 0.5459092710106521
-0.6466666666666666 0.4755888260792587 0.5153181123905864
-0.6333333333333333 0.5059053210295138 0.545154772782126
-0.62 0.579214774176186 0.6469716727971125
-0.6066666666666667 0.5922552061360904 0.637296225944977
-0.5933333333333333 0.5335123829989846 0.5651864741690398
-0.58 0.5069782048338117 0.544316855143977
-0.5666666666666667 0.560772942296653 0.5892647402009357
-0.5533333333333333 0.6315458407934703 0.70837502725031
-0.54 0.6162385739129619 0.6482929105652585
-0.5266666666666666 0.5520450550679699 0.5843217388051684
-0.5133333333333333 0.5482905144728343 0.5820377957042466
-0.49999999999999994 0.6226551064890122 0.6802871585415267
-0.48666666666666664 0.6792908323433683 0.7279782046654089
-0.47333333333333333 0.6360095047933627 0.6688250386212689
-0.45999999999999996 0.5768466409222172 0.6260494145311948
-0.4466666666666666 0.6005645620636632 0.6517278575145047
-0.4333333333333333 0.6887360215648651 0.7615678942956772
-0.42 0.7201124884561353 0.7806704867722647
-0.4066666666666666 0.6544351872130316 0.6976299573337705
-0.39333333333333326 0.6107104892104064 0.6643429819060088
-0.37999999999999995 0.6638912932649151 0.7121319296603226
-0.36666666666666664 0.7551709421868383 0.8617065825230449
-0.35333333333333333 0.7532910653911019 0.8118887978982974
-0.33999999999999997 0.675090671750239 0.7273082811509762
-0.3266666666666666 0.656003968452573 0.7138142904170816
-0.3133333333333333 0.7370619007019764 0.8028891692510574
-0.3 0.8177514514854016 0.9332971383195654
-0.2866666666666666 0.7800227699677444 0.843146355534245
-0.27333333333333326 0.7017710174591715 0.7678385647319517
-0.25999999999999995 0.7144402964197131 0.7785277822345583
-0.24666666666666665 0.8173169090524328 0.9093669487311825
-0.23333333333333328 0.8728992516321238 0.9484414336482749
-0.21999999999999992 0.8032294466338534 0.8552311234556323
-0.2066666666666666 0.7381203193505238 0.8056492686475871
-0.1933333333333333 0.7867490306387674 0.8535371070215727
-0.17999999999999994 0.9004134112217832 1.012678486790442
-0.16666666666666657 0.918675848019551 0.9987401626627922
-0.15333333333333327 0.827020208066172 0.891644396542689
-0.13999999999999996 0.7873670597336668 0.8683261116408579
-0.12666666666666665 0.8722497677145612 0.9493474191342897
-0.11333333333333329 0.9811956787713725 1.1455092910278655
-0.09999999999999992 0.955426072376418 1.047322821676232
-0.08666666666666661 0.85605402785599 0.9442328701082828
-0.0733333333333333 0.8520730466738504 0.9406754813678295
-0.05999999999999994 0.9684499743494225 1.0976532334000242
-0.04666666666666658 1.0546709526359224 1.1678490060158653
-0.03333333333333327 0.9858248894624293 1.0689796499783748
-0.019999999999999962 0.8950016271335975 0.9988033414365327
-0.006666666666666654 0.9337900545895983 1.0402939002887879
0.00666666666666671 1.0709045305044522 1.2162386459358023
0.02000000000000013 1.1173164044435069 1.2467812541204444
0.03333333333333344 1.0143789335094784 1.117398270704805
0.046666666666666745 0.9481630242121639 1.071004233180521
0.06000000000000005 1.0325778579030611 1.154869795978381
0.07333333333333336 1.173608300255004 1.4020480971884126
0.08666666666666678 1.1681505693098895 1.3162022521839702
0.10000000000000009 1.0466534553664761 1.1761625011665353
0.1133333333333334 1.0191647004114146 1.148790044662508
0.1266666666666667 1.1464606091213603 1.2903188588588759
0.14 1.2700556717958942 1.48383358918024
0.15333333333333343 1.2091602965038868 1.3415011817603217
0.16666666666666674 1.0885232284660187 1.2253374679863096
0.18000000000000005 1.1106009612218983 1.248100513600814
0.19333333333333347 1.271053361436104 1.4635946584174042
0.20666666666666678 1.3547926723923618 1.5296011485152443
0.22000000000000008 1.2449742775128136 1.3820417442483097
0.2333333333333334 1.1456075808636867 1.306798520176077
0.2466666666666667 1.2235156142301815 1.3866865864645301
0.2600000000000001 1.3996970845728023 1.6532709252316198
0.27333333333333343 1.4249662284723499 1.6171087408550786
0.28666666666666674 1.2820138571613124 1.440175302560819
0.30000000000000004 1.222865454024635 1.4008508276928762
0.31333333333333335 1.3567381505509952 1.5296093957155807
0.32666666666666677 1.52438102220459 1.8380100573280536
0.3400000000000001 1.4812825029968215 1.6754129854609272
0.3533333333333334 1.327508111994942 1.5113495474339145
0.3666666666666668 1.3242034937204838 1.5089114744600498
0.3800000000000001 1.5062706954359295 1.7642435963158105
0.3933333333333334 1.637437079708439 1.8772036700347532
0.40666666666666673 1.5280351966687262 1.7185730400491193
0.42000000000000004 1.3886719311644231 1.610002618876847
0.43333333333333346 1.4519350936922373 1.6815741124515577
0.44666666666666677 1.665099912928256 1.9648398008281092
0.4600000000000001 1.7335630114813156 2.007832385320209
0.4733333333333335 1.5723035465089397 1.7964201083247437
0.4866666666666668 1.4721235034930071 1.7219872389398603
0.5000000000000001 1.6060255341656768 1.857782468838481
0.5133333333333334 1.8238506295544294 2.256859317519251
0.5266666666666667 1.811446349930398 2.1131430755245963
0.5400000000000001 1.6227481406271718 1.8943512572455918
0.5533333333333335 1.5834163340282732 1.8525432153106878
0.5666666666666668 1.7832529435255708 2.102343092280656
0.5800000000000001 1.9724713813442964 2.3972704751958425
0.5933333333333334 1.874370739773256 2.173304187090786
0.6066666666666668 1.6884613079622577 1.9902024368847822
0.6200000000000001 1.7264752982558076 2.030753194806042
0.6333333333333334 1.976654441912191 2.3779093474923023
0.6466666666666668 2.1026566335546026 2.4778594841132615
0.6600000000000001 1.9296620512353324 2.2342903843841064
0.6733333333333335 1.7781068401930846 2.1135919551251696
0.6866666666666668 1.902781550483078 2.2467380632799996
0.7000000000000001 2.175784019136112 2.6876928228957544
0.7133333333333335 2.2102217362480867 2.6215549578140838
0.7266666666666668 1.9873507409155875 2.338846462648493
0.7400000000000001 1.8992999557788306 2.284569825641084
0.7533333333333334 2.110339533835245 2.504053230576326
0.7666666666666667 2.368200786353242 3.008946369440501
0.7800000000000001 2.2965266873568067 2.7399574643219125
0.7933333333333334 2.0586509795371217 2.4750408559105086
0.8066666666666668 2.0579950037099004 2.4755865764838383
0.8200000000000002 2.342743967945468 2.8940509451688046
0.8333333333333335 2.5421353734881333 3.0699192437778455
0.8466666666666668 2.368451960218606 2.803388760626414
0.8600000000000001 2.1547057155034843 2.6231494796785335
0.8733333333333334 2.2576332155701717 2.740012716500908
0.8866666666666668 2.5889355333501096 3.1950085504342787
0.9000000000000001 2.6896193186265975 3.250895031952404
0.9133333333333334 2.437111486154478 2.902849268565877
0.9266666666666667 2.285699234475751 2.781146618027026
0.9400000000000001 2.4979610058994766 3.004434307522442
0.9533333333333335 2.8342844744867346 3.6162928827126195
0.9666666666666668 2.8089431247985335 3.400163438376776
0.9800000000000001 2.5159785485817583 3.0129057336011957
0.9933333333333334 2.460133231305546 3.2671904234201743
