-0.99 0.41062318223362765 0.3591091919395779
-0.97 0.3649624622267511 0.3177811445115622
-0.95 0.3611990196921392 0.3363482204485965
-0.9299999999999999 0.4337999543279584 0.4297580001826155
-0.91 0.39828049876123384 0.36097231387323975
-0.89 0.3768127344344535 0.3610251785280755
-0.87 0.4548360674198643 0.5104302454589118
-0.85 0.43500731236516516 0.42198027557918644
-0.8300000000000001 0.39580387877647005 0.4049168586057094
-0.81 0.47378047398331724 0.6080151902160154
-0.79 0.4744548953432529 0.5090062435667598
-0.77 0.4189716993177168 0.47485623783573855
-0.75 0.4910442281554814 0.7203936693435015
-0.73 0.5156547251543409 0.6260069105318331
-0.71 0.4470555516080834 0.5759299969336136
-0.69 0.5074397503784758 0.811965488877113
-0.6699999999999999 0.5577223395085857 0.7584540590194622
-0.6499999999999999 0.4817287243477629 0.6905820548453085
-0.63 0.5271574887341419 0.8204722833375788
-0.61 0.607356570598726 0.8439122120776277
-0.5900000000000001 0.5399212731885088 0.6583114516636537
-0.5700000000000001 0.5789205127753033 0.8575932083918036
-0.55 0.6982656069482513 0.9340306133373362
-0.53 0.6492829499212034 0.7618395232564174
-0.51 0.6595875811369412 0.8985507324269861
-0.49 0.7719527627464742 1.0711706705499848
-0.47 0.7008534651776018 0.9356455183816497
-0.44999999999999996 0.6462694418493077 0.9670851861531513
-0.43 0.7444618890293299 1.370629192915876
-0.41000000000000003 0.6940510516570662 1.1372864384000765
-0.39 0.6237405660494912 1.0998433228388027
-0.37 0.7400519544330569 1.6536986201165682
-0.35 0.7366278206807514 1.382935755027364
-0.32999999999999996 0.6508236998695912 1.2911716709410095
-0.30999999999999994 0.7637609623768962 1.9503732840983128
-0.29 0.7996204238518176 1.6850386911725486
-0.27 0.6937567190722003 1.5420832191147522
-0.25 0.7891772335369942 2.16916594691879
-0.22999999999999998 0.8646954579810802 1.9929789291856983
-0.20999999999999996 0.7455257854808067 1.8065595442130993
-0.18999999999999995 0.8146573200043202 2.150384224779678
-0.16999999999999998 0.928801484059963 2.2103304746878933
-0.15000000000000002 0.806518225012245 1.7259755619265194
-0.13 0.841965109133171 2.245009426960313
-0.10999999999999999 0.9900488641493642 2.430485121425396
-0.08999999999999997 0.877031956783446 1.9207332019936525
-0.06999999999999995 0.8731056946330229 2.3705851020039903
-0.04999999999999999 1.0469617805676694 2.667130076029825
-0.030000000000000027 0.9568467838603952 2.3580364414747006
-0.010000000000000009 0.9101488708772018 2.4247886211564547
0.010000000000000009 1.0987213542727352 3.317989512787966
0.030000000000000027 1.0450994003089014 2.7412485143018466
0.050000000000000044 0.9551447040003636 2.6247491949713018
0.07000000000000006 1.145336705678358 3.862239993548094
0.09000000000000008 1.1402093073866364 3.2112184154772256
0.1100000000000001 1.0100511562721624 2.9774636507382644
0.13000000000000012 1.18769767197323 4.448397191389617
0.15000000000000002 1.2398975856840142 3.818147627949827
0.16999999999999993 1.0766563331340069 3.4768288177964224
0.18999999999999995 1.22750999223407 4.886902660121494
0.20999999999999996 1.3413352376581824 4.453599280548136
0.22999999999999998 1.156476589083856 4.018791787564027
0.25 1.267143082344635 4.775337778821768
0.27 1.441432762431833 4.888591924395754
0.29000000000000004 1.2506164772983572 3.796535061017323
0.31000000000000005 1.3094356403140897 4.938854466195476
0.33000000000000007 1.5372439742366706 5.326556657868567
0.3500000000000001 1.3595880277013908 4.18041780687814
0.3700000000000001 1.3575019192869138 5.184227106689822
0.3900000000000001 1.6264171672246828 5.80158408516515
0.41000000000000003 1.4831048072595368 5.119427804255654
0.42999999999999994 1.414565654095015 5.263419818095173
0.44999999999999996 1.7076025213616153 7.165530082503192
0.47 1.619888487947092 5.922893697630779
0.49 1.4838272575833036 5.691165135018936
0.51 1.7807291541425552 8.385398907950778
0.53 1.767546655951573 6.9732305629532085
0.55 1.5683505824206976 6.499428409145133
0.5700000000000001 1.8470993238167963 9.800915589617292
0.5900000000000001 1.9225910869707499 8.41516682379923
0.6100000000000001 1.6709431424951853 7.711895332479769
0.6300000000000001 1.9092978755097079 11.034546171497565
0.6500000000000001 2.0806552495983826 10.048930684926807
0.67 1.79400042780781 9.152223561270286
0.69 1.9709615470542152 10.989408343799964
0.71 2.2369324051838917 11.304279452218976
0.73 1.9392917019299392 8.90664344163392
0.75 2.0364779821993526 11.639658074836413
0.77 2.3867963224029753 12.594070016920996
0.79 2.107681931963328 9.943324246683698
0.81 2.1106821742599897 12.467602613096203
0.8300000000000001 2.52650379066287 14.04149650249412
0.8500000000000001 2.2988119316160285 12.43769579613026
0.8700000000000001 2.198594332399704 12.904127024268293
0.8900000000000001 2.653838123334356 17.68715433738619
0.91 2.510793280389792 14.659028389684075
0.9299999999999999 2.305210016790336 14.20016199713552
0.95 2.7685567941251064 20.98562842914865
0.97 2.740007818608754 17.333827379793558
0.99 2.4353228051090436 16.807696598502126
