-0.9933333333333334 0.4064820503519311 0.4401000280600967
-0.98 0.39745966855070874 0.4041069758836161
-0.9666666666666667 0.35600578422951235 0.36398341917872445
-0.9533333333333334 0.35282273498008415 0.3617725715925375
-0.94 0.40032650535307923 0.42218473466130946
-0.9266666666666667 0.4375028809200964 0.4523422229147517
-0.9133333333333333 0.41032181157124686 0.4157460918414686
-0.8999999999999999 0.3717998279810963 0.3881876715984662
-0.8866666666666667 0.3862591351226183 0.4029335790469661
-0.8733333333333333 0.44294174673879666 0.471014126762941
-0.86 0.46410050003859793 0.48436940625216196
-0.8466666666666667 0.422216712352624 0.4340871774147633
-0.8333333333333333 0.3933700818948342 0.41428683192422394
-0.8200000000000001 0.4268498879865962 0.4451174844043362
-0.8066666666666666 0.4859098295152332 0.5391250155001318
-0.7933333333333333 0.4857550001704905 0.5106154203599453
-0.78 0.43544019805902884 0.4563952952675109
-0.7666666666666666 0.4222615596810332 0.4492316202990335
-0.7533333333333333 0.473857664244234 0.5007469857692967
-0.74 0.5265107719652667 0.5871488490566865
-0.7266666666666667 0.5031858890780448 0.5303713756040467
-0.7133333333333334 0.4524544345185724 0.4832178502889761
-0.7 0.4596379882501189 0.4903558399332305
-0.6866666666666666 0.5256404729903812 0.5748746237837291
-0.6733333333333333 0.5626415835095218 0.6027487841686089
-0.6599999999999999 0.51882306014095 0.5459092665423896
-0.6466666666666666 0.4769426700929239 0.515318102994603
-0.6333333333333333 0.5087618711079689 0.5451548035531378
-0.62 0.5848282504595994 0.6469704063139461
-0.6066666666666667 0.6025291876263398 0.6372968923330836
-0.5933333333333333 0.5510254618334998 0.5651877238408171
-0.58 0.5347819348791312 0.5443180486393163
-0.5666666666666667 0.6018841713473717 0.5892649350909512
-0.5533333333333333 0.68816125574519 0.7083728653503994
-0.54 0.6888534776203309 0.6482899749173407
-0.5266666666666666 0.638787902386311 0.5843198401502256
-0.5133333333333333 0.6447974262518024 0.5820378943800165
-0.49999999999999994 0.7226551064890122 0.6802906419770147
-0.48666666666666664 0.7757977441223363 0.7279837036317998
-0.47333333333333333 0.7227523521117039 0.6688287553085706
-0.45999999999999996 0.6494615446295862 0.6260489410187161
-0.4466666666666666 0.6571799770153828 0.651723065189876
-0.4333333333333333 0.7298472506155839 0.7615591975633619
-0.42 0.7479162185014547 0.7806619828733428
-0.4066666666666666 0.6719482660475466 0.6976266308496637
-0.39333333333333326 0.6209844707006558 0.6643474671833163
-0.37999999999999995 0.6695047695483285 0.7121441296335798
-0.36666666666666664 0.7580274922652934 0.8617254460115618
-0.35333333333333333 0.7546449094047671 0.8119058709411235
-0.33999999999999997 0.6756882740397395 0.7273069458048865
-0.3266666666666666 0.6562496500986219 0.7138186460649047
-0.3133333333333333 0.7371559704564632 0.8028401955916027
-0.3 0.8177849977481919 0.9332701296497439
-0.2866666666666666 0.7800339117615207 0.8431206749182172
-0.27333333333333326 0.7017744639960012 0.7678314098361774
-0.25999999999999995 0.7144412893701436 0.7785443293608397
-0.24666666666666665 0.8173171754860679 0.9094141509009189
-0.23333333333333328 0.8728993182157385 0.9485078976797668
-0.21999999999999992 0.8032294621313848 0.8552890135954856
-0.2066666666666666 0.7381203227100228 0.8056774979942334
-0.1933333333333333 0.7867490313170385 0.85351781065032
-0.17999999999999994 0.900413411349324 1.0126416180054716
-0.16666666666666657 0.9186758480418874 0.9985991664442971
-0.15333333333333327 0.8270202080698154 0.8914891239817929
-0.13999999999999996 0.7873670597342203 0.8681764421340425
-0.12666666666666665 0.8722497677146395 0.9492273105596141
-0.11333333333333329 0.9811956787713828 1.1454925718376543
-0.09999999999999992 0.9554260723764192 1.0473937587225153
-0.08666666666666661 0.8560540278559902 0.944377148323345
-0.0733333333333333 0.8520730466738504 0.9408844150048082
-0.05999999999999994 0.9684499743494225 1.0978986880761799
-0.04666666666666658 1.0546709526359224 1.1680556192842118
-0.03333333333333327 0.9858248894624293 1.0690888388185495
-0.019999999999999962 0.8950016271335975 0.998741130832471
-0.006666666666666654 0.9337900545895983 1.040058540225112
0.00666666666666671 1.0709045305044522 1.2157705800973708
0.02000000000000013 1.1173164044435069 1.246124573970699
0.03333333333333344 1.0143789335094784 1.1167250407800524
0.046666666666666745 0.9481630242121639 1.0703876036760516
0.06000000000000005 1.0325778579030611 1.1545492372487802
0.07333333333333336 1.173608300255004 1.4017763303883197
0.08666666666666678 1.1681505693098895 1.317149993267761
0.10000000000000009 1.0466534553664761 1.1778479188049555
0.1133333333333334 1.0191647004114146 1.152910136598991
0.1266666666666667 1.1464606091213603 1.295250852705768
0.14 1.2700556717958942 1.4931227521711432
0.15333333333333343 1.2091602965038868 1.3498014232383677
0.16666666666666674 1.0885232284660187 1.2337728906440606
0.18000000000000005 1.1106009612218983 1.2577650910637312
0.19333333333333347 1.271053361436104 1.4765774339831976
0.20666666666666678 1.3547926723923618 1.5451502573510456
0.22000000000000008 1.2449742775128136 1.398486763849955
0.2333333333333334 1.1456075808636867 1.326448678263143
0.2466666666666667 1.2235156142301815 1.4133597618823122
0.2600000000000001 1.3996970845728023 1.6871857032293025
0.27333333333333343 1.4249662284723499 1.6603047389128105
0.28666666666666674 1.2820138571613124 1.4852720138437592
0.30000000000000004 1.222865454024635 1.4529390177179464
0.31333333333333335 1.3567381505509952 1.594487124326232
0.32666666666666677 1.52438102220459 1.9273645407731848
0.3400000000000001 1.4812825029968215 1.7618512323857676
0.3533333333333334 1.327508111994942 1.595473320764515
0.3666666666666668 1.3242034937204838 1.5991718382286102
0.3800000000000001 1.5062706954359295 1.8748874349643567
0.3933333333333334 1.637437079708439 2.0009738972384166
0.40666666666666673 1.5280351966687262 1.8354658695624064
0.42000000000000004 1.3886719311644231 1.7248020311297754
0.43333333333333346 1.4519350936922373 1.8060694568525926
0.44666666666666677 1.665099912928256 2.1152923275982465
0.4600000000000001 1.7335630114813156 2.1666573229701855
0.4733333333333335 1.5723035465089397 1.9428579580874732
0.4866666666666668 1.4721235034930071 1.868127857667032
0.5000000000000001 1.6060255341656768 2.0222410510611413
0.5133333333333334 1.8238506295544294 2.4630709304367127
0.5266666666666667 1.811446349930398 2.3148735715377167
0.5400000000000001 1.6227481406271718 2.0806626147466307
0.5533333333333335 1.5834163340282732 2.0515272466188486
0.5666666666666668 1.7832529435255708 2.321197773070587
0.5800000000000001 1.9724713813442964 2.6848517055796806
0.5933333333333334 1.874370739773256 2.430483818165345
0.6066666666666668 1.6884613079622577 2.232664012168529
0.6200000000000001 1.7264752982558076 2.287646483448219
0.6333333333333334 1.976654441912191 2.6899374783851786
0.6466666666666668 2.1026566335546026 2.8128409623240844
0.6600000000000001 1.9296620512353324 2.544109623807801
0.6733333333333335 1.7781068401930846 2.415832426757488
0.6866666666666668 1.902781550483078 2.576534108809458
0.7000000000000001 2.175784019136112 3.0876717921121037
0.7133333333333335 2.2102217362480867 3.0186815774358102
0.7266666666666668 1.9873507409155875 2.6981210596460548
0.7400000000000001 1.8992999557788306 2.642373199595236
0.7533333333333334 2.110339533835245 2.9035328854230507
0.7666666666666667 2.368200786353242 3.501955762928331
0.7800000000000001 2.2965266873568067 3.194212314500173
0.7933333333333334 2.0586509795371217 2.8921108034097855
0.8066666666666668 2.0579950037099004 2.899593808326528
0.8200000000000002 2.342743967945468 3.395737536055646
0.8333333333333335 2.5421353734881333 3.6119135604217223
0.8466666666666668 2.368451960218606 3.305721823965275
0.8600000000000001 2.1547057155034843 3.0977031841289966
0.8733333333333334 2.2576332155701717 3.233178391588293
0.8866666666666668 2.5889355333501096 3.755177362536112
0.9000000000000001 2.6896193186265975 3.7830423790003436
0.9133333333333334 2.437111486154478 3.329980033772333
0.9266666666666667 2.285699234475751 3.116717173647503
0.9400000000000001 2.4979610058994766 3.2840302019841356
0.9533333333333335 2.8342844744867346 3.8603171377371273
0.9666666666666668 2.8089431247985335 3.5825992736238303
0.9800000000000001 2.5159785485817583 3.1272345332873264
0.9933333333333334 2.460133231305546 3.3677251969522946
