1.9999999999999989 
1.9999999999999989 
1.9999999999999989 
1.9999999999999989 
1.9999999999999989 
1.9999999999999989 
1.9999999999999989 
1.9999999999999989 
1.9999999999999989 
1.9999999999999989 
1.9999999999999989 
1.9999999999999989 
1.9999999999999989 
1.9999999999999989 
1.9999999999999989 
1.9999999999999989 
1.9999999999999989 
1.9999999999999989 
1.9999999999999989 
1.9999999999999989 
1.9999999999999989 
1.9999999999999989 
1.9999999999999989 
1.9999999999999989 
1.9999999999999989 
1.9999999999999989 
1.9999999999999989 
1.9999999999999991 
1.9999999999999607 
1.9999999999993494 
1.9999999999914786 
1.9999999999075160 
1.9999999991688338 
1.9999999938610729 
1.9999999635209753 
1.9999998348336523 
1.9999995270274140 
2.0000001723043885 
2.0000122611846249 
2.0000909167981931 
2.0004456351265509 
2.0016820831016759 
2.0051259854032799 
2.0128451125686881 
2.0266242226701818 
2.0455505747316267 
2.0636233536458644 
2.0704590708615243 
2.0568096161460683 
2.0220905662906121 
1.9776640676065038 
1.9415338186707589 
1.9269696433315944 
1.9342896484967160 
1.9533918901662037 
1.9730184644515014 
1.9870723380192024 
1.9948609210956887 
1.9983165094233506 
1.9995542661463435 
1.9999090790932463 
1.9999877387406584 
1.9999998276955975 
2.0000004729724701 
2.0000001651663326 
2.0000000364790269 
2.0000000061389285 
2.0000000008311671 
2.0000000000924842 
2.0000000000085221 
2.0000000000006493 
2.0000000000000426 
2.0000000000000040 
1.9999999999999989 
1.9999999999999989 
1.9999999999999989 
1.9999999999999989 
1.9999999999999989 
1.9999999999999989 
1.9999999999999989 
1.9999999999999989 
1.9999999999999989 
1.9999999999999989 
1.9999999999999989 
1.9999999999999989 
1.9999999999999989 
1.9999999999999989 
1.9999999999999989 
1.9999999999999989 
1.9999999999999989 
1.9999999999999989 
1.9999999999999989 
1.9999999999999989 
1.9999999999999989 
1.9999999999999989 
1.9999999999999989 
1.9999999999999989 
1.9999999999999989 
1.9999999999999989 
1.9999999999999989 