1.9999999999999989 
1.9999999999999989 
1.9999999999999989 
1.9999999999999989 
1.9999999999999989 
1.9999999999999989 
1.9999999999999989 
1.9999999999999989 
1.9999999999999989 
1.9999999999999989 
1.9999999999999989 
1.9999999999999989 
1.9999999999999989 
2.0000000000000000 
1.9999999999998341 
1.9999999999712623 
1.9999999976829732 
1.9999999192106392 
1.9999994935578933 
2.0000358822251649 
2.0008909760513882 
2.0083105247372961 
2.0356850186288189 
2.0691426958581927 
2.0416361374021035 
1.9574823683651570 
1.9283834058079083 
1.9636697427603229 
1.9916550032110860 
1.9991086292132310 
1.9999641171348834 
2.0000005064419781 
2.0000000807893565 
2.0000000023170292 
2.0000000000287423 
2.0000000000001670 
2.0000000000000000 
1.9999999999999989 
1.9999999999999989 
1.9999999999999989 
1.9999999999999989 
1.9999999999999989 
1.9999999999999989 
1.9999999999999989 
1.9999999999999989 
1.9999999999999989 
1.9999999999999989 
1.9999999999999989 
1.9999999999999989 
1.9999999999999989 