1.9999999999999989 
1.9999999999999989 
1.9999999999999989 
1.9999999999999989 
1.9999999999999989 
1.9999999999999989 
1.9999999999999989 
1.9999999999999989 
1.9999999999999989 
1.9999999999999989 
1.9999999999999989 
1.9999999999999989 
1.9999999999999989 
1.9999999999999989 
1.9999999999999989 
1.9999999999999989 
1.9999999999999989 
1.9999999999999989 
1.9999999999999989 
1.9999999999999989 
1.9999999999999989 
1.9999999999999989 
1.9999999999999989 
1.9999999999999989 
1.9999999999999989 
1.9999999999999989 
1.9999999999999989 
1.9999999999999989 
1.9999999999999989 
1.9999999999999989 
1.9999999999999989 
1.9999999999999989 
1.9999999999999989 
1.9999999999999989 
1.9999999999999989 
1.9999999999999989 
1.9999999999999989 
1.9999999999999989 
1.9999999999999989 
1.9999999999999989 
1.9999999999999989 
1.9999999999999989 
1.9999999999999989 
1.9999999999999989 
1.9999999999999989 
1.9999999999999989 
1.9999999999999989 
1.9999999999999989 
1.9999999999999989 
1.9999999999999989 
1.9999999999999989 
1.9999999999999989 
1.9999999999999989 
1.9999999999999989 
1.9999999999999989 
1.9999999999999989 
1.9999999999999989 
1.9999999999999989 
1.9999999999999989 
1.9999999999999989 
1.9999999999999989 
1.9999999999999989 
1.9999999999999989 
1.9999999999999989 
1.9999999999999989 
1.9999999999999989 
1.9999999999999989 
1.9999999999999989 
1.9999999999999989 
1.9999999999999989 
1.9999999999999989 
1.9999999999999989 
1.9999999999999989 
1.9999999999999989 
1.9999999999999989 
1.9999999999999989 
1.9999999999999989 
1.9999999999999989 
1.9999999999999989 
1.9999999999999989 
1.9999999999999989 
1.9999999999999989 
1.9999999999999989 
1.9999999999999989 
1.9999999999999989 
1.9999999999999989 
1.9999999999999989 
1.9999999999999989 
1.9999999999999989 
1.9999999999999989 
1.9999999999999989 
1.9999999999999989 
1.9999999999999989 
1.9999999999999989 
1.9999999999999989 
1.9999999999999989 
1.9999999999999989 
1.9999999999999989 
1.9999999999999989 
1.9999999999999989 
1.9999999999999989 
1.9999999999999989 
1.9999999999999989 
1.9999999999999989 
1.9999999999999989 
1.9999999999999989 
1.9999999999999989 
1.9999999999999989 
2.0000000000000000 
1.9999999999999996 
1.9999999999999967 
1.9999999999999938 
1.9999999999999856 
1.9999999999999720 
1.9999999999999436 
1.9999999999998850 
1.9999999999997653 
1.9999999999995364 
1.9999999999990969 
1.9999999999982536 
1.9999999999966800 
1.9999999999937574 
1.9999999999884026 
1.9999999999786999 
1.9999999999613400 
1.9999999999306444 
1.9999999998770366 
1.9999999997845412 
1.9999999996269242 
1.9999999993616822 
1.9999999989210147 
1.9999999981984322 
1.9999999970294640 
1.9999999951645604 
1.9999999922323666 
1.9999999876919707 
1.9999999807744435 
1.9999999704173193 
1.9999999552025245 
1.9999999333199381 
1.9999999025987938 
1.9999998606806224 
1.9999998054566430 
1.9999997359654547 
1.9999996540530247 
1.9999995672461064 
1.9999994934944283 
1.9999994687083373 
1.9999995583682346 
1.9999998749185244 
2.0000006031828201 
2.0000020366404723 
2.0000046280614923 
2.0000090586610191 
2.0000163305309382 
2.0000278875269402 
2.0000457698896685 
2.0000728074773066 
2.0001128553710936 
2.0001710735538842 
2.0002542491259678 
2.0003711549180481 
2.0005329322708594 
2.0007534781845160 
2.0010498081926271 
2.0014423566228299 
2.0019551660922312 
2.0026159091968871 
2.0034556787437716 
2.0045084801521860 
2.0058103625633996 
2.0073981354271564 
2.0093076362363420 
2.0115715433586794 
2.0142167652743876 
2.0172614823958845 
2.0207119670009930 
2.0245593562515229 
2.0287765973388980 
2.0333158165964100 
2.0381063804008881 
2.0430539105242529 
2.0480404878885512 
2.0529262263765427 
2.0575523248043108 
2.0617456148244035 
2.0653245214388822 
2.0681062480100629 
2.0699148966835197 
2.0705901455234210 
2.0699960325445845 
2.0680293505026852 
2.0646271396919889 
2.0597727820793503 
2.0535002494133012 
2.0458961383269552 
2.0370992321733667 
2.0272974557285544 
2.0167222274598937 
2.0056403577597015 
1.9943437849782550 
1.9831375808319476 
1.9723267903832884 
1.9622027953035857 
1.9530299934264206 
1.9450336555324972 
1.9383898269702962 
1.9332180601431368 
1.9295775761332583 
1.9274671635578149 
1.9268287631777130 
1.9275543162826825 
1.9294951414804913 
1.9324729041395381 
1.9362911819950392 
1.9407467016538307 
1.9456394897569940 
1.9507814036277136 
1.9560027363711705 
1.9611567992277950 
1.9661225520462815 
1.9708054752628168 
1.9751369556569300 
1.9790724992377453 
1.9825890950625131 
1.9856820406947300 
1.9883615098336094 
1.9906491011014280 
1.9925745590471529 
1.9941728084078694 
1.9954813941475182 
1.9965383755976993 
1.9973806851946327 
1.9980429320740218 
1.9985566086187503 
1.9989496437470671 
1.9992462395319386 
1.9994669265272584 
1.9996287766006693 
1.9997457187407459 
1.9998289118987675 
1.9998871382982322 
1.9999271898878856 
1.9999542290690875 
1.9999721120865079 
1.9999836693365092 
1.9999909412981962 
1.9999953719278634 
1.9999979633574652 
1.9999993968169991 
2.0000001250814661 
2.0000004416316695 
2.0000005312915214 
2.0000005065054443 
2.0000004327538008 
2.0000003459469151 
2.0000002640345129 
2.0000001945433379 
2.0000001393193720 
2.0000000974012044 
2.0000000666800615 
2.0000000447974795 
2.0000000295826794 
2.0000000192255567 
2.0000000123080324 
2.0000000077676332 
2.0000000048354392 
2.0000000029705332 
2.0000000018015656 
2.0000000010789831 
2.0000000006383156 
2.0000000003730753 
2.0000000002154583 
2.0000000001229656 
2.0000000000693539 
2.0000000000386615 
2.0000000000213030 
2.0000000000115987 
2.0000000000062412 
2.0000000000033196 
2.0000000000017439 
2.0000000000009059 
2.0000000000004641 
2.0000000000002358 
2.0000000000001190 
2.0000000000000586 
2.0000000000000275 
2.0000000000000142 
2.0000000000000067 
2.0000000000000049 
2.0000000000000018 
2.0000000000000000 
1.9999999999999989 
1.9999999999999989 
1.9999999999999989 
1.9999999999999989 
1.9999999999999989 
1.9999999999999989 
1.9999999999999989 
1.9999999999999989 
1.9999999999999989 
1.9999999999999989 
1.9999999999999989 
1.9999999999999989 
1.9999999999999989 
1.9999999999999989 
1.9999999999999989 
1.9999999999999989 
1.9999999999999989 
1.9999999999999989 
1.9999999999999989 
1.9999999999999989 
1.9999999999999989 
1.9999999999999989 
1.9999999999999989 
1.9999999999999989 
1.9999999999999989 
1.9999999999999989 
1.9999999999999989 
1.9999999999999989 
1.9999999999999989 
1.9999999999999989 
1.9999999999999989 
1.9999999999999989 
1.9999999999999989 
1.9999999999999989 
1.9999999999999989 
1.9999999999999989 
1.9999999999999989 
1.9999999999999989 
1.9999999999999989 
1.9999999999999989 
1.9999999999999989 
1.9999999999999989 
1.9999999999999989 
1.9999999999999989 
1.9999999999999989 
1.9999999999999989 
1.9999999999999989 
1.9999999999999989 
1.9999999999999989 
1.9999999999999989 
1.9999999999999989 
1.9999999999999989 
1.9999999999999989 
1.9999999999999989 
1.9999999999999989 
1.9999999999999989 
1.9999999999999989 
1.9999999999999989 
1.9999999999999989 
1.9999999999999989 
1.9999999999999989 
1.9999999999999989 
1.9999999999999989 
1.9999999999999989 
1.9999999999999989 
1.9999999999999989 
1.9999999999999989 
1.9999999999999989 
1.9999999999999989 
1.9999999999999989 
1.9999999999999989 
1.9999999999999989 
1.9999999999999989 
1.9999999999999989 
1.9999999999999989 
1.9999999999999989 
1.9999999999999989 
1.9999999999999989 
1.9999999999999989 
1.9999999999999989 
1.9999999999999989 
1.9999999999999989 
1.9999999999999989 
1.9999999999999989 
1.9999999999999989 
1.9999999999999989 
1.9999999999999989 
1.9999999999999989 
1.9999999999999989 
1.9999999999999989 
1.9999999999999989 
1.9999999999999989 
1.9999999999999989 
1.9999999999999989 
1.9999999999999989 
1.9999999999999989 
1.9999999999999989 
1.9999999999999989 
1.9999999999999989 
1.9999999999999989 
1.9999999999999989 
1.9999999999999989 
1.9999999999999989 
1.9999999999999989 
1.9999999999999989 
1.9999999999999989 
1.9999999999999989 
1.9999999999999989 