1.9999999999999989 
1.9999999999999989 
1.9999999999999989 
1.9999999999999989 
1.9999999999999989 
1.9999999999999989 
1.9999999999999989 
1.9999999999999989 
1.9999999999999989 
1.9999999999999989 
1.9999999999999989 
1.9999999999999989 
1.9999999999999989 
1.9999999999999989 
1.9999999999999989 
1.9999999999999989 
1.9999999999999989 
1.9999999999999989 
1.9999999999999989 
1.9999999999999989 
1.9999999999999989 
1.9999999999999989 
1.9999999999999989 
1.9999999999999989 
1.9999999999999989 
1.9999999999999989 
1.9999999999999989 
1.9999999999999989 
1.9999999999999989 
1.9999999999999989 
1.9999999999999989 
1.9999999999999989 
1.9999999999999989 
1.9999999999999989 
1.9999999999999989 
1.9999999999999989 
1.9999999999999989 
1.9999999999999989 
1.9999999999999989 
1.9999999999999989 
1.9999999999999989 
1.9999999999999989 
1.9999999999999989 
1.9999999999999989 
1.9999999999999989 
1.9999999999999989 
1.9999999999999989 
1.9999999999999989 
1.9999999999999989 
1.9999999999999989 
1.9999999999999989 
1.9999999999999989 
1.9999999999999989 
1.9999999999999989 
1.9999999999999989 
1.9999999999999989 
1.9999999999999989 
1.9999999999999989 
1.9999999999999989 
1.9999999999999989 
1.9999999999999989 
1.9999999999999989 
1.9999999999999989 
1.9999999999999989 
1.9999999999999989 
1.9999999999999989 
1.9999999999999989 
1.9999999999999989 
1.9999999999999989 
1.9999999999999989 
1.9999999999999989 
1.9999999999999989 
1.9999999999999989 
1.9999999999999989 
1.9999999999999989 
1.9999999999999989 
1.9999999999999989 
1.9999999999999989 
1.9999999999999989 
1.9999999999999989 
1.9999999999999989 
1.9999999999999989 
1.9999999999999989 
1.9999999999999989 
1.9999999999999989 
1.9999999999999989 
1.9999999999999989 
1.9999999999999989 
1.9999999999999989 
1.9999999999999989 
1.9999999999999989 
1.9999999999999989 
1.9999999999999989 
1.9999999999999989 
1.9999999999999989 
1.9999999999999989 
1.9999999999999989 
1.9999999999999989 
1.9999999999999989 
1.9999999999999989 
1.9999999999999989 
1.9999999999999989 
1.9999999999999989 
1.9999999999999989 
1.9999999999999989 
1.9999999999999989 
1.9999999999999989 
1.9999999999999989 
1.9999999999999989 
1.9999999999999989 
1.9999999999999989 
1.9999999999999989 
1.9999999999999989 
1.9999999999999989 
1.9999999999999989 
1.9999999999999989 
1.9999999999999989 
1.9999999999999989 
1.9999999999999989 
1.9999999999999989 
1.9999999999999989 
1.9999999999999989 
1.9999999999999989 
1.9999999999999989 
1.9999999999999989 
1.9999999999999989 
1.9999999999999989 
1.9999999999999989 
1.9999999999999989 
1.9999999999999989 
1.9999999999999989 
1.9999999999999989 
1.9999999999999989 
1.9999999999999989 
1.9999999999999989 
1.9999999999999989 
1.9999999999999989 
1.9999999999999989 
1.9999999999999989 
1.9999999999999989 
1.9999999999999989 
1.9999999999999989 
1.9999999999999989 
1.9999999999999989 
1.9999999999999989 
1.9999999999999989 
1.9999999999999989 
1.9999999999999989 
1.9999999999999989 
1.9999999999999989 
1.9999999999999989 
1.9999999999999989 
1.9999999999999989 
1.9999999999999989 
1.9999999999999989 
1.9999999999999989 
1.9999999999999989 
1.9999999999999989 
1.9999999999999989 
1.9999999999999989 
1.9999999999999989 
1.9999999999999989 
1.9999999999999989 
1.9999999999999989 
1.9999999999999989 
1.9999999999999989 
1.9999999999999989 
1.9999999999999989 
1.9999999999999989 
1.9999999999999989 
1.9999999999999989 
1.9999999999999989 
1.9999999999999989 
1.9999999999999989 
1.9999999999999989 
1.9999999999999989 
1.9999999999999989 
1.9999999999999989 
1.9999999999999989 
1.9999999999999989 
1.9999999999999989 
1.9999999999999989 
1.9999999999999989 
1.9999999999999989 
1.9999999999999989 
1.9999999999999989 
1.9999999999999989 
1.9999999999999989 
1.9999999999999989 
1.9999999999999989 
1.9999999999999989 
1.9999999999999989 
1.9999999999999989 
1.9999999999999989 
1.9999999999999989 
1.9999999999999989 
1.9999999999999989 
1.9999999999999989 
1.9999999999999989 
1.9999999999999989 
1.9999999999999989 
1.9999999999999989 
1.9999999999999989 
1.9999999999999989 
1.9999999999999989 
1.9999999999999989 
1.9999999999999989 
1.9999999999999989 
1.9999999999999989 
1.9999999999999989 
1.9999999999999989 
1.9999999999999989 
1.9999999999999989 
1.9999999999999989 
1.9999999999999989 
2.0000000000000000 
2.0000000000000000 
2.0000000000000000 
1.9999999999999996 
1.9999999999999991 
1.9999999999999987 
1.9999999999999971 
1.9999999999999947 
1.9999999999999920 
1.9999999999999882 
1.9999999999999845 
1.9999999999999765 
1.9999999999999662 
1.9999999999999518 
1.9999999999999329 
1.9999999999999014 
1.9999999999998628 
1.9999999999998028 
1.9999999999997213 
1.9999999999996101 
1.9999999999994504 
1.9999999999992317 
1.9999999999989326 
1.9999999999985179 
1.9999999999979505 
1.9999999999971685 
1.9999999999961067 
1.9999999999946629 
1.9999999999927054 
1.9999999999900560 
1.9999999999864828 
1.9999999999816835 
1.9999999999752478 
1.9999999999666547 
1.9999999999552078 
1.9999999999400062 
1.9999999999198821 
1.9999999998933198 
1.9999999998583720 
1.9999999998125244 
1.9999999997525655 
1.9999999996744051 
1.9999999995728368 
1.9999999994412505 
1.9999999992713366 
1.9999999990526365 
1.9999999987720549 
1.9999999984132890 
1.9999999979560892 
1.9999999973754419 
1.9999999966405821 
1.9999999957138497 
1.9999999945493911 
1.9999999930916403 
1.9999999912736859 
1.9999999890153868 
1.9999999862214142 
1.9999999827791410 
1.9999999785565188 
1.9999999734000433 
1.9999999671329476 
1.9999999595538691 
1.9999999504362891 
1.9999999395291810 
1.9999999265593644 
1.9999999112363422 
1.9999998932604952 
1.9999998723358225 
1.9999998481886854 
1.9999998205944407 
1.9999997894141930 
1.9999997546445054 
1.9999997164835110 
1.9999996754175637 
1.9999996323334428 
1.9999995886620825 
1.9999995465609459 
1.9999995091434246 
1.9999994807650530 
1.9999994673780419 
1.9999994769672651 
1.9999995200829939 
1.9999996104876021 
1.9999997659359914 
2.0000000091117709 
2.0000003687437862 
2.0000008809304619 
2.0000015907017374 
2.0000025538513384 
2.0000038390745107 
2.0000055304485747 
2.0000077302958950 
2.0000105624701483 
2.0000141761078507 
2.0000187498872268 
2.0000244968357119 
2.0000316697253995 
2.0000405670923982 
2.0000515399110999 
2.0000649989475687 
2.0000814228073214 
2.0001013666816245 
2.0001254717826629 
2.0001544754414953 
2.0001892218234163 
2.0002306731930752 
2.0002799216363383 
2.0003382011177333 
2.0004068997209901 
2.0004875718865582 
2.0005819504238924 
2.0006919580383102 
2.0008197180732443 
2.0009675641292284 
2.0011380481819678 
2.0013339467844355 
2.0015582649036441 
2.0018142369124945 
2.0021053242327911 
2.0024352091088242 
2.0028077839832901 
2.0032271359509144 
2.0036975257812872 
2.0042233610333797 
2.0048091628306688 
2.0054595259301324 
2.0061790718004597 
2.0069723945261195 
2.0078439994740882 
2.0087982347984519 
2.0098392160142979 
2.0109707440433864 
2.0121962173187158 
2.0135185387286683 
2.0149400183809787 
2.0164622733668915 
2.0180861259013851 
2.0198115014009557 
2.0216373282295699 
2.0235614409904783 
2.0255804893605491 
2.0276898545492315 
2.0298835755114060 
2.0321542870478519 
2.0344931718866146 
2.0368899287502265 
2.0393327582776672 
2.0418083684866137 
2.0443020012320448 
2.0467974808456080 
2.0492772858296111 
2.0517226441352165 
2.0541136521824170 
2.0564294173856821 
2.0586482235407715 
2.0607477180124985 
2.0627051192472718 
2.0644974427257878 
2.0661017430779758 
2.0674953697109442 
2.0686562329596190 
2.0695630774645641 
2.0701957592201166 
2.0705355225231545 
2.0705652728950668 
2.0702698419503971 
2.0696362401497019 
2.0686538934029102 
2.0673148595853421 
2.0656140211902518 
2.0635492505689070 
2.0611215444983468 
2.0583351251639623 
2.0551975050439495 
2.0517195136282860 
2.0479152843898762 
2.0438022009413590 
2.0394008018506593 
2.0347346441438843 
2.0298301260884930 
2.0247162704174801 
2.0194244697209025 
2.0139881962914821 
2.0084426792634016 
2.0028245524259880 
1.9971714766252791 
1.9915217411845798 
1.9859138492762214 
1.9803860926548409 
1.9749761216081183 
1.9697205163792832 
1.9646543666484506 
1.9598108659023845 
1.9552209276472725 
1.9509128303965297 
1.9469118981656939 
1.9432402228049144 
1.9399164338770394 
1.9369555209414970 
1.9343687120380659 
1.9321634109059829 
1.9303431940637163 
1.9289078673696607 
1.9278535801515420 
1.9271729935057045 
1.9268554979996249 
1.9268874748282796 
1.9272525935308535 
1.9279321387056232 
1.9289053577857995 
1.9301498218559552 
1.9316417916789614 
1.9333565815336864 
1.9352689140914130 
1.9373532603352746 
1.9395841594028806 
1.9419365141599667 
1.9443858592515659 
1.9469085992908295 
1.9494822157077500 
1.9520854415706044 
1.9546984043990587 
1.9573027376030900 
1.9598816617037973 
1.9624200369228102 
1.9649043890703060 
1.9673229109237225 
1.9696654414768873 
1.9719234255599836 
1.9740898563915059 
1.9761592036319984 
1.9781273294720345 
1.9799913952108030 
1.9817497606724559 
1.9834018786710628 
1.9849481865768634 
1.9863899968615493 
1.9877293883133245 
1.9889690994176923 
1.9901124252015152 
1.9911631186394274 
1.9921252975264501 
1.9930033575321322 
1.9938018919712315 
1.9945256186574678 
1.9951793140506708 
1.9957677547660606 
1.9962956663880846 
1.9967676794204197 
1.9971882921096040 
1.9975618398012698 
1.9978924704252747 
1.9981841256582533 
1.9984405272785264 
1.9986651682077268 
1.9988613077245903 
1.9990319703381538 
1.9991799478182228 
1.9993078038995158 
1.9994178812005547 
1.9995123099280101 
1.9995930179706496 
1.9996617420225855 
1.9997200394130150 
1.9997693003569494 
1.9998107603788529 
1.9998455126971721 
1.9998745203920449 
1.9998986282110494 
1.9999185738974090 
1.9999349989524853 
1.9999484587685772 
1.9999594320896319 
1.9999683297760873 
1.9999755028660222 
1.9999812499380369 
1.9999858237922623 
1.9999894374743981 
1.9999922696744026 
1.9999944695362251 
1.9999961609181649 
1.9999974461454166 
1.9999984092970067 
1.9999991190691540 
1.9999996312561468 
1.9999999908882304 
2.0000002340639775 
2.0000003895123237 
2.0000004799168938 
2.0000005230325959 
2.0000005326218160 
2.0000005192348143 
2.0000004908564546 
2.0000004534389504 
2.0000004113378331 
2.0000003676664893 
2.0000003245823836 
2.0000002835164490 
2.0000002453554675 
2.0000002105857835 
2.0000001794055433 
2.0000001518113066 
2.0000001276641726 
2.0000001067395003 
2.0000000887636533 
2.0000000734406358 
2.0000000604708168 
2.0000000495637114 
2.0000000404461340 
2.0000000328670513 
2.0000000265999569 
2.0000000214434825 
2.0000000172208603 
2.0000000137785836 
2.0000000109846132 
2.0000000087263166 
2.0000000069083574 
2.0000000054506111 
2.0000000042861488 
2.0000000033594176 
2.0000000026245548 
2.0000000020439117 
2.0000000015867094 
2.0000000012279440 
2.0000000009473657 
2.0000000007286638 
2.0000000005587499 
2.0000000004271636 
2.0000000003255929 
2.0000000002474296 
2.0000000001874749 
2.0000000001416303 
2.0000000001066800 
2.0000000000801195 
2.0000000000599947 
2.0000000000447926 
2.0000000000333449 
2.0000000000247500 
2.0000000000183169 
2.0000000000135190 
2.0000000000099463 
2.0000000000072955 
2.0000000000053384 
2.0000000000038916 
2.0000000000028302 
2.0000000000020499 
2.0000000000014806 
2.0000000000010667 
2.0000000000007665 
2.0000000000005498 
2.0000000000003904 
2.0000000000002776 
2.0000000000001994 
2.0000000000001403 
2.0000000000000981 
2.0000000000000693 
2.0000000000000515 
2.0000000000000342 
2.0000000000000266 
2.0000000000000178 
2.0000000000000124 
2.0000000000000075 
2.0000000000000058 
2.0000000000000053 
2.0000000000000053 
2.0000000000000040 
2.0000000000000018 
2.0000000000000000 
2.0000000000000000 
2.0000000000000000 
1.9999999999999989 
1.9999999999999989 
1.9999999999999989 
1.9999999999999989 
1.9999999999999989 
1.9999999999999989 
1.9999999999999989 
1.9999999999999989 
1.9999999999999989 
1.9999999999999989 
1.9999999999999989 
1.9999999999999989 
1.9999999999999989 
1.9999999999999989 
1.9999999999999989 
1.9999999999999989 
1.9999999999999989 
1.9999999999999989 
1.9999999999999989 
1.9999999999999989 
1.9999999999999989 
1.9999999999999989 
1.9999999999999989 
1.9999999999999989 
1.9999999999999989 
1.9999999999999989 
1.9999999999999989 
1.9999999999999989 
1.9999999999999989 
1.9999999999999989 
1.9999999999999989 
1.9999999999999989 
1.9999999999999989 
1.9999999999999989 
1.9999999999999989 
1.9999999999999989 
1.9999999999999989 
1.9999999999999989 
1.9999999999999989 
1.9999999999999989 
1.9999999999999989 
1.9999999999999989 
1.9999999999999989 
1.9999999999999989 
1.9999999999999989 
1.9999999999999989 
1.9999999999999989 
1.9999999999999989 
1.9999999999999989 
1.9999999999999989 
1.9999999999999989 
1.9999999999999989 
1.9999999999999989 
1.9999999999999989 
1.9999999999999989 
1.9999999999999989 
1.9999999999999989 
1.9999999999999989 
1.9999999999999989 
1.9999999999999989 
1.9999999999999989 
1.9999999999999989 
1.9999999999999989 
1.9999999999999989 
1.9999999999999989 
1.9999999999999989 
1.9999999999999989 
1.9999999999999989 
1.9999999999999989 
1.9999999999999989 
1.9999999999999989 
1.9999999999999989 
1.9999999999999989 
1.9999999999999989 
1.9999999999999989 
1.9999999999999989 
1.9999999999999989 
1.9999999999999989 
1.9999999999999989 
1.9999999999999989 
1.9999999999999989 
1.9999999999999989 
1.9999999999999989 
1.9999999999999989 
1.9999999999999989 
1.9999999999999989 
1.9999999999999989 
1.9999999999999989 
1.9999999999999989 
1.9999999999999989 
1.9999999999999989 
1.9999999999999989 
1.9999999999999989 
1.9999999999999989 
1.9999999999999989 
1.9999999999999989 
1.9999999999999989 
1.9999999999999989 
1.9999999999999989 
1.9999999999999989 
1.9999999999999989 
1.9999999999999989 
1.9999999999999989 
1.9999999999999989 
1.9999999999999989 
1.9999999999999989 
1.9999999999999989 
1.9999999999999989 
1.9999999999999989 
1.9999999999999989 
1.9999999999999989 
1.9999999999999989 
1.9999999999999989 
1.9999999999999989 
1.9999999999999989 
1.9999999999999989 
1.9999999999999989 
1.9999999999999989 
1.9999999999999989 
1.9999999999999989 
1.9999999999999989 
1.9999999999999989 
1.9999999999999989 
1.9999999999999989 
1.9999999999999989 
1.9999999999999989 
1.9999999999999989 
1.9999999999999989 
1.9999999999999989 
1.9999999999999989 
1.9999999999999989 
1.9999999999999989 
1.9999999999999989 
1.9999999999999989 
1.9999999999999989 
1.9999999999999989 
1.9999999999999989 
1.9999999999999989 
1.9999999999999989 
1.9999999999999989 
1.9999999999999989 
1.9999999999999989 
1.9999999999999989 
1.9999999999999989 
1.9999999999999989 
1.9999999999999989 
1.9999999999999989 
1.9999999999999989 
1.9999999999999989 
1.9999999999999989 
1.9999999999999989 
1.9999999999999989 
1.9999999999999989 
1.9999999999999989 
1.9999999999999989 
1.9999999999999989 
1.9999999999999989 
1.9999999999999989 
1.9999999999999989 
1.9999999999999989 
1.9999999999999989 
1.9999999999999989 
1.9999999999999989 
1.9999999999999989 
1.9999999999999989 
1.9999999999999989 
1.9999999999999989 
1.9999999999999989 
1.9999999999999989 
1.9999999999999989 
1.9999999999999989 
1.9999999999999989 
1.9999999999999989 
1.9999999999999989 
1.9999999999999989 
1.9999999999999989 
1.9999999999999989 
1.9999999999999989 
1.9999999999999989 
1.9999999999999989 
1.9999999999999989 
1.9999999999999989 
1.9999999999999989 
1.9999999999999989 
1.9999999999999989 
1.9999999999999989 
1.9999999999999989 
1.9999999999999989 
1.9999999999999989 
1.9999999999999989 
1.9999999999999989 
1.9999999999999989 
1.9999999999999989 
1.9999999999999989 
1.9999999999999989 
1.9999999999999989 
1.9999999999999989 
1.9999999999999989 
1.9999999999999989 
1.9999999999999989 
1.9999999999999989 
1.9999999999999989 
1.9999999999999989 
1.9999999999999989 
1.9999999999999989 
1.9999999999999989 
1.9999999999999989 
1.9999999999999989 
1.9999999999999989 
1.9999999999999989 
1.9999999999999989 
1.9999999999999989 
1.9999999999999989 
1.9999999999999989 
1.9999999999999989 