1.9999999999999989 
1.9999999999999989 
1.9999999999999989 
1.9999999999999989 
1.9999999999999989 
1.9999999999999989 
1.9999999999999989 
1.9999999999999989 
1.9999999999999989 
1.9999999999999989 
1.9999999999999989 
1.9999999999999989 
1.9999999999999989 
1.9999999999999989 
1.9999999999999989 
1.9999999999999989 
1.9999999999999989 
1.9999999999999989 
1.9999999999999989 
1.9999999999999989 
1.9999999999999989 
1.9999999999999989 
1.9999999999999989 
1.9999999999999989 
1.9999999999999989 
1.9999999999999989 
1.9999999999999989 
1.9999999999999989 
1.9999999999999989 
1.9999999999999989 
1.9999999999999989 
1.9999999999999989 
1.9999999999999989 
1.9999999999999989 
1.9999999999999989 
1.9999999999999989 
1.9999999999999989 
1.9999999999999989 
1.9999999999999989 
1.9999999999999989 
1.9999999999999989 
1.9999999999999989 
1.9999999999999989 
1.9999999999999989 
1.9999999999999989 
1.9999999999999989 
1.9999999999999989 
1.9999999999999989 
1.9999999999999989 
1.9999999999999989 
1.9999999999999989 
1.9999999999999989 
1.9999999999999989 
1.9999999999999989 
1.9999999999999996 
1.9999999999999973 
1.9999999999999818 
1.9999999999999203 
1.9999999999996687 
1.9999999999987421 
1.9999999999954385 
1.9999999999842579 
1.9999999999481437 
1.9999999998369900 
1.9999999995112714 
1.9999999986036103 
1.9999999962038573 
1.9999999902051566 
1.9999999761054958 
1.9999999452230219 
1.9999998831846573 
1.9999997724712757 
1.9999996104557907 
1.9999994717519460 
1.9999996787912597 
2.0000012079066614 
2.0000065596184511 
2.0000214619160035 
2.0000579304283499 
2.0001393111654768 
2.0003078494981317 
2.0006348727090471 
2.0012326382342258 
2.0022651784683143 
2.0039532323866647 
2.0065662266235216 
2.0103934387743125 
2.0156884777407384 
2.0225872794705770 
2.0310098240473846 
2.0405673542770306 
2.0505054898272834 
2.0597143010943735 
2.0668262875369616 
2.0704033661712313 
2.0691892203471545 
2.0623805771158703 
2.0498571675232342 
2.0323104249459121 
2.0112268322258737 
1.9887101615679290 
1.9671616359204647 
1.9488725092173229 
1.9356148007927976 
1.9283334730755164 
1.9270295092531873 
1.9308663934407000 
1.9384519711441581 
1.9481904082995263 
1.9585963608866281 
1.9685042468515652 
1.9771561259444326 
1.9841881960843155 
1.9895525855269360 
1.9934122726944530 
1.9960389846103403 
1.9977322683738423 
1.9987666061180525 
1.9993649268936677 
1.9996921033906172 
1.9998606791877211 
1.9999420679036071 
1.9999785378550596 
1.9999934403601607 
1.9999987920926137 
2.0000003212086956 
2.0000005282479179 
2.0000003895441343 
2.0000002275286990 
2.0000001168153405 
2.0000000547769736 
2.0000000238945015 
2.0000000097948449 
2.0000000037961412 
2.0000000013963901 
2.0000000004887317 
2.0000000001630087 
2.0000000000518594 
2.0000000000157447 
2.0000000000045590 
2.0000000000012577 
2.0000000000003331 
2.0000000000000835 
2.0000000000000204 
2.0000000000000058 
2.0000000000000018 
1.9999999999999989 
1.9999999999999989 
1.9999999999999989 
1.9999999999999989 
1.9999999999999989 
1.9999999999999989 
1.9999999999999989 
1.9999999999999989 
1.9999999999999989 
1.9999999999999989 
1.9999999999999989 
1.9999999999999989 
1.9999999999999989 
1.9999999999999989 
1.9999999999999989 
1.9999999999999989 
1.9999999999999989 
1.9999999999999989 
1.9999999999999989 
1.9999999999999989 
1.9999999999999989 
1.9999999999999989 
1.9999999999999989 
1.9999999999999989 
1.9999999999999989 
1.9999999999999989 
1.9999999999999989 
1.9999999999999989 
1.9999999999999989 
1.9999999999999989 
1.9999999999999989 
1.9999999999999989 
1.9999999999999989 
1.9999999999999989 
1.9999999999999989 
1.9999999999999989 
1.9999999999999989 
1.9999999999999989 
1.9999999999999989 
1.9999999999999989 
1.9999999999999989 
1.9999999999999989 
1.9999999999999989 
1.9999999999999989 
1.9999999999999989 
1.9999999999999989 
1.9999999999999989 
1.9999999999999989 
1.9999999999999989 
1.9999999999999989 
1.9999999999999989 
1.9999999999999989 
1.9999999999999989 
1.9999999999999989 