0.08333333333333333 2.0 0.0 2.0000000000388694 -2.484880345307573e-11 -2.2393696239451417e-69
0.25 2.0 0.0 2.000000000016552 2.225322141536258e-11 -2.850203213424424e-67
0.41666666666666663 2.0 0.0 1.9999999999131584 4.1090440785536996e-10 -2.455912479307425e-65
0.5833333333333333 2.0 0.0 1.9999999997340319 1.1734922124025882e-09 -1.7464337008905642e-63
0.75 2.0 0.0 1.999999999693669 1.3492107671449713e-09 -1.0864518245663961e-61
0.9166666666666666 2.0 0.0 2.0000000003563807 -1.5819700663953193e-09 -6.062135519306023e-60
1.0833333333333333 2.0 0.0 2.0000000022772726 -1.008828274296755e-08 -3.0725714358609898e-58
1.25 2.0 0.0 2.000000004553648 -2.0171677460856554e-08 -1.4244864646060943e-56
1.4166666666666665 2.0 0.0 2.0000000026097338 -1.1560962567384912e-08 -6.0636642869503236e-55
1.5833333333333333 2.0 0.0 1.9999999882313666 5.2119199201970075e-08 -2.3739378149649954e-53
1.75 2.0 0.0 1.9999999580925214 1.8564744846052637e-07 -8.548289091174405e-52
1.9166666666666665 2.0 0.0 1.9999999348242257 2.8859567465236197e-07 -2.826629179989026e-50
2.083333333333333 2.0 0.0 1.9999999903677619 4.5102851025287566e-08 -8.551735704348133e-49
2.25 2.0 0.0 2.0000002741542504 -1.1030434723058661e-06 -2.351308388844086e-47
2.4166666666666665 2.0 0.0 2.0000010811322935 -4.4479058895701894e-06 -5.803765865629009e-46
2.583333333333333 2.0 0.0 2.000002947186502 -1.2683949528164944e-05 -1.2555518197789163e-44
2.75 2.0 0.0 2.000007153631731 -3.145995177852771e-05 -2.2523830569655327e-43
2.9166666666666665 2.0 0.0 2.0000166626758826 -7.36891868579399e-05 -2.7918905336431368e-42
3.083333333333333 2.0 0.0 2.0000378232098033 -0.00016749210988766978 3.4032188376674753e-42
3.25 2.0 0.0 2.000083836890621 -0.000371372420474214 1.637631564719423e-39
3.4166666666666665 2.0 0.0 2.0001813134021877 -0.0008032420498629196 6.69579852573674e-38
3.583333333333333 2.0 0.0 2.0003821795970698 -0.0016932530889978326 1.954092408969167e-36
3.75 2.0 0.0 2.0007843570236723 -0.003475629963070921 4.767397604445987e-35
3.9166666666666665 2.0 0.0 2.0015657734132235 -0.006940219846546058 1.0226604240371576e-33
4.083333333333333 2.0 0.0 2.003036536430984 -0.013466533354067091 1.972439459912412e-32
4.25 2.0 0.0 2.005710997076522 -0.025351958332035508 3.4602839938301873e-31
4.416666666666666 2.0 0.0 2.010387409562597 -0.04618946711295718 5.5567186760349286e-30
4.583333333333333 2.0 0.0 2.0181884872894438 -0.08110941596606665 8.196099066332122e-29
4.75 2.0 0.0 2.0283483574639747 -0.12710588462639275 1.111987969600823e-27
4.916666666666666 2.0 0.0 2.036506099875857 -0.16280878353845565 1.38743175398427e-26
5.083333333333333 2.0 0.0 2.0410379254355844 -0.1877049065763225 1.5890168470825486e-25
5.25 2.0 0.0 2.0446804566933636 -0.19704543895950316 1.6638083285143045e-24
5.416666666666666 2.0 0.0 2.0454149160391832 -0.20736221420737105 1.5810269060098325e-23
5.583333333333333 2.0 0.0 2.046513740905052 -0.2095267535889208 1.3451909996525538e-22
5.75 2.0 0.0 2.046785479782618 -0.21011862439920978 9.976476910669732e-22
5.916666666666666 2.0 0.0 2.046598944301077 -0.2100760527398962 6.048058075300206e-21
6.083333333333333 2.0 0.0 2.0457229419249874 -0.2065168366495113 2.3764166023539362e-20
6.25 2.0 0.0 2.043521573393675 -0.19619411415780014 -4.8921798420998234e-20
6.416666666666666 2.0 0.0 2.039256959549025 -0.1762732305792931 -2.2864741340931845e-18
6.583333333333333 2.0 0.0 2.032284543682108 -0.14448595428620892 -3.049792409107363e-17
6.75 1.9999999999999998 0.0 2.0235272531501223 -0.1053160252657092 -3.023468242913689e-16
6.916666666666666 1.9999999999999976 0.0 2.0160131074852794 -0.0714317163497193 -2.5333401633201316e-15
7.083333333333333 1.9999999999999813 0.0 2.010439037738223 -0.04706433516613163 -1.8747527228524837e-14
7.25 1.999999999999875 0.0 2.0069078409744128 -0.02910460677068759 -1.250209723893004e-13
7.416666666666666 1.9999999999992408 0.0 2.0039648315267597 -0.019887256017422174 -7.592478361812659e-13
7.583333333333333 1.9999999999957765 0.0 2.0026719517417986 -0.010400261802708099 -4.223508993071295e-12
7.75 1.9999999999784133 0.0 2.001292577949906 -0.005963344611813453 -2.1586786279083474e-11
7.916666666666666 1.9999999998985065 0.0 2.0005382177788453 -0.0031403078793604136 -1.0149337221417915e-10
8.083333333333332 1.999999999561234 0.0 2.0003229268428995 -0.0007880826958566811 -4.3876588070022077e-10
8.25 1.9999999982596433 0.0 1.9999985775373763 -0.00010425099647940728 -1.7403567350686184e-09
8.416666666666666 1.999999993694318 0.0 1.9998335484557084 0.0002819695754547676 -6.3056820221045696e-09
8.583333333333332 1.9999999792975776 0.0 1.999828541468769 0.0008081867461292649 -2.0702422360274937e-08
8.75 1.9999999393178214 0.0 1.9998037323794833 0.00105733492921478 -6.068217856011783e-08
8.916666666666666 1.9999998459177046 0.0 1.999756932046102 0.0008632535816748938 -1.540822954409375e-07
9.083333333333332 1.9999996856319415 0.0 1.999773713873908 0.0008759957168563892 -3.1436805847154385e-07
9.25 1.9999996196032899 0.0 1.999795270571991 0.0008642881389165888 -3.803967102260639e-07
9.416666666666666 2.000000588261848 0.0 1.9998211921956466 0.0007808827346585403 5.882618480584264e-07
9.583333333333332 2.0000061251530674 0.0 1.9998461075555907 0.000637088707091623 6.1251530674769926e-06
9.75 2.0000269519530645 0.0 1.999884733573953 0.0005111287520228971 2.695195306443837e-05
9.916666666666666 2.0000909893714907 0.0 1.9999758186450132 0.0004357878346453133 9.098937149079526e-05
10.083333333333332 2.000262077677205 0.0 2.000169916427457 0.00037220537817314614 0.00026207767720486466
10.25 2.000669374442667 0.0 2.0005901718065817 0.00028072075731389544 0.0006693744426668637
10.416666666666666 2.001543742210623 0.0 2.00147488841552 0.00021021976136539942 0.0015437422106229165
10.583333333333332 2.0032458158338096 0.0 2.0031908283208146 0.00017607792560789286 0.003245815833809414
10.75 2.006254988727532 0.0 2.006209590875905 0.00014318809118291494 0.006254988727532051
10.916666666666666 2.011078429957128 0.0 2.011036801453436 9.976417902992161e-05 0.011078429957127956
11.083333333333332 2.018050136662097 0.0 2.018012448823092 6.972920126399918e-05 0.018050136662097052
11.25 2.0270357568521313 0.0 2.027004458319287 5.998690888468782e-05 0.027035756852131283
11.416666666666666 2.037135562558247 0.0 2.037108609821278 5.190970848232424e-05 0.03713556255824667
11.583333333333332 2.14655067641497 0.0 2.046525029622 3.437387593788779e-05 0.04655067641497013
11.75 2.152787138212377 0.0 2.0527621426369014 2.122490039244452e-05 0.05278713821237704
11.916666666666666 2.1532702614718278 0.0 2.0532472297637883 1.7071816097963452e-05 0.05327026147182771
12.083333333333332 2.1462396961242796 0.0 2.0462180536031704 1.520418516893348e-05 0.04623969612427934
12.25 2.131588407111769 0.0 2.0315664316407047 7.59732649379544e-06 0.03158840711176899
12.416666666666666 2.111234779011009 0.0 2.011212468393839 2.519747691450714e-06 0.011234779011009107
12.583333333333332 2.088765220988991 0.0 1.9887436434859334 7.553298712118498e-08 -0.011234779011008871
12.75 2.068411592888231 0.0 1.9683912976772187 -7.528223735250141e-07 -0.03158840711176899
12.916666666666666 2.0537603038757206 0.0 1.9537403215408906 -2.4014561972083087e-06 -0.04623969612427922
13.083333333333332 2.0467297385281724 0.0 1.9467093063549044 6.37373028503361e-07 -0.05327026147182768
13.25 2.047212861787623 0.0 1.947193547164953 3.4454601638561884e-06 -0.05278713821237704
13.416666666666666 2.05344932358503 0.0 1.9534331063093013 -1.2197744495653053e-06 -0.04655067641497021
13.583333333333332 1.9628644374417532 0.0 1.9628502267984538 1.2196099621692624e-05 -0.03713556255824678
13.75 1.9729642431478687 0.0 1.9729504840636314 3.463682693687094e-05 -0.027035756852131283
13.916666666666666 1.981949863337903 0.0 1.9819407163698246 4.879435449864966e-05 -0.01805013666209714
14.083333333333332 1.988921570042872 0.0 1.9889205050259735 4.746272292968279e-05 -0.01107842995712802
14.25 1.993745011272468 0.0 1.9937505394573485 7.846709394290216e-05 -0.006254988727532051
14.416666666666666 1.9967541841661907 0.0 1.9967615483883783 0.0001377980910067926 -0.0032458158338094373
14.583333333333332 1.998456257789377 0.0 1.998476416468287 0.0001877340392220887 -0.0015437422106229291
14.75 1.999330625557333 0.0 1.9993719315605711 0.00020797373583588362 -0.0006693744426668637
14.916666666666666 1.9997379223227951 0.0 1.9997968430698712 0.0002866135806654233 -0.00026207767720486753
15.083333333333332 1.9999090106285091 0.0 1.9999740968556612 0.0004105115779720198 -9.098937149079634e-05
15.25 1.9999730480469355 0.0 2.0000578407517784 0.000523426662465588 -2.695195306443837e-05
15.416666666666666 1.9999938748469326 0.0 2.0001128215750565 0.0005539520622790711 -6.125153067477107e-06
15.583333333333332 1.9999994117381519 0.0 2.0001536281430345 0.0006301673219178126 -5.882618480584505e-07
15.75 2.00000038039671 0.0 2.000163306223019 0.000799369674959559 3.803967102260639e-07
15.916666666666666 2.0000003143680583 0.0 2.000171701473873 0.0009963979760051781 3.143680584715458e-07
16.083333333333332 2.0000001540822954 0.0 2.000214120648067 0.0010467873106551533 1.5408229544093886e-07
16.25 2.0000000606821784 0.0 2.00027404694647 0.0010336526425048856 6.068217856011783e-08
16.416666666666664 2.0000000207024224 0.0 2.0002997649435725 0.0013159080850752647 2.0702422360275453e-08
16.583333333333332 2.000000006305682 0.0 2.0003131360700026 0.0018328316544575494 6.3056820221046515e-09
16.75 2.0000000017403567 0.0 2.0004774014317115 0.0021651575196592974 1.7403567350686184e-09
16.916666666666664 2.000000000438766 0.0 2.000781405185874 0.002859134697376979 4.387658807002327e-10
17.083333333333332 2.0000000001014935 0.0 2.000977932478725 0.005126826825734229 1.014933722141809e-10
17.25 2.0000000000215867 0.0 2.001710926429711 0.00774398752422759 2.1586786279083474e-11
17.416666666666664 2.0000000000042233 0.0 2.003035116787812 0.012045679523115575 4.2235089930714026e-12
17.583333333333332 2.0000000000007594 0.0 2.004275505012346 0.02130968456181897 7.592478361812798e-13
17.75 2.0000000000001252 0.0 2.007167204415892 0.03018650107187645 1.250209723893004e-13
17.916666666666664 2.0000000000000187 0.0 2.0106205501004486 0.047922347364929715 1.8747527228525408e-14
18.083333333333332 2.0000000000000027 0.0 2.0161558242338167 0.07203687163271834 2.5333401633201907e-15
18.25 2.0000000000000004 0.0 2.023637776737766 0.10584724410442856 3.023468242913689e-16
18.416666666666664 2.0 0.0 2.032313138159287 0.14462955648916268 3.049792409107492e-17
18.583333333333332 2.0 0.0 2.039097150796321 0.1755041142148489 2.2864741340932534e-18
18.75 2.0 0.0 2.043192459242829 0.19464690490812162 4.8921798420998234e-20
18.916666666666664 2.0 0.0 2.0452717827977653 0.20446087717093303 -2.3764166023539732e-20
19.083333333333332 2.0 0.0 2.046074746768883 0.20773477136190477 -6.0480580753002996e-21
19.25 2.0 0.0 2.0462389841272777 0.20762157821160235 -9.976476910669732e-22
19.416666666666664 2.0 0.0 2.045958633829397 0.20685237167899828 -1.3451909996525968e-22
19.583333333333332 2.0 0.0 2.0448005666771523 0.20466958845810737 -1.581026906009875e-23
19.75 2.0 0.0 2.044031920244458 0.1941283215052516 -1.6638083285143045e-24
19.916666666666664 2.0 0.0 2.040335424948947 0.18433791196394464 -1.5890168470826145e-25
20.083333333333332 2.0 0.0 2.035670248743092 0.15911376029543528 -1.3874317539842994e-26
20.25 2.0 0.0 2.027432776327076 0.1229327887523439 -1.111987969600823e-27
20.416666666666664 2.0 0.0 2.0174104060812326 0.07761759872887977 -8.196099066332472e-29
20.583333333333332 2.0 0.0 2.0099235201478898 0.04411927954757444 -5.556718676035089e-30
20.75 2.0 0.0 2.0054495949085176 0.02418925428201975 -3.4602839938301873e-31
20.916666666666664 2.0 0.0 2.002894750231649 0.012837069912871027 -1.972439459912529e-32
21.083333333333332 2.0 0.0 2.001491385103999 0.006610316453484141 -1.0226604240371882e-33
21.25 2.0 0.0 2.0007465057422094 0.0033078574878665423 -4.767397604445987e-35
21.416666666666664 2.0 0.0 2.0003634696573416 0.001610346492381206 -1.9540924089693182e-36
21.583333333333332 2.0 0.0 2.0001723193926697 0.0007633936650080985 -6.695798525736964e-38
21.75 2.0 0.0 2.0000796286821596 0.00035272763476781925 -1.637631564719423e-39
21.916666666666664 2.0 0.0 2.000035904728574 0.0001589899943014328 -3.4032188376691595e-42
22.083333333333332 2.0 0.0 2.000015808752151 6.990092844317737e-05 2.791890533643185e-42
22.25 2.0 0.0 2.0000067805643535 2.9799217261713757e-05 2.2523830569655327e-43
22.416666666666664 2.0 0.0 2.0000027849683555 1.1959150132151921e-05 1.2555518197789972e-44
22.583333333333332 2.0 0.0 2.0000010097924927 4.142678933375179e-06 5.803765865629241e-46
22.75 2.0 0.0 2.0000002460699493 9.919705360411165e-07 2.351308388844086e-47
22.916666666666664 2.0 0.0 1.999999982744025 -7.801152027132804e-08 8.551735704348721e-49
23.083333333333332 2.0 0.0 1.9999999349350563 -2.881228600663251e-07 2.8266291799891444e-50
23.25 2.0 0.0 1.9999999600375906 -1.7702827164754167e-07 8.548289091174405e-52
23.416666666666664 2.0 0.0 1.9999999895148879 -4.643451378361108e-08 2.3739378149650956e-53
23.583333333333332 2.0 0.0 2.000000002974498 1.317696428674416e-08 6.063664286950499e-55
23.75 2.0 0.0 2.00000000447782 1.983601416008636e-08 1.4244864646060943e-56
23.916666666666664 2.0 0.0 2.0000000021420803 9.488446854539729e-09 3.072571435861167e-58
24.083333333333332 2.0 0.0 2.0000000002900586 1.2843996864795196e-09 6.062135519306203e-60
24.25 2.0 0.0 1.9999999996844502 -1.3953073644835926e-09 1.0864518245663961e-61
24.416666666666664 2.0 0.0 1.9999999997426534 -1.1304171972423346e-09 1.7464337008906182e-63
24.583333333333332 2.0 0.0 1.9999999999163869 -3.5741421028127734e-10 2.455912479307503e-65
24.75 2.0 0.0 2.0000000000095053 2.945347404712812e-11 2.850203213424424e-67
24.916666666666664 2.0 0.0 2.000000000033271 5.053107166381659e-11 2.2393696239452313e-69
