0.08333333333333333 2.0 0.0 2.0000000000388694 -2.4841231244640328e-11 -2.2393696239451417e-69
0.25 2.0 0.0 2.000000000016558 2.2213223264100387e-11 -2.850203213424424e-67
0.41666666666666663 2.0 0.0 1.9999999999131806 4.1079836673853706e-10 -2.455912479307425e-65
0.5833333333333333 2.0 0.0 1.9999999997340603 1.1733649048781517e-09 -1.7464337008905642e-63
0.75 2.0 0.0 1.999999999693646 1.3493148613072395e-09 -1.0864518245663961e-61
0.9166666666666666 2.0 0.0 2.0000000003562075 -1.5812005041999562e-09 -6.062135519306023e-60
1.0833333333333333 2.0 0.0 2.0000000022769253 -1.0086740011559135e-08 -3.0725714358609898e-58
1.25 2.0 0.0 2.000000004553435 -2.017073243248158e-08 -1.4244864646060943e-56
1.4166666666666665 2.0 0.0 2.0000000026105007 -1.156436023803692e-08 -6.0636642869503236e-55
1.5833333333333333 2.0 0.0 1.9999999882340673 5.210723678498146e-08 -2.3739378149649954e-53
1.75 2.0 0.0 1.9999999580965333 1.8562967056647226e-07 -8.548289091174405e-52
1.9166666666666665 2.0 0.0 1.9999999348248627 2.8859288978074464e-07 -2.826629179989026e-50
2.083333333333333 2.0 0.0 1.9999999903551526 4.515701904201265e-08 -8.551735704348133e-49
2.25 2.0 0.0 2.0000002741097003 -1.102864953623286e-06 -2.351308388844086e-47
2.4166666666666665 2.0 0.0 2.000001081026857 -4.447449419631377e-06 -5.803765865629009e-46
2.583333333333333 2.0 0.0 2.00000294696522 -1.2682959885633882e-05 -1.2555518197789163e-44
2.75 2.0 0.0 2.0000071531757544 -3.1457924089431854e-05 -2.2523830569655327e-43
2.9166666666666665 2.0 0.0 2.0000166617627286 -7.36851369285924e-05 -2.7918905336431368e-42
3.083333333333333 2.0 0.0 2.000037821443856 -0.00016748428423810427 3.4032188376674753e-42
3.25 2.0 0.0 2.00008383360434 -0.0003713578607595344 1.637631564719423e-39
3.4166666666666665 2.0 0.0 2.0001813075265655 -0.0008032160179365132 6.69579852573674e-38
3.583333333333333 2.0 0.0 2.0003821694963113 -0.001693208331088305 1.954092408969167e-36
3.75 2.0 0.0 2.0007843402449836 -0.003475555592619077 4.767397604445987e-35
3.9166666666666665 2.0 0.0 2.001565746135266 -0.0069400988696339695 1.0226604240371576e-33
4.083333333333333 2.0 0.0 2.003036491927578 -0.013466335768331363 1.972439459912412e-32
4.25 2.0 0.0 2.0057109214719517 -0.025351622000610363 3.4602839938301873e-31
4.416666666666666 2.0 0.0 2.0103872714271542 -0.04618885050733768 5.5567186760349286e-30
4.583333333333333 2.0 0.0 2.0181882091685415 -0.0811081674585967 8.196099066332122e-29
4.75 2.0 0.0 2.0283477476177274 -0.12710312923457207 1.111987969600823e-27
4.916666666666666 2.0 0.0 2.0365051804061407 -0.16280461192090678 1.38743175398427e-26
5.083333333333333 2.0 0.0 2.0410368577706555 -0.18769993492500303 1.5890168470825486e-25
5.25 2.0 0.0 2.0446793123141713 -0.19704038781035976 1.6638083285143045e-24
5.416666666666666 2.0 0.0 2.0454138351034223 -0.207357118697754 1.5810269060098325e-23
5.583333333333333 2.0 0.0 2.0465126873384616 -0.2095219035894299 1.3451909996525538e-22
5.75 2.0 0.0 2.0467844623079543 -0.21011394957340424 9.976476910669732e-22
5.916666666666666 2.0 0.0 2.046597991147787 -0.21007179732094608 6.048058075300206e-21
6.083333333333333 2.0 0.0 2.045722263829059 -0.20651377323605216 2.3764166023539362e-20
6.25 2.0 0.0 2.043521462054128 -0.19619351823841255 -4.8921798420998234e-20
6.416666666666666 2.0 0.0 2.0392577717944977 -0.17627683136341527 -2.2864741340931845e-18
6.583333333333333 2.0 0.0 2.032286586728304 -0.14449525355988255 -3.049792409107363e-17
6.75 1.9999999999999998 0.0 2.0235300021276283 -0.10532840430937532 -3.023468242913689e-16
6.916666666666666 1.9999999999999976 0.0 2.0160158309872855 -0.07144416809369669 -2.5333401633201316e-15
7.083333333333333 1.9999999999999813 0.0 2.010441664054216 -0.04707542120355264 -1.8747527228524837e-14
7.25 1.999999999999875 0.0 2.0069100015465846 -0.029115110334269202 -1.250209723893004e-13
7.416666666666666 1.9999999999992408 0.0 2.003966829546484 -0.01989553879227093 -7.592478361812659e-13
7.583333333333333 1.9999999999957765 0.0 2.0026735507389826 -0.010407334412068333 -4.223508993071295e-12
7.75 1.9999999999784133 0.0 2.0012937231346637 -0.00596862530046687 -2.1586786279083474e-11
7.916666666666666 1.9999999998985065 0.0 2.0005389122661223 -0.003143276826630302 -1.0149337221417915e-10
8.083333333333332 1.999999999561234 0.0 2.000323155246267 -0.00078899641105203 -4.3876588070022077e-10
8.25 1.9999999982596433 0.0 1.9999983408716653 -0.00010348076014132484 -1.7403567350686184e-09
8.416666666666666 1.999999993694318 0.0 1.9998330320832343 0.00028425732401633476 -6.3056820221045696e-09
8.583333333333332 1.9999999792975776 0.0 1.9998279181078658 0.0008114859037387349 -2.0702422360274937e-08
8.75 1.9999999393178214 0.0 1.9998029372614605 0.001060700950245744 -6.068217856011783e-08
8.916666666666666 1.9999998459177046 0.0 1.999756081579458 0.0008669019925620288 -1.540822954409375e-07
9.083333333333332 1.9999996856319415 0.0 1.9997725796647747 0.0008811060636818305 -3.1436805847154385e-07
9.25 1.9999996196032899 0.0 1.9997938820501315 0.0008703178936634743 -3.803967102260639e-07
9.416666666666666 2.000000588261848 0.0 1.9998198035910382 0.0007866799031249071 5.882618480584264e-07
9.583333333333332 2.0000061251530674 0.0 1.9998450542462871 0.0006420534704113606 6.1251530674769926e-06
9.75 2.0000269519530645 0.0 1.999883893069396 0.0005150221076863104 2.695195306443837e-05
9.916666666666666 2.0000909893714907 0.0 1.9999751701446917 0.00043854977051117384 9.098937149079526e-05
10.083333333333332 2.000262077677205 0.0 2.0001694856117287 0.0003741356115748831 0.00026207767720486466
10.25 2.000669374442667 0.0 2.000589935728813 0.0002818959982880293 0.0006693744426668637
10.416666666666666 2.001543742210623 0.0 2.0014747995862656 0.00021072112932134734 0.0015437422106229165
10.583333333333332 2.0032458158338096 0.0 2.0031908504864036 0.00017602978806993314 0.003245815833809414
10.75 2.006254988727532 0.0 2.006209681550506 0.0001425688917824913 0.006254988727532051
10.916666666666666 2.011078429957128 0.0 2.0110369304655453 9.886624803054254e-05 0.011078429957127956
11.083333333333332 2.018050136662097 0.0 2.0180126581986064 6.88290240254464e-05 0.018050136662097052
11.25 2.0270357568521313 0.0 2.027004696051176 5.928280110411946e-05 0.027035756852131283
11.416666666666666 2.037135562558247 0.0 2.037108824364731 5.109361749673726e-05 0.03713556255824667
11.583333333333332 2.14655067641497 0.0 2.0465251880017012 3.354311051680804e-05 0.04655067641497013
11.75 2.152787138212377 0.0 2.052762297896994 2.0514029065552056e-05 0.05278713821237704
11.916666666666666 2.1532702614718278 0.0 2.053247369334387 1.6536788142626614e-05 0.05327026147182771
12.083333333333332 2.1462396961242796 0.0 2.0462181689377896 1.4595990984217881e-05 0.04623969612427934
12.25 2.131588407111769 0.0 2.031566493300315 7.088061621945251e-06 0.03158840711176899
12.416666666666666 2.111234779011009 0.0 2.0112125251453277 2.234411428455272e-06 0.011234779011009107
12.583333333333332 2.088765220988991 0.0 1.988743693057389 -1.7719742279473114e-08 -0.011234779011008871
12.75 2.068411592888231 0.0 1.9683913400520436 -8.007269923255645e-07 -0.03158840711176899
12.916666666666666 2.0537603038757206 0.0 1.9537403751546625 -2.385835975755631e-06 -0.04623969612427922
13.083333333333332 2.0467297385281724 0.0 1.9467093697806284 7.274026077045736e-07 -0.05327026147182768
13.25 2.047212861787623 0.0 1.9471936129477783 3.6558604038458954e-06 -0.05278713821237704
13.416666666666666 2.05344932358503 0.0 1.953433173153504 -8.582879207140673e-07 -0.04655067641497021
13.583333333333332 1.9628644374417532 0.0 1.9628503167642304 1.254824396147619e-05 -0.03713556255824678
13.75 1.9729642431478687 0.0 1.9729505897706474 3.501233914607543e-05 -0.027035756852131283
13.916666666666666 1.981949863337903 0.0 1.981940836979108 4.929821368103752e-05 -0.01805013666209714
14.083333333333332 1.988921570042872 0.0 1.9889206437810247 4.8139435109905226e-05 -0.01107842995712802
14.25 1.993745011272468 0.0 1.9937507151059717 7.920803464662597e-05 -0.006254988727532051
14.416666666666666 1.9967541841661907 0.0 1.9967617689156687 0.00013853941678668207 -0.0032458158338094373
14.583333333333332 1.998456257789377 0.0 1.9984766264185643 0.00018859041873190753 -0.0015437422106229291
14.75 1.999330625557333 0.0 1.9993720987565042 0.00020899885753757926 -0.0006693744426668637
14.916666666666666 1.9997379223227951 0.0 1.999797001064129 0.00028744176226719656 -0.00026207767720486753
15.083333333333332 1.9999090106285091 0.0 1.9999742786748436 0.00041092105544289427 -9.098937149079634e-05
15.25 1.9999730480469355 0.0 2.000057904639942 0.0005234939731487356 -2.695195306443837e-05
15.416666666666666 1.9999938748469326 0.0 2.0001126713444446 0.0005538909282405363 -6.125153067477107e-06
15.583333333333332 1.9999994117381519 0.0 2.0001533209005795 0.000628899606862511 -5.882618480584505e-07
15.75 2.00000038039671 0.0 2.0001629011857327 0.0007968914764428794 3.803967102260639e-07
15.916666666666666 2.0000003143680583 0.0 2.000170935039883 0.0009928740283557268 3.143680584715458e-07
16.083333333333332 2.0000001540822954 0.0 2.0002130706813546 0.0010428815426711023 1.5408229544093886e-07
16.25 2.0000000606821784 0.0 2.0002728824302367 0.001028528447423536 6.068217856011783e-08
16.416666666666664 2.0000000207024224 0.0 2.000298602511387 0.0013102915991047845 2.0702422360275453e-08
16.583333333333332 2.000000006305682 0.0 2.000311860684744 0.0018271659064671136 6.3056820221046515e-09
16.75 2.0000000017403567 0.0 2.0004760826902594 0.0021600259115346788 1.7403567350686184e-09
16.916666666666664 2.000000000438766 0.0 2.000780238831479 0.002853567923196694 4.387658807002327e-10
17.083333333333332 2.0000000001014935 0.0 2.000976888101975 0.005121680482549138 1.014933722141809e-10
17.25 2.0000000000215867 0.0 2.0017099435763774 0.007740781861711634 2.1586786279083474e-11
17.416666666666664 2.0000000000042233 0.0 2.0030346390839138 0.012042505581922451 4.2235089930714026e-12
17.583333333333332 2.0000000000007594 0.0 2.0042751462387542 0.021307842423125636 7.592478361812798e-13
17.75 2.0000000000001252 0.0 2.0071671866082057 0.03018774172053105 1.250209723893004e-13
17.916666666666664 2.0000000000000187 0.0 2.0106216475294243 0.047926159322135085 1.8747527228525408e-14
18.083333333333332 2.0000000000000027 0.0 2.016157828161145 0.07204625339478006 2.5333401633201907e-15
18.25 2.0000000000000004 0.0 2.02364091449432 0.10586146011216355 3.023468242913689e-16
18.416666666666664 2.0 0.0 2.0323164004333627 0.14464441359465474 3.049792409107492e-17
18.583333333333332 2.0 0.0 2.039099564401984 0.17551489581637242 2.2864741340932534e-18
18.75 2.0 0.0 2.0431941463766496 0.1946544222976933 4.8921798420998234e-20
18.916666666666664 2.0 0.0 2.0452729410076302 0.20446628231652944 -2.3764166023539732e-20
19.083333333333332 2.0 0.0 2.0460755776499697 0.2077389008813033 -6.0480580753002996e-21
19.25 2.0 0.0 2.0462397248317434 0.20762491502426145 -9.976476910669732e-22
19.416666666666664 2.0 0.0 2.045959294131201 0.20685490841999615 -1.3451909996525968e-22
19.583333333333332 2.0 0.0 2.0448009146844934 0.20467178763551233 -1.581026906009875e-23
19.75 2.0 0.0 2.0440320608223495 0.19412891531379944 -1.6638083285143045e-24
19.916666666666664 2.0 0.0 2.0403351217569305 0.18433613160577703 -1.5890168470826145e-25
20.083333333333332 2.0 0.0 2.0356691529482327 0.15910910031253162 -1.3874317539842994e-26
20.25 2.0 0.0 2.027430854238971 0.1229239961145347 -1.111987969600823e-27
20.416666666666664 2.0 0.0 2.017408372189277 0.07760847332132212 -8.196099066332472e-29
20.583333333333332 2.0 0.0 2.0099221818309685 0.04411330805749013 -5.556718676035089e-30
20.75 2.0 0.0 2.005448757417298 0.0241855295426034 -3.4602839938301873e-31
20.916666666666664 2.0 0.0 2.002894242761414 0.012834817123414164 -1.972439459912529e-32
21.083333333333332 2.0 0.0 2.001491086536828 0.0066089923906097366 -1.0226604240371882e-33
21.25 2.0 0.0 2.000746335074695 0.0033071010343701506 -4.767397604445987e-35
21.416666666666664 2.0 0.0 2.000363374878238 0.0016099265166925254 -1.9540924089693182e-36
21.583333333333332 2.0 0.0 2.000172268267665 0.0007631671559943657 -6.695798525736964e-38
21.75 2.0 0.0 2.0000796018995106 0.0003526089737145045 -1.637631564719423e-39
21.916666666666664 2.0 0.0 2.0000358911001865 0.00015892959870520838 -3.4032188376691595e-42
22.083333333333332 2.0 0.0 2.000015802010684 6.987102457870128e-05 2.791890533643185e-42
22.25 2.0 0.0 2.0000067773145433 2.9784756950473894e-05 2.2523830569655327e-43
22.416666666666664 2.0 0.0 2.0000027834315257 1.1952281341694052e-05 1.2555518197789972e-44
22.583333333333332 2.0 0.0 2.0000010090749427 4.1395913518201776e-06 5.803765865629241e-46
22.75 2.0 0.0 2.000000245776274 9.907994530207243e-07 2.351308388844086e-47
22.916666666666664 2.0 0.0 1.999999982665725 -7.834962528557684e-08 8.551735704348721e-49
23.083333333333332 2.0 0.0 1.999999934943175 -2.8808712841063526e-07 2.8266291799891444e-50
23.25 2.0 0.0 1.9999999600653229 -1.7690538297751736e-07 8.548289091174405e-52
23.416666666666664 2.0 0.0 1.9999999895322522 -4.635760775142779e-08 2.3739378149650956e-53
23.583333333333332 2.0 0.0 2.000000002978783 1.3195948310286584e-08 6.063664286950499e-55
23.75 2.0 0.0 2.0000000044759734 1.9827830749963722e-08 1.4244864646060943e-56
23.916666666666664 2.0 0.0 2.0000000021396915 9.477858319910919e-09 3.072571435861167e-58
24.083333333333332 2.0 0.0 2.000000000288975 1.2795971064723313e-09 6.062135519306203e-60
24.25 2.0 0.0 1.9999999996843685 -1.3956778252435944e-09 1.0864518245663961e-61
24.416666666666664 2.0 0.0 1.9999999997428768 -1.1294388458633827e-09 1.7464337008906182e-63
24.583333333333332 2.0 0.0 1.9999999999165452 -3.5670595866120156e-10 2.455912479307503e-65
24.75 2.0 0.0 2.000000000009541 2.968012698013032e-11 2.850203213424424e-67
24.916666666666664 2.0 0.0 2.000000000033242 5.0556000236543724e-11 2.2393696239452313e-69
