0.08333333333333333 2.0 0.0 2.0000000000388702 -2.4863921724328484e-11 -2.2393696239451417e-69
0.25 2.0 0.0 2.0000000000165405 2.232576515469221e-11 -2.850203213424424e-67
0.41666666666666663 2.0 0.0 1.999999999913117 4.1110807033665835e-10 -2.455912479307425e-65
0.5833333333333333 2.0 0.0 1.9999999997339795 1.1737302503052118e-09 -1.7464337008905642e-63
0.75 2.0 0.0 1.999999999693717 1.3489969828781915e-09 -1.0864518245663961e-61
0.9166666666666666 2.0 0.0 2.000000000356726 -1.5835051219989078e-09 -6.062135519306023e-60
1.0833333333333333 2.0 0.0 2.0000000022779703 -1.009137391638868e-08 -3.0725714358609898e-58
1.25 2.0 0.0 2.0000000045540505 -2.0173459734228456e-08 -1.4244864646060943e-56
1.4166666666666665 2.0 0.0 2.000000002608002 -1.1553290058588151e-08 -6.0636642869503236e-55
1.5833333333333333 2.0 0.0 1.9999999882253205 5.214597690563776e-08 -2.3739378149649954e-53
1.75 2.0 0.0 1.9999999580835297 1.8568729265217083e-07 -8.548289091174405e-52
1.9166666666666665 2.0 0.0 1.999999934823605 2.885983376551629e-07 -2.826629179989026e-50
2.083333333333333 2.0 0.0 1.9999999904008776 4.496040738681635e-08 -8.551735704348133e-49
2.25 2.0 0.0 2.000000274273357 -1.103516995222676e-06 -2.351308388844086e-47
2.4166666666666665 2.0 0.0 2.000001081425845 -4.4491689211212595e-06 -5.803765865629009e-46
2.583333333333333 2.0 0.0 2.000002947834747 -1.2686847741805706e-05 -1.2555518197789163e-44
2.75 2.0 0.0 2.0000071550664837 -3.146633573055183e-05 -2.2523830569655327e-43
2.9166666666666665 2.0 0.0 2.0000166658132974 -7.37031032161989e-05 -2.7918905336431368e-42
3.083333333333333 2.0 0.0 2.0000378299152635 -0.00016752182553567125 3.4032188376674753e-42
3.25 2.0 0.0 2.000083850829023 -0.0003714341752242039 1.637631564719423e-39
3.4166666666666665 2.0 0.0 2.000181341504189 -0.0008033665569744889 6.69579852573674e-38
3.583333333333333 2.0 0.0 2.0003822344280597 -0.0016934960544122517 1.954092408969167e-36
3.75 2.0 0.0 2.000784460299259 -0.0034760877273372335 4.767397604445987e-35
3.9166666666666665 2.0 0.0 2.0015659605805958 -0.006941049927513241 1.0226604240371576e-33
4.083333333333333 2.0 0.0 2.0030368613019105 -0.013467975681902609 1.972439459912412e-32
4.25 2.0 0.0 2.0057115333808646 -0.02535434396828703 3.4602839938301873e-31
4.416666666666666 2.0 0.0 2.0103882422793786 -0.046193183820663036 5.5567186760349286e-30
4.583333333333333 2.0 0.0 2.0181896481114556 -0.08111462694791455 8.196099066332122e-29
4.75 2.0 0.0 2.028349091487956 -0.1271092773317979 1.111987969600823e-27
4.916666666666666 2.0 0.0 2.0365060572620886 -0.1628084009766974 1.38743175398427e-26
5.083333333333333 2.0 0.0 2.0410373054051236 -0.1877022080004636 1.5890168470825486e-25
5.25 2.0 0.0 2.044679536397598 -0.1970414618821214 1.6638083285143045e-24
5.416666666666666 2.0 0.0 2.0454139738961823 -0.20735741444776862 1.5810269060098325e-23
5.583333333333333 2.0 0.0 2.0465126716646704 -0.2095220547006797 1.3451909996525538e-22
5.75 2.0 0.0 2.0467844009618212 -0.21011375360224513 9.976476910669732e-22
5.916666666666666 2.0 0.0 2.046597876490249 -0.21007111904739878 6.048058075300206e-21
6.083333333333333 2.0 0.0 2.045721918502518 -0.2065120899902751 2.3764166023539362e-20
6.25 2.0 0.0 2.0435206539185646 -0.19618989391272312 -4.8921798420998234e-20
6.416666666666666 2.0 0.0 2.039256206345511 -0.17626983070334099 -2.2864741340931845e-18
6.583333333333333 2.0 0.0 2.0322839797105896 -0.14448342191031305 -3.049792409107363e-17
6.75 1.9999999999999998 0.0 2.0235269348096416 -0.10531459847857486 -3.023468242913689e-16
6.916666666666666 1.9999999999999976 0.0 2.0160131997153945 -0.07143189348493904 -2.5333401633201316e-15
7.083333333333333 1.9999999999999813 0.0 2.010439452153806 -0.04706675426477007 -1.8747527228524837e-14
7.25 1.999999999999875 0.0 2.006908738121523 -0.029107903704763675 -1.250209723893004e-13
7.416666666666666 1.9999999999992408 0.0 2.0039658107882237 -0.019891696887722785 -7.592478361812659e-13
7.583333333333333 1.9999999999957765 0.0 2.002672837569019 -0.010404881802674374 -4.223508993071295e-12
7.75 1.9999999999784133 0.0 2.001293596801567 -0.005967028266341116 -2.1586786279083474e-11
7.916666666666666 1.9999999998985065 0.0 2.0005390332827675 -0.0031443819204132768 -1.0149337221417915e-10
8.083333333333332 1.999999999561234 0.0 2.000323617254791 -0.0007913410551841838 -4.3876588070022077e-10
8.25 1.9999999982596433 0.0 1.999999139418697 -0.00010629031423668099 -1.7403567350686184e-09
8.416666666666666 1.999999993694318 0.0 1.9998339381264252 0.00028013503102353795 -6.3056820221045696e-09
8.583333333333332 1.9999999792975776 0.0 1.9998288522929606 0.0008067855151759252 -2.0702422360274937e-08
8.75 1.9999999393178214 0.0 1.999804030529251 0.0010560571324548923 -6.068217856011783e-08
8.916666666666666 1.9999998459177046 0.0 1.99975720173404 0.0008621869977314476 -1.540822954409375e-07
9.083333333333332 1.9999996856319415 0.0 1.9997737292286577 0.0008759080440911033 -3.1436805847154385e-07
9.25 1.9999996196032899 0.0 1.999795066814248 0.0008650376978278794 -3.803967102260639e-07
9.416666666666666 2.000000588261848 0.0 1.9998208835142601 0.000782078630797698 5.882618480584264e-07
9.583333333333332 2.0000061251530674 0.0 1.9998458327668873 0.0006385359540246566 6.1251530674769926e-06
9.75 2.0000269519530645 0.0 1.9998844418758863 0.0005125678772929013 2.695195306443837e-05
9.916666666666666 2.0000909893714907 0.0 1.999975512805408 0.00043693463098095665 9.098937149079526e-05
10.083333333333332 2.000262077677205 0.0 2.000169674358422 0.0003732241996176719 0.00026207767720486466
10.25 2.000669374442667 0.0 2.000590032628933 0.0002815924346993549 0.0006693744426668637
10.416666666666666 2.001543742210623 0.0 2.0014747744093464 0.00021079881553229274 0.0015437422106229165
10.583333333333332 2.0032458158338096 0.0 2.003190743821342 0.00017637352188115902 0.003245815833809414
10.75 2.006254988727532 0.0 2.006209532771661 0.00014333774852734097 0.006254988727532051
10.916666666666666 2.011078429957128 0.0 2.011036773930368 9.982899903754783e-05 0.011078429957127956
11.083333333333332 2.018050136662097 0.0 2.0180124578219667 6.970721199249015e-05 0.018050136662097052
11.25 2.0270357568521313 0.0 2.0270044970899663 5.988389699544401e-05 0.027035756852131283
11.416666666666666 2.037135562558247 0.0 2.037108664351979 5.170345277284109e-05 0.03713556255824667
11.583333333333332 2.14655067641497 0.0 2.0465250855276746 3.409756118024881e-05 0.04655067641497013
11.75 2.152787138212377 0.0 2.052762210417307 2.094850531773647e-05 0.05278713821237704
11.916666666666666 2.1532702614718278 0.0 2.053247292557517 1.683311733104121e-05 0.05327026147182771
12.083333333333332 2.1462396961242796 0.0 2.046218096391471 1.4861420145214662e-05 0.04623969612427934
12.25 2.131588407111769 0.0 2.031566458281211 7.30475768636026e-06 0.03158840711176899
12.416666666666666 2.111234779011009 0.0 2.011212490412185 2.3248598361762082e-06 0.011234779011009107
12.583333333333332 2.088765220988991 0.0 1.9887436458113286 5.7267331957299315e-09 -0.011234779011008871
12.75 2.068411592888231 0.0 1.9683912839059376 -8.899323943971947e-07 -0.03158840711176899
12.916666666666666 2.0537603038757206 0.0 1.953740314025167 -2.622497724066672e-06 -0.04623969612427922
13.083333333333332 2.0467297385281724 0.0 1.9467093079977529 3.0351719378219934e-07 -0.05327026147182768
13.25 2.047212861787623 0.0 1.947193510673371 3.234311787050674e-06 -0.05278713821237704
13.416666666666666 2.05344932358503 0.0 1.9534330420195483 -1.3295357152419573e-06 -0.04655067641497021
13.583333333333332 1.9628644374417532 0.0 1.9628501974872266 1.193930990910568e-05 -0.03713556255824678
13.75 1.9729642431478687 0.0 1.9729504497862802 3.428105593626344e-05 -0.027035756852131283
13.916666666666666 1.981949863337903 0.0 1.9819406394997892 4.8643007094204423e-05 -0.01805013666209714
14.083333333333332 1.988921570042872 0.0 1.9889204104440923 4.7347981715027236e-05 -0.01107842995712802
14.25 1.993745011272468 0.0 1.9937505134983984 7.820510397602296e-05 -0.006254988727532051
14.416666666666666 1.9967541841661907 0.0 1.9967615564902865 0.0001375399738026728 -0.0032458158338094373
14.583333333333332 1.998456257789377 0.0 1.998476432186755 0.0001878363503302903 -0.0015437422106229291
14.75 1.999330625557333 0.0 1.9993719794287812 0.0002083992431586559 -0.0006693744426668637
14.916666666666666 1.9997379223227951 0.0 1.999796977875554 0.00028718176081491493 -0.00026207767720486753
15.083333333333332 1.9999090106285091 0.0 1.999974331571464 0.00041124316210429726 -9.098937149079634e-05
15.25 1.9999730480469355 0.0 2.0000581053350914 0.000524504308718312 -2.695195306443837e-05
15.416666666666666 1.9999938748469326 0.0 2.0001130937157905 0.0005555112267651453 -6.125153067477107e-06
15.583333333333332 1.9999994117381519 0.0 2.0001539453323502 0.0006316610826104536 -5.882618480584505e-07
15.75 2.00000038039671 0.0 2.0001637028120394 0.0008007152851090746 3.803967102260639e-07
15.916666666666666 2.0000003143680583 0.0 2.0001720272439463 0.0009975558157144183 3.143680584715458e-07
16.083333333333332 2.0000001540822954 0.0 2.0002142887353833 0.0010481597385724629 1.5408229544093886e-07
16.25 2.0000000606821784 0.0 2.0002740975640823 0.0010343194164051262 6.068217856011783e-08
16.416666666666664 2.0000000207024224 0.0 2.0002998808337003 0.0013156970612497238 2.0702422360275453e-08
16.583333333333332 2.000000006305682 0.0 2.0003130334584265 0.0018319010729428119 6.3056820221046515e-09
16.75 2.0000000017403567 0.0 2.0004769788410743 0.0021648673062832826 1.7403567350686184e-09
16.916666666666664 2.000000000438766 0.0 2.000780936464272 0.0028566905327259058 4.387658807002327e-10
17.083333333333332 2.0000000001014935 0.0 2.000977417297692 0.0051229825773630505 1.014933722141809e-10
17.25 2.0000000000215867 0.0 2.0017099389070676 0.007741918550191024 2.1586786279083474e-11
17.416666666666664 2.0000000000042233 0.0 2.003034336225072 0.012040536881190028 4.2235089930714026e-12
17.583333333333332 2.0000000000007594 0.0 2.0042740794613962 0.021302515910134302 7.592478361812798e-13
17.75 2.0000000000001252 0.0 2.0071652489073806 0.030180374983071866 1.250209723893004e-13
17.916666666666664 2.0000000000000187 0.0 2.010619339357122 0.047915076526218923 1.8747527228525408e-14
18.083333333333332 2.0000000000000027 0.0 2.0161547377270526 0.07203266468187303 2.5333401633201907e-15
18.25 2.0000000000000004 0.0 2.0236371800520696 0.10584446045059351 3.023468242913689e-16
18.416666666666664 2.0 0.0 2.032313039255545 0.14462909642996724 3.049792409107492e-17
18.583333333333332 2.0 0.0 2.0390977456439874 0.1755068582265532 2.2864741340932534e-18
18.75 2.0 0.0 2.043193614381047 0.1946522127696418 4.8921798420998234e-20
18.916666666666664 2.0 0.0 2.045273281065698 0.20446774325407693 -2.3764166023539732e-20
19.083333333333332 2.0 0.0 2.0460763963149935 0.2077423453294949 -6.0480580753002996e-21
19.25 2.0 0.0 2.046240658725356 0.20762926401224574 -9.976476910669732e-22
19.416666666666664 2.0 0.0 2.045960350500158 0.20685971043327211 -1.3451909996525968e-22
19.583333333333332 2.0 0.0 2.0448020979642854 0.20467749229320728 -1.581026906009875e-23
19.75 2.0 0.0 2.044033471749209 0.19413519723300493 -1.6638083285143045e-24
19.916666666666664 2.0 0.0 2.040336537741734 0.18434256165439497 -1.5890168470826145e-25
20.083333333333332 2.0 0.0 2.0356703552904727 0.15911463607054258 -1.3874317539842994e-26
20.25 2.0 0.0 2.0274315915493073 0.12292730779340583 -1.111987969600823e-27
20.416666666666664 2.0 0.0 2.017408654733597 0.07760974109665811 -8.196099066332472e-29
20.583333333333332 2.0 0.0 2.0099223593834425 0.04411410041617973 -5.556718676035089e-30
20.75 2.0 0.0 2.005448904144931 0.024186182134980687 -3.4602839938301873e-31
20.916666666666664 2.0 0.0 2.002894366901183 0.012835368205553477 -1.972439459912529e-32
21.083333333333332 2.0 0.0 2.0014911847270493 0.006609427829414908 -1.0226604240371882e-33
21.25 2.0 0.0 2.0007464066796605 0.003307418406522495 -4.767397604445987e-35
21.416666666666664 2.0 0.0 2.0003634233298384 0.0016101412079370949 -1.9540924089693182e-36
21.583333333333332 2.0 0.0 2.0001722989457424 0.0007633030723477904 -6.695798525736964e-38
21.75 2.0 0.0 2.0000796201860966 0.00035268999090366684 -1.637631564719423e-39
21.916666666666664 2.0 0.0 2.000035901391416 0.00015897520304609516 -3.4032188376691595e-42
22.083333333333332 2.0 0.0 2.000015807476359 6.989526570491573e-05 2.791890533643185e-42
22.25 2.0 0.0 2.000006780044519 2.979690022530042e-05 2.2523830569655327e-43
22.416666666666664 2.0 0.0 2.0000027847069575 1.19579841418866e-05 1.2555518197789972e-44
22.583333333333332 2.0 0.0 2.0000010096269323 4.1419480151613084e-06 5.803765865629241e-46
22.75 2.0 0.0 2.000000245957495 9.914813646310843e-07 2.351308388844086e-47
22.916666666666664 2.0 0.0 1.9999999826742312 -7.831800091281625e-08 8.551735704348721e-49
23.083333333333332 2.0 0.0 1.9999999349035962 -2.882621973682958e-07 2.8266291799891444e-50
23.25 2.0 0.0 1.9999999600364837 -1.770331416045573e-07 8.548289091174405e-52
23.416666666666664 2.0 0.0 1.9999999895293703 -4.6370336482729006e-08 2.3739378149650956e-53
23.583333333333332 2.0 0.0 2.0000000029904443 1.3247598863467663e-08 6.063664286950499e-55
23.75 2.0 0.0 2.00000000448767 1.9879634005435277e-08 1.4244864646060943e-56
23.916666666666664 2.0 0.0 2.00000000214511 9.501850652705416e-09 3.072571435861167e-58
24.083333333333332 2.0 0.0 2.000000000289111 1.2802046884308375e-09 6.062135519306203e-60
24.25 2.0 0.0 1.9999999996825406 -1.4037084191682874e-09 1.0864518245663961e-61
24.416666666666664 2.0 0.0 1.9999999997413669 -1.1359918289324564e-09 1.7464337008906182e-63
24.583333333333332 2.0 0.0 1.9999999999159674 -3.591846896430276e-10 2.455912479307503e-65
24.75 2.0 0.0 2.000000000009612 2.966703571294036e-11 2.850203213424424e-67
24.916666666666664 2.0 0.0 2.0000000000335656 5.084153662727282e-11 2.2393696239452313e-69
