0.08333333333333333 2.0 0.0 2.00000000003887 -2.48563767915172e-11 -2.2393696239451417e-69
0.25 2.0 0.0 2.000000000016546 2.2287584824580547e-11 -2.850203213424424e-67
0.41666666666666663 2.0 0.0 1.9999999999131381 4.1100383765742944e-10 -2.455912479307425e-65
0.5833333333333333 2.0 0.0 1.9999999997340059 1.1736112456432964e-09 -1.7464337008905642e-63
0.75 2.0 0.0 1.999999999693689 1.3491235796147719e-09 -1.0864518245663961e-61
0.9166666666666666 2.0 0.0 2.0000000003565375 -1.5826633249261667e-09 -6.062135519306023e-60
1.0833333333333333 2.0 0.0 2.0000000022775923 -1.0089696858179276e-08 -3.0725714358609898e-58
1.25 2.0 0.0 2.0000000045538506 -2.0172573441308954e-08 -1.4244864646060943e-56
1.4166666666666665 2.0 0.0 2.000000002609028 -1.155783696109443e-08 -6.0636642869503236e-55
1.5833333333333333 2.0 0.0 1.9999999882288224 5.213046262851445e-08 -2.3739378149649954e-53
1.75 2.0 0.0 1.9999999580886891 1.8566442692643342e-07 -8.548289091174405e-52
1.9166666666666665 2.0 0.0 1.9999999348236885 2.885980193547556e-07 -2.826629179989026e-50
2.083333333333333 2.0 0.0 1.9999999903806007 4.504767056896887e-08 -8.551735704348133e-49
2.25 2.0 0.0 2.0000002742006884 -1.103228427715682e-06 -2.351308388844086e-47
2.4166666666666665 2.0 0.0 2.000001081245733 -4.448394760514326e-06 -5.803765865629009e-46
2.583333333333333 2.0 0.0 2.0000029474339387 -1.268505590676476e-05 -1.2555518197789163e-44
2.75 2.0 0.0 2.000007154170861 -3.146235043283534e-05 -2.2523830569655327e-43
2.9166666666666665 2.0 0.0 2.000016663836687 -7.369433561857738e-05 -2.7918905336431368e-42
3.083333333333333 2.0 0.0 2.000037825660658 -0.0001675029709503872 3.4032188376674753e-42
3.25 2.0 0.0 2.0000838419511933 -0.00037139484151754 1.637631564719423e-39
3.4166666666666665 2.0 0.0 2.000181323613085 -0.0008032872896276586 6.69579852573674e-38
3.583333333333333 2.0 0.0 2.000382199724486 -0.0016933422769932235 1.954092408969167e-36
3.75 2.0 0.0 2.000784395767906 -0.003475801695421712 4.767397604445987e-35
3.9166666666666665 2.0 0.0 2.001565846178129 -0.006940542558018688 1.0226604240371576e-33
4.083333333333333 2.0 0.0 2.0030366695101787 -0.013467124190832895 1.972439459912412e-32
4.25 2.0 0.0 2.0057112332564304 -0.02535300894412832 3.4602839938301873e-31
4.416666666666666 2.0 0.0 2.010387813658952 -0.04619127076171573 5.5567186760349286e-30
4.583333333333333 2.0 0.0 2.018189131994581 -0.08111231003334757 8.196099066332122e-29
4.75 2.0 0.0 2.0283489132796126 -0.1271084433690054 1.111987969600823e-27
4.916666666666666 2.0 0.0 2.03650633031043 -0.16280969553678337 1.38743175398427e-26
5.083333333333333 2.0 0.0 2.0410378473308346 -0.1877047112360511 1.5890168470825486e-25
5.25 2.0 0.0 2.0446802117509097 -0.19704435650055419 1.6638083285143045e-24
5.416666666666666 2.0 0.0 2.0454146136640396 -0.20736055933032957 1.5810269060098325e-23
5.583333333333333 2.0 0.0 2.0465133253704764 -0.2095250643254707 1.3451909996525538e-22
5.75 2.0 0.0 2.0467850577235955 -0.2101166633789635 9.976476910669732e-22
5.916666666666666 2.0 0.0 2.0465984971498634 -0.21007393197524107 6.048058075300206e-21
6.083333333333333 2.0 0.0 2.045722434704645 -0.20651450858176795 2.3764166023539362e-20
6.25 2.0 0.0 2.0435209903370772 -0.1961914937856002 -4.8921798420998234e-20
6.416666666666666 2.0 0.0 2.03925629958681 -0.17627025805589314 -2.2864741340931845e-18
6.583333333333333 2.0 0.0 2.032283833953329 -0.14448271435654655 -3.049792409107363e-17
6.75 1.9999999999999998 0.0 2.023526638907456 -0.10531321731086302 -3.023468242913689e-16
6.916666666666666 1.9999999999999976 0.0 2.0160127044582454 -0.07142999719409729 -2.5333401633201316e-15
7.083333333333333 1.9999999999999813 0.0 2.0104389417572297 -0.047063716742837075 -1.8747527228524837e-14
7.25 1.999999999999875 0.0 2.006908007342602 -0.02910559119087957 -1.250209723893004e-13
7.416666666666666 1.9999999999992408 0.0 2.003965356013588 -0.019889451735429428 -7.592478361812659e-13
7.583333333333333 1.9999999999957765 0.0 2.002672716914328 -0.01040372759694078 -4.223508993071295e-12
7.75 1.9999999999784133 0.0 2.0012934945669176 -0.005967254469948998 -2.1586786279083474e-11
7.916666666666666 1.9999999998985065 0.0 2.0005391100040857 -0.003144358873481486 -1.0149337221417915e-10
8.083333333333332 1.999999999561234 0.0 2.000323716931114 -0.00079175912579236 -4.3876588070022077e-10
8.25 1.9999999982596433 0.0 1.9999992668410609 -0.00010706573633625821 -1.7403567350686184e-09
8.416666666666666 1.999999993694318 0.0 1.9998341011492486 0.0002794417340157411 -6.3056820221045696e-09
8.583333333333332 1.9999999792975776 0.0 1.999829025108824 0.0008060764712316544 -2.0702422360274937e-08
8.75 1.9999999393178214 0.0 1.999804186692562 0.0010553298743444612 -6.068217856011783e-08
8.916666666666666 1.9999998459177046 0.0 1.9997573507414912 0.0008616243226238161 -1.540822954409375e-07
9.083333333333332 1.9999996856319415 0.0 1.9997736967816957 0.0008760258463806362 -3.1436805847154385e-07
9.25 1.9999996196032899 0.0 1.9997948805132546 0.0008657505317068086 -3.803967102260639e-07
9.416666666666666 2.000000588261848 0.0 1.9998206360240753 0.0007830335605680293 5.882618480584264e-07
9.583333333333332 2.0000061251530674 0.0 1.9998456533190132 0.0006395152026452205 6.1251530674769926e-06
9.75 2.0000269519530645 0.0 1.9998842676289852 0.0005134173098938783 2.695195306443837e-05
9.916666666666666 2.0000909893714907 0.0 1.9999753426432494 0.00043755558885247075 9.098937149079526e-05
10.083333333333332 2.000262077677205 0.0 2.0001695399444457 0.00037379127245352583 0.00026207767720486466
10.25 2.000669374442667 0.0 2.0005899544143717 0.00028209563731515345 0.0006693744426668637
10.416666666666666 2.001543742210623 0.0 2.0014747156841044 0.00021111107337456998 0.0015437422106229165
10.583333333333332 2.0032458158338096 0.0 2.0031907082836806 0.00017643267071587278 0.003245815833809414
10.75 2.006254988727532 0.0 2.0062095277031613 0.00014327358870614774 0.006254988727532051
10.916666666666666 2.011078429957128 0.0 2.0110367967340217 9.967831026011228e-05 0.011078429957127956
11.083333333333332 2.018050136662097 0.0 2.0180124965214175 6.954375263157214e-05 0.018050136662097052
11.25 2.0270357568521313 0.0 2.027004538176885 5.9756477538282845e-05 0.027035756852131283
11.416666666666666 2.037135562558247 0.0 2.037108697787407 5.159333540495194e-05 0.03713556255824667
11.583333333333332 2.14655067641497 0.0 2.0465251038354193 3.400861432065587e-05 0.04655067641497013
11.75 2.152787138212377 0.0 2.0527622163036794 2.0893674442209405e-05 0.05278713821237704
11.916666666666666 2.1532702614718278 0.0 2.0532472916615707 1.6816947944493497e-05 0.05327026147182771
12.083333333333332 2.1462396961242796 0.0 2.0462180966169683 1.484950263691321e-05 0.04623969612427934
12.25 2.131588407111769 0.0 2.031566456568741 7.286289355841613e-06 0.03158840711176899
12.416666666666666 2.111234779011009 0.0 2.011212497316358 2.315042416260348e-06 0.011234779011009107
12.583333333333332 2.088765220988991 0.0 1.9887436607520441 -2.063211510754522e-09 -0.011234779011008871
12.75 2.068411592888231 0.0 1.9683912876903837 -8.369448455944901e-07 -0.03158840711176899
12.916666666666666 2.0537603038757206 0.0 1.9537403001314875 -2.5508280328698734e-06 -0.04623969612427922
13.083333333333332 2.0467297385281724 0.0 1.9467092838164977 4.211394256351081e-07 -0.05327026147182768
13.25 2.047212861787623 0.0 1.947193501068419 3.289923620566858e-06 -0.05278713821237704
13.416666666666666 2.05344932358503 0.0 1.9534330402948592 -1.318642606931171e-06 -0.04655067641497021
13.583333333333332 1.9628644374417532 0.0 1.962850184687877 1.1967476909456309e-05 -0.03713556255824678
13.75 1.9729642431478687 0.0 1.9729504483986475 3.4278368492602025e-05 -0.027035756852131283
13.916666666666666 1.981949863337903 0.0 1.9819406536947937 4.851636855305897e-05 -0.01805013666209714
14.083333333333332 1.988921570042872 0.0 1.988920423822969 4.725140892432738e-05 -0.01107842995712802
14.25 1.993745011272468 0.0 1.9937504842118359 7.823187751016634e-05 -0.006254988727532051
14.416666666666666 1.9967541841661907 0.0 1.996761522001277 0.0001376160501561249 -0.0032458158338094373
14.583333333333332 1.998456257789377 0.0 1.9984764176604357 0.00018771936040304674 -0.0015437422106229291
14.75 1.999330625557333 0.0 1.9993719744400011 0.0002082050270331131 -0.0006693744426668637
14.916666666666666 1.9997379223227951 0.0 1.9997969241942954 0.0002871432339810429 -0.00026207767720486753
15.083333333333332 1.9999090106285091 0.0 1.9999742497607764 0.0004113163873832517 -9.098937149079634e-05
15.25 1.9999730480469355 0.0 2.000058099973756 0.0005243532415292608 -2.695195306443837e-05
15.416666666666666 1.9999938748469326 0.0 2.000113156776381 0.0005551739133845433 -6.125153067477107e-06
15.583333333333332 1.9999994117381519 0.0 2.000153971150599 0.0006319421102727785 -5.882618480584505e-07
15.75 2.00000038039671 0.0 2.0001636726659027 0.0008013320808514437 3.803967102260639e-07
15.916666666666666 2.0000003143680583 0.0 2.000172140286116 0.000998175129000278 3.143680584715458e-07
16.083333333333332 2.0000001540822954 0.0 2.000214532908231 0.0010482680214545684 1.5408229544093886e-07
16.25 2.0000000606821784 0.0 2.000274354487798 0.001034974018114717 6.068217856011783e-08
16.416666666666664 2.0000000207024224 0.0 2.0002998789040642 0.0013169023210498046 2.0702422360275453e-08
16.583333333333332 2.000000006305682 0.0 2.0003131637670437 0.0018330934640061565 6.3056820221046515e-09
16.75 2.0000000017403567 0.0 2.0004773281221975 0.00216405303831682 1.7403567350686184e-09
16.916666666666664 2.000000000438766 0.0 2.0007810448094427 0.002857778115176276 4.387658807002327e-10
17.083333333333332 2.0000000001014935 0.0 2.0009773051063915 0.005124851139329638 1.014933722141809e-10
17.25 2.0000000000215867 0.0 2.001710274359712 0.007739781556792081 2.1586786279083474e-11
17.416666666666664 2.0000000000042233 0.0 2.0030341096746147 0.012042120249198332 4.2235089930714026e-12
17.583333333333332 2.0000000000007594 0.0 2.00427463594405 0.02130672176755852 7.592478361812798e-13
17.75 2.0000000000001252 0.0 2.007166616455724 0.030181812729248192 1.250209723893004e-13
17.916666666666664 2.0000000000000187 0.0 2.010619353243583 0.04791852892768185 1.8747527228525408e-14
18.083333333333332 2.0000000000000027 0.0 2.0161546826741676 0.07203118814838148 2.5333401633201907e-15
18.25 2.0000000000000004 0.0 2.0236365914068672 0.10584200396172047 3.023468242913689e-16
18.416666666666664 2.0 0.0 2.032312542229993 0.14462683727263223 3.049792409107492e-17
18.583333333333332 2.0 0.0 2.0390973293161894 0.17550494981527767 2.2864741340932534e-18
18.75 2.0 0.0 2.0431931223020254 0.19464996471664575 4.8921798420998234e-20
18.916666666666664 2.0 0.0 2.045272705123742 0.20446511000269846 -2.3764166023539732e-20
19.083333333333332 2.0 0.0 2.0460757798428144 0.2077394936380114 -6.0480580753002996e-21
19.25 2.0 0.0 2.046240038022652 0.20762640000782465 -9.976476910669732e-22
19.416666666666664 2.0 0.0 2.045959702165601 0.20685708694288074 -1.3451909996525968e-22
19.583333333333332 2.0 0.0 2.044801551757222 0.2046744762907448 -1.581026906009875e-23
19.75 2.0 0.0 2.0440329034929277 0.19413264257461696 -1.6638083285143045e-24
19.916666666666664 2.0 0.0 2.040336178175427 0.18434126817541646 -1.5890168470826145e-25
20.083333333333332 2.0 0.0 2.0356705482525053 0.15911524339001532 -1.3874317539842994e-26
20.25 2.0 0.0 2.0274324321636326 0.12293118876373471 -1.111987969600823e-27
20.416666666666664 2.0 0.0 2.017409663598662 0.07761426731247542 -8.196099066332472e-29
20.583333333333332 2.0 0.0 2.0099229195578587 0.0441165997875469 -5.556718676035089e-30
20.75 2.0 0.0 2.005449166045826 0.024187346947379854 -3.4602839938301873e-31
20.916666666666664 2.0 0.0 2.0028944662263166 0.012835809153387612 -1.972439459912529e-32
21.083333333333332 2.0 0.0 2.0014912079450746 0.006609530806262072 -1.0226604240371882e-33
21.25 2.0 0.0 2.000746400699172 0.003307391903974449 -4.767397604445987e-35
21.416666666666664 2.0 0.0 2.0003634101081396 0.001610082623873733 -1.9540924089693182e-36
21.583333333333332 2.0 0.0 2.0001722869825644 0.0007632500720574063 -6.695798525736964e-38
21.75 2.0 0.0 2.000079611693531 0.0003526523660997941 -1.637631564719423e-39
21.916666666666664 2.0 0.0 2.000035896128507 0.00015895188206650648 -3.4032188376691595e-42
22.083333333333332 2.0 0.0 2.0000158045358627 6.988222547956975e-05 2.791890533643185e-42
22.25 2.0 0.0 2.0000067785544786 2.9790273497089008e-05 2.2523830569655327e-43
22.416666666666664 2.0 0.0 2.0000027840295838 1.1954954564443383e-05 1.2555518197789972e-44
22.583333333333332 2.0 0.0 2.0000010093601457 4.140821269726658e-06 5.803765865629241e-46
22.75 2.0 0.0 2.000000245896886 9.912835735570766e-07 2.351308388844086e-47
22.916666666666664 2.0 0.0 1.9999999827009511 -7.819712850827482e-08 8.551735704348721e-49
23.083333333333332 2.0 0.0 1.9999999349428912 -2.880882932979503e-07 2.8266291799891444e-50
23.25 2.0 0.0 1.9999999600558365 -1.7694741940201726e-07 8.548289091174405e-52
23.416666666666664 2.0 0.0 1.999999989525761 -4.6386357563599696e-08 2.3739378149650956e-53
23.583333333333332 2.0 0.0 2.000000002976837 1.318732616420699e-08 6.063664286950499e-55
23.75 2.0 0.0 2.0000000044762505 1.9829057737457695e-08 1.4244864646060943e-56
23.916666666666664 2.0 0.0 2.0000000021402617 9.480385243861388e-09 3.072571435861167e-58
24.083333333333332 2.0 0.0 2.0000000002892158 1.2806588005382998e-09 6.062135519306203e-60
24.25 2.0 0.0 1.9999999996843703 -1.395669865184992e-09 1.0864518245663961e-61
24.416666666666664 2.0 0.0 1.9999999997428328 -1.129632528628989e-09 1.7464337008906182e-63
24.583333333333332 2.0 0.0 1.9999999999165312 -3.5675866385777753e-10 2.455912479307503e-65
24.75 2.0 0.0 2.000000000009549 2.9726056676191815e-11 2.850203213424424e-67
24.916666666666664 2.0 0.0 2.0000000000332534 5.058583630965337e-11 2.2393696239452313e-69
