0.08333333333333333 2.0 0.0 1.9999999997912934 -2.073994387095996e-66 -2.2393696239451417e-69
0.25 2.0 0.0 1.999999999727906 1.1329569928703556e-09 -2.850203213424424e-67
0.41666666666666663 2.0 0.0 1.9999999996751756 1.620141437814941e-09 -2.455912479307425e-65
0.5833333333333333 2.0 0.0 2.000000000042678 -4.3413655741292645e-11 -1.7464337008905642e-63
0.75 2.0 0.0 2.000000001373351 -6.027034919228291e-09 -1.0864518245663961e-61
0.9166666666666666 2.0 0.0 2.000000003751997 -1.6617289855672986e-08 -6.062135519306023e-60
1.0833333333333333 2.0 0.0 2.0000000055596603 -2.463971076595352e-08 -3.0725714358609898e-58
1.25 2.0 0.0 2.000000002130888 -9.44880751152705e-09 -1.4244864646060943e-56
1.4166666666666665 2.0 0.0 1.9999999864040587 6.021165955076074e-08 -6.0636642869503236e-55
1.5833333333333333 2.0 0.0 1.9999999551909124 1.9849212511754782e-07 -2.3739378149649954e-53
1.75 2.0 0.0 1.999999923536122 3.386646286125405e-07 -8.548289091174405e-52
1.9166666666666665 2.0 0.0 1.999999941753345 2.5830827774680686e-07 -2.826629179989026e-50
2.083333333333333 2.0 0.0 2.0000001067007602 -4.420074178083255e-07 -8.551735704348133e-49
2.25 2.0 0.0 2.00000060569488 -2.481157468301861e-06 -2.351308388844086e-47
2.4166666666666665 2.0 0.0 2.0000017658341767 -7.466218181646712e-06 -5.803765865629009e-46
2.583333333333333 2.0 0.0 2.000004221815029 -1.8382300450762815e-05 -1.2555518197789163e-44
2.75 2.0 0.0 2.000009423039068 -4.154335650313236e-05 -2.2523830569655327e-43
2.9166666666666665 2.0 0.0 2.0000205102137505 -9.074784600399779e-05 -2.7918905336431368e-42
3.083333333333333 2.0 0.0 2.0000440114072706 -0.00019491277141263114 3.4032188376674753e-42
3.25 2.0 0.0 2.0000931979538743 -0.00041284522897278 1.637631564719423e-39
3.4166666666666665 2.0 0.0 2.0001944039673107 -0.0008612391160273396 6.69579852573674e-38
3.583333333333333 2.0 0.0 2.000398496580493 -0.0017655549583908674 1.954092408969167e-36
3.75 2.0 0.0 2.0008008330314744 -0.003548657076121698 4.767397604445987e-35
3.9166666666666665 2.0 0.0 2.0015742602834328 -0.00697785469855073 1.0226604240371576e-33
4.083333333333333 2.0 0.0 2.003020189297093 -0.013393953309693226 1.972439459912412e-32
4.25 2.0 0.0 2.0056401842627785 -0.025036973126968665 3.4602839938301873e-31
4.416666666666666 2.0 0.0 2.0102175719674418 -0.04543150624901772 5.5567186760349286e-30
4.583333333333333 2.0 0.0 2.017872924753346 -0.07969309425920948 8.196099066332122e-29
4.75 2.0 0.0 2.0280725252117193 -0.12583486214916573 1.111987969600823e-27
4.916666666666666 2.0 0.0 2.036400807762149 -0.16240037617651623 1.38743175398427e-26
5.083333333333333 2.0 0.0 2.0410777014809893 -0.18780614246725133 1.5890168470825486e-25
5.25 2.0 0.0 2.0447809690880523 -0.1974788190884208 1.6638083285143045e-24
5.416666666666666 2.0 0.0 2.04551447377919 -0.20795052277544715 1.5810269060098325e-23
5.583333333333333 2.0 0.0 2.046643191618805 -0.21004597440876138 1.3451909996525538e-22
5.75 2.0 0.0 2.0469141485809366 -0.21069510274305842 9.976476910669732e-22
5.916666666666666 2.0 0.0 2.046727763034096 -0.21068065748111225 6.048058075300206e-21
6.083333333333333 2.0 0.0 2.045853731986264 -0.20712719589532513 2.3764166023539362e-20
6.25 2.0 0.0 2.043662675580797 -0.196839404387895 -4.8921798420998234e-20
6.416666666666666 2.0 0.0 2.039444430323818 -0.1771187134941644 -2.2864741340931845e-18
6.583333333333333 2.0 0.0 2.0326056432414283 -0.14594022836520348 -3.049792409107363e-17
6.75 1.9999999999999998 0.0 2.02397873288794 -0.1072563534819159 -3.023468242913689e-16
6.916666666666666 1.9999999999999976 0.0 2.0163371348649464 -0.07358954524312282 -2.5333401633201316e-15
7.083333333333333 1.9999999999999813 0.0 2.010997548337688 -0.04733596954748967 -1.8747527228524837e-14
7.25 1.999999999999875 0.0 2.006641196235714 -0.0320160795011974 -1.250209723893004e-13
7.416666666666666 1.9999999999992408 0.0 2.0045188519591766 -0.017779994866258496 -7.592478361812659e-13
7.583333333333333 1.9999999999957765 0.0 2.002240465751925 -0.011221098907097275 -4.223508993071295e-12
7.75 1.9999999999784133 0.0 2.001116422728574 -0.004751367162123776 -2.1586786279083474e-11
7.916666666666666 1.9999999998985065 0.0 2.0003155126514516 -0.0013488778350364107 -1.0149337221417915e-10
8.083333333333332 1.999999999561234 0.0 1.9998397735901607 0.00040289075797809217 -4.3876588070022077e-10
8.25 1.9999999982596433 0.0 1.999675228371291 0.001670850055260193 -1.7403567350686184e-09
8.416666666666666 1.999999993694318 0.0 1.9995089769361267 0.0019180666301887785 -6.3056820221045696e-09
8.583333333333332 1.9999999792975776 0.0 1.9994720679994449 0.0022586931852233965 -2.0702422360274937e-08
8.75 1.9999999393178214 0.0 1.9994710730820306 0.002400446142792779 -6.068217856011783e-08
8.916666666666666 1.9999998459177046 0.0 1.99946224858163 0.002297868660501541 -1.540822954409375e-07
9.083333333333332 1.9999996856319415 0.0 1.9994884146677199 0.0021224896955993533 -3.1436805847154385e-07
9.25 1.9999996196032899 0.0 1.999567718518214 0.0018211854847297764 -3.803967102260639e-07
9.416666666666666 2.000000588261848 0.0 1.9996638780056282 0.0014983765207517558 5.882618480584264e-07
9.583333333333332 2.0000061251530674 0.0 1.9997273415782242 0.001179024670722366 6.1251530674769926e-06
9.75 2.0000269519530645 0.0 1.9997897493171974 0.0009461548182766319 2.695195306443837e-05
9.916666666666666 2.0000909893714907 0.0 1.999897153852464 0.0007857151766266813 9.098937149079526e-05
10.083333333333332 2.000262077677205 0.0 2.00011851727459 0.0007147083601636517 0.00026207767720486466
10.25 2.000669374442667 0.0 2.0005827978544692 0.0007076555955597502 0.0006693744426668637
10.416666666666666 2.001543742210623 0.0 2.001505421889921 0.0007855092967310895 0.0015437422106229165
10.583333333333332 2.0032458158338096 0.0 2.003255828571226 0.0009144379097958146 0.003245815833809414
10.75 2.006254988727532 0.0 2.0063137167218605 0.0010574828226593024 0.006254988727532051
10.916666666666666 2.011078429957128 0.0 2.0111597000214707 0.0011346705171620228 0.011078429957127956
11.083333333333332 2.018050136662097 0.0 2.018178044020909 0.0008229825540366253 0.018050136662097052
11.25 2.0270357568521313 0.0 2.027137775350594 0.0005019742862308976 0.027035756852131283
11.416666666666666 2.037135562558247 0.0 2.0371520947008084 0.0011553004736959622 0.03713556255824667
11.583333333333332 2.14655067641497 0.0 2.0461729556922412 0.003816106862382852 0.04655067641497013
11.75 2.152787138212377 0.0 2.052017733264638 0.006724024284505761 0.05278713821237704
11.916666666666666 2.1532702614718278 0.0 2.0526316265876017 -0.00861435388921196 0.05327026147182771
12.083333333333332 2.1462396961242796 0.0 2.0457183617869696 -0.00837254640044785 0.04623969612427934
12.25 2.131588407111769 0.0 2.03119073059013 -0.004923004742193447 0.03158840711176899
12.416666666666666 2.111234779011009 0.0 2.0112890716605447 -0.0027987824329153313 0.011234779011009107
12.583333333333332 2.088765220988991 0.0 1.9887634924814401 -0.002856277903235856 -0.011234779011008871
12.75 2.068411592888231 0.0 1.968842841994893 -0.004876488463212196 -0.03158840711176899
12.916666666666666 2.0537603038757206 0.0 1.9542895086801426 -0.008052722313837489 -0.04623969612427922
13.083333333333332 2.0467297385281724 0.0 1.947361606108401 -0.00818382045444094 -0.05327026147182768
13.25 2.047212861787623 0.0 1.9479824287319707 0.006841223501953325 -0.05278713821237704
13.416666666666666 2.05344932358503 0.0 1.9538543792638117 0.004122000613956078 -0.04655067641497021
13.583333333333332 1.9628644374417532 0.0 1.9629106313231905 0.0015968772402281646 -0.03713556255824678
13.75 1.9729642431478687 0.0 1.9729298015045107 0.0009482335729151127 -0.027035756852131283
13.916666666666666 1.981949863337903 0.0 1.9818975406015356 0.001215211561985541 -0.01805013666209714
14.083333333333332 1.988921570042872 0.0 1.9888994029588467 0.0015216602407869947 -0.01107842995712802
14.25 1.993745011272468 0.0 1.9937315314539612 0.0014200689892793147 -0.006254988727532051
14.416666666666666 1.9967541841661907 0.0 1.99677981438574 0.0012274823946795456 -0.0032458158338094373
14.583333333333332 1.998456257789377 0.0 1.998513147782985 0.0009789462880482706 -0.0015437422106229291
14.75 1.999330625557333 0.0 1.9993979432576225 0.0007458547619853853 -0.0006693744426668637
14.916666666666666 1.9997379223227951 0.0 1.9998465143573168 0.0007429375688661765 -0.00026207767720486753
15.083333333333332 1.9999090106285091 0.0 2.00005238977101 0.0007951634935174358 -9.098937149079634e-05
15.25 1.9999730480469355 0.0 2.000142668733142 0.0008424796721612688 -2.695195306443837e-05
15.416666666666666 1.9999938748469326 0.0 2.000178593802966 0.0008767370748711859 -6.125153067477107e-06
15.583333333333332 1.9999994117381519 0.0 2.000192738735572 0.0009206917681839123 -5.882618480584505e-07
15.75 2.00000038039671 0.0 2.0002067076507615 0.0010174412343286535 3.803967102260639e-07
15.916666666666666 2.0000003143680583 0.0 2.0002489215547876 0.0011300638914197789 3.143680584715458e-07
16.083333333333332 2.0000001540822954 0.0 2.000300185957658 0.0014169469111217161 1.5408229544093886e-07
16.25 2.0000000606821784 0.0 2.000344283559392 0.0016434945808469297 6.068217856011783e-08
16.416666666666664 2.0000000207024224 0.0 2.000367836194821 0.0017174973490852662 2.0702422360275453e-08
16.583333333333332 2.000000006305682 0.0 2.0003914524645174 0.0017132400887142599 6.3056820221046515e-09
16.75 2.0000000017403567 0.0 2.0004129094636145 0.0018315019224443203 1.7403567350686184e-09
16.916666666666664 2.000000000438766 0.0 2.000424623514241 0.002331365254009217 4.387658807002327e-10
17.083333333333332 2.0000000001014935 0.0 2.0007008991498463 0.002682123345104333 1.014933722141809e-10
17.25 2.0000000000215867 0.0 2.0010706576237567 0.004965129347197971 2.1586786279083474e-11
17.416666666666664 2.0000000000042233 0.0 2.0018837139492742 0.009544132884880041 4.2235089930714026e-12
17.583333333333332 2.0000000000007594 0.0 2.0038782267738897 0.014376634087379846 7.592478361812798e-13
17.75 2.0000000000001252 0.0 2.0055436714970565 0.028030306041536685 1.250209723893004e-13
17.916666666666664 2.0000000000000187 0.0 2.0099570015720527 0.04213565472247429 1.8747527228525408e-14
18.083333333333332 2.0000000000000027 0.0 2.0154540110028414 0.06975835348658291 2.5333401633201907e-15
18.25 2.0000000000000004 0.0 2.023768024854486 0.10635545181075381 3.023468242913689e-16
18.416666666666664 2.0 0.0 2.033116224287615 0.14830886874618443 3.049792409107492e-17
18.583333333333332 2.0 0.0 2.0401621899314963 0.18034549123253976 2.2864741340932534e-18
18.75 2.0 0.0 2.0443467674218843 0.1998527567753295 4.8921798420998234e-20
18.916666666666664 2.0 0.0 2.046421177217432 0.2097159189747031 -2.3764166023539732e-20
19.083333333333332 2.0 0.0 2.047173907041823 0.21288252847929806 -6.0480580753002996e-21
19.25 2.0 0.0 2.0473115757327762 0.21257924880287543 -9.976476910669732e-22
19.416666666666664 2.0 0.0 2.0470311880300183 0.21138612897407918 -1.3451909996525968e-22
19.583333333333332 2.0 0.0 2.045712926869535 0.2093275624934984 -1.581026906009875e-23
19.75 2.0 0.0 2.0448646239596657 0.19789242024687215 -1.6638083285143045e-24
19.916666666666664 2.0 0.0 2.040864219406944 0.18649006652565558 -1.5890168470826145e-25
20.083333333333332 2.0 0.0 2.0355868627089637 0.1589401218316805 -1.3874317539842994e-26
20.25 2.0 0.0 2.0266204203478635 0.11920101970103239 -1.111987969600823e-27
20.416666666666664 2.0 0.0 2.0163590876710513 0.07290231902209421 -8.196099066332472e-29
20.583333333333332 2.0 0.0 2.0091900023731286 0.04084726556531213 -5.556718676035089e-30
20.75 2.0 0.0 2.0049669759721604 0.022043206653720414 -3.4602839938301873e-31
20.916666666666664 2.0 0.0 2.0025878388556166 0.011474781411216918 -1.972439459912529e-32
21.083333333333332 2.0 0.0 2.0013007070970574 0.005764784045612109 -1.0226604240371882e-33
21.25 2.0 0.0 2.0006300315685546 0.002791645087024961 -4.767397604445987e-35
21.416666666666664 2.0 0.0 2.000293244427702 0.0012991860911761067 -1.9540924089693182e-36
21.583333333333332 2.0 0.0 2.0001304325975493 0.0005778351586884539 -6.695798525736964e-38
21.75 2.0 0.0 2.000054892732601 0.00024313450848537874 -1.637631564719423e-39
21.916666666666664 2.0 0.0 2.0000214433446133 9.491310988658225e-05 -3.4032188376691595e-42
22.083333333333332 2.0 0.0 2.0000074556435914 3.2851123296139806e-05 2.791890533643185e-42
22.25 2.0 0.0 2.000002029510971 8.6302074546291e-06 2.2523830569655327e-43
22.416666666666664 2.0 0.0 2.000000126397115 7.798349944080558e-08 1.2555518197789972e-44
22.583333333333332 2.0 0.0 1.9999995580909846 -1.968653294862636e-06 5.803765865629241e-46
22.75 2.0 0.0 1.9999995992388735 -1.7727875928030407e-06 2.351308388844086e-47
22.916666666666664 2.0 0.0 1.9999998202979652 -7.905761513974849e-07 8.551735704348721e-49
23.083333333333332 2.0 0.0 1.9999999961634267 -1.438725250269877e-08 2.8266291799891444e-50
23.25 2.0 0.0 2.000000058790352 2.6033384218687444e-07 8.548289091174405e-52
23.416666666666664 2.0 0.0 2.0000000491564567 2.1776234272065768e-07 2.3739378149650956e-53
23.583333333333332 2.0 0.0 2.000000020546798 9.100797637776829e-08 6.063664286950499e-55
23.75 2.0 0.0 2.000000001076142 4.761428071789326e-09 1.4244864646060943e-56
23.916666666666664 2.0 0.0 1.9999999947747904 -2.3155574007452033e-08 3.072571435861167e-58
24.083333333333332 2.0 0.0 1.9999999957246422 -1.8951213853947777e-08 6.062135519306203e-60
24.25 2.0 0.0 1.999999998244486 -7.773251863884861e-09 1.0864518245663961e-61
24.416666666666664 2.0 0.0 1.9999999998507088 -6.006904529706625e-10 1.7464337008906182e-63
24.583333333333332 2.0 0.0 2.0000000003414233 1.6705618898026078e-09 2.455912479307503e-65
24.75 2.0 0.0 2.000000000273829 1.4095909258775673e-09 2.850203213424424e-67
24.916666666666664 2.0 0.0 2.0000000001303215 4.842900861741797e-10 2.2393696239452313e-69
