0.03125 2.0 24.0 2.0000000000007727 24.000000000000007 -4.003793457677204e-70
0.09375 2.0 24.0 2.0000000000007736 24.000000000000007 -3.10028924768748e-69
0.15625 2.0 24.0 2.0000000000007736 24.000000000000007 -2.0164329257222074e-68
0.21875 2.0 24.0 2.0000000000007736 24.000000000000007 -1.1971437942926539e-67
0.28125 2.0 24.0 2.0000000000007736 24.000000000000007 -6.704319663991951e-67
0.34375 2.0 24.0 2.0000000000007736 24.000000000000007 -3.6001438242163e-66
0.40625 2.0 24.0 2.000000000000774 24.000000000000007 -1.8711212490761638e-65
0.46875 2.0 24.0 2.0000000000007736 24.0 -9.467542854033363e-65
0.53125 2.0 24.0 2.000000000000774 24.0 -4.681823820360618e-64
0.59375 2.0 24.0 2.0000000000007736 24.0 -2.2689000963112057e-63
0.65625 2.0 24.0 2.0000000000007736 23.999999999999993 -1.0796763064909657e-62
0.71875 2.0 24.0 2.0000000000007736 23.999999999999993 -5.052285490132954e-62
0.78125 2.0 24.0 2.0000000000007727 23.999999999999986 -2.3274779481577778e-61
0.84375 2.0 24.0 2.0000000000007727 23.999999999999986 -1.0564902049433007e-60
0.90625 2.0 24.0 2.0000000000007727 23.999999999999982 -4.7285315304742537e-60
0.96875 2.0 24.0 2.000000000000772 23.99999999999998 -2.0878823025968615e-59
1.03125 2.0 24.0 2.000000000000771 23.99999999999997 -9.099039886941364e-59
1.09375 2.0 24.0 2.000000000000771 23.99999999999997 -3.9151515696813544e-58
1.15625 2.0 24.0 2.00000000000077 23.999999999999968 -1.6637515850317588e-57
1.21875 2.0 24.0 2.000000000000771 23.99999999999997 -6.98415315449243e-57
1.28125 2.0 24.0 2.000000000000771 23.99999999999997 -2.896688398352563e-56
1.34375 2.0 24.0 2.00000000000077 23.999999999999964 -1.1871666588356863e-55
1.40625 2.0 24.0 2.00000000000077 23.999999999999964 -4.808243216412138e-55
1.46875 2.0 24.0 2.00000000000077 23.999999999999964 -1.9246606613016414e-54
1.53125 2.0 24.0 2.00000000000077 23.999999999999964 -7.614287154550369e-54
1.59375 2.0 24.0 2.00000000000077 23.999999999999964 -2.977231559962374e-53
1.65625 2.0 24.0 2.000000000000771 23.999999999999964 -1.1505138179815468e-52
1.71875 2.0 24.0 2.00000000000077 23.99999999999996 -4.393804720150234e-52
1.78125 2.0 24.0 2.00000000000077 23.99999999999996 -1.6581299923453183e-51
1.84375 2.0 24.0 2.00000000000077 23.99999999999996 -6.182563431609285e-51
1.90625 2.0 24.0 2.00000000000077 23.99999999999996 -2.277278377096913e-50
1.96875 2.0 24.0 2.00000000000077 23.99999999999996 -8.284492655247021e-50
2.03125 2.0 24.0 2.00000000000077 23.99999999999996 -2.9757630384972538e-49
2.09375 2.0 24.0 2.00000000000077 23.99999999999996 -1.0550291032482932e-48
2.15625 2.0 24.0 2.00000000000077 23.99999999999996 -3.6904479413849395e-48
2.21875 2.0 24.0 2.00000000000077 23.99999999999996 -1.2729509522619648e-47
2.28125 2.0 24.0 2.00000000000077 23.99999999999996 -4.3268626815565847e-47
2.34375 2.0 24.0 2.00000000000077 23.99999999999996 -1.4480961508257759e-46
2.40625 2.0 24.0 2.00000000000077 23.999999999999964 -4.766666883297355e-46
2.46875 2.0 24.0 2.000000000000769 23.999999999999957 -1.541032557512438e-45
2.53125 2.0 24.0 2.0000000000007683 23.99999999999995 -4.88392660333133e-45
2.59375 2.0 24.0 2.0000000000007674 23.99999999999995 -1.5134271734381545e-44
2.65625 2.0 24.0 2.0000000000007665 23.999999999999943 -4.568647830048834e-44
2.71875 2.0 24.0 2.0000000000007656 23.999999999999936 -1.3361689566318357e-43
2.78125 2.0 24.0 2.0000000000007647 23.99999999999993 -3.7532028244107754e-43
2.84375 2.0 24.0 2.000000000000764 23.99999999999993 -9.974387744360698e-43
2.90625 2.0 24.0 2.000000000000764 23.99999999999993 -2.4351720591234945e-42
2.96875 2.0 24.0 2.0000000000007647 23.99999999999993 -5.085290221773357e-42
3.03125 2.0 24.0 2.0000000000007647 23.99999999999993 -6.897034062129024e-42
3.09375 2.0 24.0 2.000000000000764 23.999999999999925 9.4571499118777e-42
3.15625 2.0 24.0 2.000000000000763 23.999999999999922 1.333693151761316e-40
3.21875 2.0 24.0 2.000000000000763 23.999999999999922 7.548951878250107e-40
3.28125 2.0 24.0 2.000000000000763 23.999999999999922 3.4311887634935694e-39
3.34375 2.0 24.0 2.000000000000763 23.999999999999922 1.403178566439546e-38
3.40625 2.0 24.0 2.000000000000761 23.999999999999908 5.378068716624702e-38
3.46875 2.0 24.0 2.0000000000007603 23.999999999999904 1.9697195541396117e-37
3.53125 2.0 24.0 2.0000000000007594 23.999999999999897 6.968045095399668e-37
3.59375 2.0 24.0 2.0000000000007594 23.999999999999897 2.3966218722471593e-36
3.65625 2.0 24.0 2.0000000000007585 23.999999999999893 8.049000674182709e-36
3.71875 2.0 24.0 2.0000000000007585 23.999999999999893 2.64747034316652e-35
3.78125 2.0 24.0 2.0000000000007576 23.999999999999886 8.54664587042569e-35
3.84375 2.0 24.0 2.0000000000007576 23.999999999999886 2.712213722730896e-34
3.90625 2.0 24.0 2.0000000000007567 23.99999999999988 8.471067439974588e-34
3.96875 2.0 24.0 2.0000000000007567 23.99999999999988 2.6064103442825064e-33
4.03125 2.0 24.0 2.000000000000755 23.999999999999865 7.905978888239404e-33
4.09375 2.0 24.0 2.000000000000754 23.99999999999986 2.3655346031470872e-32
4.15625 2.0 24.0 2.000000000000754 23.99999999999986 6.984994830761698e-32
4.21875 2.0 24.0 2.000000000000753 23.999999999999858 2.0362389514835817e-31
4.28125 2.0 24.0 2.0000000000007523 23.999999999999858 5.862031322215626e-31
4.34375 2.0 24.0 2.0000000000007514 23.99999999999985 1.666974471735266e-30
4.40625 2.0 24.0 2.0000000000007505 23.999999999999844 4.683320222460584e-30
4.46875 2.0 24.0 2.0000000000007496 23.999999999999844 1.3001294525565887e-29
4.53125 2.0 24.0 2.0000000000007496 23.999999999999844 3.5667630039506357e-29
4.59375 2.0 24.0 2.0000000000007496 23.999999999999844 9.670497416647311e-29
4.65625 2.0 24.0 2.0000000000007496 23.999999999999844 2.5913628227116674e-28
4.71875 2.0 24.0 2.0000000000007487 23.999999999999837 6.863046828850996e-28
4.78125 2.0 24.0 2.000000000000747 23.99999999999983 1.796412949920961e-27
4.84375 2.0 24.0 2.000000000000747 23.99999999999983 4.64700787456371e-27
4.90625 2.0 24.0 2.000000000000746 23.999999999999822 1.1879054274809626e-26
4.96875 2.0 24.0 2.0000000000007443 23.999999999999808 3.0004004484834847e-26
5.03125 2.0 24.0 2.0000000000007434 23.999999999999808 7.486792811960278e-26
5.09375 2.0 24.0 2.000000000000742 23.9999999999998 1.8451945242224962e-25
5.15625 2.0 24.0 2.0000000000007416 23.9999999999998 4.490611845317189e-25
5.21875 2.0 24.0 2.0000000000007416 23.9999999999998 1.0788108353212093e-24
5.28125 2.0 24.0 2.0000000000007407 23.999999999999794 2.557329998052712e-24
5.34375 2.0 24.0 2.00000000000074 23.999999999999787 5.97877898615881e-24
5.40625 2.0 24.0 2.000000000000739 23.99999999999978 1.3776866515677294e-23
5.46875 2.0 24.0 2.000000000000738 23.99999999999978 3.1264914036512736e-23
5.53125 2.0 24.0 2.000000000000737 23.99999999999977 6.980618709954213e-23
5.59375 2.0 24.0 2.0000000000007354 23.99999999999976 1.5314050791412638e-22
5.65625 2.0 24.0 2.0000000000007363 23.99999999999976 3.2952537647922248e-22
5.71875 2.0 24.0 2.0000000000007354 23.99999999999976 6.938397225712931e-22
5.78125 2.0 24.0 2.0000000000007354 23.99999999999976 1.4247827369012723e-21
5.84375 2.0 24.0 2.0000000000007354 23.99999999999976 2.839370569031387e-21
5.90625 2.0 24.0 2.0000000000007345 23.99999999999975 5.44950890910029e-21
5.96875 2.0 24.0 2.0000000000007336 23.999999999999744 9.944158298563714e-21
6.03125 2.0 24.0 2.000000000000732 23.999999999999737 1.683955802877859e-20
6.09375 2.0 24.0 2.000000000000731 23.999999999999726 2.5051785044004933e-20
6.15625 2.0 24.0 2.000000000000729 23.999999999999716 2.740528868930065e-20
6.21875 2.0 24.0 2.0000000000007274 23.999999999999705 -1.9289258172990763e-21
6.28125 2.0 24.0 2.000000000000726 23.9999999999997 -1.4017862304362418e-19
6.34375 2.0 24.0 2.000000000000724 23.999999999999687 -5.9727403593566045e-19
6.40625 2.0 24.0 2.0000000000007234 23.99999999999968 -1.9104035673239254e-18
6.46875 2.0 24.0 2.000000000000724 23.99999999999968 -5.395897040893431e-18
6.53125 2.0 24.0 2.000000000000722 23.999999999999662 -1.4172635144106045e-17
6.59375 2.0 24.0 2.000000000000721 23.99999999999966 -3.5429167569282213e-17
6.65625 2.0 24.0 2.0000000000007194 23.999999999999652 -8.534713940380537e-17
6.71875 2.0 24.0 2.0000000000007185 23.999999999999645 -1.996000429606432e-16
6.78125 2.0 24.0 2.0000000000007176 23.999999999999638 -4.553629995606369e-16
6.84375 2.0 24.0 2.000000000000718 23.99999999999964 -1.0167180356264946e-15
6.90625 2.0 24.0 2.0000000000007176 23.999999999999638 -2.226894517287864e-15
6.96875 2.0 24.0 2.0000000000007185 23.999999999999638 -4.7928992723670935e-15
7.03125 2.0 24.0 2.0000000000007194 23.999999999999638 -1.0149798143363878e-14
7.09375 2.0 24.0 2.0000000000007208 23.999999999999638 -2.1169426434468405e-14
7.15625 2.0 24.0 2.000000000000724 23.99999999999963 -4.352028380639294e-14
7.21875 2.0 24.0 2.00000000000073 23.999999999999623 -8.824162729183831e-14
7.28125 2.0 24.0 2.0000000000007434 23.999999999999616 -1.765504987103273e-13
7.34375 2.0 24.0 2.00000000000077 23.99999999999961 -3.4869878558211256e-13
7.40625 2.0 24.0 2.000000000000823 23.99999999999961 -6.800747887373828e-13
7.46875 2.0 24.0 2.000000000000922 23.999999999999602 -1.3100830926616375e-12
7.53125 2.0 24.0 2.0000000000011084 23.9999999999996 -2.4932458599455e-12
7.59375 2.0 24.0 2.000000000001455 23.999999999999595 -4.688392804143842e-12
7.65625 2.0 24.0 2.000000000002091 23.999999999999595 -8.71217953361179e-12
7.71875 2.0 24.0 2.0000000000032427 23.999999999999595 -1.5999612188650176e-11
7.78125 2.0 24.0 2.0000000000053024 23.999999999999588 -2.9039792611471703e-11
7.84375 2.0 24.0 2.0000000000089444 23.999999999999588 -5.2093915604236066e-11
7.90625 2.0 24.0 2.000000000015305 23.99999999999958 -9.236014962645237e-11
7.96875 2.0 24.0 2.0000000000262803 23.999999999999584 -1.6183318890323987e-10
8.03125 2.0 24.0 2.0000000000449796 23.999999999999584 -2.8022250166414554e-10
8.09375 2.0 24.0 2.000000000076443 23.99999999999958 -4.794494381885033e-10
8.15625 2.0 24.0 2.0000000001287113 23.999999999999577 -8.10442429110603e-10
8.21875 2.0 24.0 2.0000000002144094 23.99999999999958 -1.3531848884076558e-09
8.28125 2.0 24.0 2.000000000353035 23.99999999999958 -2.2312156971162697e-09
8.34375 2.0 24.0 2.000000000574167 23.999999999999577 -3.631974219148933e-09
8.40625 2.0 24.0 2.00000000092182 23.999999999999567 -5.834394601838469e-09
8.46875 2.0 24.0 2.000000001460096 23.999999999999563 -9.244758734380355e-09
8.53125 2.0 24.0 2.0000000022801068 23.999999999999556 -1.444062428085364e-08
8.59375 2.0 24.0 2.00000000350773 23.999999999999552 -2.2220023413817202e-08
8.65625 2.0 24.0 2.0000000053109455 23.999999999999545 -3.364810060345147e-08
8.71875 2.0 24.0 2.000000007904128 23.999999999999545 -5.00844594839887e-08
8.78125 2.0 24.0 2.0000000115442846 23.999999999999545 -7.315960195901896e-08
8.84375 2.0 24.0 2.0000000165105023 23.999999999999538 -1.046450073705699e-07
8.90625 2.0 24.0 2.0000000230520323 23.99999999999953 -1.461246173463636e-07
8.96875 2.0 24.0 2.0000000312817985 23.999999999999524 -1.9832055356516146e-07
9.03125 2.0 24.0 2.0000000409795238 23.99999999999952 -2.598462797269504e-07
9.09375 2.0000001 24.0 2.000000051251019 23.999999999999513 -3.250483311046408e-07
9.15625 2.0000001 24.0 2.00000005996597 23.99999999999951 -3.8044437996817056e-07
9.21875 2.0000001 24.0 2.0000000628643884 23.99999999999951 -3.990616064219827e-07
9.28125 2.0000001 24.0 2.0000000521804893 23.999999999999503 -3.31716640591852e-07
9.34375 2.0 24.0 2.0000000145810484 23.999999999999496 -9.39506915416835e-08
9.40625 1.9999999 24.0 1.999999928153171 23.99999999999949 4.530603240697041e-07
9.46875 1.9999998 24.0 1.999999758104953 23.99999999999948 1.529753980297915e-06
9.53125 1.9999995 24.0 1.9999994507646144 23.999999999999474 3.4762149433038535e-06
9.59375 1.9999989 24.0 1.9999989253849952 23.999999999999474 6.804120370200431e-06
9.65625 1.9999981 24.0 1.999998063189487 23.999999999999467 1.2266172538001058e-05
9.71875 1.9999967 24.0 1.9999966930454842 23.99999999999946 2.0946912307718176e-05
9.78125 1.9999946 24.0 1.9999945731390962 23.999999999999453 3.437888657929601e-05
9.84375 1.9999914 24.0 1.9999913680717374 23.99999999999945 5.468784914051539e-05
9.90625 1.9999866 24.0 1.9999866209301143 23.999999999999446 8.47698499292316e-05
9.96875 1.9999797 24.0 1.9999797201232252 23.99999999999944 0.00012850154243721726
10.03125 1.9999699 24.0 1.9999698611599286 23.99999999999944 0.0001909826458667602
10.09375 1.999956 24.0 1.9999560040808644 23.99999999999943 0.00027880609774585296
10.15625 1.9999368 24.0 1.9999368279724403 23.999999999999424 0.00040034694173355593
10.21875 1.9999107 24.0 1.9999106848767043 23.999999999999417 0.0005660554261655719
10.28125 1.9998756 24.0 1.9998755564462611 23.999999999999417 0.0007887332867798587
10.34375 1.999829 24.0 1.9998290178274905 23.999999999999417 0.001083765068175486
10.40625 1.9997682 24.0 1.9997682144050488 23.99999999999941 0.0014692691192730424
10.46875 1.9996899 24.0 1.9996898580874272 23.99999999999941 0.0019661263086395773
10.53125 1.9995903 24.0 1.9995902506047158 23.999999999999407 0.002597839480069819
10.59375 1.9994653 24.0 1.9994653416454653 23.999999999999403 0.0033901743036548818
10.65625 1.9993108 24.0 1.999310829384774 23.999999999999403 0.004370533653136037
10.71875 1.9991223 24.0 1.9991223098609674 23.999999999999403 0.005567024104157814
10.78125 1.9988955 24.0 1.9988954795861154 23.999999999999396 0.007007185562588836
10.84375 1.9986264 24.0 1.998626392632855 23.99999999999939 0.008716373997397405
10.90625 1.9983117 24.0 1.9983117692313719 23.999999999999382 0.01071581282047236
10.96875 1.9979493 24.0 1.997949347769615 23.999999999999385 0.013020359959317548
11.03125 1.9975382 24.0 1.9975382663015047 23.999999999999375 0.01563607359493098
11.09375 1.9970794 24.0 1.9970794536731287 23.99999999999937 0.01855769747427637
11.15625 1.9965759 24.0 1.9965760047566774 23.999999999999375 0.021766223390745052
11.21875 1.9960334 24.0 1.9960335097144826 23.999999999999368 0.02522671991030791
11.28125 1.9954602 24.0 1.9954603044076555 23.99999999999936 0.028886638374096246
11.34375 1.9948675 24.0 1.994867608661676 23.999999999999353 0.03267481533066286
11.40625 1.9942695 24.0 1.994269521592976 23.999999999999353 0.036501381084238345
11.46875 1.9936828 24.0 1.9936828488249154 23.999999999999346 0.04025875432072879
11.53125 1.9931267 24.0 1.9931267451024341 23.99999999999934 0.043823851741497465
11.59375 1.9926221 24.0 1.9926221671341107 23.999999999999332 0.04706157029590306
11.65625 1.9921911 24.0 1.9921911447103762 23.999999999999325 0.04982951126378543
11.71875 1.9918559 24.0 1.9918558922778788 23.999999999999325 0.051983815731628635
11.78125 1.9916379 24.0 1.9916377970560233 23.999999999999318 0.05338587762874967
11.84375 1.9915564 24.0 1.991556332300129 23.99999999999931 0.053909602651500035
11.90625 1.9916281 24.0 1.9916279543730575 23.99999999999931 0.053448799007006796
11.96875 1.9918652 24.0 1.9918650489898457 23.999999999999304 0.05192422853819394
12.03125 1.9922752 24.0 1.9922749946883351 23.999999999999297 0.04928982261350742
12.09375 1.9928596 24.0 1.992859409846947 23.999999999999297 0.04553758186163458
12.15625 1.9936138 24.0 1.9936136432609979 23.99999999999929 0.040700734725941205
12.21875 1.9945267 24.0 1.9945265574793691 23.999999999999282 0.034854825297487284
12.28125 1.9955808 24.0 1.995580639106381 23.99999999999928 0.028116530264597768
12.34375 1.9967526 24.0 1.9967524516562087 23.999999999999275 0.0206401586194423
12.40625 1.9980135 24.0 1.9980134251709647 23.999999999999268 0.012611953511883283
12.46875 1.999331 24.0 1.9993309538807675 23.999999999999265 0.004242479026349397
12.53125 2.0006698 24.0 2.0006697502582877 23.999999999999268 -0.004242479026349397
12.59375 2.0019934 24.0 2.001993382788413 23.999999999999268 -0.012611953511883283
12.65625 2.0032658 24.0 2.003265907720678 23.999999999999268 -0.0206401586194423
12.71875 2.0044534 24.0 2.004453494055851 23.999999999999265 -0.028116530264597768
12.78125 2.0055258 24.0 2.0055259377638794 23.999999999999265 -0.034854825297487284
12.84375 2.0064578 24.0 2.006457966794403 23.999999999999265 -0.040700734725941205
12.90625 2.0072301 24.0 2.0072302529200723 23.99999999999926 -0.04553758186163458
12.96875 2.0078299 24.0 2.0078300688215878 23.999999999999254 -0.04928982261350742
13.03125 2.0082514 24.0 2.008251556965516 23.999999999999254 -0.05192422853819394
13.09375 2.0084954 24.0 2.008495607779759 23.999999999999243 -0.053448799007006796
13.15625 2.0085692 24.0 2.008569375016057 23.99999999999924 -0.053909602651500035
13.21875 2.0084854 24.0 2.0084854827255314 23.99999999999924 -0.05338587762874967
13.28125 2.0082609 24.0 2.0082609982901767 23.999999999999236 -0.051983815731628635
13.34375 2.0079162 24.0 2.0079162577619725 23.999999999999236 -0.04982951126378543
13.40625 2.0074736 24.0 2.0074736328354135 23.999999999999233 -0.04706157029590306
13.46875 2.0069563 24.0 2.00695632371328 23.999999999999226 -0.043823851741497465
13.53125 2.0063873 24.0 2.006387250410607 23.999999999999215 -0.04025875432072879
13.59375 2.0057882 24.0 2.00578809872934 23.99999999999921 -0.036501381084238345
13.65625 2.0051786 24.0 2.005178558470899 23.99999999999921 -0.03267481533066286
13.71875 2.0045758 24.0 2.004575772552048 23.99999999999921 -0.028886638374096246
13.78125 2.0039941 24.0 2.0039939983039727 23.999999999999215 -0.02522671991030791
13.84375 2.0034445 24.0 2.0034444676277596 23.999999999999215 -0.021766223390745052
13.90625 2.0029355 24.0 2.0029354215915216 23.99999999999921 -0.01855769747427637
13.96875 2.0024724 24.0 2.0024722877451913 23.99999999999921 -0.01563607359493098
14.03125 2.002058 24.0 2.0020579647655357 23.999999999999204 -0.013020359959317548
14.09375 2.0016932 24.0 2.001693178605724 23.9999999999992 -0.01071581282047236
14.15625 2.0013769 24.0 2.001376876509223 23.9999999999992 -0.008716373997397405
14.21875 2.0011067 24.0 2.001106629367698 23.99999999999919 -0.007007185562588836
14.28125 2.000879 24.0 2.000879018257633 23.99999999999922 -0.005567024104157814
14.34375 2.00069 24.0 2.000689986929388 23.99999999999932 -0.004370533653136037
14.40625 2.0005351 24.0 2.000535147984012 23.999999999999492 -0.0033901743036548818
14.46875 2.00041 24.0 2.0004100360106465 23.999999999999723 -0.002597839480069819
14.53125 2.0003103 24.0 2.0003103057508973 24.0 -0.0019661263086395773
14.59375 2.0002319 24.0 2.000231877212435 24.000000000000266 -0.0014692691192730424
14.65625 2.000171 24.0 2.0001710324942517 24.000000000000405 -0.001083765068175486
14.71875 2.0001245 24.0 2.0001244709307744 24.000000000000348 -0.0007887332867798587
14.78125 2.0000893 24.0 2.0000893301065927 24.00000000000003 -0.0005660554261655719
14.84375 2.0000632 24.0 2.0000631804843545 23.999999999999407 -0.00040034694173355593
14.90625 2.000044 24.0 2.000044000997585 23.99999999999848 -0.00027880609774585296
14.96875 2.0000301 24.0 2.000030142165614 23.9999999999973 -0.0001909826458667602
15.03125 2.0000203 24.0 2.000020282255293 23.99999999999593 -0.00012850154243721726
15.09375 2.0000134 24.0 2.000013380885838 23.999999999994465 -8.47698499292316e-05
15.15625 2.0000086 24.0 2.000008633361049 23.99999999999298 -5.468784914051539e-05
15.21875 2.0000054 24.0 2.0000054279969603 23.99999999999157 -3.437888657929601e-05
15.28125 2.0000033 24.0 2.0000033078419976 23.999999999990308 -2.0946912307718176e-05
15.34375 2.0000019 24.0 2.0000019374838156 23.9999999999893 -1.2266172538001058e-05
15.40625 2.0000011 24.0 2.0000010751043256 23.99999999998863 -6.804120370200431e-06
15.46875 2.0000005 24.0 2.0000005495694504 23.999999999988237 -3.4762149433038535e-06
15.53125 2.0000002 24.0 2.000000242101142 23.99999999998804 -1.529753980297915e-06
15.59375 2.0000001 24.0 2.0000000719500486 23.999999999987963 -4.530603240697041e-07
15.65625 2.0 24.0 1.999999985441516 23.99999999998796 9.39506915416835e-08
15.71875 1.9999999 24.0 1.9999999477803694 23.999999999988002 3.31716640591852e-07
15.78125 1.9999999 24.0 1.999999937050383 23.999999999988063 3.990616064219827e-07
15.84375 1.9999999 24.0 1.9999999399151887 23.99999999998812 3.8044437996817056e-07
15.90625 1.9999999 24.0 1.9999999486062057 23.99999999998817 3.250483311046408e-07
15.96875 2.0 24.0 1.9999999588610735 23.999999999988205 2.598462797269504e-07
16.03125 2.0 24.0 1.9999999685475403 23.999999999988233 1.9832055356516146e-07
16.09375 2.0 24.0 1.9999999767698975 23.99999999998829 1.461246173463636e-07
16.15625 2.0 24.0 1.9999999833067013 23.999999999988347 1.046450073705699e-07
16.21875 2.0 24.0 1.9999999882700104 23.999999999988404 7.315960195901896e-08
16.28125 2.0 24.0 1.999999991908456 23.999999999988457 5.00844594839887e-08
16.34375 2.0 24.0 1.9999999945006905 23.99999999998852 3.364810060345147e-08
16.40625 2.0 24.0 1.9999999963034285 23.999999999988574 2.2220023413817202e-08
16.46875 2.0 24.0 1.9999999975308453 23.999999999988603 1.444062428085364e-08
16.53125 2.0 24.0 1.9999999983508001 23.99999999998861 9.244758734380355e-09
16.59375 2.0 24.0 1.9999999988890915 23.999999999988603 5.834394601838469e-09
16.65625 2.0 24.0 1.9999999992367936 23.99999999998861 3.631974219148933e-09
16.71875 2.0 24.0 1.9999999994579831 23.99999999998861 2.2312156971162697e-09
16.78125 2.0 24.0 1.9999999995966602 23.99999999998861 1.3531848884076558e-09
16.84375 2.0 24.0 1.999999999682401 23.99999999998861 8.10442429110603e-10
16.90625 2.0 24.0 1.999999999734703 23.99999999998861 4.794494381885033e-10
16.96875 2.0 24.0 1.999999999766194 23.999999999988617 2.8022250166414554e-10
17.03125 2.0 24.0 1.9999999997849138 23.99999999998863 1.6183318890323987e-10
17.09375 2.0 24.0 1.999999999795901 23.99999999998863 9.236014962645237e-11
17.15625 2.0 24.0 1.9999999998022693 23.999999999988617 5.2093915604236066e-11
17.21875 2.0 24.0 1.9999999998059148 23.999999999988596 2.9039792611471703e-11
17.28125 2.0 24.0 1.9999999998079763 23.999999999988574 1.5999612188650176e-11
17.34375 2.0 24.0 1.9999999998091282 23.999999999988557 8.71217953361179e-12
17.40625 2.0 24.0 1.9999999998097642 23.999999999988535 4.688392804143842e-12
17.46875 2.0 24.0 1.9999999998101106 23.999999999988525 2.4932458599455e-12
17.53125 2.0 24.0 1.999999999810297 23.99999999998851 1.3100830926616375e-12
17.59375 2.0 24.0 1.9999999998103943 23.99999999998849 6.800747887373828e-13
17.65625 2.0 24.0 1.9999999998104443 23.999999999988468 3.4869878558211256e-13
17.71875 2.0 24.0 1.999999999810469 23.99999999998846 1.765504987103273e-13
17.78125 2.0 24.0 1.9999999998104832 23.999999999988454 8.824162729183831e-14
17.84375 2.0 24.0 1.999999999810489 23.99999999998844 4.352028380639294e-14
17.90625 2.0 24.0 1.9999999998104916 23.99999999998844 2.1169426434468405e-14
17.96875 2.0 24.0 1.9999999998104938 23.999999999988447 1.0149798143363878e-14
18.03125 2.0 24.0 1.9999999998104958 23.99999999998846 4.7928992723670935e-15
18.09375 2.0 24.0 1.9999999998104965 23.999999999988454 2.226894517287864e-15
18.15625 2.0 24.0 1.9999999998104954 23.99999999998844 1.0167180356264946e-15
18.21875 2.0 24.0 1.9999999998104938 23.99999999998843 4.553629995606369e-16
18.28125 2.0 24.0 1.9999999998104945 23.999999999988443 1.996000429606432e-16
18.34375 2.0 24.0 1.9999999998104943 23.999999999988447 8.534713940380537e-17
18.40625 2.0 24.0 1.9999999998104925 23.999999999988436 3.5429167569282213e-17
18.46875 2.0 24.0 1.9999999998104907 23.999999999988425 1.4172635144106045e-17
18.53125 2.0 24.0 1.999999999810489 23.999999999988404 5.395897040893431e-18
18.59375 2.0 24.0 1.9999999998104874 23.99999999998839 1.9104035673239254e-18
18.65625 2.0 24.0 1.9999999998104858 23.999999999988372 5.9727403593566045e-19
18.71875 2.0 24.0 1.9999999998104832 23.999999999988336 1.4017862304362418e-19
18.78125 2.0 24.0 1.9999999998104805 23.99999999998831 1.9289258172990763e-21
18.84375 2.0 24.0 1.999999999810481 23.99999999998831 -2.740528868930065e-20
18.90625 2.0 24.0 1.9999999998104812 23.99999999998832 -2.5051785044004933e-20
18.96875 2.0 24.0 1.999999999810481 23.99999999998831 -1.683955802877859e-20
19.03125 2.0 24.0 1.99999999981048 23.999999999988304 -9.944158298563714e-21
19.09375 2.0 24.0 1.9999999998104783 23.99999999998829 -5.44950890910029e-21
19.15625 2.0 24.0 1.9999999998104756 23.99999999998827 -2.839370569031387e-21
19.21875 2.0 24.0 1.999999999810473 23.99999999998823 -1.4247827369012723e-21
19.28125 2.0 24.0 1.9999999998104683 23.999999999988198 -6.938397225712931e-22
19.34375 2.0 24.0 1.9999999998104658 23.999999999988184 -3.2952537647922248e-22
19.40625 2.0 24.0 1.9999999998104645 23.999999999988177 -1.5314050791412638e-22
19.46875 2.0 24.0 1.9999999998104652 23.99999999998819 -6.980618709954213e-23
19.53125 2.0 24.0 1.9999999998104672 23.99999999998819 -3.1264914036512736e-23
19.59375 2.0 24.0 1.9999999998104665 23.999999999988184 -1.3776866515677294e-23
19.65625 2.0 24.0 1.9999999998104672 23.999999999988198 -5.97877898615881e-24
19.71875 2.0 24.0 1.999999999810468 23.999999999988212 -2.557329998052712e-24
19.78125 2.0 24.0 1.9999999998104678 23.999999999988212 -1.0788108353212093e-24
19.84375 2.0 24.0 1.999999999810467 23.999999999988216 -4.490611845317189e-25
19.90625 2.0 24.0 1.9999999998104672 23.999999999988223 -1.8451945242224962e-25
19.96875 2.0 24.0 1.9999999998104678 23.999999999988226 -7.486792811960278e-26
20.03125 2.0 24.0 1.999999999810469 23.999999999988233 -3.0004004484834847e-26
20.09375 2.0 24.0 1.9999999998104718 23.999999999988248 -1.1879054274809626e-26
20.15625 2.0 24.0 1.9999999998104725 23.999999999988248 -4.64700787456371e-27
20.21875 2.0 24.0 1.9999999998104705 23.999999999988233 -1.796412949920961e-27
20.28125 2.0 24.0 1.9999999998104683 23.999999999988216 -6.863046828850996e-28
20.34375 2.0 24.0 1.9999999998104663 23.999999999988194 -2.5913628227116674e-28
20.40625 2.0 24.0 1.9999999998104636 23.99999999998817 -9.670497416647311e-29
20.46875 2.0 24.0 1.9999999998104605 23.999999999988148 -3.5667630039506357e-29
20.53125 2.0 24.0 1.999999999810461 23.999999999988155 -1.3001294525565887e-29
20.59375 2.0 24.0 1.9999999998104605 23.999999999988155 -4.683320222460584e-30
20.65625 2.0 24.0 1.999999999810458 23.99999999998814 -1.666974471735266e-30
20.71875 2.0 24.0 1.9999999998104552 23.999999999988127 -5.862031322215626e-31
20.78125 2.0 24.0 1.9999999998104534 23.999999999988113 -2.0362389514835817e-31
20.84375 2.0 24.0 1.999999999810451 23.99999999998809 -6.984994830761698e-32
20.90625 2.0 24.0 1.9999999998104476 23.999999999988063 -2.3655346031470872e-32
20.96875 2.0 24.0 1.999999999810446 23.999999999988045 -7.905978888239404e-33
21.03125 2.0 24.0 1.999999999810449 23.999999999988056 -2.6064103442825064e-33
21.09375 2.0 24.0 1.999999999810453 23.999999999988077 -8.471067439974588e-34
21.15625 2.0 24.0 1.999999999810453 23.999999999988084 -2.712213722730896e-34
21.21875 2.0 24.0 1.9999999998104427 23.999999999988013 -8.54664587042569e-35
21.28125 2.0 24.0 1.99999999981042 23.99999999998784 -2.64747034316652e-35
21.34375 2.0 24.0 1.999999999810402 23.999999999987693 -8.049000674182709e-36
21.40625 2.0 24.0 1.9999999998104179 23.99999999998782 -2.3966218722471593e-36
21.46875 2.0 24.0 1.9999999998104905 23.99999999998837 -6.968045095399668e-37
21.53125 2.0 24.0 1.9999999998106004 23.999999999989196 -1.9697195541396117e-37
21.59375 2.0 24.0 1.9999999998106726 23.99999999998974 -5.378068716624702e-38
21.65625 2.0 24.0 1.9999999998105904 23.99999999998911 -1.403178566439546e-38
21.71875 2.0 24.0 1.9999999998102795 23.999999999986763 -3.4311887634935694e-39
21.78125 2.0 24.0 1.99999999980982 23.999999999983277 -7.548951878250107e-40
21.84375 2.0 24.0 1.9999999998095168 23.99999999998098 -1.333693151761316e-40
21.90625 2.0 24.0 1.9999999998098223 23.999999999983284 -9.4571499118777e-42
21.96875 2.0 24.0 1.999999999811045 23.99999999999254 6.897034062129024e-42
22.03125 2.0 24.0 1.9999999998129452 24.00000000000692 5.085290221773357e-42
22.09375 2.0 24.0 1.99999999981446 24.000000000018396 2.4351720591234945e-42
22.15625 2.0 24.0 1.9999999998138929 24.000000000014104 9.974387744360698e-43
22.21875 2.0 24.0 1.999999999809799 23.999999999983125 3.7532028244107754e-43
22.28125 2.0 24.0 1.9999999998023799 23.999999999926978 1.3361689566318357e-43
22.34375 2.0 24.0 1.999999999794695 23.999999999868802 4.568647830048834e-44
22.40625 2.0 24.0 1.9999999997926525 23.999999999853344 1.5134271734381545e-44
22.46875 2.0 24.0 1.9999999998028475 23.999999999930512 4.88392660333133e-45
22.53125 2.0 24.0 1.9999999998282585 24.00000000012287 1.541032557512438e-45
22.59375 2.0 24.0 1.9999999998633147 24.000000000388255 4.766666883297355e-46
22.65625 2.0 24.0 1.999999999891189 24.000000000599254 1.4480961508257759e-46
22.71875 2.0 24.0 1.9999999998865914 24.00000000056444 4.3268626815565847e-47
22.78125 2.0 24.0 1.9999999998259015 24.000000000105004 1.2729509522619648e-47
22.84375 2.0 24.0 1.999999999703059 23.999999999175074 3.6904479413849395e-48
22.90625 2.0 24.0 1.9999999995454472 23.999999997981938 1.0550291032482932e-48
22.96875 2.0 24.0 1.9999999994208109 23.999999997038422 2.9757630384972538e-49
23.03125 2.0 24.0 1.9999999994264062 23.999999997080778 8.284492655247021e-50
23.09375 2.0 24.0 1.9999999996562932 23.999999998821046 2.277278377096913e-50
23.15625 2.0 24.0 2.000000000151485 24.000000002569696 6.182563431609285e-51
23.21875 2.0 24.0 2.000000000847665 24.000000007839844 1.6581299923453183e-51
23.28125 2.0 24.0 2.00000000154214 24.00000001309708 4.393804720150234e-52
23.34375 2.0 24.0 2.0000000019012885 24.000000015815882 1.1505138179815468e-52
23.40625 2.0 24.0 2.0000000015203447 24.00000001293205 2.977231559962374e-53
23.46875 2.0 24.0 2.00000000003038 24.00000000165264 7.614287154550369e-54
23.53125 2.0 24.0 1.9999999972280993 23.999999980438844 1.9246606613016414e-54
23.59375 2.0 24.0 1.9999999931896029 23.999999949867128 4.808243216412138e-55
23.65625 2.0 24.0 1.9999999883269426 23.999999913056698 1.1871666588356863e-55
23.71875 2.0 24.0 1.9999999833592401 23.99999987545062 2.896688398352563e-56
23.78125 2.0 24.0 1.9999999791947074 23.999999843923945 6.98415315449243e-57
23.84375 2.0 24.0 1.9999999767471115 23.999999825395125 1.6637515850317588e-57
23.90625 2.0 24.0 1.9999999767317642 23.999999825280256 3.9151515696813544e-58
23.96875 2.0 24.0 1.999999979496313 23.99999984621019 9.099039886941364e-59
24.03125 2.0 24.0 1.999999984935347 23.999999887384924 2.0878823025968615e-59
24.09375 2.0 24.0 1.9999999925130942 23.999999944748097 4.7285315304742537e-60
24.15625 2.0 24.0 2.0000000013836536 24.00000001189769 1.0564902049433007e-60
24.21875 2.0 24.0 2.000000010568799 24.000000081429956 2.3274779481577778e-61
24.28125 2.0 24.0 2.00000001914207 24.00000014633136 5.052285490132954e-62
24.34375 2.0 24.0 2.000000026373208 24.000000201072602 1.0796763064909657e-62
24.40625 2.0 24.0 2.0000000318053752 24.00000024219466 2.2689000963112057e-63
24.46875 2.0 24.0 2.0000000352602494 24.000000268347797 4.681823820360618e-64
24.53125 2.0 24.0 2.0000000367852993 24.00000027989186 9.467542854033363e-65
24.59375 2.0 24.0 2.000000036583067 24.00000027836046 1.8711212490761638e-65
24.65625 2.0 24.0 2.0000000349253595 24.00000026581126 3.6001438242163e-66
24.71875 2.0 24.0 2.0000000321370894 24.00000024470374 6.704319663991951e-67
24.78125 2.0 24.0 2.000000028536413 24.000000217446406 1.1971437942926539e-67
24.84375 2.0 24.0 2.0000000244134797 24.00000018623524 2.0164329257222074e-68
24.90625 2.0 24.0 2.000000020487485 24.00000015651575 3.10028924768748e-69
24.96875 2.0 24.0 2.000000015580852 24.00000011936948 4.003793457677204e-70
