0.125 1.999999999999999 4.42 2.000004640144187 4.419999999999993 -8.023378137447364e-69
0.375 1.999999999999999 4.42 2.0000046401441844 4.419999999999996 -8.237583357394523e-66
0.625 1.999999999999999 4.42 2.0000046401441844 4.419999999999996 -4.960217038783217e-63
0.875 1.999999999999999 4.42 2.0000046401441836 4.419999999999998 -2.2389513277987053e-60
1.125 1.999999999999999 4.42 2.0000046401441836 4.419999999999999 -8.083295968589929e-58
1.375 1.999999999999999 4.42 2.0000046401441836 4.419999999999999 -2.3927033740792414e-55
1.625 1.999999999999999 4.42 2.0000046401441844 4.419999999999996 -5.861267598663116e-53
1.875 1.999999999999999 4.42 2.0000046401441853 4.419999999999995 -1.1883943908134718e-50
2.125 1.999999999999999 4.42 2.000004640144186 4.41999999999999 -1.976589158084722e-48
2.375 1.999999999999999 4.42 2.000004640144188 4.419999999999985 -2.632942317395744e-46
2.625 1.999999999999999 4.42 2.0000046401441898 4.419999999999979 -2.638888646042497e-44
2.875 1.999999999999999 4.42 2.0000046401441876 4.419999999999982 -1.5796414191572262e-42
3.125 1.999999999999999 4.42 2.000004640144186 4.419999999999984 4.567817789604015e-41
3.375 1.999999999999999 4.42 2.0000046401441858 4.419999999999986 2.7652750956800404e-38
3.625 1.999999999999999 4.42 2.0000046401441858 4.419999999999986 4.404258009248603e-36
3.875 1.999999999999999 4.42 2.000004640144186 4.419999999999983 4.802503147034089e-34
4.125 1.999999999999999 4.42 2.000004640144186 4.419999999999982 4.0714940949284585e-32
4.375 1.999999999999999 4.42 2.0000046401441858 4.419999999999983 2.798298194819873e-30
4.625 1.999999999999999 4.42 2.000004640144186 4.419999999999984 1.5853487713817023e-28
4.875 1.999999999999999 4.42 2.0000046401441858 4.419999999999986 7.44089836681967e-27
5.125 1.999999999999999 4.42 2.000004640144185 4.419999999999988 2.8831502816409013e-25
5.375 1.999999999999999 4.42 2.0000046401441853 4.419999999999988 9.092577194644609e-24
5.625 1.999999999999999 4.42 2.0000046401441844 4.419999999999991 2.252142269674823e-22
5.875 1.999999999999999 4.42 2.0000046401441836 4.419999999999993 3.954656992153136e-21
6.125 1.999999999999999 4.42 2.000004640144183 4.419999999999993 2.789761923259548e-20
6.375 1.999999999999999 4.42 2.000004640144183 4.419999999999993 -1.0909101867037715e-18
6.625 1.999999999999999 4.42 2.0000046401441827 4.419999999999994 -5.5213930824722155e-17
6.875 1.9999999999999991 4.42 2.000004640144181 4.419999999999993 -1.5081395283077498e-15
7.125 1.9999999999999607 4.42 2.0000046401441427 4.419999999999991 -3.0406459207729985e-14
7.375 1.9999999999993494 4.42 2.0000046401435334 4.419999999999993 -4.87731075149774e-13
7.625 1.9999999999914786 4.42 2.0000046401356624 4.419999999999989 -6.400550420574792e-12
7.875 1.999999999907516 4.42 2.000004640051702 4.419999999999984 -6.946621751012237e-11
8.125 1.9999999991688338 4.42 2.0000046393130235 4.419999999999977 -6.243021272063907e-10
8.375 1.9999999938610729 4.42 2.0000046340052755 4.4199999999999715 -4.611047172371882e-09
8.625 1.9999999635209753 4.42 2.000004603665248 4.419999999999966 -2.7399979986059073e-08
8.875 1.9999998348336523 4.42 2.000004474978228 4.419999999999958 -1.240590773561188e-07
9.125 1.999999527027414 4.42 2.000004167172703 4.419999999999954 -3.552572240524588e-07
9.375 2.0000001723043885 4.42 2.0000048124482204 4.419999999999948 1.2942058380315937e-07
9.625 2.000012261184625 4.42 2.000016901304006 4.419999999999943 9.209599773068e-06
9.875 2.000090916798193 4.42 2.0000955568319148 4.4199999999999395 6.829060285179713e-05
10.125 2.000445635126551 4.42 2.0004502757071534 4.4199999999999395 0.00033476072351890226
10.375 2.001682083101676 4.42 2.0016867317571836 4.419999999999943 0.0012639670514472895
10.625 2.00512598540328 4.42 2.0051306725162155 4.419999999999945 0.003855097550723615
10.875 2.012845112568688 4.42 2.0128498508105968 4.419999999999947 0.009678706501005496
11.125 2.026624222670182 4.42 2.0266287770968487 4.419999999999948 0.02012788497491368
11.375 2.0455505747316267 4.42 2.0455546236250797 4.419999999999951 0.03458962805843038
11.625 2.0636233536458644 4.42 2.0636278440604316 4.41999999999995 0.0485132950314933
11.875 2.0704590708615243 4.42 2.0704652390447347 4.419999999999948 0.053807929155783495
12.125 2.0568096161460683 4.42 2.0568141465506224 4.419999999999945 0.0432510018706274
12.375 2.022090566290612 4.42 2.022088609147996 4.419999999999943 0.01668234441309194
12.625 1.9776640676065038 4.42 1.9776613262510994 4.419999999999945 -0.01668234441309194
12.875 1.941533818670759 4.42 1.9415395811932434 4.419999999999945 -0.0432510018706274
13.125 1.9269696433315944 4.42 1.92697235012663 4.419999999999943 -0.053807929155783495
13.375 1.934289648496716 4.42 1.9342804440524075 4.419999999999943 -0.0485132950314933
13.625 1.9533918901662037 4.42 1.9533865433446391 4.419999999999943 -0.03458962805843038
13.875 1.9730184644515014 4.42 1.9730197914198688 4.419999999999943 -0.02012788497491368
14.125 1.9870723380192024 4.42 1.9870721951472432 4.4199999999999395 -0.009678706501005496
14.375 1.9948609210956887 4.42 1.9948591880055426 4.419999999999938 -0.003855097550723615
14.625 1.9983165094233506 4.42 1.998315290327942 4.419999999999932 -0.0012639670514472895
14.875 1.9995542661463435 4.42 1.9995535313318402 4.419999999999932 -0.00033476072351890226
15.125 1.9999090790932463 4.42 1.9999083799472723 4.419999999999932 -6.829060285179713e-05
15.375 1.9999877387406584 4.42 1.9999869845210816 4.419999999999932 -9.209599773068e-06
15.625 1.9999998276955975 4.42 1.9999990508583003 4.419999999999934 -1.2942058380315937e-07
15.875 2.00000047297247 4.42 1.9999996919153764 4.419999999999932 3.552572240524588e-07
16.125 2.0000001651663326 4.42 1.999999383668663 4.419999999999931 1.240590773561188e-07
16.375 2.000000036479027 4.42 1.9999992549554408 4.419999999999932 2.7399979986059073e-08
16.625 2.0000000061389285 4.42 1.9999992246146108 4.419999999999932 4.611047172371882e-09
16.875 2.000000000831167 4.42 1.9999992193068448 4.419999999999932 6.243021272063907e-10
17.125 2.0000000000924842 4.42 1.9999992185681623 4.419999999999932 6.946621751012237e-11
17.375 2.000000000008522 4.42 1.9999992184842 4.419999999999931 6.400550420574792e-12
17.625 2.0000000000006493 4.42 1.9999992184763289 4.419999999999927 4.87731075149774e-13
17.875 2.0000000000000426 4.42 1.999999218475719 4.419999999999927 3.0406459207729985e-14
18.125 2.000000000000004 4.42 1.9999992184756796 4.419999999999927 1.5081395283077498e-15
18.375 1.999999999999999 4.42 1.9999992184756776 4.419999999999927 5.5213930824722155e-17
18.625 1.999999999999999 4.42 1.9999992184756776 4.419999999999927 1.0909101867037715e-18
18.875 1.999999999999999 4.42 1.9999992184756783 4.419999999999927 -2.789761923259548e-20
19.125 1.999999999999999 4.42 1.9999992184756783 4.419999999999925 -3.954656992153136e-21
19.375 1.999999999999999 4.42 1.999999218475677 4.419999999999927 -2.252142269674823e-22
19.625 1.999999999999999 4.42 1.9999992184756772 4.419999999999926 -9.092577194644609e-24
19.875 1.999999999999999 4.42 1.9999992184756783 4.419999999999922 -2.8831502816409013e-25
20.125 1.999999999999999 4.42 1.9999992184756763 4.419999999999925 -7.44089836681967e-27
20.375 1.999999999999999 4.42 1.9999992184756756 4.419999999999925 -1.5853487713817023e-28
20.625 1.999999999999999 4.42 1.999999218475675 4.419999999999925 -2.798298194819873e-30
20.875 1.999999999999999 4.42 1.999999218475675 4.419999999999925 -4.0714940949284585e-32
21.125 1.999999999999999 4.42 1.999999218475675 4.419999999999925 -4.802503147034089e-34
21.375 1.999999999999999 4.42 1.999999218475675 4.419999999999925 -4.404258009248603e-36
21.625 1.999999999999999 4.42 1.999999218475675 4.419999999999925 -2.7652750956800404e-38
21.875 1.999999999999999 4.42 1.9999992184756743 4.419999999999927 -4.567817789604015e-41
22.125 1.999999999999999 4.42 1.9999992184756743 4.419999999999927 1.5796414191572262e-42
22.375 1.999999999999999 4.42 1.9999992184756734 4.419999999999927 2.638888646042497e-44
22.625 1.999999999999999 4.42 1.9999992184756736 4.419999999999926 2.632942317395744e-46
22.875 1.999999999999999 4.42 1.9999992184756743 4.4199999999999235 1.976589158084722e-48
23.125 1.999999999999999 4.42 1.9999992184756743 4.419999999999924 1.1883943908134718e-50
23.375 1.999999999999999 4.42 1.9999992184756743 4.419999999999925 5.861267598663116e-53
23.625 1.999999999999999 4.42 1.9999992184756743 4.419999999999926 2.3927033740792414e-55
23.875 1.999999999999999 4.42 1.9999992184756743 4.419999999999927 8.083295968589929e-58
24.125 1.999999999999999 4.42 1.9999992184756736 4.419999999999927 2.2389513277987053e-60
24.375 1.999999999999999 4.42 1.9999992184756736 4.419999999999927 4.960217038783217e-63
24.625 1.999999999999999 4.42 1.999999218475673 4.419999999999927 8.237583357394523e-66
24.875 1.999999999999999 4.42 1.999999218475673 4.419999999999927 8.023378137447364e-69
