0.015625 1.999999999999999 4.42 1.9999999999972025 4.419999999999995 -2.27822078484169e-70
0.046875 1.999999999999999 4.42 1.999999999997201 4.419999999999996 -6.85218368134225e-70
0.078125 1.999999999999999 4.42 1.9999999999972011 4.419999999999996 -1.8996549218085223e-69
0.109375 1.999999999999999 4.42 1.9999999999972011 4.419999999999996 -5.008720464462768e-69
0.140625 1.999999999999999 4.42 1.9999999999972011 4.419999999999996 -1.275954546258792e-68
0.171875 1.999999999999999 4.42 1.9999999999972011 4.419999999999996 -3.1691289287035775e-68
0.203125 1.999999999999999 4.42 1.9999999999972011 4.4199999999999955 -7.718206623049324e-68
0.234375 1.999999999999999 4.42 1.9999999999972022 4.419999999999994 -1.8502142513491473e-67
0.265625 1.999999999999999 4.42 1.9999999999972011 4.419999999999993 -4.377446861968469e-67
0.296875 1.999999999999999 4.42 1.999999999997201 4.419999999999993 -1.0241461876918614e-66
0.328125 1.999999999999999 4.42 1.9999999999972018 4.419999999999991 -2.372921497325267e-66
0.359375 1.999999999999999 4.42 1.9999999999972031 4.4199999999999875 -5.451008665905134e-66
0.390625 1.999999999999999 4.42 1.9999999999972036 4.419999999999983 -1.2425942366207413e-65
0.421875 1.999999999999999 4.42 1.9999999999972053 4.419999999999979 -2.8128757645194546e-65
0.453125 1.999999999999999 4.42 1.9999999999972058 4.419999999999975 -6.326920398120275e-65
0.484375 1.999999999999999 4.42 1.9999999999972062 4.419999999999974 -1.414693107295441e-64
0.515625 1.999999999999999 4.42 1.9999999999972065 4.419999999999973 -3.145813634902412e-64
0.546875 1.999999999999999 4.42 1.9999999999972071 4.4199999999999715 -6.959052145299416e-64
0.578125 1.999999999999999 4.42 1.9999999999972085 4.41999999999997 -1.5319234162033377e-63
0.609375 1.999999999999999 4.42 1.999999999997209 4.419999999999966 -3.356600044717967e-63
0.640625 1.999999999999999 4.42 1.9999999999972102 4.419999999999961 -7.321984942534789e-63
0.671875 1.999999999999999 4.42 1.9999999999972107 4.419999999999959 -1.5903905636321816e-62
0.703125 1.999999999999999 4.42 1.9999999999972111 4.419999999999956 -3.4402769321153487e-62
0.734375 1.999999999999999 4.42 1.9999999999972118 4.419999999999956 -7.4123871613528855e-62
0.765625 1.999999999999999 4.42 1.9999999999972118 4.419999999999956 -1.590929990931295e-61
0.796875 1.999999999999999 4.42 1.999999999997213 4.419999999999954 -3.401882857024736e-61
0.828125 1.999999999999999 4.42 1.9999999999972142 4.419999999999948 -7.247774453020917e-61
0.859375 1.999999999999999 4.42 1.9999999999972164 4.419999999999942 -1.5386651948267813e-60
0.890625 1.999999999999999 4.42 1.999999999997217 4.4199999999999395 -3.2551487659220895e-60
0.921875 1.999999999999999 4.42 1.999999999997217 4.4199999999999395 -6.863006283915339e-60
0.953125 1.999999999999999 4.42 1.9999999999972178 4.419999999999936 -1.442119640701555e-59
0.984375 1.999999999999999 4.42 1.9999999999972182 4.419999999999932 -3.0203361416968546e-59
1.015625 1.999999999999999 4.42 1.9999999999972191 4.419999999999929 -6.305182608170241e-59
1.046875 1.999999999999999 4.42 1.9999999999972191 4.419999999999931 -1.3120415267055653e-58
1.078125 1.999999999999999 4.42 1.9999999999972196 4.419999999999927 -2.7215866533612825e-58
1.109375 1.999999999999999 4.42 1.9999999999972213 4.419999999999922 -5.6277758939184945e-58
1.140625 1.999999999999999 4.42 1.9999999999972222 4.419999999999922 -1.1601261438237894e-57
1.171875 1.999999999999999 4.42 1.9999999999972211 4.419999999999922 -2.3841835575636754e-57
1.203125 1.999999999999999 4.42 1.9999999999972211 4.419999999999922 -4.884848740431868e-57
1.234375 1.999999999999999 4.42 1.9999999999972211 4.419999999999921 -9.978129800561989e-57
1.265625 1.999999999999999 4.42 1.9999999999972213 4.419999999999919 -2.0320867377757505e-56
1.296875 1.999999999999999 4.42 1.9999999999972222 4.419999999999916 -4.126081146814488e-56
1.328125 1.999999999999999 4.42 1.9999999999972224 4.419999999999916 -8.352991740634592e-56
1.359375 1.999999999999999 4.42 1.9999999999972218 4.419999999999916 -1.686011193240446e-55
1.390625 1.999999999999999 4.42 1.9999999999972211 4.419999999999916 -3.3931056550831865e-55
1.421875 1.999999999999999 4.42 1.999999999997221 4.4199999999999156 -6.808576983337657e-55
1.453125 1.999999999999999 4.42 1.9999999999972222 4.419999999999911 -1.3621972531801136e-54
1.484375 1.999999999999999 4.42 1.9999999999972224 4.419999999999909 -2.71737836329482e-54
1.515625 1.999999999999999 4.42 1.9999999999972211 4.419999999999911 -5.404899700758321e-54
1.546875 1.999999999999999 4.42 1.9999999999972211 4.419999999999911 -1.07189611230049e-53
1.578125 1.999999999999999 4.42 1.9999999999972218 4.41999999999991 -2.119554414886232e-53
1.609375 1.999999999999999 4.42 1.9999999999972211 4.419999999999911 -4.178897469918695e-53
1.640625 1.999999999999999 4.42 1.9999999999972204 4.419999999999911 -8.214889684997225e-53
1.671875 1.999999999999999 4.42 1.9999999999972198 4.419999999999911 -1.6101315822779676e-52
1.703125 1.999999999999999 4.42 1.9999999999972198 4.419999999999911 -3.1465632025112256e-52
1.734375 1.999999999999999 4.42 1.9999999999972198 4.419999999999909 -6.1308674558564455e-52
1.765625 1.999999999999999 4.42 1.9999999999972191 4.419999999999909 -1.1909998921582205e-51
1.796875 1.999999999999999 4.42 1.9999999999972191 4.419999999999909 -2.3067406877601848e-51
1.828125 1.999999999999999 4.42 1.9999999999972191 4.4199999999999084 -4.454253611117328e-51
1.859375 1.999999999999999 4.42 1.9999999999972213 4.419999999999903 -8.574936586047256e-51
1.890625 1.999999999999999 4.42 1.9999999999972222 4.4199999999999 -1.645720846417934e-50
1.921875 1.999999999999999 4.42 1.999999999997223 4.419999999999899 -3.1487547339947423e-50
1.953125 1.999999999999999 4.42 1.9999999999972236 4.419999999999895 -6.005727064687491e-50
1.984375 1.999999999999999 4.42 1.9999999999972244 4.419999999999893 -1.1418828486624206e-49
2.015625 1.999999999999999 4.42 1.9999999999972249 4.41999999999989 -2.164163558795051e-49
2.046875 1.999999999999999 4.42 1.9999999999972244 4.41999999999989 -4.0883930329748965e-49
2.078125 1.999999999999999 4.42 1.9999999999972236 4.419999999999892 -7.698188899911537e-49
2.109375 1.999999999999999 4.42 1.9999999999972236 4.419999999999892 -1.4446905109718582e-48
2.140625 1.999999999999999 4.42 1.999999999997223 4.419999999999892 -2.702002356417873e-48
2.171875 1.999999999999999 4.42 1.9999999999972222 4.419999999999893 -5.0360797287801475e-48
2.203125 1.999999999999999 4.42 1.9999999999972218 4.419999999999894 -9.353267962350299e-48
2.234375 1.999999999999999 4.42 1.9999999999972222 4.419999999999894 -1.7308607822853055e-47
2.265625 1.999999999999999 4.42 1.9999999999972222 4.419999999999895 -3.1911596593010844e-47
2.296875 1.999999999999999 4.42 1.9999999999972218 4.419999999999895 -5.8610728285051535e-47
2.328125 1.999999999999999 4.42 1.9999999999972211 4.419999999999895 -1.0722511834554478e-46
2.359375 1.999999999999999 4.42 1.9999999999972218 4.419999999999893 -1.9536579209753196e-46
2.390625 1.999999999999999 4.42 1.9999999999972211 4.419999999999893 -3.544595714090166e-46
2.421875 1.999999999999999 4.42 1.9999999999972204 4.419999999999893 -6.402876193520721e-46
2.453125 1.999999999999999 4.42 1.9999999999972198 4.419999999999893 -1.1512940178789018e-45
2.484375 1.999999999999999 4.42 1.9999999999972204 4.41999999999989 -2.060150041016556e-45
2.515625 1.999999999999999 4.42 1.9999999999972204 4.41999999999989 -3.6677085226756304e-45
2.546875 1.999999999999999 4.42 1.9999999999972213 4.419999999999886 -6.494345351696857e-45
2.578125 1.999999999999999 4.42 1.999999999997223 4.419999999999883 -1.1432892156771465e-44
2.609375 1.999999999999999 4.42 1.9999999999972244 4.419999999999879 -2.0001391905388715e-44
2.640625 1.999999999999999 4.42 1.9999999999972249 4.4199999999998765 -3.4754386748737267e-44
2.671875 1.999999999999999 4.42 1.9999999999972262 4.419999999999873 -5.993943055649722e-44
2.703125 1.999999999999999 4.42 1.9999999999972267 4.419999999999871 -1.025195040406753e-43
2.734375 1.999999999999999 4.42 1.9999999999972276 4.4199999999998685 -1.7371316768754017e-43
2.765625 1.999999999999999 4.42 1.999999999997227 4.4199999999998685 -2.91205779188509e-43
2.796875 1.999999999999999 4.42 1.999999999997227 4.4199999999998685 -4.8208921257584945e-43
2.828125 1.999999999999999 4.42 1.9999999999972276 4.419999999999868 -7.862381985663504e-43
2.859375 1.999999999999999 4.42 1.9999999999972284 4.419999999999867 -1.258888113997978e-42
2.890625 1.999999999999999 4.42 1.9999999999972278 4.4199999999998685 -1.9689254483153933e-42
2.921875 1.999999999999999 4.42 1.9999999999972278 4.4199999999998685 -2.984371359915005e-42
2.953125 1.999999999999999 4.42 1.9999999999972278 4.4199999999998685 -4.325788212120148e-42
2.984375 1.999999999999999 4.42 1.9999999999972278 4.4199999999998685 -5.846063377957028e-42
3.015625 1.999999999999999 4.42 1.9999999999972278 4.4199999999998685 -6.949926403797957e-42
3.046875 1.999999999999999 4.42 1.9999999999972278 4.4199999999998685 -5.97690423008472e-42
3.078125 1.999999999999999 4.42 1.9999999999972278 4.419999999999867 1.1041630246284527e-42
3.109375 1.999999999999999 4.42 1.9999999999972298 4.419999999999863 2.3380523158598155e-41
3.140625 1.999999999999999 4.42 1.9999999999972302 4.41999999999986 8.040211368904828e-41
3.171875 1.999999999999999 4.42 1.9999999999972315 4.419999999999854 2.128823627925937e-40
3.203125 1.999999999999999 4.42 1.9999999999972333 4.419999999999851 5.035814308975148e-40
3.234375 1.999999999999999 4.42 1.9999999999972342 4.419999999999847 1.1175793032213454e-39
3.265625 1.999999999999999 4.42 1.999999999997233 4.419999999999847 2.379148315477548e-39
3.296875 1.999999999999999 4.42 1.9999999999972324 4.419999999999849 4.9171664344323987e-39
3.328125 1.999999999999999 4.42 1.9999999999972318 4.419999999999849 9.937973385277114e-39
3.359375 1.999999999999999 4.42 1.999999999997231 4.419999999999849 1.9733640409492698e-38
3.390625 1.999999999999999 4.42 1.9999999999972304 4.419999999999851 3.862246412839405e-38
3.421875 1.999999999999999 4.42 1.9999999999972298 4.419999999999851 7.467854512244359e-38
3.453125 1.999999999999999 4.42 1.999999999997229 4.419999999999851 1.4289429136809048e-37
3.484375 1.999999999999999 4.42 1.9999999999972298 4.41999999999985 2.709319313161419e-37
3.515625 1.999999999999999 4.42 1.9999999999972298 4.419999999999847 5.095304745953352e-37
3.546875 1.999999999999999 4.42 1.9999999999972304 4.419999999999845 9.512456240138327e-37
3.578125 1.999999999999999 4.42 1.9999999999972313 4.419999999999842 1.764039657518716e-36
3.609375 1.999999999999999 4.42 1.9999999999972324 4.419999999999838 3.251223154159321e-36
3.640625 1.999999999999999 4.42 1.9999999999972329 4.4199999999998365 5.957967746992783e-36
3.671875 1.999999999999999 4.42 1.9999999999972333 4.419999999999835 1.0859796109704051e-35
3.703125 1.999999999999999 4.42 1.999999999997235 4.419999999999831 1.969481613251063e-35
3.734375 1.999999999999999 4.42 1.999999999997235 4.419999999999831 3.554705609886775e-35
3.765625 1.999999999999999 4.42 1.9999999999972355 4.419999999999829 6.386682306426079e-35
3.796875 1.999999999999999 4.42 1.9999999999972344 4.419999999999831 1.142489249897584e-34
3.828125 1.999999999999999 4.42 1.9999999999972344 4.41999999999983 2.0352048920353324e-34
3.859375 1.999999999999999 4.42 1.999999999997235 4.419999999999829 3.610838991254936e-34
3.890625 1.999999999999999 4.42 1.9999999999972355 4.4199999999998285 6.381297208125961e-34
3.921875 1.999999999999999 4.42 1.999999999997235 4.4199999999998285 1.123468433039923e-33
3.953125 1.999999999999999 4.42 1.9999999999972355 4.419999999999826 1.9706444301768363e-33
3.984375 1.999999999999999 4.42 1.9999999999972364 4.419999999999824 3.444218049896123e-33
4.015625 1.999999999999999 4.42 1.9999999999972364 4.419999999999823 5.998506676741735e-33
4.046875 1.999999999999999 4.42 1.9999999999972364 4.419999999999822 1.04111138669265e-32
4.078125 1.999999999999999 4.42 1.9999999999972369 4.4199999999998205 1.8008638503315503e-32
4.109375 1.999999999999999 4.42 1.9999999999972355 4.419999999999822 3.104698038737646e-32
4.140625 1.999999999999999 4.42 1.9999999999972344 4.419999999999822 5.335009896503985e-32
4.171875 1.999999999999999 4.42 1.9999999999972344 4.419999999999822 9.137948787512768e-32
4.203125 1.999999999999999 4.42 1.9999999999972355 4.41999999999982 1.5601918693651058e-31
4.234375 1.999999999999999 4.42 1.9999999999972367 4.419999999999815 2.65545774288298e-31
4.265625 1.999999999999999 4.42 1.999999999997237 4.419999999999813 4.505546363689017e-31
4.296875 1.999999999999999 4.42 1.9999999999972378 4.419999999999812 7.621057735477044e-31
4.328125 1.999999999999999 4.42 1.9999999999972382 4.41999999999981 1.2851516331372023e-30
4.359375 1.999999999999999 4.42 1.9999999999972382 4.41999999999981 2.1606037380466126e-30
4.390625 1.999999999999999 4.42 1.9999999999972384 4.419999999999809 3.621484103504994e-30
4.421875 1.999999999999999 4.42 1.9999999999972384 4.419999999999808 6.0519690049571036e-30
4.453125 1.999999999999999 4.42 1.9999999999972378 4.419999999999808 1.0083523940785047e-29
4.484375 1.999999999999999 4.42 1.9999999999972369 4.41999999999981 1.6750947021985322e-29
4.515625 1.999999999999999 4.42 1.9999999999972364 4.41999999999981 2.774487006777097e-29
4.546875 1.999999999999999 4.42 1.9999999999972358 4.41999999999981 4.5819074330769235e-29
4.578125 1.999999999999999 4.42 1.9999999999972367 4.419999999999807 7.544549486732463e-29
4.609375 1.999999999999999 4.42 1.9999999999972378 4.4199999999998045 1.238642375332453e-28
4.640625 1.999999999999999 4.42 1.999999999997239 4.419999999999799 2.027615344466844e-28
4.671875 1.999999999999999 4.42 1.9999999999972395 4.4199999999997965 3.3094267750190695e-28
4.703125 1.999999999999999 4.42 1.9999999999972404 4.419999999999794 5.38576355657764e-28
4.734375 1.999999999999999 4.42 1.9999999999972409 4.419999999999791 8.73912572067705e-28
4.765625 1.999999999999999 4.42 1.999999999997241 4.41999999999979 1.4138812796945444e-27
4.796875 1.999999999999999 4.42 1.999999999997241 4.41999999999979 2.2807587812770227e-27
4.828125 1.999999999999999 4.42 1.9999999999972418 4.4199999999997885 3.668289004728993e-27
4.859375 1.999999999999999 4.42 1.9999999999972418 4.4199999999997885 5.882486307471667e-27
4.890625 1.999999999999999 4.42 1.9999999999972424 4.419999999999788 9.405155247393542e-27
4.921875 1.999999999999999 4.42 1.9999999999972418 4.4199999999997885 1.49924343140427e-26
4.953125 1.999999999999999 4.42 1.999999999997241 4.41999999999979 2.3827139994964814e-26
4.984375 1.999999999999999 4.42 1.9999999999972404 4.4199999999997885 3.775344399229274e-26
5.015625 1.999999999999999 4.42 1.999999999997241 4.419999999999787 5.963706537766583e-26
5.046875 1.999999999999999 4.42 1.999999999997241 4.419999999999785 9.391605402168255e-26
5.078125 1.999999999999999 4.42 1.999999999997241 4.419999999999783 1.474398097469421e-25
5.109375 1.999999999999999 4.42 1.9999999999972418 4.419999999999781 2.3074218514254646e-25
5.140625 1.999999999999999 4.42 1.999999999997241 4.419999999999783 3.599654906553355e-25
5.171875 1.999999999999999 4.42 1.9999999999972404 4.419999999999783 5.5975613110885925e-25
5.203125 1.999999999999999 4.42 1.9999999999972398 4.419999999999783 8.676038409735593e-25
5.234375 1.999999999999999 4.42 1.9999999999972395 4.419999999999783 1.3403152088627167e-24
5.265625 1.999999999999999 4.42 1.9999999999972398 4.419999999999782 2.063626327147327e-24
5.296875 1.999999999999999 4.42 1.9999999999972404 4.419999999999781 3.1664072085467803e-24
5.328125 1.999999999999999 4.42 1.999999999997241 4.419999999999778 4.8415436441065506e-24
5.359375 1.999999999999999 4.42 1.999999999997241 4.419999999999778 7.376468727502132e-24
5.390625 1.999999999999999 4.42 1.999999999997241 4.419999999999777 1.1197544736359961e-23
5.421875 1.999999999999999 4.42 1.999999999997241 4.419999999999776 1.6934177460038927e-23
5.453125 1.999999999999999 4.42 1.999999999997241 4.419999999999776 2.5510813027808987e-23
5.484375 1.999999999999999 4.42 1.9999999999972422 4.4199999999997726 3.8277972523577195e-23
5.515625 1.999999999999999 4.42 1.999999999997244 4.419999999999769 5.719737357640802e-23
5.546875 1.999999999999999 4.42 1.9999999999972449 4.4199999999997654 8.510108664216983e-23
5.578125 1.999999999999999 4.42 1.9999999999972462 4.41999999999976 1.2605058654817386e-22
5.609375 1.999999999999999 4.42 1.999999999997247 4.419999999999756 1.8582826090560647e-22
5.640625 1.999999999999999 4.42 1.999999999997247 4.419999999999757 2.7260073698019643e-22
5.671875 1.999999999999999 4.42 1.9999999999972475 4.419999999999755 3.977987490968176e-22
5.703125 1.999999999999999 4.42 1.999999999997247 4.419999999999755 5.77259160798956e-22
5.734375 1.999999999999999 4.42 1.9999999999972475 4.419999999999754 8.326656155385357e-22
5.765625 1.999999999999999 4.42 1.9999999999972475 4.419999999999755 1.193295339358929e-21
5.796875 1.999999999999999 4.42 1.9999999999972475 4.419999999999755 1.698014209741317e-21
5.828125 1.999999999999999 4.42 1.999999999997248 4.419999999999753 2.397332648142728e-21
5.859375 1.999999999999999 4.42 1.999999999997249 4.41999999999975 3.3550959936201877e-21
5.890625 1.999999999999999 4.42 1.9999999999972489 4.41999999999975 4.648962114637106e-21
5.921875 1.999999999999999 4.42 1.9999999999972489 4.419999999999751 6.368100805829833e-21
5.953125 1.999999999999999 4.42 1.999999999997249 4.419999999999751 8.605353010410987e-21
5.984375 1.999999999999999 4.42 1.9999999999972498 4.4199999999997495 1.143913179228943e-20
6.015625 1.999999999999999 4.42 1.999999999997251 4.419999999999746 1.489719778190366e-20
6.046875 1.999999999999999 4.42 1.9999999999972504 4.419999999999746 1.8889436847287846e-20
6.078125 1.999999999999999 4.42 1.999999999997251 4.419999999999745 2.3088901174160298e-20
6.109375 1.999999999999999 4.42 1.9999999999972515 4.419999999999744 2.672813031849725e-20
6.140625 1.999999999999999 4.42 1.999999999997251 4.419999999999744 2.8258874022225216e-20
6.171875 1.999999999999999 4.42 1.999999999997251 4.419999999999744 2.4794409328619503e-20
6.203125 1.999999999999999 4.42 1.999999999997251 4.419999999999744 1.120966778113034e-20
6.234375 1.999999999999999 4.42 1.999999999997251 4.419999999999743 -2.1292021952213176e-20
6.265625 1.999999999999999 4.42 1.999999999997251 4.419999999999742 -8.743644241968582e-20
6.296875 1.999999999999999 4.42 1.999999999997251 4.419999999999741 -2.1139984100659238e-19
6.328125 1.999999999999999 4.42 1.9999999999972504 4.419999999999741 -4.3225443940309184e-19
6.359375 1.999999999999999 4.42 1.999999999997251 4.419999999999739 -8.123242558628094e-19
6.390625 1.999999999999999 4.42 1.9999999999972518 4.419999999999737 -1.449916056694189e-18
6.421875 1.999999999999999 4.42 1.9999999999972518 4.419999999999735 -2.498590031010466e-18
6.453125 1.999999999999999 4.42 1.9999999999972526 4.4199999999997335 -4.1961531058258706e-18
6.484375 1.999999999999999 4.42 1.9999999999972538 4.41999999999973 -6.908033070364404e-18
6.515625 1.999999999999999 4.42 1.9999999999972538 4.419999999999728 -1.1191819602844879e-17
6.546875 1.999999999999999 4.42 1.999999999997253 4.419999999999728 -1.7892814642745072e-17
6.578125 1.999999999999999 4.42 1.9999999999972524 4.419999999999728 -2.828480622676629e-17
6.609375 1.999999999999999 4.42 1.9999999999972529 4.419999999999727 -4.427650759039602e-17
6.640625 1.999999999999999 4.42 1.999999999997253 4.419999999999726 -6.871293963104205e-17
6.671875 1.999999999999999 4.42 1.9999999999972538 4.419999999999725 -1.0581352319837788e-16
6.703125 1.999999999999999 4.42 1.9999999999972544 4.419999999999723 -1.6180622920595578e-16
6.734375 2.0 4.42 1.9999999999972544 4.419999999999723 -2.4584179170539287e-16
6.765625 2.0 4.42 1.9999999999972544 4.419999999999722 -3.7130643844254734e-16
6.796875 2.0 4.42 1.9999999999972544 4.419999999999721 -5.576995431938721e-16
6.828125 1.9999999999999996 4.42 1.9999999999972544 4.419999999999719 -8.333090963179003e-16
6.859375 1.9999999999999991 4.42 1.9999999999972538 4.419999999999719 -1.2390097532254693e-15
6.890625 1.9999999999999987 4.42 1.9999999999972518 4.419999999999719 -1.833634667520214e-15
6.921875 1.9999999999999971 4.42 1.9999999999972498 4.419999999999721 -2.7015457262591083e-15
6.953125 1.9999999999999947 4.42 1.9999999999972475 4.419999999999721 -3.963263749308563e-15
6.984375 1.999999999999992 4.42 1.9999999999972458 4.419999999999719 -5.790342783568785e-15
7.015625 1.9999999999999882 4.42 1.9999999999972422 4.419999999999719 -8.426110147273168e-15
7.046875 1.9999999999999845 4.42 1.999999999997237 4.419999999999719 -1.2214485147172358e-14
7.078125 1.9999999999999765 4.42 1.9999999999972298 4.419999999999719 -1.7639885483553146e-14
7.109375 1.9999999999999662 4.42 1.9999999999972191 4.419999999999719 -2.53822982660602e-14
7.140625 1.9999999999999518 4.42 1.9999999999972045 4.419999999999719 -3.63930197719041e-14
7.171875 1.999999999999933 4.42 1.9999999999971838 4.419999999999719 -5.1998468342356297e-14
7.203125 1.9999999999999014 4.42 1.9999999999971545 4.419999999999719 -7.404199539793786e-14
7.234375 1.9999999999998628 4.42 1.9999999999971132 4.4199999999997175 -1.050769502468153e-13
7.265625 1.9999999999998028 4.42 1.9999999999970557 4.419999999999717 -1.4862863863463673e-13
7.296875 1.9999999999997213 4.42 1.9999999999969746 4.4199999999997175 -2.0954856369736308e-13
7.328125 1.99999999999961 4.42 1.9999999999968612 4.419999999999716 -2.9449184610589434e-13
7.359375 1.9999999999994504 4.42 1.9999999999967035 4.419999999999716 -4.1255848706260836e-13
7.390625 1.9999999999992317 4.42 1.9999999999964857 4.419999999999717 -5.761517913992377e-13
7.421875 1.9999999999989326 4.42 1.999999999996184 4.419999999999717 -8.021235938183894e-13
7.453125 1.9999999999985179 4.42 1.999999999995769 4.419999999999717 -1.113296906264696e-12
7.484375 1.9999999999979505 4.42 1.9999999999952 4.419999999999718 -1.5404834363647938e-12
7.515625 1.9999999999971685 4.42 1.9999999999944218 4.419999999999718 -2.1251475998174054e-12
7.546875 1.9999999999961067 4.42 1.9999999999933595 4.419999999999719 -2.922911974610753e-12
7.578125 1.999999999994663 4.42 1.999999999991914 4.419999999999721 -4.008153816462366e-12
7.609375 1.9999999999927054 4.42 1.9999999999899543 4.419999999999721 -5.480010911465506e-12
7.640625 1.999999999990056 4.42 1.9999999999873044 4.419999999999719 -7.470200829441743e-12
7.671875 1.9999999999864828 4.42 1.999999999983732 4.419999999999719 -1.0153164275917284e-11
7.703125 1.9999999999816835 4.42 1.999999999978931 4.419999999999719 -1.3759175065993107e-11
7.734375 1.9999999999752478 4.42 1.9999999999724976 4.419999999999719 -1.8591221278310382e-11
7.765625 1.9999999999666547 4.42 1.999999999963903 4.419999999999717 -2.5046660111161175e-11
7.796875 1.9999999999552078 4.42 1.9999999999524556 4.419999999999716 -3.364488926874075e-11
7.828125 1.9999999999400062 4.42 1.9999999999372544 4.419999999999717 -4.506256740414861e-11
7.859375 1.999999999919882 4.42 1.9999999999171292 4.419999999999716 -6.017826279695694e-11
7.890625 1.9999999998933198 4.42 1.9999999998905678 4.419999999999716 -8.012882088826562e-11
7.921875 1.999999999858372 4.42 1.9999999998556164 4.419999999999716 -1.0638022529341046e-10
7.953125 1.9999999998125244 4.42 1.9999999998097697 4.419999999999716 -1.4081629059050188e-10
7.984375 1.9999999997525655 4.42 1.999999999749815 4.419999999999716 -1.8584917425466984e-10
8.015625 1.9999999996744051 4.42 1.9999999996716555 4.419999999999714 -2.445564327745659e-10
8.046875 1.9999999995728368 4.42 1.9999999995700812 4.419999999999714 -3.2085017244722926e-10
8.078125 1.9999999994412505 4.42 1.9999999994384972 4.419999999999714 -4.196847518033573e-10
8.109375 1.9999999992713366 4.42 1.9999999992685813 4.419999999999714 -5.473104646628257e-10
8.140625 1.9999999990526365 4.42 1.9999999990498787 4.419999999999713 -7.115816430660233e-10
8.171875 1.999999998772055 4.42 1.9999999987692993 4.419999999999714 -9.22328624068492e-10
8.203125 1.999999998413289 4.42 1.9999999984105317 4.419999999999714 -1.191803958165589e-09
8.234375 1.9999999979560892 4.42 1.999999997953332 4.419999999999714 -1.5352140059132596e-09
8.265625 1.9999999973754419 4.42 1.9999999973726845 4.419999999999714 -1.971347542156692e-09
8.296875 1.9999999966405821 4.42 1.9999999966378237 4.419999999999712 -2.523312985973188e-09
8.328125 1.9999999957138497 4.42 1.9999999957110923 4.419999999999714 -3.219395161131922e-09
8.359375 1.9999999945493911 4.42 1.9999999945466311 4.419999999999712 -4.094040754180995e-09
8.390625 1.9999999930916403 4.42 1.9999999930888825 4.419999999999712 -5.1889784705830064e-09
8.421875 1.9999999912736859 4.42 1.9999999912709254 4.419999999999714 -6.554474776039984e-09
8.453125 1.9999999890153868 4.42 1.9999999890126272 4.419999999999714 -8.250718395545009e-09
8.484375 1.9999999862214142 4.42 1.9999999862186548 4.419999999999713 -1.0349315607112637e-08
8.515625 1.999999982779141 4.42 1.999999982776381 4.419999999999712 -1.2934862794373492e-08
8.546875 1.9999999785565188 4.42 1.9999999785537592 4.419999999999712 -1.610654146399652e-08
8.578125 1.9999999734000433 4.42 1.999999973397284 4.419999999999711 -1.9979652470463198e-08
8.609375 1.9999999671329476 4.42 1.9999999671301874 4.41999999999971 -2.4686968687730042e-08
8.640625 1.9999999595538691 4.42 1.999999959551106 4.419999999999712 -3.037973662956737e-08
8.671875 1.999999950436289 4.42 1.999999950433528 4.419999999999713 -3.722809494294276e-08
8.703125 1.999999939529181 4.42 1.99999993952642 4.419999999999711 -4.542059821685135e-08
8.734375 1.9999999265593644 4.42 1.9999999265566029 4.419999999999711 -5.5162434587404565e-08
8.765625 1.9999999112363422 4.42 1.9999999112335807 4.419999999999709 -6.667180104523568e-08
8.796875 1.9999998932604952 4.42 1.9999998932577332 4.419999999999709 -8.017374642759501e-08
8.828125 1.9999998723358225 4.42 1.9999998723330572 4.419999999999709 -9.589060343071351e-08
8.859375 1.9999998481886854 4.42 1.999999848185921 4.419999999999709 -1.1402790157076528e-07
8.890625 1.9999998205944407 4.42 1.999999820591678 4.419999999999709 -1.3475437614470108e-07
8.921875 1.999999789414193 4.42 1.9999997894114296 4.419999999999709 -1.581743565263702e-07
8.953125 1.9999997546445054 4.42 1.9999997546417405 4.419999999999708 -1.842904225897277e-07
8.984375 1.999999716483511 4.42 1.9999997164807455 4.419999999999708 -2.129537521443204e-07
9.015625 1.9999996754175637 4.42 1.9999996754147995 4.419999999999706 -2.4379903603245343e-07
9.046875 1.9999996323334428 4.42 1.9999996323306783 4.419999999999706 -2.7616020174017365e-07
9.078125 1.9999995886620825 4.42 1.999999588659318 4.419999999999706 -3.089624517400078e-07
9.109375 1.999999546560946 4.42 1.9999995465581835 4.419999999999703 -3.405852802832484e-07
9.140625 1.9999995091434246 4.42 1.9999995091406604 4.419999999999702 -3.686901735755997e-07
9.171875 1.999999480765053 4.42 1.99999948076229 4.4199999999997015 -3.900056158431509e-07
9.203125 1.999999467378042 4.42 1.999999467375278 4.4199999999997 -4.00060811963365e-07
9.234375 1.999999476967265 4.42 1.999999476964504 4.419999999999701 -3.92858192564735e-07
9.265625 1.9999995200829939 4.42 1.9999995200802319 4.419999999999697 -3.6047328921586107e-07
9.296875 1.999999610487602 4.42 1.99999961048484 4.419999999999693 -2.9256895874623466e-07
9.328125 1.9999997659359914 4.42 1.9999997659332336 4.419999999999691 -1.75809204796358e-07
9.359375 2.000000009111771 4.42 2.0000000091090078 4.419999999999692 6.84399496390746e-09
9.390625 2.000000368743786 4.42 2.0000003687410253 4.41999999999969 2.769693754259723e-07
9.421875 2.000000880930462 4.42 2.0000008809277015 4.419999999999687 6.6168109169794e-07
9.453125 2.0000015907017374 4.42 2.000001590698975 4.4199999999996855 1.1948019652308614e-06
9.484375 2.0000025538513384 4.42 2.0000025538485824 4.419999999999679 1.91823977061019e-06
9.515625 2.0000038390745107 4.42 2.000003839071753 4.419999999999678 2.8835929655655025e-06
9.546875 2.0000055304485747 4.42 2.0000055304458155 4.419999999999679 4.154014011294916e-06
9.578125 2.000007730295895 4.42 2.000007730293137 4.419999999999678 5.806359934410772e-06
9.609375 2.0000105624701483 4.42 2.000010562467393 4.419999999999677 7.933660947464523e-06
9.640625 2.0000141761078507 4.42 2.000014176105095 4.419999999999676 1.0647938659910819e-05
9.671875 2.000018749887227 4.42 2.0000187498844717 4.419999999999671 1.4083405549510238e-05
9.703125 2.000024496835712 4.42 2.000024496832957 4.419999999999671 1.8400076786345152e-05
9.734375 2.0000316697253995 4.42 2.000031669722646 4.419999999999669 2.3787824056655596e-05
9.765625 2.000040567092398 4.42 2.0000405670896466 4.419999999999666 3.047089856032277e-05
9.796875 2.0000515399111 4.42 2.000051539908352 4.419999999999664 3.871294668531413e-05
9.828125 2.0000649989475687 4.42 2.000064998944823 4.419999999999662 4.882253682205016e-05
9.859375 2.0000814228073214 4.42 2.000081422804578 4.419999999999661 6.115920919813026e-05
9.890625 2.0001013666816245 4.42 2.0001013666788845 4.419999999999661 7.614005232250465e-05
9.921875 2.000125471782663 4.42 2.000125471779927 4.419999999999661 9.424679947325484e-05
9.953125 2.0001544754414953 4.42 2.0001544754387632 4.419999999999663 0.00011603342650898227
9.984375 2.0001892218234163 4.42 2.0001892218206905 4.419999999999663 0.00014213421802187232
10.015625 2.0002306731930752 4.42 2.0002306731903556 4.41999999999966 0.00017327225240822825
10.046875 2.0002799216363383 4.42 2.0002799216336324 4.419999999999658 0.00021026823778249598
10.078125 2.0003382011177333 4.42 2.0003382011150435 4.419999999999655 0.00025404960983168684
10.109375 2.00040689972099 4.42 2.000406899718313 4.419999999999655 0.0003056597797921633
10.140625 2.0004875718865582 4.42 2.0004875718839004 4.419999999999659 0.0003662673958988225
10.171875 2.0005819504238924 4.42 2.0005819504212603 4.419999999999661 0.00043717545516134556
10.203125 2.0006919580383102 4.42 2.000691958035702 4.419999999999662 0.0005198300745101878
10.234375 2.0008197180732443 4.42 2.000819718070663 4.419999999999661 0.0006158287016735327
10.265625 2.0009675641292284 4.42 2.0009675641266833 4.419999999999662 0.0007269275171483163
10.296875 2.001138048181968 4.42 2.0011380481794614 4.419999999999661 0.0008550477499748933
10.328125 2.0013339467844355 4.42 2.001333946781969 4.419999999999658 0.0010022806024855794
10.359375 2.001558264903644 4.42 2.001558264901224 4.4199999999996535 0.0011708904536466504
10.390625 2.0018142369124945 4.42 2.0018142369101186 4.4199999999996535 0.00136331598802327
10.421875 2.002105324232791 4.42 2.0021053242304587 4.419999999999655 0.0015821688788247121
10.453125 2.002435209108824 4.42 2.0024352091065296 4.419999999999657 0.001830229640059798
10.484375 2.00280778398329 4.42 2.00280778398103 4.419999999999657 0.0021104402557239545
10.515625 2.0032271359509144 4.42 2.0032271359486757 4.419999999999652 0.0024258931943456344
10.546875 2.0036975257812872 4.42 2.0036975257790592 4.419999999999652 0.002779816426326757
10.578125 2.0042233610333797 4.42 2.0042233610311397 4.41999999999965 0.0031755540804596885
10.609375 2.004809162830669 4.42 2.004809162828394 4.419999999999647 0.003616542405846326
10.640625 2.0054595259301324 4.42 2.005459525927791 4.419999999999647 0.004106280747108303
10.671875 2.0061790718004597 4.42 2.0061790717980132 4.419999999999646 0.004648297295010989
10.703125 2.0069723945261195 4.42 2.006972394523535 4.419999999999641 0.005246109441955015
10.734375 2.007843999474088 4.42 2.0078439994713175 4.419999999999634 0.00590317865247471
10.765625 2.008798234798452 4.42 2.008798234795454 4.419999999999629 0.006622859852864577
10.796875 2.009839216014298 4.42 2.00983921601102 4.419999999999623 0.007408345450915949
10.828125 2.0109707440433864 4.42 2.010970744039787 4.419999999999622 0.008262604215674192
10.859375 2.012196217318716 4.42 2.012196217314755 4.419999999999618 0.009188315376884767
10.890625 2.0135185387286683 4.42 2.013518538724312 4.419999999999609 0.01018779844269984
10.921875 2.0149400183809787 4.42 2.014940018376213 4.419999999999606 0.01126293938012599
10.953125 2.0164622733668915 4.42 2.016462273361711 4.419999999999605 0.012415113953013106
10.984375 2.018086125901385 4.42 2.018086125895808 4.419999999999602 0.013645109164084353
11.015625 2.0198115014009557 4.42 2.019811501395022 4.4199999999996 0.014953043897151557
11.046875 2.02163732822957 4.42 2.0216373282233486 4.419999999999593 0.016338289999458067
11.078125 2.0235614409904783 4.42 2.02356144098406 4.419999999999586 0.017799395177961152
11.109375 2.025580489360549 4.42 2.025580489354047 4.419999999999581 0.019334009203016627
11.140625 2.0276898545492315 4.42 2.0276898545427935 4.419999999999581 0.020938815013958157
11.171875 2.029883575511406 4.42 2.0298835755051883 4.419999999999574 0.022609466399069394
11.203125 2.032154287047852 4.42 2.032154287042031 4.419999999999565 0.02434053397314911
11.234375 2.0344931718866146 4.42 2.034493171881377 4.4199999999995585 0.026125461195244212
11.265625 2.0368899287502265 4.42 2.036889928745741 4.419999999999554 0.027956532153544326
11.296875 2.0393327582776672 4.42 2.0393327582741003 4.419999999999549 0.02982485279080091
11.328125 2.0418083684866137 4.42 2.0418083684841024 4.419999999999542 0.031720347149536324
11.359375 2.0443020012320448 4.42 2.044302001230684 4.4199999999995345 0.033631770080131254
11.390625 2.046797480845608 4.42 2.046797480845452 4.419999999999531 0.03554673767593849
11.421875 2.049277285829611 4.42 2.049277285830647 4.419999999999533 0.037451776478212004
11.453125 2.0517226441352165 4.42 2.0517226441373655 4.419999999999531 0.039332392231319985
11.484375 2.054113652182417 4.42 2.0541136521855288 4.419999999999527 0.041173158668053204
11.515625 2.056429417385682 4.42 2.056429417389526 4.419999999999525 0.04295782646966331
11.546875 2.0586482235407715 4.42 2.058648223545048 4.41999999999952 0.04466945218057142
11.578125 2.0607477180124985 4.42 2.0607477180168443 4.419999999999511 0.04629054646961692
11.609375 2.062705119247272 4.42 2.062705119251251 4.419999999999509 0.04780324072547297
11.640625 2.064497442725788 4.42 2.0644974427289267 4.419999999999506 0.04918947056157731
11.671875 2.066101743077976 4.42 2.0661017430797566 4.4199999999995025 0.05043117439454236
11.703125 2.067495369710944 4.42 2.067495369710845 4.419999999999501 0.051510504859034176
11.734375 2.068656232959619 4.42 2.0686562329571183 4.419999999999497 0.052410050441439045
11.765625 2.069563077464564 4.42 2.0695630774591756 4.419999999999495 0.05311306436428788
11.796875 2.0701957592201166 4.42 2.070195759211397 4.419999999999494 0.05360369744326279
11.828125 2.0705355225231545 4.42 2.070535522510736 4.419999999999497 0.05386723137812902
11.859375 2.0705652728950668 4.42 2.070565272878669 4.419999999999497 0.05389030873688286
11.890625 2.070269841950397 4.42 2.0702698419298597 4.419999999999499 0.05366115575656725
11.921875 2.069636240149702 4.42 2.06963624012498 4.419999999999499 0.05316979402112389
11.953125 2.06865389340291 4.42 2.068653893374104 4.419999999999498 0.05240823709138409
11.984375 2.067314859585342 4.42 2.0673148595526945 4.419999999999501 0.05137066825821273
12.015625 2.065614021190252 4.42 2.065614021154153 4.419999999999501 0.05005359576840977
12.046875 2.063549250568907 4.42 2.063549250529902 4.419999999999501 0.048455982133748285
12.078125 2.061121544498347 4.42 2.0611215444571087 4.419999999999501 0.046579344473933665
12.109375 2.0583351251639623 4.42 2.058335125121298 4.419999999999501 0.04442782325967287
12.140625 2.0551975050439495 4.42 2.0551975050007636 4.419999999999501 0.04200821730578457
12.171875 2.051719513628286 4.42 2.0517195135855704 4.4199999999995 0.03932998340777328
12.203125 2.0479152843898762 4.42 2.0479152843486697 4.419999999999498 0.03640519960818808
12.234375 2.043802200941359 4.42 2.0438022009027046 4.419999999999495 0.033248491709506556
12.265625 2.0394008018506593 4.42 2.039400801815576 4.419999999999495 0.02987692330508533
12.296875 2.0347346441438843 4.42 2.034734644113301 4.419999999999497 0.026309850264809496
12.328125 2.029830126088493 4.42 2.0298301260632208 4.419999999999499 0.022568741272777516
12.359375 2.02471627041748 4.42 2.0247162703981587 4.419999999999497 0.018676966655785724
12.390625 2.0194244697209025 4.42 2.0194244697079444 4.419999999999495 0.014659558348819613
12.421875 2.013988196291482 4.42 2.0139881962850392 4.419999999999492 0.01054294440308875
12.453125 2.0084426792634016 4.42 2.008442679263335 4.419999999999483 0.006354661940193942
12.484375 2.002824552425988 4.42 2.0028245524318296 4.419999999999485 0.002123052880951984
12.515625 1.997171476625279 4.42 1.9971714766362416 4.419999999999487 -0.002123052880951984
12.546875 1.9915217411845798 4.42 1.9915217411995678 4.419999999999485 -0.006354661940193942
12.578125 1.9859138492762214 4.42 1.9859138492938468 4.419999999999485 -0.01054294440308875
12.609375 1.980386092654841 4.42 1.980386092673489 4.419999999999487 -0.014659558348819613
12.640625 1.9749761216081183 4.42 1.9749761216260113 4.419999999999487 -0.018676966655785724
12.671875 1.9697205163792832 4.42 1.9697205163945766 4.419999999999487 -0.022568741272777516
12.703125 1.9646543666484506 4.42 1.9646543666593346 4.419999999999487 -0.026309850264809496
12.734375 1.9598108659023845 4.42 1.9598108659071893 4.419999999999485 -0.02987692330508533
12.765625 1.9552209276472725 4.42 1.9552209276446049 4.419999999999481 -0.033248491709506556
12.796875 1.9509128303965297 4.42 1.9509128303853376 4.419999999999478 -0.03640519960818808
12.828125 1.9469118981656939 4.42 1.9469118981453917 4.4199999999994795 -0.03932998340777328
12.859375 1.9432402228049144 4.42 1.9432402227754189 4.4199999999994795 -0.04200821730578457
12.890625 1.9399164338770394 4.42 1.939916433838802 4.4199999999994795 -0.04442782325967287
12.921875 1.936955520941497 4.42 1.936955520895481 4.4199999999994795 -0.046579344473933665
12.953125 1.934368712038066 4.42 1.934368711985698 4.4199999999994795 -0.048455982133748285
12.984375 1.9321634109059829 4.42 1.9321634108490637 4.4199999999994795 -0.05005359576840977
13.015625 1.9303431940637163 4.42 1.9303431940042932 4.4199999999994795 -0.05137066825821273
13.046875 1.9289078673696607 4.42 1.928907867309891 4.419999999999478 -0.05240823709138409
13.078125 1.927853580151542 4.42 1.9278535800935561 4.419999999999478 -0.05316979402112389
13.109375 1.9271729935057045 4.42 1.927172993451462 4.419999999999478 -0.05366115575656725
13.140625 1.9268554979996249 4.42 1.92685549795079 4.419999999999478 -0.05389030873688286
13.171875 1.9268874748282796 4.42 1.9268874747861402 4.419999999999478 -0.05386723137812902
13.203125 1.9272525935308535 4.42 1.9272525934962583 4.419999999999476 -0.05360369744326279
13.234375 1.9279321387056232 4.42 1.9279321386789683 4.419999999999476 -0.05311306436428788
13.265625 1.9289053577857995 4.42 1.9289053577670385 4.419999999999476 -0.052410050441439045
13.296875 1.9301498218559552 4.42 1.9301498218446542 4.419999999999477 -0.051510504859034176
13.328125 1.9316417916789614 4.42 1.931641791674363 4.419999999999476 -0.05043117439454236
13.359375 1.9333565815336864 4.42 1.9333565815347975 4.419999999999474 -0.04918947056157731
13.390625 1.935268914091413 4.42 1.9352689140970882 4.419999999999472 -0.04780324072547297
13.421875 1.9373532603352746 4.42 1.9373532603443193 4.419999999999471 -0.04629054646961692
13.453125 1.9395841594028806 4.42 1.93958415941411 4.419999999999467 -0.04466945218057142
13.484375 1.9419365141599667 4.42 1.941936514172283 4.419999999999462 -0.04295782646966331
13.515625 1.944385859251566 4.42 1.9443858592640053 4.41999999999946 -0.041173158668053204
13.546875 1.9469085992908295 4.42 1.9469085993025899 4.419999999999456 -0.039332392231319985
13.578125 1.94948221570775 4.42 1.9494822157182146 4.419999999999453 -0.037451776478212004
13.609375 1.9520854415706044 4.42 1.9520854415793383 4.419999999999451 -0.03554673767593849
13.640625 1.9546984043990587 4.42 1.954698404405805 4.4199999999994475 -0.033631770080131254
13.671875 1.95730273760309 4.42 1.9573027376077445 4.419999999999441 -0.031720347149536324
13.703125 1.9598816617037973 4.42 1.9598816617063863 4.4199999999994395 -0.02982485279080091
13.734375 1.9624200369228102 4.42 1.9624200369234661 4.419999999999441 -0.027956532153544326
13.765625 1.964904389070306 4.42 1.9649043890692421 4.4199999999994395 -0.026125461195244212
13.796875 1.9673229109237225 4.42 1.9673229109211978 4.419999999999437 -0.02434053397314911
13.828125 1.9696654414768873 4.42 1.969665441473198 4.419999999999437 -0.022609466399069394
13.859375 1.9719234255599836 4.42 1.9719234255554254 4.419999999999433 -0.020938815013958157
13.890625 1.974089856391506 4.42 1.9740898563863691 4.4199999999994315 -0.019334009203016627
13.921875 1.9761592036319984 4.42 1.9761592036265498 4.41999999999943 -0.017799395177961152
13.953125 1.9781273294720345 4.42 1.9781273294665076 4.419999999999431 -0.016338289999458067
13.984375 1.979991395210803 4.42 1.979991395205396 4.419999999999428 -0.014953043897151557
14.015625 1.981749760672456 4.42 1.9817497606673267 4.419999999999426 -0.013645109164084353
14.046875 1.9834018786710628 4.42 1.9834018786663346 4.419999999999424 -0.012415113953013106
14.078125 1.9849481865768634 4.42 1.9849481865726184 4.4199999999994235 -0.01126293938012599
14.109375 1.9863899968615493 4.42 1.9863899968578376 4.419999999999421 -0.01018779844269984
14.140625 1.9877293883133245 4.42 1.987729388310162 4.419999999999418 -0.009188315376884767
14.171875 1.9889690994176923 4.42 1.9889690994150757 4.419999999999413 -0.008262604215674192
14.203125 1.9901124252015152 4.42 1.990112425199427 4.419999999999407 -0.007408345450915949
14.234375 1.9911631186394274 4.42 1.9911631186378176 4.419999999999405 -0.006622859852864577
14.265625 1.99212529752645 4.42 1.9921252975252743 4.419999999999403 -0.00590317865247471
14.296875 1.9930033575321322 4.42 1.9930033575313333 4.419999999999402 -0.005246109441955015
14.328125 1.9938018919712315 4.42 1.9938018919707563 4.419999999999403 -0.004648297295010989
14.359375 1.9945256186574678 4.42 1.994525618657259 4.419999999999401 -0.004106280747108303
14.390625 1.9951793140506708 4.42 1.9951793140506626 4.4199999999993995 -0.003616542405846326
14.421875 1.9957677547660606 4.42 1.9957677547662103 4.419999999999397 -0.0031755540804596885
14.453125 1.9962956663880846 4.42 1.9962956663883484 4.419999999999398 -0.002779816426326757
14.484375 1.9967676794204197 4.42 1.996767679420757 4.419999999999397 -0.0024258931943456344
14.515625 1.997188292109604 4.42 1.9971882921099802 4.419999999999394 -0.0021104402557239545
14.546875 1.9975618398012698 4.42 1.9975618398016617 4.419999999999392 -0.001830229640059798
14.578125 1.9978924704252747 4.42 1.997892470425664 4.419999999999387 -0.0015821688788247121
14.609375 1.9981841256582533 4.42 1.9981841256586197 4.419999999999385 -0.00136331598802327
14.640625 1.9984405272785264 4.42 1.9984405272788592 4.419999999999385 -0.0011708904536466504
14.671875 1.9986651682077268 4.42 1.9986651682080163 4.4199999999993835 -0.0010022806024855794
14.703125 1.9988613077245903 4.42 1.9988613077248352 4.419999999999382 -0.0008550477499748933
14.734375 1.9990319703381538 4.42 1.9990319703383528 4.419999999999378 -0.0007269275171483163
14.765625 1.9991799478182228 4.42 1.9991799478183765 4.419999999999376 -0.0006158287016735327
14.796875 1.9993078038995158 4.42 1.9993078038996273 4.419999999999375 -0.0005198300745101878
14.828125 1.9994178812005547 4.42 1.9994178812006242 4.419999999999369 -0.00043717545516134556
14.859375 1.99951230992801 4.42 1.9995123099280478 4.419999999999366 -0.0003662673958988225
14.890625 1.9995930179706496 4.42 1.9995930179706547 4.419999999999362 -0.0003056597797921633
14.921875 1.9996617420225855 4.42 1.9996617420225653 4.419999999999357 -0.00025404960983168684
14.953125 1.999720039413015 4.42 1.9997200394129724 4.419999999999351 -0.00021026823778249598
14.984375 1.9997693003569494 4.42 1.9997693003568844 4.419999999999348 -0.00017327225240822825
15.015625 1.9998107603788529 4.42 1.9998107603787747 4.419999999999345 -0.00014213421802187232
15.046875 1.9998455126971721 4.42 1.9998455126970778 4.419999999999343 -0.00011603342650898227
15.078125 1.999874520392045 4.42 1.9998745203919408 4.41999999999934 -9.424679947325484e-05
15.109375 1.9998986282110494 4.42 1.9998986282109354 4.419999999999337 -7.614005232250465e-05
15.140625 1.999918573897409 4.42 1.9999185738972887 4.419999999999336 -6.115920919813026e-05
15.171875 1.9999349989524853 4.42 1.9999349989523596 4.419999999999332 -4.882253682205016e-05
15.203125 1.9999484587685772 4.42 1.9999484587684466 4.4199999999993285 -3.871294668531413e-05
15.234375 1.999959432089632 4.42 1.9999594320894984 4.419999999999323 -3.047089856032277e-05
15.265625 1.9999683297760873 4.42 1.9999683297759523 4.419999999999321 -2.3787824056655596e-05
15.296875 1.9999755028660222 4.42 1.9999755028658828 4.419999999999318 -1.8400076786345152e-05
15.328125 1.999981249938037 4.42 1.9999812499378984 4.419999999999312 -1.4083405549510238e-05
15.359375 1.9999858237922623 4.42 1.999985823792124 4.419999999999311 -1.0647938659910819e-05
15.390625 1.999989437474398 4.42 1.9999894374742588 4.419999999999309 -7.933660947464523e-06
15.421875 1.9999922696744026 4.42 1.9999922696742645 4.419999999999305 -5.806359934410772e-06
15.453125 1.999994469536225 4.42 1.9999944695360865 4.419999999999303 -4.154014011294916e-06
15.484375 1.999996160918165 4.42 1.9999961609180263 4.419999999999301 -2.8835929655655025e-06
15.515625 1.9999974461454166 4.42 1.9999974461452803 4.419999999999297 -1.91823977061019e-06
15.546875 1.9999984092970067 4.42 1.9999984092968706 4.419999999999295 -1.1948019652308614e-06
15.578125 1.999999119069154 4.42 1.9999991190690172 4.419999999999291 -6.6168109169794e-07
15.609375 1.9999996312561468 4.42 1.9999996312560118 4.419999999999288 -2.769693754259723e-07
15.640625 1.9999999908882304 4.42 1.9999999908880977 4.419999999999284 -6.84399496390746e-09
15.671875 2.0000002340639775 4.42 2.000000234063845 4.419999999999282 1.75809204796358e-07
15.703125 2.0000003895123237 4.42 2.00000038951219 4.419999999999281 2.9256895874623466e-07
15.734375 2.000000479916894 4.42 2.000000479916759 4.419999999999279 3.6047328921586107e-07
15.765625 2.000000523032596 4.42 2.000000523032465 4.419999999999277 3.92858192564735e-07
15.796875 2.000000532621816 4.42 2.0000005326216868 4.419999999999277 4.00060811963365e-07
15.828125 2.0000005192348143 4.42 2.000000519234682 4.419999999999274 3.900056158431509e-07
15.859375 2.0000004908564546 4.42 2.0000004908563276 4.419999999999269 3.686901735755997e-07
15.890625 2.0000004534389504 4.42 2.0000004534388225 4.419999999999265 3.405852802832484e-07
15.921875 2.000000411337833 4.42 2.000000411337707 4.41999999999926 3.089624517400078e-07
15.953125 2.0000003676664893 4.42 2.000000367666366 4.419999999999255 2.7616020174017365e-07
15.984375 2.0000003245823836 4.42 2.0000003245822606 4.419999999999254 2.4379903603245343e-07
16.015625 2.000000283516449 4.42 2.0000002835163277 4.41999999999925 2.129537521443204e-07
16.046875 2.0000002453554675 4.42 2.000000245355345 4.419999999999243 1.842904225897277e-07
16.078125 2.0000002105857835 4.42 2.0000002105856654 4.419999999999236 1.581743565263702e-07
16.109375 2.0000001794055433 4.42 2.000000179405424 4.419999999999234 1.3475437614470108e-07
16.140625 2.0000001518113066 4.42 2.0000001518111876 4.419999999999229 1.1402790157076528e-07
16.171875 2.0000001276641726 4.42 2.000000127664057 4.419999999999224 9.589060343071351e-08
16.203125 2.0000001067395003 4.42 2.0000001067393853 4.41999999999922 8.017374642759501e-08
16.234375 2.0000000887636533 4.42 2.0000000887635423 4.419999999999213 6.667180104523568e-08
16.265625 2.000000073440636 4.42 2.000000073440523 4.419999999999208 5.5162434587404565e-08
16.296875 2.000000060470817 4.42 2.0000000604707084 4.419999999999202 4.542059821685135e-08
16.328125 2.0000000495637114 4.42 2.0000000495636012 4.419999999999199 3.722809494294276e-08
16.359375 2.000000040446134 4.42 2.000000040446025 4.4199999999991935 3.037973662956737e-08
16.390625 2.0000000328670513 4.42 2.0000000328669483 4.419999999999186 2.4686968687730042e-08
16.421875 2.000000026599957 4.42 2.0000000265998548 4.4199999999991775 1.9979652470463198e-08
16.453125 2.0000000214434825 4.42 2.0000000214433813 4.419999999999172 1.610654146399652e-08
16.484375 2.0000000172208603 4.42 2.000000017220761 4.419999999999169 1.2934862794373492e-08
16.515625 2.0000000137785836 4.42 2.0000000137784886 4.419999999999163 1.0349315607112637e-08
16.546875 2.000000010984613 4.42 2.000000010984514 4.419999999999165 8.250718395545009e-09
16.578125 2.0000000087263166 4.42 2.0000000087262153 4.419999999999169 6.554474776039984e-09
16.609375 2.0000000069083574 4.42 2.000000006908258 4.419999999999169 5.1889784705830064e-09
16.640625 2.000000005450611 4.42 2.0000000054505103 4.419999999999165 4.094040754180995e-09
16.671875 2.0000000042861488 4.42 2.000000004286049 4.419999999999165 3.219395161131922e-09
16.703125 2.0000000033594176 4.42 2.000000003359318 4.419999999999165 2.523312985973188e-09
16.734375 2.000000002624555 4.42 2.0000000026244575 4.419999999999165 1.971347542156692e-09
16.765625 2.0000000020439117 4.42 2.000000002043809 4.419999999999167 1.5352140059132596e-09
16.796875 2.0000000015867094 4.42 2.000000001586608 4.419999999999167 1.191803958165589e-09
16.828125 2.000000001227944 4.42 2.000000001227842 4.419999999999165 9.22328624068492e-10
16.859375 2.0000000009473657 4.42 2.0000000009472636 4.419999999999164 7.115816430660233e-10
16.890625 2.000000000728664 4.42 2.0000000007285603 4.419999999999165 5.473104646628257e-10
16.921875 2.00000000055875 4.42 2.0000000005586447 4.419999999999165 4.196847518033573e-10
16.953125 2.0000000004271636 4.42 2.000000000427061 4.4199999999991615 3.2085017244722926e-10
16.984375 2.000000000325593 4.42 2.000000000325488 4.419999999999158 2.445564327745659e-10
17.015625 2.0000000002474296 4.42 2.000000000247327 4.41999999999916 1.8584917425466984e-10
17.046875 2.000000000187475 4.42 2.000000000187373 4.419999999999158 1.4081629059050188e-10
17.078125 2.0000000001416303 4.42 2.0000000001415263 4.419999999999159 1.0638022529341046e-10
17.109375 2.00000000010668 4.42 2.000000000106576 4.41999999999916 8.012882088826562e-11
17.140625 2.0000000000801195 4.42 2.000000000080015 4.41999999999916 6.017826279695694e-11
17.171875 2.0000000000599947 4.42 2.0000000000598908 4.41999999999916 4.506256740414861e-11
17.203125 2.0000000000447926 4.42 2.0000000000446896 4.419999999999158 3.364488926874075e-11
17.234375 2.000000000033345 4.42 2.0000000000332423 4.419999999999157 2.5046660111161175e-11
17.265625 2.00000000002475 4.42 2.000000000024647 4.419999999999158 1.8591221278310382e-11
17.296875 2.000000000018317 4.42 2.000000000018214 4.419999999999157 1.3759175065993107e-11
17.328125 2.000000000013519 4.42 2.0000000000134133 4.419999999999157 1.0153164275917284e-11
17.359375 2.0000000000099463 4.42 2.0000000000098415 4.419999999999157 7.470200829441743e-12
17.390625 2.0000000000072955 4.42 2.000000000007191 4.419999999999158 5.480010911465506e-12
17.421875 2.0000000000053384 4.42 2.000000000005232 4.41999999999916 4.008153816462366e-12
17.453125 2.0000000000038916 4.42 2.0000000000037863 4.4199999999991615 2.922911974610753e-12
17.484375 2.00000000000283 4.42 2.000000000002724 4.4199999999991615 2.1251475998174054e-12
17.515625 2.00000000000205 4.42 2.000000000001945 4.41999999999916 1.5404834363647938e-12
17.546875 2.0000000000014806 4.42 2.000000000001376 4.41999999999916 1.113296906264696e-12
17.578125 2.0000000000010667 4.42 2.0000000000009615 4.4199999999991615 8.021235938183894e-13
17.609375 2.0000000000007665 4.42 2.00000000000066 4.41999999999916 5.761517913992377e-13
17.640625 2.00000000000055 4.42 2.0000000000004423 4.419999999999159 4.1255848706260836e-13
17.671875 2.0000000000003904 4.42 2.000000000000285 4.419999999999157 2.9449184610589434e-13
17.703125 2.0000000000002776 4.42 2.000000000000173 4.419999999999154 2.0954856369736308e-13
17.734375 2.0000000000001994 4.42 2.0000000000000915 4.419999999999156 1.4862863863463673e-13
17.765625 2.0000000000001403 4.42 2.0000000000000338 4.419999999999156 1.050769502468153e-13
17.796875 2.000000000000098 4.42 1.999999999999992 4.419999999999156 7.404199539793786e-14
17.828125 2.0000000000000693 4.42 1.9999999999999627 4.419999999999154 5.1998468342356297e-14
17.859375 2.0000000000000515 4.42 1.9999999999999414 4.419999999999154 3.63930197719041e-14
17.890625 2.000000000000034 4.42 1.9999999999999263 4.419999999999154 2.53822982660602e-14
17.921875 2.0000000000000266 4.42 1.9999999999999156 4.419999999999153 1.7639885483553146e-14
17.953125 2.0000000000000178 4.42 1.9999999999999083 4.419999999999153 1.2214485147172358e-14
17.984375 2.0000000000000124 4.42 1.9999999999999036 4.419999999999152 8.426110147273168e-15
18.015625 2.0000000000000075 4.42 1.9999999999998996 4.419999999999151 5.790342783568785e-15
18.046875 2.0000000000000058 4.42 1.999999999999897 4.419999999999149 3.963263749308563e-15
18.078125 2.0000000000000053 4.42 1.9999999999998956 4.419999999999146 2.7015457262591083e-15
18.109375 2.0000000000000053 4.42 1.9999999999998948 4.419999999999147 1.833634667520214e-15
18.140625 2.000000000000004 4.42 1.9999999999998936 4.419999999999146 1.2390097532254693e-15
18.171875 2.0000000000000018 4.42 1.9999999999998936 4.419999999999147 8.333090963179003e-16
18.203125 2.0 4.42 1.9999999999998925 4.4199999999991455 5.576995431938721e-16
18.234375 2.0 4.42 1.999999999999893 4.419999999999142 3.7130643844254734e-16
18.265625 2.0 4.42 1.999999999999892 4.419999999999141 2.4584179170539287e-16
18.296875 1.999999999999999 4.42 1.9999999999998923 4.41999999999914 1.6180622920595578e-16
18.328125 1.999999999999999 4.42 1.9999999999998923 4.419999999999141 1.0581352319837788e-16
18.359375 1.999999999999999 4.42 1.9999999999998923 4.41999999999914 6.871293963104205e-17
18.390625 1.999999999999999 4.42 1.999999999999892 4.419999999999141 4.427650759039602e-17
18.421875 1.999999999999999 4.42 1.9999999999998916 4.419999999999141 2.828480622676629e-17
18.453125 1.999999999999999 4.42 1.999999999999891 4.41999999999914 1.7892814642745072e-17
18.484375 1.999999999999999 4.42 1.999999999999891 4.419999999999138 1.1191819602844879e-17
18.515625 1.999999999999999 4.42 1.999999999999891 4.41999999999914 6.908033070364404e-18
18.546875 1.999999999999999 4.42 1.9999999999998908 4.419999999999138 4.1961531058258706e-18
18.578125 1.999999999999999 4.42 1.9999999999998908 4.419999999999138 2.498590031010466e-18
18.609375 1.999999999999999 4.42 1.9999999999998912 4.419999999999137 1.449916056694189e-18
18.640625 1.999999999999999 4.42 1.9999999999998925 4.419999999999133 8.123242558628094e-19
18.671875 1.999999999999999 4.42 1.999999999999893 4.41999999999913 4.3225443940309184e-19
18.703125 1.999999999999999 4.42 1.9999999999998934 4.419999999999128 2.1139984100659238e-19
18.734375 1.999999999999999 4.42 1.9999999999998943 4.419999999999126 8.743644241968582e-20
18.765625 1.999999999999999 4.42 1.9999999999998943 4.419999999999127 2.1292021952213176e-20
18.796875 1.999999999999999 4.42 1.9999999999998943 4.419999999999128 -1.120966778113034e-20
18.828125 1.999999999999999 4.42 1.9999999999998943 4.419999999999126 -2.4794409328619503e-20
18.859375 1.999999999999999 4.42 1.9999999999998943 4.419999999999125 -2.8258874022225216e-20
18.890625 1.999999999999999 4.42 1.9999999999998943 4.419999999999126 -2.672813031849725e-20
18.921875 1.999999999999999 4.42 1.9999999999998943 4.419999999999124 -2.3088901174160298e-20
18.953125 1.999999999999999 4.42 1.9999999999998948 4.419999999999122 -1.8889436847287846e-20
18.984375 1.999999999999999 4.42 1.9999999999998948 4.419999999999122 -1.489719778190366e-20
19.015625 1.999999999999999 4.42 1.9999999999998943 4.419999999999121 -1.143913179228943e-20
19.046875 1.999999999999999 4.42 1.9999999999998943 4.419999999999119 -8.605353010410987e-21
19.078125 1.999999999999999 4.42 1.9999999999998943 4.419999999999117 -6.368100805829833e-21
19.109375 1.999999999999999 4.42 1.9999999999998943 4.419999999999115 -4.648962114637106e-21
19.140625 1.999999999999999 4.42 1.9999999999998943 4.419999999999114 -3.3550959936201877e-21
19.171875 1.999999999999999 4.42 1.9999999999998943 4.419999999999115 -2.397332648142728e-21
19.203125 1.999999999999999 4.42 1.9999999999998948 4.4199999999991135 -1.698014209741317e-21
19.234375 1.999999999999999 4.42 1.9999999999998948 4.419999999999112 -1.193295339358929e-21
19.265625 1.999999999999999 4.42 1.9999999999998943 4.41999999999911 -8.326656155385357e-22
19.296875 1.999999999999999 4.42 1.9999999999998943 4.419999999999109 -5.77259160798956e-22
19.328125 1.999999999999999 4.42 1.9999999999998943 4.419999999999109 -3.977987490968176e-22
19.359375 1.999999999999999 4.42 1.9999999999998934 4.419999999999108 -2.7260073698019643e-22
19.390625 1.999999999999999 4.42 1.9999999999998936 4.419999999999108 -1.8582826090560647e-22
19.421875 1.999999999999999 4.42 1.9999999999998934 4.419999999999108 -1.2605058654817386e-22
19.453125 1.999999999999999 4.42 1.999999999999893 4.419999999999108 -8.510108664216983e-23
19.484375 1.999999999999999 4.42 1.999999999999893 4.419999999999106 -5.719737357640802e-23
19.515625 1.999999999999999 4.42 1.9999999999998923 4.419999999999105 -3.8277972523577195e-23
19.546875 1.999999999999999 4.42 1.999999999999892 4.419999999999104 -2.5510813027808987e-23
19.578125 1.999999999999999 4.42 1.9999999999998923 4.419999999999103 -1.6934177460038927e-23
19.609375 1.999999999999999 4.42 1.9999999999998923 4.419999999999105 -1.1197544736359961e-23
19.640625 1.999999999999999 4.42 1.9999999999998923 4.419999999999103 -7.376468727502132e-24
19.671875 1.999999999999999 4.42 1.999999999999893 4.419999999999101 -4.8415436441065506e-24
19.703125 1.999999999999999 4.42 1.9999999999998948 4.419999999999096 -3.1664072085467803e-24
19.734375 1.999999999999999 4.42 1.999999999999897 4.41999999999909 -2.063626327147327e-24
19.765625 1.999999999999999 4.42 1.9999999999998974 4.419999999999088 -1.3403152088627167e-24
19.796875 1.999999999999999 4.42 1.9999999999998983 4.419999999999087 -8.676038409735593e-25
19.828125 1.999999999999999 4.42 1.9999999999998983 4.419999999999085 -5.5975613110885925e-25
19.859375 1.999999999999999 4.42 1.9999999999998987 4.4199999999990816 -3.599654906553355e-25
19.890625 1.999999999999999 4.42 1.9999999999998996 4.419999999999077 -2.3074218514254646e-25
19.921875 1.999999999999999 4.42 1.9999999999999 4.419999999999073 -1.474398097469421e-25
19.953125 1.999999999999999 4.42 1.9999999999999019 4.4199999999990665 -9.391605402168255e-26
19.984375 1.999999999999999 4.42 1.9999999999999027 4.419999999999064 -5.963706537766583e-26
20.015625 1.999999999999999 4.42 1.9999999999999027 4.419999999999064 -3.775344399229274e-26
20.046875 1.999999999999999 4.42 1.9999999999999036 4.419999999999062 -2.3827139994964814e-26
20.078125 1.999999999999999 4.42 1.999999999999904 4.4199999999990585 -1.49924343140427e-26
20.109375 1.999999999999999 4.42 1.999999999999905 4.419999999999057 -9.405155247393542e-27
20.140625 1.999999999999999 4.42 1.9999999999999054 4.419999999999055 -5.882486307471667e-27
20.171875 1.999999999999999 4.42 1.9999999999999072 4.41999999999905 -3.668289004728993e-27
20.203125 1.999999999999999 4.42 1.999999999999908 4.419999999999047 -2.2807587812770227e-27
20.234375 1.999999999999999 4.42 1.9999999999999083 4.419999999999045 -1.4138812796945444e-27
20.265625 1.999999999999999 4.42 1.999999999999908 4.4199999999990425 -8.73912572067705e-28
20.296875 1.999999999999999 4.42 1.999999999999909 4.419999999999039 -5.38576355657764e-28
20.328125 1.999999999999999 4.42 1.9999999999999094 4.419999999999037 -3.3094267750190695e-28
20.359375 1.999999999999999 4.42 1.9999999999999103 4.419999999999035 -2.027615344466844e-28
20.390625 1.999999999999999 4.42 1.9999999999999096 4.419999999999035 -1.238642375332453e-28
20.421875 1.999999999999999 4.42 1.9999999999999103 4.4199999999990345 -7.544549486732463e-29
20.453125 1.999999999999999 4.42 1.9999999999999107 4.419999999999034 -4.5819074330769235e-29
20.484375 1.999999999999999 4.42 1.9999999999999107 4.419999999999032 -2.774487006777097e-29
20.515625 1.999999999999999 4.42 1.9999999999999116 4.4199999999990265 -1.6750947021985322e-29
20.546875 1.999999999999999 4.42 1.9999999999999116 4.4199999999990265 -1.0083523940785047e-29
20.578125 1.999999999999999 4.42 1.999999999999912 4.419999999999026 -6.0519690049571036e-30
20.609375 1.999999999999999 4.42 1.999999999999913 4.419999999999023 -3.621484103504994e-30
20.640625 1.999999999999999 4.42 1.9999999999999136 4.419999999999021 -2.1606037380466126e-30
20.671875 1.999999999999999 4.42 1.9999999999999143 4.419999999999019 -1.2851516331372023e-30
20.703125 1.999999999999999 4.42 1.9999999999999147 4.419999999999018 -7.621057735477044e-31
20.734375 1.999999999999999 4.42 1.9999999999999156 4.419999999999018 -4.505546363689017e-31
20.765625 1.999999999999999 4.42 1.999999999999916 4.419999999999015 -2.65545774288298e-31
20.796875 1.999999999999999 4.42 1.9999999999999176 4.4199999999990105 -1.5601918693651058e-31
20.828125 1.999999999999999 4.42 1.9999999999999183 4.4199999999990105 -9.137948787512768e-32
20.859375 1.999999999999999 4.42 1.9999999999999187 4.419999999999009 -5.335009896503985e-32
20.890625 1.999999999999999 4.42 1.9999999999999187 4.419999999999007 -3.104698038737646e-32
20.921875 1.999999999999999 4.42 1.9999999999999192 4.419999999999003 -1.8008638503315503e-32
20.953125 1.999999999999999 4.42 1.9999999999999196 4.419999999999002 -1.04111138669265e-32
20.984375 1.999999999999999 4.42 1.99999999999992 4.419999999998999 -5.998506676741735e-33
21.015625 1.999999999999999 4.42 1.9999999999999214 4.4199999999989945 -3.444218049896123e-33
21.046875 1.999999999999999 4.42 1.9999999999999227 4.419999999998992 -1.9706444301768363e-33
21.078125 1.999999999999999 4.42 1.9999999999999236 4.419999999998989 -1.123468433039923e-33
21.109375 1.999999999999999 4.42 1.999999999999924 4.419999999998986 -6.381297208125961e-34
21.140625 1.999999999999999 4.42 1.999999999999925 4.419999999998984 -3.610838991254936e-34
21.171875 1.999999999999999 4.42 1.999999999999925 4.419999999998981 -2.0352048920353324e-34
21.203125 1.999999999999999 4.42 1.999999999999925 4.419999999998981 -1.142489249897584e-34
21.234375 1.999999999999999 4.42 1.9999999999999254 4.41999999999898 -6.386682306426079e-35
21.265625 1.999999999999999 4.42 1.9999999999999263 4.4199999999989785 -3.554705609886775e-35
21.296875 1.999999999999999 4.42 1.9999999999999267 4.419999999998975 -1.969481613251063e-35
21.328125 1.999999999999999 4.42 1.9999999999999283 4.4199999999989705 -1.0859796109704051e-35
21.359375 1.999999999999999 4.42 1.9999999999999283 4.4199999999989705 -5.957967746992783e-36
21.390625 1.999999999999999 4.42 1.9999999999999285 4.419999999998968 -3.251223154159321e-36
21.421875 1.999999999999999 4.42 1.9999999999999294 4.419999999998964 -1.764039657518716e-36
21.453125 1.999999999999999 4.42 1.9999999999999294 4.419999999998961 -9.512456240138327e-37
21.484375 1.999999999999999 4.42 1.9999999999999296 4.41999999999896 -5.095304745953352e-37
21.515625 1.999999999999999 4.42 1.9999999999999303 4.419999999998959 -2.709319313161419e-37
21.546875 1.999999999999999 4.42 1.9999999999999307 4.419999999998957 -1.4289429136809048e-37
21.578125 1.999999999999999 4.42 1.9999999999999316 4.419999999998955 -7.467854512244359e-38
21.609375 1.999999999999999 4.42 1.999999999999932 4.4199999999989545 -3.862246412839405e-38
21.640625 1.999999999999999 4.42 1.9999999999999334 4.419999999998951 -1.9733640409492698e-38
21.671875 1.999999999999999 4.42 1.9999999999999347 4.4199999999989465 -9.937973385277114e-39
21.703125 1.999999999999999 4.42 1.999999999999936 4.419999999998943 -4.9171664344323987e-39
21.734375 1.999999999999999 4.42 1.9999999999999374 4.419999999998938 -2.379148315477548e-39
21.765625 1.999999999999999 4.42 1.9999999999999396 4.419999999998932 -1.1175793032213454e-39
21.796875 1.999999999999999 4.42 1.9999999999999403 4.419999999998931 -5.035814308975148e-40
21.828125 1.999999999999999 4.42 1.9999999999999414 4.419999999998927 -2.128823627925937e-40
21.859375 1.999999999999999 4.42 1.9999999999999423 4.4199999999989235 -8.040211368904828e-41
21.890625 1.999999999999999 4.42 1.9999999999999416 4.419999999998924 -2.3380523158598155e-41
21.921875 1.999999999999999 4.42 1.9999999999999416 4.419999999998924 -1.1041630246284527e-42
21.953125 1.999999999999999 4.42 1.9999999999999423 4.4199999999989235 5.97690423008472e-42
21.984375 1.999999999999999 4.42 1.9999999999999427 4.419999999998922 6.949926403797957e-42
22.015625 1.999999999999999 4.42 1.9999999999999445 4.419999999998916 5.846063377957028e-42
22.046875 1.999999999999999 4.42 1.9999999999999454 4.419999999998915 4.325788212120148e-42
22.078125 1.999999999999999 4.42 1.9999999999999454 4.419999999998914 2.984371359915005e-42
22.109375 1.999999999999999 4.42 1.9999999999999456 4.419999999998913 1.9689254483153933e-42
22.140625 1.999999999999999 4.42 1.9999999999999463 4.419999999998912 1.258888113997978e-42
22.171875 1.999999999999999 4.42 1.9999999999999463 4.419999999998913 7.862381985663504e-43
22.203125 1.999999999999999 4.42 1.9999999999999467 4.419999999998912 4.8208921257584945e-43
22.234375 1.999999999999999 4.42 1.9999999999999476 4.419999999998909 2.91205779188509e-43
22.265625 1.999999999999999 4.42 1.999999999999948 4.419999999998906 1.7371316768754017e-43
22.296875 1.999999999999999 4.42 1.9999999999999494 4.419999999998901 1.025195040406753e-43
22.328125 1.999999999999999 4.42 1.9999999999999503 4.419999999998899 5.993943055649722e-44
22.359375 1.999999999999999 4.42 1.9999999999999503 4.419999999998896 3.4754386748737267e-44
22.390625 1.999999999999999 4.42 1.9999999999999507 4.419999999998895 2.0001391905388715e-44
22.421875 1.999999999999999 4.42 1.9999999999999512 4.4199999999988915 1.1432892156771465e-44
22.453125 1.999999999999999 4.42 1.9999999999999516 4.419999999998888 6.494345351696857e-45
22.484375 1.999999999999999 4.42 1.9999999999999516 4.419999999998886 3.6677085226756304e-45
22.515625 1.999999999999999 4.42 1.9999999999999512 4.419999999998886 2.060150041016556e-45
22.546875 1.999999999999999 4.42 1.9999999999999534 4.41999999999888 1.1512940178789018e-45
22.578125 1.999999999999999 4.42 1.9999999999999547 4.419999999998874 6.402876193520721e-46
22.609375 1.999999999999999 4.42 1.999999999999956 4.419999999998871 3.544595714090166e-46
22.640625 1.999999999999999 4.42 1.999999999999956 4.419999999998872 1.9536579209753196e-46
22.671875 1.999999999999999 4.42 1.999999999999956 4.419999999998872 1.0722511834554478e-46
22.703125 1.999999999999999 4.42 1.999999999999956 4.41999999999887 5.8610728285051535e-47
22.734375 1.999999999999999 4.42 1.999999999999956 4.419999999998871 3.1911596593010844e-47
22.765625 1.999999999999999 4.42 1.9999999999999563 4.419999999998872 1.7308607822853055e-47
22.796875 1.999999999999999 4.42 1.999999999999956 4.419999999998872 9.353267962350299e-48
22.828125 1.999999999999999 4.42 1.999999999999956 4.419999999998872 5.0360797287801475e-48
22.859375 1.999999999999999 4.42 1.999999999999956 4.41999999999887 2.702002356417873e-48
22.890625 1.999999999999999 4.42 1.999999999999956 4.419999999998869 1.4446905109718582e-48
22.921875 1.999999999999999 4.42 1.9999999999999563 4.419999999998869 7.698188899911537e-49
22.953125 1.999999999999999 4.42 1.9999999999999574 4.419999999998866 4.0883930329748965e-49
22.984375 1.999999999999999 4.42 1.9999999999999583 4.419999999998863 2.164163558795051e-49
23.015625 1.999999999999999 4.42 1.9999999999999583 4.419999999998863 1.1418828486624206e-49
23.046875 1.999999999999999 4.42 1.9999999999999583 4.419999999998864 6.005727064687491e-50
23.078125 1.999999999999999 4.42 1.9999999999999587 4.4199999999988595 3.1487547339947423e-50
23.109375 1.999999999999999 4.42 1.9999999999999605 4.419999999998854 1.645720846417934e-50
23.140625 1.999999999999999 4.42 1.9999999999999614 4.419999999998854 8.574936586047256e-51
23.171875 1.999999999999999 4.42 1.9999999999999614 4.419999999998854 4.454253611117328e-51
23.203125 1.999999999999999 4.42 1.9999999999999614 4.419999999998852 2.3067406877601848e-51
23.234375 1.999999999999999 4.42 1.9999999999999623 4.419999999998851 1.1909998921582205e-51
23.265625 1.999999999999999 4.42 1.9999999999999623 4.419999999998851 6.1308674558564455e-52
23.296875 1.999999999999999 4.42 1.9999999999999627 4.419999999998847 3.1465632025112256e-52
23.328125 1.999999999999999 4.42 1.9999999999999636 4.4199999999988435 1.6101315822779676e-52
23.359375 1.999999999999999 4.42 1.999999999999964 4.419999999998842 8.214889684997225e-53
23.390625 1.999999999999999 4.42 1.999999999999964 4.41999999999884 4.178897469918695e-53
23.421875 1.999999999999999 4.42 1.9999999999999658 4.419999999998835 2.119554414886232e-53
23.453125 1.999999999999999 4.42 1.9999999999999662 4.419999999998831 1.07189611230049e-53
23.484375 1.999999999999999 4.42 1.9999999999999667 4.419999999998829 5.404899700758321e-54
23.515625 1.999999999999999 4.42 1.9999999999999667 4.419999999998829 2.71737836329482e-54
23.546875 1.999999999999999 4.42 1.9999999999999676 4.4199999999988275 1.3621972531801136e-54
23.578125 1.999999999999999 4.42 1.999999999999969 4.419999999998824 6.808576983337657e-55
23.609375 1.999999999999999 4.42 1.9999999999999694 4.419999999998821 3.3931056550831865e-55
23.640625 1.999999999999999 4.42 1.9999999999999707 4.419999999998816 1.686011193240446e-55
23.671875 1.999999999999999 4.42 1.9999999999999716 4.419999999998813 8.352991740634592e-56
23.703125 1.999999999999999 4.42 1.9999999999999734 4.41999999999881 4.126081146814488e-56
23.734375 1.999999999999999 4.42 1.9999999999999742 4.419999999998807 2.0320867377757505e-56
23.765625 1.999999999999999 4.42 1.9999999999999747 4.419999999998805 9.978129800561989e-57
23.796875 1.999999999999999 4.42 1.9999999999999765 4.419999999998801 4.884848740431868e-57
23.828125 1.999999999999999 4.42 1.9999999999999774 4.4199999999988 2.3841835575636754e-57
23.859375 1.999999999999999 4.42 1.9999999999999774 4.4199999999988 1.1601261438237894e-57
23.890625 1.999999999999999 4.42 1.9999999999999776 4.4199999999988 5.6277758939184945e-58
23.921875 1.999999999999999 4.42 1.9999999999999776 4.4199999999988 2.7215866533612825e-58
23.953125 1.999999999999999 4.42 1.9999999999999787 4.419999999998797 1.3120415267055653e-58
23.984375 1.999999999999999 4.42 1.99999999999998 4.419999999998792 6.305182608170241e-59
24.015625 1.999999999999999 4.42 1.9999999999999811 4.4199999999987885 3.0203361416968546e-59
24.046875 1.999999999999999 4.42 1.9999999999999822 4.419999999998786 1.442119640701555e-59
24.078125 1.999999999999999 4.42 1.9999999999999822 4.419999999998785 6.863006283915339e-60
24.109375 1.999999999999999 4.42 1.9999999999999822 4.419999999998785 3.2551487659220895e-60
24.140625 1.999999999999999 4.42 1.9999999999999827 4.419999999998783 1.5386651948267813e-60
24.171875 1.999999999999999 4.42 1.999999999999983 4.419999999998781 7.247774453020917e-61
24.203125 1.999999999999999 4.42 1.999999999999983 4.4199999999987805 3.401882857024736e-61
24.234375 1.999999999999999 4.42 1.9999999999999836 4.41999999999878 1.590929990931295e-61
24.265625 1.999999999999999 4.42 1.9999999999999836 4.41999999999878 7.4123871613528855e-62
24.296875 1.999999999999999 4.42 1.9999999999999836 4.419999999998778 3.4402769321153487e-62
24.328125 1.999999999999999 4.42 1.9999999999999836 4.419999999998776 1.5903905636321816e-62
24.359375 1.999999999999999 4.42 1.9999999999999836 4.4199999999987725 7.321984942534789e-63
24.390625 1.999999999999999 4.42 1.9999999999999836 4.419999999998769 3.356600044717967e-63
24.421875 1.999999999999999 4.42 1.9999999999999836 4.419999999998767 1.5319234162033377e-63
24.453125 1.999999999999999 4.42 1.999999999999985 4.419999999998765 6.959052145299416e-64
24.484375 1.999999999999999 4.42 1.9999999999999853 4.419999999998762 3.145813634902412e-64
24.515625 1.999999999999999 4.42 1.999999999999988 4.419999999998755 1.414693107295441e-64
24.546875 1.999999999999999 4.42 1.999999999999989 4.419999999998752 6.326920398120275e-65
24.578125 1.999999999999999 4.42 1.9999999999999891 4.419999999998749 2.8128757645194546e-65
24.609375 1.999999999999999 4.42 1.9999999999999902 4.419999999998747 1.2425942366207413e-65
24.640625 1.999999999999999 4.42 1.9999999999999907 4.419999999998744 5.451008665905134e-66
24.671875 1.999999999999999 4.42 1.9999999999999902 4.419999999998742 2.372921497325267e-66
24.703125 1.999999999999999 4.42 1.9999999999999907 4.419999999998739 1.0241461876918614e-66
24.734375 1.999999999999999 4.42 1.999999999999992 4.419999999998733 4.377446861968469e-67
24.765625 1.999999999999999 4.42 1.9999999999999933 4.41999999999873 1.8502142513491473e-67
24.796875 1.999999999999999 4.42 1.9999999999999947 4.419999999998726 7.718206623049324e-68
24.828125 1.999999999999999 4.42 1.9999999999999956 4.419999999998723 3.1691289287035775e-68
24.859375 1.999999999999999 4.42 1.999999999999996 4.419999999998719 1.275954546258792e-68
24.890625 1.999999999999999 4.42 1.999999999999996 4.419999999998716 5.008720464462768e-69
24.921875 1.999999999999999 4.42 1.9999999999999976 4.419999999998711 1.8996549218085223e-69
24.953125 1.999999999999999 4.42 1.9999999999999978 4.41999999999871 6.85218368134225e-70
24.984375 1.999999999999999 4.42 1.999999999999999 4.419999999998707 2.27822078484169e-70
