-0.9933333333333334 0.4064820503519311 0.40655253693289184
-0.98 0.39745966855070874 0.4027294523646922
-0.9666666666666667 0.35600578422951235 0.3558651345389604
-0.9533333333333334 0.35282273498008415 0.3515634678962171
-0.94 0.40032650535307923 0.3982671978695146
-0.9266666666666667 0.4375028809200964 0.43742475960759836
-0.9133333333333333 0.4103218115712467 0.4139284484778862
-0.8999999999999999 0.371799827981095 0.3686634219667845
-0.8866666666666667 0.38625913512260796 0.38359395075044944
-0.8733333333333333 0.44294174673871833 0.4386186151322334
-0.86 0.4641005000380445 0.464258824874936
-0.8466666666666667 0.4222167123489807 0.42248836862148803
-0.8333333333333333 0.3933700818724979 0.3881573551264942
-0.8200000000000001 0.4268498878590554 0.4220022096370372
-0.8066666666666666 0.48590982883696204 0.47965126932866253
-0.7933333333333333 0.4857549968109915 0.4857932366089147
-0.78 0.43544018256149747 0.43123346305333005
-0.7666666666666666 0.4222614930974185 0.41533478922357636
-0.7533333333333333 0.47385739781059893 0.46578387181096226
-0.74 0.5265097790148362 0.5186566851429854
-0.7266666666666667 0.5031824425412151 0.5013071812492476
-0.7133333333333334 0.4524432927247961 0.4434214617179413
-0.7 0.4596044419873287 0.45037454603415883
-0.6866666666666666 0.5255464032358944 0.5137261727704188
-0.6733333333333333 0.5623959018634729 0.5541340721631666
-0.6599999999999999 0.5182254578514495 0.5132332441941523
-0.6466666666666666 0.4755888260792587 0.46362310700211745
-0.6333333333333333 0.5059053210295138 0.4946030698609984
-0.62 0.579214774176186 0.5652086583072806
-0.6066666666666667 0.5922552061360904 0.5853491502597641
-0.5933333333333333 0.5335123829989846 0.5249986263070363
-0.58 0.5069782048338117 0.4940823037244048
-0.5666666666666667 0.560772942296653 0.5473293956501728
-0.5533333333333333 0.6315458407934703 0.6169211090673941
-0.54 0.6162385739129619 0.6101135344423922
-0.5266666666666666 0.5520450550679699 0.5393350728580362
-0.5133333333333333 0.5482905144728343 0.534451514932057
-0.49999999999999994 0.6226551064890122 0.6062739980080551
-0.48666666666666664 0.6792908323433683 0.6652410898447376
-0.47333333333333333 0.6360095047933627 0.6286011052579593
-0.45999999999999996 0.5768466409222172 0.5607487416169314
-0.4466666666666666 0.6005645620636632 0.5851562945770856
-0.4333333333333333 0.6887360215648651 0.6695473655834251
-0.42 0.7201124884561353 0.7077415796483189
-0.4066666666666666 0.6544351872130316 0.6434950437853859
-0.39333333333333326 0.6107104892104064 0.5927052108345661
-0.37999999999999995 0.6638912932649151 0.6459092201954068
-0.36666666666666664 0.7551709421868383 0.7340971036739286
-0.35333333333333333 0.7532910653911019 0.7423307788637145
-0.33999999999999997 0.675090671750239 0.6589725347602476
-0.3266666666666666 0.656003968452573 0.6367275654934879
-0.3133333333333333 0.7370619007019764 0.715486498679299
-0.3 0.8177514514854016 0.7963947777738426
-0.2866666666666666 0.7800227699677444 0.7687159329288511
-0.27333333333333326 0.7017710174591715 0.6806586701728593
-0.25999999999999995 0.7144402964197131 0.6933581704768974
-0.24666666666666665 0.8173169090524328 0.7915511681269252
-0.23333333333333328 0.8728992516321238 0.852607874388985
-0.21999999999999992 0.8032294466338534 0.7884499502013728
-0.2066666666666666 0.7381203193505238 0.7133428280707038
-0.1933333333333333 0.7867490306387674 0.7624759781023853
-0.17999999999999994 0.9004134112217832 0.8709361014478805
-0.16666666666666657 0.918675848019551 0.8999984727731344
-0.15333333333333327 0.827020208066172 0.8061886339162713
-0.13999999999999996 0.7873670597336668 0.7603337113248294
-0.12666666666666665 0.8722497677145612 0.8434165084469856
-0.11333333333333329 0.9811956787713725 0.9497002705619896
-0.09999999999999992 0.955426072376418 0.9371730871038699
-0.08666666666666661 0.85605402785599 0.8283294180546319
-0.0733333333333333 0.8520730466738504 0.8228206731793388
-0.05999999999999994 0.9684499743494225 0.9340449010196878
-0.04666666666666658 1.0546709526359224 1.0232964289073898
-0.03333333333333327 0.9858248894624293 0.9649794049994534
-0.019999999999999962 0.8950016271335975 0.8616368998280022
-0.006666666666666654 0.9337900545895983 0.901069698937394
0.00666666666666671 1.0709045305044522 1.030935020153016
0.02000000000000013 1.1173164044435069 1.087523775919037
0.03333333333333344 1.0143789335094784 0.9871939580505608
0.046666666666666745 0.9481630242121639 0.9109328418100355
0.06000000000000005 1.0325778579030611 0.9943136722597371
0.07333333333333336 1.173608300255004 1.1292292359815368
0.08666666666666678 1.1681505693098895 1.1393698635830551
0.10000000000000009 1.0466534553664761 1.0106820303208548
0.1133333333333334 1.0191647004114146 0.9787894957169772
0.1266666666666667 1.1464606091213603 1.1008821197002914
0.14 1.2700556717958942 1.2236724629970692
0.15333333333333343 1.2091602965038868 1.1785293249662394
0.16666666666666674 1.0885232284660187 1.043925443270785
0.18000000000000005 1.1106009612218983 1.0658636098141414
0.19333333333333347 1.271053361436104 1.2171659177955558
0.20666666666666678 1.3547926723923618 1.3086738131480953
0.22000000000000008 1.2449742775128136 1.207965373606061
0.2333333333333334 1.1456075808636867 1.0944895085319812
0.2466666666666667 1.2235156142301815 1.1721176301500273
0.2600000000000001 1.3996970845728023 1.3383057419498394
0.27333333333333343 1.4249662284723499 1.3800367897148202
0.28666666666666674 1.2820138571613124 1.2347813780157033
0.30000000000000004 1.222865454024635 1.1670937335204337
0.31333333333333335 1.3567381505509952 1.2963273660690073
0.32666666666666677 1.52438102220459 1.4581340252725166
0.3400000000000001 1.4812825029968215 1.4356988077869515
0.3533333333333334 1.327508111994942 1.268762966406568
0.3666666666666668 1.3242034937204838 1.2633070967192097
0.3800000000000001 1.5062706954359295 1.4349345942454306
0.3933333333333334 1.637437079708439 1.5694737354573962
0.40666666666666673 1.5280351966687262 1.4769441437007373
0.42000000000000004 1.3886719311644231 1.3200062883178136
0.43333333333333346 1.4519350936922373 1.3833292814615963
0.44666666666666677 1.665099912928256 1.582541595589047
0.4600000000000001 1.7335630114813156 1.6660448750790557
0.4733333333333335 1.5723035465089397 1.5100181866538784
0.4866666666666668 1.4721235034930071 1.3959758486513372
0.5000000000000001 1.6060255341656768 1.5261640574998867
0.5133333333333334 1.8238506295544294 1.731863372070642
0.5266666666666667 1.811446349930398 1.7434951029556998
0.5400000000000001 1.6227481406271718 1.5454971870882719
0.5533333333333335 1.5834163340282732 1.5002084091471914
0.5666666666666668 1.7832529435255708 1.6889369685044437
0.5800000000000001 1.9724713813442964 1.874746053759521
0.5933333333333334 1.874370739773256 1.801666469153188
0.6066666666666668 1.6884613079622577 1.596610429002592
0.6200000000000001 1.7264752982558076 1.6339245180843056
0.6333333333333334 1.976654441912191 1.8663502470971878
0.6466666666666668 2.1026566335546026 2.0029839060465795
0.6600000000000001 1.9296620512353324 1.845477878287494
0.6733333333333335 1.7781068401930846 1.6746058155357875
0.6866666666666668 1.902781550483078 1.796726138087561
0.7000000000000001 2.175784019136112 2.0505079286613617
0.7133333333333335 2.2102217362480867 2.1098663424379307
0.7266666666666668 1.9873507409155875 1.8856146679101629
0.7400000000000001 1.8992999557788306 1.7860887661703586
0.7533333333333334 2.110339533835245 1.9863293900755385
0.7666666666666667 2.368200786353242 2.2317586572284767
0.7800000000000001 2.2965266873568067 2.1924843860971244
0.7933333333333334 2.0586509795371217 1.9373393603171563
0.8066666666666668 2.0579950037099004 1.9335880397993725
0.8200000000000002 2.342743967945468 2.197570485160996
0.8333333333333335 2.5421353734881333 2.3996859404253263
0.8466666666666668 2.368451960218606 2.2536122934423855
0.8600000000000001 2.1547057155034843 2.0161852683607306
0.8733333333333334 2.2576332155701717 2.117352914030767
0.8866666666666668 2.5889355333501096 2.4219691773753076
0.9000000000000001 2.6896193186265975 2.5446025651227258
0.9133333333333334 2.437111486154478 2.302838943337248
0.9266666666666667 2.285699234475751 2.1330224284338497
0.9400000000000001 2.4979610058994766 2.3356549127483106
0.9533333333333335 2.8342844744867346 2.64837081339514
0.9666666666666668 2.8089431247985335 2.660281269346751
0.9800000000000001 2.5159785485817583 2.3567427033810437
0.9933333333333334 2.460133231305546 2.2931103970008
