-0.9933333333333334 0.4064820503519311 0.4038890034299959
-0.98 0.39745966855070874 0.4007640982115682
-0.9666666666666667 0.35600578422951235 0.35926030176680096
-0.9533333333333334 0.35282273498008415 0.3529299244338244
-0.94 0.40032650535307923 0.39712322199395933
-0.9266666666666667 0.4375028809200964 0.43358563790942317
-0.9133333333333333 0.4103218115712467 0.41311764560230413
-0.8999999999999999 0.371799827981095 0.3720367945493826
-0.8866666666666667 0.38625913512260796 0.3837903148513323
-0.8733333333333333 0.44294174673871833 0.4360568473253352
-0.86 0.4641005000380445 0.4597021713416189
-0.8466666666666667 0.4222167123489807 0.423271438136997
-0.8333333333333333 0.3933700818724979 0.39055782880335266
-0.8200000000000001 0.4268498878590554 0.4210281262143941
-0.8066666666666666 0.48590982883696204 0.4754583878073333
-0.7933333333333333 0.4857549968109915 0.48133752877882646
-0.78 0.43544018256149747 0.43351700835315865
-0.7666666666666666 0.4222614930974185 0.41636449623551575
-0.7533333333333333 0.47385739781059893 0.4636427305849564
-0.74 0.5265097790148362 0.5130848445434435
-0.7266666666666667 0.5031824425412151 0.4980632850853881
-0.7133333333333334 0.4524432927247961 0.4463165465582657
-0.7 0.4596044419873287 0.4498292595940105
-0.6866666666666666 0.6255464032358944 0.509776399222777
-0.6733333333333333 0.6623959018634729 0.5470228774939501
-0.6599999999999999 0.6182254578514494 0.5114496830296427
-0.6466666666666666 0.5755888260792587 0.46557902378777877
-0.6333333333333333 0.6059053210295138 0.4923238998438191
-0.62 0.679214774176186 0.5590519110927137
-0.6066666666666667 0.6922552061360904 0.5777025166670522
-0.5933333333333333 0.6335123829989846 0.5253362231196314
-0.58 0.6069782048338117 0.4947298815206686
-0.5666666666666667 0.660772942296653 0.5438834600900905
-0.5533333333333333 0.7315458407934703 0.60914277213363
-0.54 0.7162385739129619 0.6036446805726169
-0.5266666666666666 0.6520450550679698 0.5413996654009521
-0.5133333333333333 0.6482905144728343 0.5335035912591829
-0.49999999999999994 0.6226551064890122 0.6012798342567462
-0.48666666666666664 0.6792908323433683 0.6560028364857589
-0.47333333333333333 0.6360095047933627 0.6243813186800253
-0.45999999999999996 0.5768466409222172 0.5630921685023925
-0.4466666666666666 0.6005645620636632 0.5825793808060795
-0.4333333333333333 0.6887360215648651 0.6623924908053361
-0.42 0.7201124884561353 0.69750648429829
-0.4066666666666666 0.6544351872130316 0.6418735635718789
-0.39333333333333326 0.6107104892104064 0.5938699856724775
-0.37999999999999995 0.6638912932649151 0.6423557839677521
-0.36666666666666664 0.7551709421868383 0.7262184275823604
-0.35333333333333333 0.7532910653911019 0.7353316886582082
-0.33999999999999997 0.675090671750239 0.6639965972961647
-0.3266666666666666 0.656003968452573 0.6423366849955744
-0.3133333333333333 0.7370619007019764 0.7206814458992488
-0.3 0.8177514514854016 0.8019034545889696
-0.2866666666666666 0.7800227699677444 0.7831439400411483
-0.27333333333333326 0.7017710174591715 0.7096272139699619
-0.25999999999999995 0.7144402964197131 0.7265278930575263
-0.24666666666666665 0.8173169090524328 0.8347830078451459
-0.23333333333333328 0.8728992516321238 0.9054093969522877
-0.21999999999999992 0.8032294466338534 0.856945757577942
-0.2066666666666666 0.7381203193505238 0.7936297885061482
-0.1933333333333333 0.7867490306387674 0.8535172606039472
-0.17999999999999994 0.9004134112217832 0.9798920432471947
-0.16666666666666657 0.918675848019551 1.019586867636276
-0.15333333333333327 0.827020208066172 0.9337747431552657
-0.13999999999999996 0.7873670597336668 0.8867794585812232
-0.12666666666666665 0.8722497677145612 0.9805624812443113
-0.11333333333333329 0.9811956787713725 1.1000912790814465
-0.09999999999999992 0.955426072376418 1.0899340994609958
-0.08666666666666661 0.85605402785599 0.9781099510602178
-0.0733333333333333 0.8520730466738504 0.9658839204564568
-0.05999999999999994 0.9684499743494225 1.0887433737826209
-0.04666666666666658 1.0546709526359224 1.1852604904528645
-0.03333333333333327 0.9858248894624293 1.1252562720161006
-0.019999999999999962 0.8950016271335975 1.0144559950656613
-0.006666666666666654 0.9337900545895983 1.050069123893806
0.00666666666666671 1.0709045305044522 1.1911952153954553
0.02000000000000013 1.1173164044435069 1.2483840636960233
0.03333333333333344 1.0143789335094784 1.1417499437474254
0.046666666666666745 0.9481630242121639 1.0478440408054106
0.06000000000000005 1.0325778579030611 1.116963754881219
0.07333333333333336 1.173608300255004 1.2357769481435714
0.08666666666666678 1.1681505693098895 1.2142879218644957
0.10000000000000009 1.0466534553664761 1.0584858787778415
0.1133333333333334 1.0191647004114146 1.000848265286197
0.1266666666666667 1.1464606091213603 1.105388717713054
0.14 1.2700556717958942 1.2137534492199098
0.15333333333333343 1.2091602965038868 1.1705614258507344
0.16666666666666674 1.0885232284660187 1.0481270147839428
0.18000000000000005 1.1106009612218983 1.060531133244167
0.19333333333333347 1.271053361436104 1.2025461121519103
0.20666666666666678 1.3547926723923618 1.2860440244329654
0.22000000000000008 1.2449742775128136 1.1984989012908094
0.2333333333333334 1.1456075808636867 1.093332274058731
0.2466666666666667 1.2235156142301815 1.1604210302682463
0.2600000000000001 1.3996970845728023 1.3164078007896987
0.27333333333333343 1.4249662284723499 1.3548313298583512
0.28666666666666674 1.2820138571613124 1.2293155897488572
0.30000000000000004 1.222865454024635 1.1619180423231132
0.31333333333333335 1.3567381505509952 1.2809263551728538
0.32666666666666677 1.52438102220459 1.4316681891796073
0.3400000000000001 1.4812825029968215 1.4131322282351282
0.3533333333333334 1.327508111994942 1.266825141586955
0.3666666666666668 1.3242034937204838 1.2537204662360417
0.3800000000000001 1.5062706954359295 1.4147953064691767
0.3933333333333334 1.637437079708439 1.5387143094013243
0.40666666666666673 1.5280351966687262 1.4591639336591888
0.42000000000000004 1.3886719311644231 1.3177704151099288
0.43333333333333346 1.4519350936922373 1.3691794577161647
0.44666666666666677 1.665099912928256 1.5565760768484371
0.4600000000000001 1.7335630114813156 1.6329525331827173
0.4733333333333335 1.5723035465089397 1.4984526881947955
0.4866666666666668 1.4721235034930071 1.3900266906516643
0.5000000000000001 1.6060255341656768 1.507271368618566
0.5133333333333334 1.8238506295544294 1.6995057567546596
0.5266666666666667 1.811446349930398 1.7113092405696266
0.5400000000000001 1.6227481406271718 1.5393522510302178
0.5533333333333335 1.5834163340282732 1.4888647428657469
0.5666666666666668 1.7832529435255708 1.6645861923653589
0.5800000000000001 1.9724713813442964 1.8363737850145432
0.5933333333333334 1.874370739773256 1.7739063051486008
0.6066666666666668 1.6884613079622577 1.5922167375629441
0.6200000000000001 1.7264752982558076 1.6166243402503135
0.6333333333333334 1.976654441912191 1.8349337095748322
0.6466666666666668 2.1026566335546026 1.9598789978044124
0.6600000000000001 1.9296620512353324 1.8243983579103438
0.6733333333333335 1.7781068401930846 1.6669658474128926
0.6866666666666668 1.902781550483078 1.7730853434723848
0.7000000000000001 2.175784019136112 2.010660955113945
0.7133333333333335 2.2102217362480867 2.0651741155980745
0.7266666666666668 1.9873507409155875 1.8716085585104971
0.7400000000000001 1.8992999557788306 1.7719102354462015
0.7533333333333334 2.110339533835245 1.9557213152970756
0.7666666666666667 2.368200786353242 2.183310343005811
0.7800000000000001 2.2965266873568067 2.1506081735906184
0.7933333333333334 2.0586509795371217 1.9274878241595277
0.8066666666666668 2.0579950037099004 1.9115935132505644
0.8200000000000002 2.342743967945468 2.1584126890767936
0.8333333333333335 2.5421353734881333 2.34367644444885
0.8466666666666668 2.368451960218606 2.218422482725029
0.8600000000000001 2.1547057155034843 2.0048393553095325
0.8733333333333334 2.2576332155701717 2.087276521856793
0.8866666666666668 2.5889355333501096 2.3725784390558866
0.9000000000000001 2.6896193186265975 2.4842406176226466
0.9133333333333334 2.437111486154478 2.2765500784405055
0.9266666666666667 2.285699234475751 2.115086098283052
0.9400000000000001 2.4979610058994766 2.297185240349987
0.9533333333333335 2.8342844744867346 2.5880415076132444
0.9666666666666668 2.8089431247985335 2.6007415881155826
0.9800000000000001 2.5159785485817583 2.3379474990773312
0.9933333333333334 2.460133231305546 2.265929163681847
