-0.9933333333333334 0.4064820503519311 0.4058485225581161
-0.98 0.39745966855070874 0.3984108322170269
-0.9666666666666667 0.35600578422951235 0.34893804824529506
-0.9533333333333334 0.35282273498008415 0.3555401551760607
-0.94 0.40032650535307923 0.4001985108875261
-0.9266666666666667 0.4375028809200964 0.43970704921410086
-0.9133333333333333 0.4103218115712467 0.40993221490941123
-0.8999999999999999 0.371799827981095 0.36758411090596665
-0.8866666666666667 0.38625913512260796 0.39037867434230555
-0.8733333333333333 0.44294174673871833 0.44388331118995794
-0.86 0.4641005000380445 0.46897067289716265
-0.8466666666666667 0.4222167123489807 0.41930299180880193
-0.8333333333333333 0.3933700818724979 0.3943987330058051
-0.8200000000000001 0.4268498878590554 0.4311885081966188
-0.8066666666666666 0.48590982883696204 0.4891188956086622
-0.7933333333333333 0.4857549968109915 0.4921789959037258
-0.78 0.43544018256149747 0.4309703786244696
-0.7666666666666666 0.4222614930974185 0.4286075547942052
-0.7533333333333333 0.47385739781059893 0.47873223681038984
-0.74 0.5265097790148362 0.5335459166393801
-0.7266666666666667 0.5031824425412151 0.5096763305481612
-0.7133333333333334 0.4524432927247961 0.4503567418528871
-0.7 0.4596044419873287 0.46982971568323145
-0.6866666666666666 0.5255464032358944 0.5323461139090486
-0.6733333333333333 0.5623959018634729 0.5738802188053805
-0.6599999999999999 0.5182254578514495 0.522406345180752
-0.6466666666666666 0.4755888260792587 0.4792055239707451
-0.6333333333333333 0.5059053210295138 0.517198349110153
-0.62 0.579214774176186 0.5882024175651107
-0.6066666666666667 0.5922552061360904 0.6060753003227296
-0.5933333333333333 0.5335123829989846 0.533999692103517
-0.58 0.5069782048338117 0.517010652049182
-0.5666666666666667 0.560772942296653 0.5717238196238107
-0.5533333333333333 0.6315458407934703 0.64349701556378
-0.54 0.6162385739129619 0.6297399893506135
-0.5266666666666666 0.5520450550679699 0.5515274816963062
-0.5133333333333333 0.5482905144728343 0.5630076007358156
-0.49999999999999994 0.6226551064890122 0.6338548147679639
-0.48666666666666664 0.6792908323433683 0.6950903028603463
-0.47333333333333333 0.6360095047933627 0.6463127651388519
-0.45999999999999996 0.5768466409222172 0.5803292034907912
-0.4466666666666666 0.6005645620636632 0.6169898115814847
-0.4333333333333333 0.6887360215648651 0.7013239853176476
-0.42 0.7201124884561353 0.7390562554420708
-0.4066666666666666 0.6544351872130316 0.6594173367350394
-0.39333333333333326 0.6107104892104064 0.6215111635695019
-0.37999999999999995 0.6638912932649151 0.6798564447186791
-0.36666666666666664 0.7551709421868383 0.7704379804334784
-0.35333333333333333 0.7532910653911019 0.7730446452275991
-0.33999999999999997 0.675090671750239 0.6763809007554457
-0.3266666666666666 0.656003968452573 0.6739790684817262
-0.3133333333333333 0.7370619007019764 0.7529089734998504
-0.3 0.8177514514854016 0.8375289643747744
-0.2866666666666666 0.7800227699677444 0.7974961468653837
-0.27333333333333326 0.7017710174591715 0.7050292375476473
-0.25999999999999995 0.7144402964197131 0.7365208899146145
-0.24666666666666665 0.8173169090524328 0.8345758377886435
-0.23333333333333328 0.8728992516321238 0.8978019835575306
-0.21999999999999992 0.8032294466338534 0.8155388290231916
-0.2066666666666666 0.7381203193505238 0.7497263625540684
-0.1933333333333333 0.7867490306387674 0.8101924894687719
-0.17999999999999994 0.9004134112217832 0.9213248123826758
-0.16666666666666657 0.918675848019551 0.9472200072709867
-0.15333333333333327 0.827020208066172 0.8338232503220675
-0.13999999999999996 0.7873670597336668 0.8093808119313
-0.12666666666666665 0.8722497677145612 0.8958697672318297
-0.11333333333333329 0.9811956787713725 1.0074243675182581
-0.09999999999999992 0.955426072376418 0.9834441210906227
-0.08666666666666661 0.85605402785599 0.8616724709972164
-0.0733333333333333 0.8520730466738504 0.881493617179278
-0.05999999999999994 0.9684499743494225 0.9930240195500999
-0.04666666666666658 1.0546709526359224 1.0872219744476905
-0.03333333333333327 0.9858248894624293 1.0086644552350503
-0.019999999999999962 0.8950016271335975 0.9073264558320127
-0.006666666666666654 0.9337900545895983 0.9661529513305657
0.00666666666666671 1.0709045305044522 1.098467146696125
0.02000000000000013 1.1173164044435069 1.1552556728258394
0.03333333333333344 1.0143789335094784 1.0294532673373724
0.046666666666666745 0.9481630242121639 0.9729593653741155
0.06000000000000005 1.0325778579030611 1.065728269194926
0.07333333333333336 1.173608300255004 1.2073585721484341
0.08666666666666678 1.1681505693098895 1.208751878036098
0.10000000000000009 1.0466534553664761 1.0575402310623847
0.1133333333333334 1.0191647004114146 1.056526907187568
0.1266666666666667 1.1464606091213603 1.181427533918686
0.14 1.2700556717958942 1.3127640425657967
0.15333333333333343 1.2091602965038868 1.24721720290896
0.16666666666666674 1.0885232284660187 1.1040368559828408
0.18000000000000005 1.1106009612218983 1.1555216029771143
0.19333333333333347 1.271053361436104 1.3099291658262728
0.20666666666666678 1.3547926723923618 1.4065066413695901
0.22000000000000008 1.2449742775128136 1.2751745116815756
0.2333333333333334 1.1456075808636867 1.1749475618115257
0.2466666666666667 1.2235156142301815 1.2713124857415985
0.2600000000000001 1.3996970845728023 1.4454431339801248
0.27333333333333343 1.4249662284723499 1.4826804399502125
0.28666666666666674 1.2820138571613124 1.3040913580529003
0.30000000000000004 1.222865454024635 1.2692130259477046
0.31333333333333335 1.3567381505509952 1.406278961549316
0.32666666666666677 1.52438102220459 1.5800936276989956
0.3400000000000001 1.4812825029968215 1.5388537475570805
0.3533333333333334 1.327508111994942 1.3491469121528934
0.3666666666666668 1.3242034937204838 1.3832719726358094
0.3800000000000001 1.5062706954359295 1.5594457628221896
0.3933333333333334 1.637437079708439 1.7048294636139663
0.40666666666666673 1.5280351966687262 1.5783885899206425
0.42000000000000004 1.3886719311644231 1.4226762464220841
0.43333333333333346 1.4519350936922373 1.5174489031589977
0.44666666666666677 1.665099912928256 1.7257466779826598
0.4600000000000001 1.7335630114813156 1.8113088608680683
0.4733333333333335 1.5723035465089397 1.6118783846826612
0.4866666666666668 1.4721235034930071 1.5273751284277859
0.5000000000000001 1.6060255341656768 1.6748622333189376
0.5133333333333334 1.8238506295544294 1.8964254542704606
0.5266666666666667 1.811446349930398 1.8940564935927298
0.5400000000000001 1.6227481406271718 1.6568914621277444
0.5533333333333335 1.5834163340282732 1.6593925378466017
0.5666666666666668 1.7832529435255708 1.8571832152368213
0.5800000000000001 1.9724713813442964 2.061184611457424
0.5933333333333334 1.874370739773256 1.9538528080377713
0.6066666666666668 1.6884613079622577 1.731987151575969
0.6200000000000001 1.7264752982558076 1.8162750553999203
0.6333333333333334 1.976654441912191 2.060092853242981
0.6466666666666668 2.1026566335546026 2.208044093269372
0.6600000000000001 1.9296620512353324 1.9983844282854157
0.6733333333333335 1.7781068401930846 1.845806930764153
0.6866666666666668 1.902781550483078 1.9999301316269207
0.7000000000000001 2.175784019136112 2.273616825655502
0.7133333333333335 2.2102217362480867 2.3270105983896787
0.7266666666666668 1.9873507409155875 2.0452379250602646
0.7400000000000001 1.8992999557788306 1.9958540243928535
0.7533333333333334 2.110339533835245 2.213700869185802
0.7666666666666667 2.368200786353242 2.485237212594122
0.7800000000000001 2.2965266873568067 2.4147330641745817
0.7933333333333334 2.0586509795371217 2.1185479237020353
0.8066666666666668 2.0579950037099004 2.176945567161961
0.8200000000000002 2.342743967945468 2.455938156653635
0.8333333333333335 2.5421353734881333 2.6807198795382714
0.8466666666666668 2.368451960218606 2.4766672198118576
0.8600000000000001 2.1547057155034843 2.2367200718461056
0.8733333333333334 2.2576332155701717 2.3893806605787566
0.8866666666666668 2.5889355333501096 2.717762858570568
0.9000000000000001 2.6896193186265975 2.8464856343484826
0.9133333333333334 2.437111486154478 2.5296736235446384
0.9266666666666667 2.285699234475751 2.4033002276831397
0.9400000000000001 2.4979610058994766 2.638284682733788
0.9533333333333335 2.8342844744867346 2.985651518894457
0.9666666666666668 2.8089431247985335 2.9748014265998646
0.9800000000000001 2.5159785485817583 2.6021301968350503
0.9933333333333334 2.460133231305546 2.6123653381355956
