-0.9933333333333334 0.4064820503519311 0.4058485225581161
-0.98 0.39745966855070874 0.3984108322170269
-0.9666666666666667 0.35600578422951235 0.34893804824529506
-0.9533333333333334 0.35282273498008415 0.3555401551760607
-0.94 0.40032650535307923 0.4001985108875261
-0.9266666666666667 0.4375028809200964 0.43970704921410086
-0.9133333333333333 0.4103218115712467 0.40993221490941123
-0.8999999999999999 0.371799827981095 0.36758411090596665
-0.8866666666666667 0.38625913512260796 0.39037867434230555
-0.8733333333333333 0.44294174673871833 0.44388331118995794
-0.86 0.4641005000380445 0.46897067289716265
-0.8466666666666667 0.4222167123489807 0.41930299180880176
-0.8333333333333333 0.3933700818724979 0.3943987330058052
-0.8200000000000001 0.4268498878590554 0.43118850819661925
-0.8066666666666666 0.48590982883696204 0.4891188956086616
-0.7933333333333333 0.4857549968109915 0.49217899590372116
-0.78 0.43544018256149747 0.4309703786244585
-0.7666666666666666 0.4222614930974185 0.4286075547942354
-0.7533333333333333 0.47385739781059893 0.47873223681049487
-0.74 0.5265097790148362 0.5335459166388213
-0.7266666666666667 0.5031824425412151 0.5096763305433273
-0.7133333333333334 0.4524432927247961 0.45035674184652164
-0.7 0.4596044419873287 0.46982971568798093
-0.6866666666666666 0.6255464032358944 0.5323461139473183
-0.6733333333333333 0.6623959018634729 0.5738802189036919
-0.6599999999999999 0.6182254578514494 0.5224063453794628
-0.6466666666666666 0.5755888260792587 0.47920552380450865
-0.6333333333333333 0.6059053210295138 0.5171983492612666
-0.62 0.679214774176186 0.5882024228589601
-0.6066666666666667 0.6922552061360904 0.606075261864327
-0.5933333333333333 0.6335123829989846 0.5339997195893637
-0.58 0.6069782048338117 0.5170107376936143
-0.5666666666666667 0.660772942296653 0.5717238314545456
-0.5533333333333333 0.7315458407934703 0.6434971485686211
-0.54 0.7162385739129619 0.6297391243095961
-0.5266666666666666 0.6520450550679698 0.5515264033019356
-0.5133333333333333 0.6482905144728343 0.5630087688176963
-0.49999999999999994 0.6226551064890122 0.6338586267460429
-0.48666666666666664 0.6792908323433683 0.6950961330456612
-0.47333333333333333 0.6360095047933627 0.6463145726959431
-0.45999999999999996 0.5768466409222172 0.5802830562462249
-0.4466666666666666 0.6005645620636632 0.6168329165703454
-0.4333333333333333 0.6887360215648651 0.7009556329927253
-0.42 0.7201124884561353 0.7386607680173807
-0.4066666666666666 0.6544351872130316 0.6593488676667802
-0.39333333333333326 0.6107104892104064 0.6217719256925188
-0.37999999999999995 0.6638912932649151 0.6805978560351376
-0.36666666666666664 0.7551709421868383 0.7718833024048345
-0.35333333333333333 0.7532910653911019 0.7752566164286809
-0.33999999999999997 0.675090671750239 0.6793700523528419
-0.3266666666666666 0.656003968452573 0.6785149061621034
-0.3133333333333333 0.7370619007019764 0.7607067512233444
-0.3 0.8177514514854016 0.8497891408388103
-0.2866666666666666 0.7800227699677444 0.8136391374921568
-0.27333333333333326 0.7017710174591715 0.724556902322413
-0.25999999999999995 0.7144402964197131 0.7636956353215266
-0.24666666666666665 0.8173169090524328 0.8749000906014325
-0.23333333333333328 0.8728992516321238 0.9513187245423975
-0.21999999999999992 0.8032294466338534 0.8749485514037134
-0.2066666666666666 0.7381203193505238 0.8147311339665032
-0.1933333333333333 0.7867490306387674 0.8936957971390465
-0.17999999999999994 0.9004134112217832 1.030873542247812
-0.16666666666666657 0.918675848019551 1.0738197149062083
-0.15333333333333327 0.827020208066172 0.9569196088990868
-0.13999999999999996 0.7873670597336668 0.9379723779200058
-0.12666666666666665 0.8722497677145612 1.0480341143239946
-0.11333333333333329 0.9811956787713725 1.1862707168935656
-0.09999999999999992 0.955426072376418 1.1629609173787987
-0.08666666666666661 0.85605402785599 1.021438718033778
-0.0733333333333333 0.8520730466738504 1.0469042295467563
-0.05999999999999994 0.9684499743494225 1.1807469486889208
-0.04666666666666658 1.0546709526359224 1.2934353653861785
-0.03333333333333327 0.9858248894624293 1.2004707752720725
-0.019999999999999962 0.8950016271335975 1.0802108683410347
-0.006666666666666654 0.9337900545895983 1.150352360006778
0.00666666666666671 1.0709045305044522 1.3075482844111828
0.02000000000000013 1.1173164044435069 1.374192304340284
0.03333333333333344 1.0143789335094784 1.2227050622004083
0.046666666666666745 0.9481630242121639 1.1524868138351023
0.06000000000000005 1.0325778579030611 1.2563677902935568
0.07333333333333336 1.173608300255004 1.4137580136731978
0.08666666666666678 1.1681505693098895 1.4018587157330875
0.10000000000000009 1.0466534553664761 1.2056422702036778
0.1133333333333334 1.0191647004114146 1.1735526608752436
0.1266666666666667 1.1464606091213603 1.2634781664561567
0.14 1.2700556717958942 1.3602582689844498
0.15333333333333343 1.2091602965038868 1.2721857349809194
0.16666666666666674 1.0885232284660187 1.1170404782965864
0.18000000000000005 1.1106009612218983 1.1621128491075083
0.19333333333333347 1.271053361436104 1.3135007183327105
0.20666666666666678 1.3547926723923618 1.40856550239121
0.22000000000000008 1.2449742775128136 1.276175179061271
0.2333333333333334 1.1456075808636867 1.1754147161967623
0.2466666666666667 1.2235156142301815 1.2714785132695974
0.2600000000000001 1.3996970845728023 1.4454499603182256
0.27333333333333343 1.4249662284723499 1.48261258780688
0.28666666666666674 1.2820138571613124 1.3040188353964994
0.30000000000000004 1.222865454024635 1.269148068044991
0.31333333333333335 1.3567381505509952 1.406225363790789
0.32666666666666677 1.52438102220459 1.5800583452156796
0.3400000000000001 1.4812825029968215 1.538842285315535
0.3533333333333334 1.327508111994942 1.3491475750524131
0.3666666666666668 1.3242034937204838 1.3832782424032986
0.3800000000000001 1.5062706954359295 1.5594552823136971
0.3933333333333334 1.637437079708439 1.7048383665564533
0.40666666666666673 1.5280351966687262 1.5783940405152235
0.42000000000000004 1.3886719311644231 1.4226792755619586
0.43333333333333346 1.4519350936922373 1.5174503839334712
0.44666666666666677 1.665099912928256 1.7257469763295048
0.4600000000000001 1.7335630114813156 1.8113084527724452
0.4733333333333335 1.5723035465089397 1.6118778449866404
0.4866666666666668 1.4721235034930071 1.5273746534548505
0.5000000000000001 1.6060255341656768 1.6748618226598642
0.5133333333333334 1.8238506295544294 1.8964251606737443
0.5266666666666667 1.811446349930398 1.8940563488120175
0.5400000000000001 1.6227481406271718 1.6568914056613249
0.5533333333333335 1.5834163340282732 1.6593925206690332
0.5666666666666668 1.7832529435255708 1.857183224851807
0.5800000000000001 1.9724713813442964 2.0611846289797615
0.5933333333333334 1.874370739773256 1.9538528222116314
0.6066666666666668 1.6884613079622577 1.7319871603812311
0.6200000000000001 1.7264752982558076 1.8162750610746832
0.6333333333333334 1.976654441912191 2.060092855847758
0.6466666666666668 2.1026566335546026 2.208044093607559
0.6600000000000001 1.9296620512353324 1.9983844274720624
0.6733333333333335 1.7781068401930846 1.8458069298078115
0.6866666666666668 1.902781550483078 1.9999301305878294
0.7000000000000001 2.175784019136112 2.27361682482061
0.7133333333333335 2.2102217362480867 2.327010597980072
0.7266666666666668 1.9873507409155875 2.045237925036132
0.7400000000000001 1.8992999557788306 1.9958540245416354
0.7533333333333334 2.110339533835245 2.213700869487043
0.7666666666666667 2.368200786353242 2.4852372129442015
0.7800000000000001 2.2965266873568067 2.4147330644472795
0.7933333333333334 2.0586509795371217 2.1185479238547615
0.8066666666666668 2.0579950037099004 2.1769455672454434
0.8200000000000002 2.342743967945468 2.455938156669563
0.8333333333333335 2.5421353734881333 2.6807198795069986
0.8466666666666668 2.368451960218606 2.47666721976134
0.8600000000000001 2.1547057155034843 2.236720071799862
0.8733333333333334 2.2576332155701717 2.389380660533703
0.8866666666666668 2.5889355333501096 2.71776285853126
0.9000000000000001 2.6896193186265975 2.846485634320993
0.9133333333333334 2.437111486154478 2.5296736235316177
0.9266666666666667 2.285699234475751 2.403300227677653
0.9400000000000001 2.4979610058994766 2.638284682734463
0.9533333333333335 2.8342844744867346 2.9856515188988704
0.9666666666666668 2.8089431247985335 2.974801426605568
0.9800000000000001 2.5159785485817583 2.6021301968395703
0.9933333333333334 2.460133231305546 2.6123653381394263
