-0.9933333333333334 0.4064820503519311 0.40655253693289184
-0.98 0.39745966855070874 0.4027294523646922
-0.9666666666666667 0.35600578422951235 0.3558651345389604
-0.9533333333333334 0.35282273498008415 0.3515634678962171
-0.94 0.40032650535307923 0.3982671978695146
-0.9266666666666667 0.4375028809200964 0.43742475960759836
-0.9133333333333333 0.4103218115712467 0.4139284484778862
-0.8999999999999999 0.371799827981095 0.3686634219667845
-0.8866666666666667 0.38625913512260796 0.38359395075044944
-0.8733333333333333 0.44294174673871833 0.4386186151322334
-0.86 0.4641005000380445 0.464258824874936
-0.8466666666666667 0.4222167123489807 0.42248836862148803
-0.8333333333333333 0.3933700818724979 0.3881573551264942
-0.8200000000000001 0.4268498878590554 0.42200220963703733
-0.8066666666666666 0.48590982883696204 0.47965126932866253
-0.7933333333333333 0.4857549968109915 0.4857932366089131
-0.78 0.43544018256149747 0.4312334630533284
-0.7666666666666666 0.4222614930974185 0.41533478922368217
-0.7533333333333333 0.47385739781059893 0.46578387181106945
-0.74 0.5265097790148362 0.5186566851406382
-0.7266666666666667 0.5031824425412151 0.5013071812499723
-0.7133333333333334 0.4524432927247961 0.4434214617184206
-0.7 0.4596044419873287 0.4503745460250156
-0.6866666666666666 0.6255464032358944 0.5137261727404441
-0.6733333333333333 0.6623959018634729 0.5541340721929847
-0.6599999999999999 0.6182254578514494 0.5132332447277597
-0.6466666666666666 0.5755888260792587 0.4636231058601574
-0.6333333333333333 0.6059053210295138 0.49460306950261246
-0.62 0.679214774176186 0.5652086693154573
-0.6066666666666667 0.6922552061360904 0.5853491194618965
-0.5933333333333333 0.6335123829989846 0.5249986814151437
-0.58 0.6069782048338117 0.4940823837746854
-0.5666666666666667 0.660772942296653 0.5473293251461796
-0.5533333333333333 0.7315458407934703 0.6169210309033376
-0.54 0.7162385739129619 0.6101130186156682
-0.5266666666666666 0.6520450550679698 0.5393345063664385
-0.5133333333333333 0.6482905144728343 0.5344528012384547
-0.49999999999999994 0.6226551064890122 0.6062775138530013
-0.48666666666666664 0.6792908323433683 0.6652452581661356
-0.47333333333333333 0.6360095047933627 0.628605413660507
-0.45999999999999996 0.5768466409222172 0.5607365007098319
-0.4466666666666666 0.6005645620636632 0.5851218988106904
-0.4333333333333333 0.6887360215648651 0.6694968491933323
-0.42 0.7201124884561353 0.7077001244899526
-0.4066666666666666 0.6544351872130316 0.6435149588362713
-0.39333333333333326 0.6107104892104064 0.5929433031648621
-0.37999999999999995 0.6638912932649151 0.6466236936574818
-0.36666666666666664 0.7551709421868383 0.7356217351456185
-0.35333333333333333 0.7532910653911019 0.7448531701378571
-0.33999999999999997 0.675090671750239 0.6626779185899548
-0.3266666666666666 0.656003968452573 0.6426198192802383
-0.3133333333333333 0.7370619007019764 0.7255640141514359
-0.3 0.8177514514854016 0.8119497813136376
-0.2866666666666666 0.7800227699677444 0.788999811417605
-0.27333333333333326 0.7017710174591715 0.7053109387119948
-0.25999999999999995 0.7144402964197131 0.7268772650582248
-0.24666666666666665 0.8173169090524328 0.8399737627554721
-0.23333333333333328 0.8728992516321238 0.9154266403548386
-0.21999999999999992 0.8032294466338534 0.8581171015699434
-0.2066666666666666 0.7381203193505238 0.7883571057332361
-0.1933333333333333 0.7867490306387674 0.8548585603588967
-0.17999999999999994 0.9004134112217832 0.9881521528807826
-0.16666666666666657 0.918675848019551 1.0313332489118237
-0.15333333333333327 0.827020208066172 0.9325577916304861
-0.13999999999999996 0.7873670597336668 0.8858657878671758
-0.12666666666666665 0.8722497677145612 0.9877470166583135
-0.11333333333333329 0.9811956787713725 1.1161336734540794
-0.09999999999999992 0.955426072376418 1.104173329633512
-0.08666666666666661 0.85605402785599 0.9771823728740496
-0.0733333333333333 0.8520730466738504 0.9710408501902514
-0.05999999999999994 0.9684499743494225 1.1020990513191133
-0.04666666666666658 1.0546709526359224 1.2068753160311465
-0.03333333333333327 0.9858248894624293 1.1374465553436943
-0.019999999999999962 0.8950016271335975 1.014791416824326
-0.006666666666666654 0.9337900545895983 1.0598855140199648
0.00666666666666671 1.0709045305044522 1.2105201417729088
0.02000000000000013 1.1173164044435069 1.2740460829016174
0.03333333333333344 1.0143789335094784 1.152112633430286
0.046666666666666745 0.9481630242121639 1.0555235558502312
0.06000000000000005 1.0325778579030611 1.1387721564994586
0.07333333333333336 1.173608300255004 1.2734354967478474
0.08666666666666678 1.1681505693098895 1.2571670379570932
0.10000000000000009 1.0466534553664761 1.0772652512476286
0.1133333333333334 1.0191647004114146 1.0165696738350736
0.1266666666666667 1.1464606091213603 1.1254142242285559
0.14 1.2700556717958942 1.239559623903857
0.15333333333333343 1.2091602965038868 1.1874398289454864
0.16666666666666674 1.0885232284660187 1.0486730917970355
0.18000000000000005 1.1106009612218983 1.0688669049564556
0.19333333333333347 1.271053361436104 1.2193412093073541
0.20666666666666678 1.3547926723923618 1.3102312594075833
0.22000000000000008 1.2449742775128136 1.2088297461462556
0.2333333333333334 1.1456075808636867 1.0947703998203493
0.2466666666666667 1.2235156142301815 1.1719798127983845
0.2600000000000001 1.3996970845728023 1.3378202680783453
0.27333333333333343 1.4249662284723499 1.3793565043933584
0.28666666666666674 1.2820138571613124 1.2341825639389097
0.30000000000000004 1.222865454024635 1.1667062667396917
0.31333333333333335 1.3567381505509952 1.2960860969503822
0.32666666666666677 1.52438102220459 1.458008176630419
0.3400000000000001 1.4812825029968215 1.4356676963658033
0.3533333333333334 1.327508111994942 1.2687691053354067
0.3666666666666668 1.3242034937204838 1.263321252539289
0.3800000000000001 1.5062706954359295 1.4349507355558888
0.3933333333333334 1.637437079708439 1.5694868854217354
0.40666666666666673 1.5280351966687262 1.4769503475912715
0.42000000000000004 1.3886719311644231 1.3200077166402666
0.43333333333333346 1.4519350936922373 1.3833287147009208
0.44666666666666677 1.665099912928256 1.582540024934947
0.4600000000000001 1.7335630114813156 1.6660431498970987
0.4733333333333335 1.5723035465089397 1.510017069492564
0.4866666666666668 1.4721235034930071 1.3959752567207846
0.5000000000000001 1.6060255341656768 1.526163742383576
0.5133333333333334 1.8238506295544294 1.7318632435238663
0.5266666666666667 1.811446349930398 1.7434951072644562
0.5400000000000001 1.6227481406271718 1.5454972341779718
0.5533333333333335 1.5834163340282732 1.5002084547620171
0.5666666666666668 1.7832529435255708 1.688937009337872
0.5800000000000001 1.9724713813442964 1.8747460847327115
0.5933333333333334 1.874370739773256 1.8016664849332908
0.6066666666666668 1.6884613079622577 1.5966104344740004
0.6200000000000001 1.7264752982558076 1.6339245193616152
0.6333333333333334 1.976654441912191 1.8663502461809482
0.6466666666666668 2.1026566335546026 2.002983904241892
0.6600000000000001 1.9296620512353324 1.8454778767773485
0.6733333333333335 1.7781068401930846 1.6746058146338143
0.6866666666666668 1.902781550483078 1.796726137519099
0.7000000000000001 2.175784019136112 2.0505079283241963
0.7133333333333335 2.2102217362480867 2.1098663422978583
0.7266666666666668 1.9873507409155875 1.8856146678867314
0.7400000000000001 1.8992999557788306 1.7860887661792415
0.7533333333333334 2.110339533835245 1.9863293900975136
0.7666666666666667 2.368200786353242 2.2317586572535046
0.7800000000000001 2.2965266873568067 2.1924843861163446
0.7933333333333334 2.0586509795371217 1.9373393603278042
0.8066666666666668 2.0579950037099004 1.933588039805516
0.8200000000000002 2.342743967945468 2.1975704851645577
0.8333333333333335 2.5421353734881333 2.399685940427006
0.8466666666666668 2.368451960218606 2.2536122934426768
0.8600000000000001 2.1547057155034843 2.01618526836056
0.8733333333333334 2.2576332155701717 2.1173529140304477
0.8866666666666668 2.5889355333501096 2.421969177374928
0.9000000000000001 2.6896193186265975 2.544602565122384
0.9133333333333334 2.437111486154478 2.3028389433370298
0.9266666666666667 2.285699234475751 2.1330224284337245
0.9400000000000001 2.4979610058994766 2.3356549127482333
0.9533333333333335 2.8342844744867346 2.648370813395097
0.9666666666666668 2.8089431247985335 2.6602812693467377
0.9800000000000001 2.5159785485817583 2.356742703381048
0.9933333333333334 2.460133231305546 2.2931103970008087
