-0.9933333333333334 0.4064820503519311 0.4038890034299959
-0.98 0.39745966855070874 0.4007640982115682
-0.9666666666666667 0.35600578422951235 0.35926030176680096
-0.9533333333333334 0.35282273498008415 0.3529299244338244
-0.94 0.40032650535307923 0.39712322199395933
-0.9266666666666667 0.4375028809200964 0.43358563790942317
-0.9133333333333333 0.4103218115712467 0.41311764560230413
-0.8999999999999999 0.371799827981095 0.3720367945493826
-0.8866666666666667 0.38625913512260796 0.3837903148513323
-0.8733333333333333 0.44294174673871833 0.4360568473253352
-0.86 0.4641005000380445 0.4597021713416189
-0.8466666666666667 0.4222167123489807 0.423271438136997
-0.8333333333333333 0.3933700818724979 0.39055782880335266
-0.8200000000000001 0.4268498878590554 0.4210281262143938
-0.8066666666666666 0.48590982883696204 0.4754583878073332
-0.7933333333333333 0.4857549968109915 0.48133752877882774
-0.78 0.43544018256149747 0.4335170083531584
-0.7666666666666666 0.4222614930974185 0.4163644962355388
-0.7533333333333333 0.47385739781059893 0.4636427305853107
-0.74 0.5265097790148362 0.513084844545272
-0.7266666666666667 0.5031824425412151 0.4980632850886062
-0.7133333333333334 0.4524432927247961 0.4463165465584459
-0.7 0.4596044419873287 0.4498292595878173
-0.6866666666666666 0.5255464032358944 0.5097763991957636
-0.6733333333333333 0.5623959018634729 0.5470228773881365
-0.6599999999999999 0.5182254578514495 0.5114496827902748
-0.6466666666666666 0.4755888260792587 0.4655790239466908
-0.6333333333333333 0.5059053210295138 0.49232389762693884
-0.62 0.579214774176186 0.5590519025428262
-0.6066666666666667 0.5922552061360904 0.5777025443833872
-0.5933333333333333 0.5335123829989846 0.5253361194662669
-0.58 0.5069782048338117 0.49472981116895687
-0.5666666666666667 0.560772942296653 0.5438836416759454
-0.5533333333333333 0.6315458407934703 0.6091429517555025
-0.54 0.6162385739129619 0.6036452365433671
-0.5266666666666666 0.5520450550679699 0.5413997413409459
-0.5133333333333333 0.5482905144728343 0.533500030923316
-0.49999999999999994 0.6226551064890122 0.6012715748310966
-0.48666666666666664 0.6792908323433683 0.6559922190950997
-0.47333333333333333 0.6360095047933627 0.6243720902887768
-0.45999999999999996 0.5768466409222172 0.5631009574684593
-0.4466666666666666 0.6005645620636632 0.5826070816389936
-0.4333333333333333 0.6887360215648651 0.6624306804175957
-0.42 0.7201124884561353 0.6975315342119265
-0.4066666666666666 0.6544351872130316 0.6418472947269269
-0.39333333333333326 0.6107104892104064 0.5936489580758191
-0.37999999999999995 0.6638912932649151 0.6416352520517581
-0.36666666666666664 0.7551709421868383 0.7246227505183749
-0.35333333333333333 0.7532910653911019 0.7326395224494815
-0.33999999999999997 0.675090671750239 0.6599331517268512
-0.3266666666666666 0.656003968452573 0.6357225014381879
-0.3133333333333333 0.7370619007019764 0.7093581937852106
-0.3 0.8177514514854016 0.7846927659122894
-0.2866666666666666 0.7800227699677444 0.7609887012190637
-0.27333333333333326 0.7017710174591715 0.6827761346900166
-0.25999999999999995 0.7144402964197131 0.6903026354489942
-0.24666666666666665 0.8173169090524328 0.7831731599896753
-0.23333333333333328 0.8728992516321238 0.8394978541167168
-0.21999999999999992 0.8032294466338534 0.7840926314370791
-0.2066666666666666 0.7381203193505238 0.7148773307221221
-0.1933333333333333 0.7867490306387674 0.7575424869690391
-0.17999999999999994 0.9004134112217832 0.8598359857620954
-0.16666666666666657 0.918675848019551 0.8866388547263462
-0.15333333333333327 0.827020208066172 0.805185801985491
-0.13999999999999996 0.7873670597336668 0.7595056490231575
-0.12666666666666665 0.8722497677145612 0.8360770398470263
-0.11333333333333329 0.9811956787713725 0.9354307181414436
-0.09999999999999992 0.955426072376418 0.9251736789234304
-0.08666666666666661 0.85605402785599 0.8295937932114403
-0.0733333333333333 0.8520730466738504 0.8192446026465227
-0.05999999999999994 0.9684499743494225 0.9238985759805333
-0.04666666666666658 1.0546709526359224 1.0063794918610682
-0.03333333333333327 0.9858248894624293 0.9560756619477304
-0.019999999999999962 0.8950016271335975 0.8628342866103457
-0.006666666666666654 0.9337900545895983 0.8946504277414444
0.00666666666666671 1.0709045305044522 1.0172274273977662
0.02000000000000013 1.1173164044435069 1.0691831506309086
0.03333333333333344 1.0143789335094784 0.9824982276862128
0.046666666666666745 0.9481630242121639 0.9100764544375299
0.06000000000000005 1.0325778579030611 0.9852785495983802
0.07333333333333336 1.173608300255004 1.1118633700896092
0.08666666666666678 1.1681505693098895 1.1218916509701011
0.10000000000000009 1.0466534553664761 1.0098420874806489
0.1133333333333334 1.0191647004114146 0.9747227156751344
0.1266666666666667 1.1464606091213603 1.088673658052799
0.14 1.2700556717958942 1.202635886431071
0.15333333333333343 1.2091602965038868 1.1639788444243142
0.16666666666666674 1.0885232284660187 1.0445221727563405
0.18000000000000005 1.1106009612218983 1.0582908681753707
0.19333333333333347 1.271053361436104 1.2009655742811685
0.20666666666666678 1.3547926723923618 1.285054001825384
0.22000000000000008 1.2449742775128136 1.1982174996190333
0.2333333333333334 1.1456075808636867 1.0936029518642671
0.2466666666666667 1.2235156142301815 1.1610485318503088
0.2600000000000001 1.3996970845728023 1.3172371376019907
0.27333333333333343 1.4249662284723499 1.3556209495880367
0.28666666666666674 1.2820138571613124 1.2297964282997444
0.30000000000000004 1.222865454024635 1.1621326245966457
0.31333333333333335 1.3567381505509952 1.2810019013298986
0.32666666666666677 1.52438102220459 1.4316641317323615
0.3400000000000001 1.4812825029968215 1.4130887678910224
0.3533333333333334 1.327508111994942 1.2667841175198464
0.3666666666666668 1.3242034937204838 1.2536916188463767
0.3800000000000001 1.5062706954359295 1.4147759332011882
0.3933333333333334 1.637437079708439 1.5387036798694091
0.40666666666666673 1.5280351966687262 1.459161207013357
0.42000000000000004 1.3886719311644231 1.3177711265128698
0.43333333333333346 1.4519350936922373 1.3691811023326763
0.44666666666666677 1.665099912928256 1.5565778844401446
0.4600000000000001 1.7335630114813156 1.6329539863465463
0.4733333333333335 1.5723035465089397 1.498453472196844
0.4866666666666668 1.4721235034930071 1.3900270271422757
0.5000000000000001 1.6060255341656768 1.5072714881613714
0.5133333333333334 1.8238506295544294 1.6995057592437859
0.5266666666666667 1.811446349930398 1.7113091849221118
0.5400000000000001 1.6227481406271718 1.5393521945747277
0.5533333333333335 1.5834163340282732 1.4888647028527286
0.5666666666666668 1.7832529435255708 1.6645861641526207
0.5800000000000001 1.9724713813442964 1.836373766883566
0.5933333333333334 1.874370739773256 1.7739062969023969
0.6066666666666668 1.6884613079622577 1.592216734914686
0.6200000000000001 1.7264752982558076 1.6166243397048776
0.6333333333333334 1.976654441912191 1.834933709913053
0.6466666666666668 2.1026566335546026 1.9598789984634604
0.6600000000000001 1.9296620512353324 1.8243983584837955
0.6733333333333335 1.7781068401930846 1.6669658477730498
0.6866666666666668 1.902781550483078 1.7730853437000555
0.7000000000000001 2.175784019136112 2.010660955254606
0.7133333333333335 2.2102217362480867 2.065174115663651
0.7266666666666668 1.9873507409155875 1.871608558524315
0.7400000000000001 1.8992999557788306 1.7719102354418577
0.7533333333333334 2.110339533835245 1.9557213152865438
0.7666666666666667 2.368200786353242 2.1833103429939813
0.7800000000000001 2.2965266873568067 2.1506081735813423
0.7933333333333334 2.0586509795371217 1.9274878241542446
0.8066666666666668 2.0579950037099004 1.9115935132476605
0.8200000000000002 2.342743967945468 2.1584126890751723
0.8333333333333335 2.5421353734881333 2.3436764444481155
0.8466666666666668 2.368451960218606 2.218422482724935
0.8600000000000001 2.1547057155034843 2.0048393553096777
0.8733333333333334 2.2576332155701717 2.087276521857004
0.8866666666666668 2.5889355333501096 2.3725784390561113
0.9000000000000001 2.6896193186265975 2.484240617622839
0.9133333333333334 2.437111486154478 2.276550078440625
0.9266666666666667 2.285699234475751 2.115086098283116
0.9400000000000001 2.4979610058994766 2.2971852403500206
0.9533333333333335 2.8342844744867346 2.5880415076132586
0.9666666666666668 2.8089431247985335 2.6007415881155826
0.9800000000000001 2.5159785485817583 2.337947499077326
0.9933333333333334 2.460133231305546 2.2659291636818413
