-0.9933333333333334 0.4064820503519311 0.419461958936923
-0.98 0.39745966855070874 0.38789523758157596
-0.9666666666666667 0.35600578422951235 0.32945161907604914
-0.9533333333333334 0.35282273498008415 0.3561110667301366
-0.94 0.40032650535307923 0.4329351875650631
-0.9266666666666667 0.4375028809200964 0.4382556509509665
-0.9133333333333333 0.4103218115712467 0.4104636186354198
-0.8999999999999999 0.371799827981095 0.36772891888040976
-0.8866666666666667 0.38625913512260796 0.4060151033734103
-0.8733333333333333 0.44294174673871833 0.49930019495697603
-0.86 0.4641005000380445 0.4818440656614972
-0.8466666666666667 0.4222167123489807 0.42439998100065296
-0.8333333333333333 0.3933700818724979 0.42545140535770914
-0.8200000000000001 0.4268498878590554 0.4705836560534476
-0.8066666666666666 0.48590982883696204 0.5613909935009478
-0.7933333333333333 0.4857549968109915 0.5241100426935805
-0.78 0.43544018256149747 0.44748749106518815
-0.7666666666666666 0.4222614930974185 0.47213510549396337
-0.7533333333333333 0.47385739781059893 0.5325612611279564
-0.74 0.5265097790148362 0.6049631061318648
-0.7266666666666667 0.5031824425412151 0.5563657751061223
-0.7133333333333334 0.4524432927247961 0.4757642318344701
-0.7 0.4596044419873287 0.5246499591419465
-0.6866666666666666 0.6255464032358944 0.647106399815258
-0.6733333333333333 0.6623959018634729 0.6376643299239544
-0.6599999999999999 0.6182254578514494 0.5732289082214419
-0.6466666666666666 0.5755888260792587 0.5602142423746065
-0.6333333333333333 0.6059053210295138 0.6095768284451395
-0.62 0.679214774176186 0.7338936283812711
-0.6066666666666667 0.6922552061360904 0.6930515259234918
-0.5933333333333333 0.6335123829989846 0.5970977268858686
-0.58 0.6069782048338117 0.6117833039275062
-0.5666666666666667 0.660772942296653 0.6804731961222568
-0.5533333333333333 0.7315458407934703 0.7876171015270852
-0.54 0.7162385739129619 0.7253823968362929
-0.5266666666666666 0.6520450550679698 0.6123322065382685
-0.5133333333333333 0.6482905144728343 0.6592930649106701
-0.49999999999999994 0.6226551064890122 0.7981229230211994
-0.48666666666666664 0.6792908323433683 0.8020478763114895
-0.47333333333333333 0.6360095047933627 0.7473314108876546
-0.45999999999999996 0.5768466409222172 0.6621093612640605
-0.4466666666666666 0.6005645620636632 0.7324488207196138
-0.4333333333333333 0.6887360215648651 0.8984460183783836
-0.42 0.7201124884561353 0.8631051815631762
-0.4066666666666666 0.6544351872130316 0.7563965479777796
-0.39333333333333326 0.6107104892104064 0.757661521554377
-0.37999999999999995 0.6638912932649151 0.8365060174666706
-0.36666666666666664 0.7551709421868383 0.9931290183076438
-0.35333333333333333 0.7532910653911019 0.9250195956233394
-0.33999999999999997 0.675090671750239 0.7877517131741956
-0.3266666666666666 0.656003968452573 0.8317405587311646
-0.3133333333333333 0.7370619007019764 0.9376902353873631
-0.3 0.8177514514854016 1.0607147828331072
-0.2866666666666666 0.7800227699677444 0.9756712567523029
-0.27333333333333326 0.7017710174591715 0.8373748672659957
-0.25999999999999995 0.7144402964197131 0.9265771080113869
-0.24666666666666665 0.8173169090524328 1.1466042927365525
-0.23333333333333328 0.8728992516321238 1.1323076680907365
-0.21999999999999992 0.8032294466338534 1.0201424942442345
-0.2066666666666666 0.7381203193505238 1.0070425740685145
-0.1933333333333333 0.7867490306387674 1.1070708641761657
-0.17999999999999994 0.9004134112217832 1.3457733987316907
-0.16666666666666657 0.918675848019551 1.2774499326532476
-0.15333333333333327 0.827020208066172 1.108555125737829
-0.13999999999999996 0.7873670597336668 1.1515607990068377
-0.12666666666666665 0.8722497677145612 1.2972126518275346
-0.11333333333333329 0.9811956787713725 1.5226892746329321
-0.09999999999999992 0.955426072376418 1.4089343215357462
-0.08666666666666661 0.85605402785599 1.2020292334937324
-0.0733333333333333 0.8520730466738504 1.3092733831398164
-0.05999999999999994 0.9684499743494225 1.6033162584504317
-0.04666666666666658 1.0546709526359224 1.6198868850363615
-0.03333333333333327 0.9858248894624293 1.5171730624973128
-0.019999999999999962 0.8950016271335975 1.3792593644842936
-0.006666666666666654 0.9337900545895983 1.518531796548296
0.00666666666666671 1.0709045305044522 1.8643152316272986
0.02000000000000013 1.1173164044435069 1.7938528931790632
0.03333333333333344 1.0143789335094784 1.5758683695793667
0.046666666666666745 0.9481630242121639 1.586948264030231
0.06000000000000005 1.0325778579030611 1.7578285513873548
0.07333333333333336 1.173608300255004 2.086046713182705
0.08666666666666678 1.1681505693098895 1.9398609509958984
0.10000000000000009 1.0466534553664761 1.6490031821705693
0.1133333333333334 1.0191647004114146 1.741240202267768
0.1266666666666667 1.1464606091213603 2.0650298624745957
0.14 1.2700556717958942 2.131196023733742
0.15333333333333343 1.2091602965038868 1.9991247794683897
0.16666666666666674 1.0885232284660187 1.731985673411143
0.18000000000000005 1.1106009612218983 1.893698662353068
0.19333333333333347 1.271053361436104 2.3101108119485954
0.20666666666666678 1.3547926723923618 2.2355716853105605
0.22000000000000008 1.2449742775128136 2.0036628222086117
0.2333333333333334 1.1456075808636867 1.7970297173362189
0.2466666666666667 1.2235156142301815 1.9787214107749216
0.2600000000000001 1.3996970845728023 2.344485836286288
0.27333333333333343 1.4249662284723499 2.1780847622942883
0.28666666666666674 1.2820138571613124 1.8352336363528567
0.30000000000000004 1.222865454024635 1.8635348354372234
0.31333333333333335 1.3567381505509952 2.054274252279839
0.32666666666666677 1.52438102220459 2.3415840700192265
0.3400000000000001 1.4812825029968215 2.1524388617810364
0.3533333333333334 1.327508111994942 1.8131006830656438
0.3666666666666668 1.3242034937204838 1.9588214780471858
0.3800000000000001 1.5062706954359295 2.3783686578604812
0.3933333333333334 1.637437079708439 2.380912027357721
0.40666666666666673 1.5280351966687262 2.215272227289624
0.42000000000000004 1.3886719311644231 1.9850893351886978
0.43333333333333346 1.4519350936922373 2.1938623514213678
0.44666666666666677 1.665099912928256 2.6878388776632454
0.4600000000000001 1.7335630114813156 2.575464988429429
0.4733333333333335 1.5723035465089397 2.2517844509708453
0.4866666666666668 1.4721235034930071 2.269240120750286
0.5000000000000001 1.6060255341656768 2.5141070110895187
0.5133333333333334 1.8238506295544294 2.9784793824021856
0.5266666666666667 1.811446349930398 2.769074117026925
0.5400000000000001 1.6227481406271718 2.3559068304993014
0.5533333333333335 1.5834163340282732 2.498306790503941
0.5666666666666668 1.7832529435255708 2.8243995877645895
0.5800000000000001 1.9724713813442964 3.156738370300843
0.5933333333333334 1.874370739773256 2.903251117652139
0.6066666666666668 1.6884613079622577 2.4900315372393838
0.6200000000000001 1.7264752982558076 2.752013347931496
0.6333333333333334 1.976654441912191 3.3925009426602646
0.6466666666666668 2.1026566335546026 3.3166795372804323
0.6600000000000001 1.9296620512353324 2.957798646461476
0.6733333333333335 1.7781068401930846 2.9084891646927122
0.6866666666666668 1.902781550483078 3.1775504495357536
0.7000000000000001 2.175784019136112 3.8151420751054355
0.7133333333333335 2.2102217362480867 3.5899768094204045
0.7266666666666668 1.9873507409155875 3.083221448650612
0.7400000000000001 1.8992999557788306 3.190190530636121
0.7533333333333334 2.110339533835245 3.568170941707364
0.7666666666666667 2.368200786353242 4.120834628313389
0.7800000000000001 2.2965266873568067 3.794658987999263
0.7933333333333334 2.0586509795371217 3.2150176770260015
0.8066666666666668 2.0579950037099004 3.49403098216002
0.8200000000000002 2.342743967945468 4.2644581097128835
0.8333333333333335 2.5421353734881333 4.265427153650014
0.8466666666666668 2.368451960218606 3.967701599543646
0.8600000000000001 2.1547057155034843 3.574450315570129
0.8733333333333334 2.2576332155701717 3.946212188078697
0.8866666666666668 2.5889355333501096 4.828155885227866
0.9000000000000001 2.6896193186265975 4.617872753799876
0.9133333333333334 2.437111486154478 4.029962345268649
0.9266666666666667 2.285699234475751 4.069719798669098
0.9400000000000001 2.4979610058994766 4.5123295032257715
0.9533333333333335 2.8342844744867346 5.334287145219433
0.9666666666666668 2.8089431247985335 4.953392130117928
0.9800000000000001 2.5159785485817583 4.205784203782009
0.9933333333333334 2.460133231305546 4.482209072996563
