-0.9933333333333334 0.4064820503519311 0.419461958936923
-0.98 0.39745966855070874 0.38789523758157596
-0.9666666666666667 0.35600578422951235 0.32945161907604914
-0.9533333333333334 0.35282273498008415 0.3561110667301365
-0.94 0.40032650535307923 0.4329351875650632
-0.9266666666666667 0.4375028809200964 0.43825565095096675
-0.9133333333333333 0.4103218115712467 0.4104636186354196
-0.8999999999999999 0.371799827981095 0.36772891888040976
-0.8866666666666667 0.38625913512260796 0.4060151033734103
-0.8733333333333333 0.44294174673871833 0.49930019495697614
-0.86 0.4641005000380445 0.48184406566149696
-0.8466666666666667 0.4222167123489807 0.42439998100065296
-0.8333333333333333 0.3933700818724979 0.4254514053577091
-0.8200000000000001 0.4268498878590554 0.47058365605344765
-0.8066666666666666 0.48590982883696204 0.5613909935009478
-0.7933333333333333 0.4857549968109915 0.5241100426935806
-0.78 0.43544018256149747 0.44748749106518904
-0.7666666666666666 0.4222614930974185 0.472135105493964
-0.7533333333333333 0.47385739781059893 0.5325612611279495
-0.74 0.5265097790148362 0.604963106131886
-0.7266666666666667 0.5031824425412151 0.5563657751062476
-0.7133333333333334 0.4524432927247961 0.4757642318231677
-0.7 0.4596044419873287 0.5246499591431293
-0.6866666666666666 0.5255464032358944 0.6471063992278813
-0.6733333333333333 0.5623959018634729 0.6376643301327429
-0.6599999999999999 0.5182254578514495 0.5732289157609191
-0.6466666666666666 0.4755888260792587 0.5602142551750193
-0.6333333333333333 0.5059053210295138 0.6095768317538193
-0.62 0.579214774176186 0.733893579922752
-0.6066666666666667 0.5922552061360904 0.6930513850626796
-0.5933333333333333 0.5335123829989846 0.5970972813050002
-0.58 0.5069782048338117 0.6117827576130183
-0.5666666666666667 0.560772942296653 0.6804731134680431
-0.5533333333333333 0.6315458407934703 0.7876198383884336
-0.54 0.6162385739129619 0.725386173366585
-0.5266666666666666 0.5520450550679699 0.6123409121869172
-0.5133333333333333 0.5482905144728343 0.6593009420433794
-0.49999999999999994 0.6226551064890122 0.7981416869517737
-0.48666666666666664 0.6792908323433683 0.8020322912153566
-0.47333333333333333 0.6360095047933627 0.7472738097098529
-0.45999999999999996 0.5768466409222172 0.6619780514350531
-0.4466666666666666 0.6005645620636632 0.7323230289926159
-0.4333333333333333 0.6887360215648651 0.8982946168650681
-0.42 0.7201124884561353 0.8630297970410901
-0.4066666666666666 0.6544351872130316 0.7564310682235771
-0.39333333333333326 0.6107104892104064 0.7579238017931026
-0.37999999999999995 0.6638912932649151 0.8370065165757765
-0.36666666666666664 0.7551709421868383 0.9938659825742859
-0.35333333333333333 0.7532910653911019 0.9255336245141502
-0.33999999999999997 0.675090671750239 0.7881056706173076
-0.3266666666666666 0.656003968452573 0.8310109755891368
-0.3133333333333333 0.7370619007019764 0.9359897593662392
-0.3 0.8177514514854016 1.0499800341032175
-0.2866666666666666 0.7800227699677444 0.964698769218227
-0.27333333333333326 0.7017710174591715 0.8218053704330592
-0.25999999999999995 0.7144402964197131 0.9037621370402791
-0.24666666666666665 0.8173169090524328 1.1095961300459882
-0.23333333333333328 0.8728992516321238 1.0862322359826118
-0.21999999999999992 0.8032294466338534 0.9697887574666578
-0.2066666666666666 0.7381203193505238 0.9453907276687152
-0.1933333333333333 0.7867490306387674 1.0261682113373065
-0.17999999999999994 0.9004134112217832 1.2296381982029319
-0.16666666666666657 0.918675848019551 1.1583129850021134
-0.15333333333333327 0.827020208066172 0.995078732786754
-0.13999999999999996 0.7873670597336668 1.022645756805377
-0.12666666666666665 0.8722497677145612 1.1400264460322604
-0.11333333333333329 0.9811956787713725 1.320713634629679
-0.09999999999999992 0.955426072376418 1.2171517572306023
-0.08666666666666661 0.85605402785599 1.0301359214517865
-0.0733333333333333 0.8520730466738504 1.1146373387209145
-0.05999999999999994 0.9684499743494225 1.3557054884359654
-0.04666666666666658 1.0546709526359224 1.3620840531860818
-0.03333333333333327 0.9858248894624293 1.2700374728934705
-0.019999999999999962 0.8950016271335975 1.1332480243582563
-0.006666666666666654 0.9337900545895983 1.2528231921769442
0.00666666666666671 1.0709045305044522 1.5360685549825588
0.02000000000000013 1.1173164044435069 1.4736516658514627
0.03333333333333344 1.0143789335094784 1.2898643860325518
0.046666666666666745 0.9481630242121639 1.2951844839449613
0.06000000000000005 1.0325778579030611 1.4313401913008161
0.07333333333333336 1.173608300255004 1.6954240439069008
0.08666666666666678 1.1681505693098895 1.5764688422349324
0.10000000000000009 1.0466534553664761 1.3403541798434961
0.1133333333333334 1.0191647004114146 1.4158097270800556
0.1266666666666667 1.1464606091213603 1.5960997581228558
0.14 1.2700556717958942 1.7845038621950304
0.15333333333333343 1.2091602965038868 1.6404091470056512
0.16666666666666674 1.0885232284660187 1.401440906997917
0.18000000000000005 1.1106009612218983 1.5450300842393796
0.19333333333333347 1.271053361436104 1.9006731233887337
0.20666666666666678 1.3547926723923618 1.8594906602254637
0.22000000000000008 1.2449742775128136 1.659211650719542
0.2333333333333334 1.1456075808636867 1.6250619652805651
0.2466666666666667 1.2235156142301815 1.7700207124346492
0.2600000000000001 1.3996970845728023 2.1237494561237176
0.27333333333333343 1.4249662284723499 1.999775076912023
0.28666666666666674 1.2820138571613124 1.7180389111460843
0.30000000000000004 1.222865454024635 1.772021663948638
0.31333333333333335 1.3567381505509952 1.9791272589183369
0.32666666666666677 1.52438102220459 2.290025245369032
0.3400000000000001 1.4812825029968215 2.1097747826025364
0.3533333333333334 1.327508111994942 1.7868058340427315
0.3666666666666668 1.3242034937204838 1.9382652315516113
0.3800000000000001 1.5062706954359295 2.3623788137366346
0.3933333333333334 1.637437079708439 2.3691421682801828
0.40666666666666673 1.5280351966687262 2.20726643950086
0.42000000000000004 1.3886719311644231 1.983749353348963
0.43333333333333346 1.4519350936922373 2.1908774690572885
0.44666666666666677 1.665099912928256 2.6844723224582663
0.4600000000000001 1.7335630114813156 2.5730071897819666
0.4733333333333335 1.5723035465089397 2.2504054230272486
0.4866666666666668 1.4721235034930071 2.268305068664616
0.5000000000000001 1.6060255341656768 2.513461276138128
0.5133333333333334 1.8238506295544294 2.9781123720718394
0.5266666666666667 1.811446349930398 2.7688142816865495
0.5400000000000001 1.6227481406271718 2.355786456848173
0.5533333333333335 1.5834163340282732 2.498233471756482
0.5666666666666668 1.7832529435255708 2.8243624989739935
0.5800000000000001 1.9724713813442964 3.1567433372915876
0.5933333333333334 1.874370739773256 2.9032527590694617
0.6066666666666668 1.6884613079622577 2.4900361050808932
0.6200000000000001 1.7264752982558076 2.752020458077002
0.6333333333333334 1.976654441912191 3.3925117732674
0.6466666666666668 2.1026566335546026 3.316689675561999
0.6600000000000001 1.9296620512353324 2.9578069449967104
0.6733333333333335 1.7781068401930846 2.9084958068854245
0.6866666666666668 1.902781550483078 3.177556031075998
0.7000000000000001 2.175784019136112 3.815146608228374
0.7133333333333335 2.2102217362480867 3.5899802551147575
0.7266666666666668 1.9873507409155875 3.0832234585900604
0.7400000000000001 1.8992999557788306 3.190191928924206
0.7533333333333334 2.110339533835245 3.568171895143487
0.7666666666666667 2.368200786353242 4.120835044259041
0.7800000000000001 2.2965266873568067 3.7946592888518818
0.7933333333333334 2.0586509795371217 3.215017781635708
0.8066666666666668 2.0579950037099004 3.4940310142068793
0.8200000000000002 2.342743967945468 4.264458059195979
0.8333333333333335 2.5421353734881333 4.265427077820261
0.8466666666666668 2.368451960218606 3.9677015124593433
0.8600000000000001 2.1547057155034843 3.5744502604984
0.8733333333333334 2.2576332155701717 3.946212122426092
0.8866666666666668 2.5889355333501096 4.828155808290922
0.9000000000000001 2.6896193186265975 4.617872687832655
0.9133333333333334 2.437111486154478 4.029962296507986
0.9266666666666667 2.285699234475751 4.06971975918861
0.9400000000000001 2.4979610058994766 4.512329469481809
0.9533333333333335 2.8342844744867346 5.334287118169184
0.9666666666666668 2.8089431247985335 4.953392108758617
0.9800000000000001 2.5159785485817583 4.205784190541408
0.9933333333333334 2.460133231305546 4.482209062987636
