-0.9933333333333334 0.4064820503519311 0.4065525422125676
-0.98 0.39745966855070874 0.40272944692247703
-0.9666666666666667 0.35600578422951235 0.35586512456533254
-0.9533333333333334 0.35282273498008415 0.35156347299324525
-0.94 0.40032650535307923 0.39826719039685754
-0.9266666666666667 0.4375028809200964 0.43742484366101186
-0.9133333333333333 0.4103218115712467 0.4139284752435037
-0.8999999999999999 0.371799827981095 0.36866317745255456
-0.8866666666666667 0.38625913512260796 0.38359396778918187
-0.8733333333333333 0.44294174673871833 0.43861933172009127
-0.86 0.4641005000380445 0.46426007955113513
-0.8466666666666667 0.4222167123489807 0.4224877827079886
-0.8333333333333333 0.3933700818724979 0.3881526325283998
-0.8200000000000001 0.4268498878590554 0.4219990648476051
-0.8066666666666666 0.48590982883696204 0.4796603538675064
-0.7933333333333333 0.4857549968109915 0.485824160539318
-0.78 0.43544018256149747 0.43129524568073707
-0.7666666666666666 0.4222614930974185 0.4154459690239809
-0.7533333333333333 0.47385739781059893 0.46596739204114707
-0.74 0.5265097790148362 0.5188784331705972
-0.7266666666666667 0.5031824425412151 0.5013516198235409
-0.7133333333333334 0.4524432927247961 0.4431553033816731
-0.7 0.4596044419873287 0.44990513783912556
-0.6866666666666666 0.5255464032358944 0.5132222518075958
-0.6733333333333333 0.5623959018634729 0.553856651033062
-0.6599999999999999 0.5182254578514495 0.5133152789481661
-0.6466666666666666 0.4755888260792587 0.46383640523095293
-0.6333333333333333 0.5059053210295138 0.4947416923292436
-0.62 0.579214774176186 0.565196912349442
-0.6066666666666667 0.5922552061360904 0.5851827952273665
-0.5933333333333333 0.5335123829989846 0.524834884867299
-0.58 0.5069782048338117 0.4940534817559923
-0.5666666666666667 0.560772942296653 0.547379636223396
-0.5533333333333333 0.6315458407934703 0.6169727443976909
-0.54 0.6162385739129619 0.6100672356674077
-0.5266666666666666 0.5520450550679699 0.5391901436733709
-0.5133333333333333 0.5482905144728343 0.5343102013623899
-0.49999999999999994 0.6226551064890122 0.6062137546584705
-0.48666666666666664 0.6792908323433683 0.6652855106179512
-0.47333333333333333 0.6360095047933627 0.6286906386495057
-0.45999999999999996 0.5768466409222172 0.5607246016738998
-0.4466666666666666 0.6005645620636632 0.5849664025096112
-0.4333333333333333 0.6887360215648651 0.6692035768819273
-0.42 0.7201124884561353 0.7073918835319358
-0.4066666666666666 0.6544351872130316 0.6433333450818931
-0.39333333333333326 0.6107104892104064 0.5927323486500018
-0.37999999999999995 0.6638912932649151 0.6459685957939878
-0.36666666666666664 0.7551709421868383 0.7340789531089481
-0.35333333333333333 0.7532910653911019 0.7421595946925506
-0.33999999999999997 0.675090671750239 0.658701123645423
-0.3266666666666666 0.656003968452573 0.6365079756230196
-0.3133333333333333 0.7370619007019764 0.7153930447330823
-0.3 0.8177514514854016 0.7964462365792669
-0.2866666666666666 0.7800227699677444 0.7688491117636922
-0.27333333333333326 0.7017710174591715 0.680712812809205
-0.25999999999999995 0.7144402964197131 0.6932710175309295
-0.24666666666666665 0.8173169090524328 0.791326401956391
-0.23333333333333328 0.8728992516321238 0.8523474816133079
-0.21999999999999992 0.8032294466338534 0.7883101947756841
-0.2066666666666666 0.7381203193505238 0.7133588308931458
-0.1933333333333333 0.7867490306387674 0.7625304553767719
-0.17999999999999994 0.9004134112217832 0.8709262040028733
-0.16666666666666657 0.918675848019551 0.8998428553150449
-0.15333333333333327 0.827020208066172 0.8059149805754886
-0.13999999999999996 0.7873670597336668 0.7600786431244295
-0.12666666666666665 0.8722497677145612 0.8432494462265867
-0.11333333333333329 0.9811956787713725 0.9496561574603063
-0.09999999999999992 0.955426072376418 0.9372297804918218
-0.08666666666666661 0.85605402785599 0.8283567979043164
-0.0733333333333333 0.8520730466738504 0.8226838065991677
-0.05999999999999994 0.9684499743494225 0.9336881835335269
-0.04666666666666658 1.0546709526359224 1.0227783096168843
-0.03333333333333327 0.9858248894624293 0.9645214724434278
-0.019999999999999962 0.8950016271335975 0.8614324141378619
-0.006666666666666654 0.9337900545895983 0.9010804418820686
0.00666666666666671 1.0709045305044522 1.0310842506936746
0.02000000000000013 1.1173164044435069 1.0876969519830249
0.03333333333333344 1.0143789335094784 0.987227414043945
0.046666666666666745 0.9481630242121639 0.9107880202711757
0.06000000000000005 1.0325778579030611 0.9940252118894405
0.07333333333333336 1.173608300255004 1.128899493988848
0.08666666666666678 1.1681505693098895 1.1391508299227195
0.10000000000000009 1.0466534553664761 1.0106584743114246
0.1133333333333334 1.0191647004114146 0.9788762747945559
0.1266666666666667 1.1464606091213603 1.100960243176093
0.14 1.2700556717958942 1.2236471621588516
0.15333333333333343 1.2091602965038868 1.1783405207955475
0.16666666666666674 1.0885232284660187 1.0436565521415622
0.18000000000000005 1.1106009612218983 1.0656087206756248
0.19333333333333347 1.271053361436104 1.2169936261473142
0.20666666666666678 1.3547926723923618 1.3086432344975525
0.22000000000000008 1.2449742775128136 1.2080593591237454
0.2333333333333334 1.1456075808636867 1.094581189404928
0.2466666666666667 1.2235156142301815 1.1720614590424083
0.2600000000000001 1.3996970845728023 1.338008868622259
0.27333333333333343 1.4249662284723499 1.379500932785128
0.28666666666666674 1.2820138571613124 1.2341773734901995
0.30000000000000004 1.222865454024635 1.1665924415108928
0.31333333333333335 1.3567381505509952 1.295964005652509
0.32666666666666677 1.52438102220459 1.4579634655316585
0.3400000000000001 1.4812825029968215 1.435726589492356
0.3533333333333334 1.327508111994942 1.268882768652508
0.3666666666666668 1.3242034937204838 1.2633402787703474
0.3800000000000001 1.5062706954359295 1.4347717640109683
0.3933333333333334 1.637437079708439 1.5690766038843775
0.40666666666666673 1.5280351966687262 1.4764113733592592
0.42000000000000004 1.3886719311644231 1.319541198248774
0.43333333333333346 1.4519350936922373 1.3829881984486867
0.44666666666666677 1.665099912928256 1.5823703324471698
0.4600000000000001 1.7335630114813156 1.666078356940529
0.4733333333333335 1.5723035465089397 1.5101970961416644
0.4866666666666668 1.4721235034930071 1.396160659905708
0.5000000000000001 1.6060255341656768 1.5262337316385683
0.5133333333333334 1.8238506295544294 1.731740860547867
0.5266666666666667 1.811446349930398 1.7431652770558081
0.5400000000000001 1.6227481406271718 1.5450821950727138
0.5533333333333335 1.5834163340282732 1.4998194611970619
0.5666666666666668 1.7832529435255708 1.6886085085748546
0.5800000000000001 1.9724713813442964 1.8745503786391553
0.5933333333333334 1.874370739773256 1.8016389670215955
0.6066666666666668 1.6884613079622577 1.5966915051459072
0.6200000000000001 1.7264752982558076 1.6339724772347373
0.6333333333333334 1.976654441912191 1.8662570184072647
0.6466666666666668 2.1026566335546026 2.0026863194698863
0.6600000000000001 1.9296620512353324 1.8449994013544482
0.6733333333333335 1.7781068401930846 1.6740691213119343
0.6866666666666668 1.902781550483078 1.7961553280245177
0.7000000000000001 2.175784019136112 2.049970003352625
0.7133333333333335 2.2102217362480867 2.109497265295971
0.7266666666666668 1.9873507409155875 1.8854895351407657
0.7400000000000001 1.8992999557788306 1.7861225423456375
0.7533333333333334 2.110339533835245 1.9863940780633307
0.7666666666666667 2.368200786353242 2.2317505998962464
0.7800000000000001 2.2965266873568067 2.1922973270828754
0.7933333333333334 2.0586509795371217 1.9369252251186793
0.8066666666666668 2.0579950037099004 1.932921354326195
0.8200000000000002 2.342743967945468 2.1966152509501042
0.8333333333333335 2.5421353734881333 2.3985837106785888
0.8466666666666668 2.368451960218606 2.252662904161687
0.8600000000000001 2.1547057155034843 2.0155788128432306
0.8733333333333334 2.2576332155701717 2.1170129902287997
0.8866666666666668 2.5889355333501096 2.421885548584236
0.9000000000000001 2.6896193186265975 2.5447684219503843
0.9133333333333334 2.437111486154478 2.303150479309979
0.9266666666666667 2.285699234475751 2.133338706418899
0.9400000000000001 2.4979610058994766 2.3358719993285986
0.9533333333333335 2.8342844744867346 2.648396841716795
0.9666666666666668 2.8089431247985335 2.6600539951704087
0.9800000000000001 2.5159785485817583 2.3563061286646567
0.9933333333333334 2.460133231305546 2.2925402152013197
