-0.9933333333333334 0.4064820503519311 0.4058485209670069
-0.98 0.39745966855070874 0.3984108388805585
-0.9666666666666667 0.35600578422951235 0.3489380479030105
-0.9533333333333334 0.35282273498008415 0.3555401602535391
-0.94 0.40032650535307923 0.40019851597970896
-0.9266666666666667 0.4375028809200964 0.43970695894729794
-0.9133333333333333 0.4103218115712467 0.4099321765824427
-0.8999999999999999 0.371799827981095 0.36758429146315386
-0.8866666666666667 0.38625913512260796 0.3903788923555282
-0.8733333333333333 0.44294174673871833 0.4438828674580966
-0.86 0.4641005000380445 0.4689692347218225
-0.8466666666666667 0.4222167123489807 0.41930263537958523
-0.8333333333333333 0.3933700818724979 0.3944016678988008
-0.8200000000000001 0.4268498878590554 0.43119352136768613
-0.8066666666666666 0.48590982883696204 0.489118577173567
-0.7933333333333333 0.4857549968109915 0.4921632581335138
-0.78 0.43544018256149747 0.4309321047476011
-0.7666666666666666 0.4222614930974185 0.4285356997572212
-0.7533333333333333 0.47385739781059893 0.4785993975896289
-0.74 0.5265097790148362 0.5333402177152504
-0.7266666666666667 0.5031824425412151 0.5094626016094828
-0.7133333333333334 0.4524432927247961 0.45031389748735107
-0.7 0.4596044419873287 0.4699741554972182
-0.6866666666666666 0.5255464032358944 0.5327007016274043
-0.6733333333333333 0.5623959018634729 0.5742627806932575
-0.6599999999999999 0.5182254578514495 0.5225251396951296
-0.6466666666666666 0.4755888260792587 0.47913188324128986
-0.6333333333333333 0.5059053210295138 0.5170111361104481
-0.62 0.579214774176186 0.5880071284075032
-0.6066666666666667 0.5922552061360904 0.6060105405171575
-0.5933333333333333 0.5335123829989846 0.534054170237453
-0.58 0.5069782048338117 0.5170700126914921
-0.5666666666666667 0.560772942296653 0.5717400414903182
-0.5533333333333333 0.6315458407934703 0.6434266986083694
-0.54 0.6162385739129619 0.6296624142655599
-0.5266666666666666 0.5520450550679699 0.5515744688636874
-0.5133333333333333 0.5482905144728343 0.563191701066026
-0.49999999999999994 0.6226551064890122 0.6342408478939523
-0.48666666666666664 0.6792908323433683 0.6956482164259197
-0.47333333333333333 0.6360095047933627 0.6468341375581953
-0.45999999999999996 0.5768466409222172 0.580697072548384
-0.4466666666666666 0.6005645620636632 0.6172562803099697
-0.4333333333333333 0.6887360215648651 0.701469608826671
-0.42 0.7201124884561353 0.7390530264753437
-0.4066666666666666 0.6544351872130316 0.6592722460753693
-0.39333333333333326 0.6107104892104064 0.6212647866743466
-0.37999999999999995 0.6638912932649151 0.6795246333866416
-0.36666666666666664 0.7551709421868383 0.7700952602804674
-0.35333333333333333 0.7532910653911019 0.7728433689810832
-0.33999999999999997 0.675090671750239 0.6763705840487975
-0.3266666666666666 0.656003968452573 0.6740787679705449
-0.3133333333333333 0.7370619007019764 0.7530699916513971
-0.3 0.8177514514854016 0.837565612021838
-0.2866666666666666 0.7800227699677444 0.7973095971637479
-0.27333333333333326 0.7017710174591715 0.7047594341446543
-0.25999999999999995 0.7144402964197131 0.7362421541038724
-0.24666666666666665 0.8173169090524328 0.8343828467551304
-0.23333333333333328 0.8728992516321238 0.8977716272885123
-0.21999999999999992 0.8032294466338534 0.8156813883594838
-0.2066666666666666 0.7381203193505238 0.7499665605258456
-0.1933333333333333 0.7867490306387674 0.810531043935349
-0.17999999999999994 0.9004134112217832 0.9216996249936334
-0.16666666666666657 0.918675848019551 0.947510397710321
-0.15333333333333327 0.827020208066172 0.8340246062937922
-0.13999999999999996 0.7873670597336668 0.8096027658069216
-0.12666666666666665 0.8722497677145612 0.8961798167658102
-0.11333333333333329 0.9811956787713725 1.007844743488704
-0.09999999999999992 0.955426072376418 0.9838286175334188
-0.08666666666666661 0.85605402785599 0.861873403203789
-0.0733333333333333 0.8520730466738504 0.881566467549838
-0.05999999999999994 0.9684499743494225 0.9929752998854665
-0.04666666666666658 1.0546709526359224 1.0871321187343326
-0.03333333333333327 0.9858248894624293 1.0086254791201634
-0.019999999999999962 0.8950016271335975 0.9073014035072713
-0.006666666666666654 0.9337900545895983 0.9660861722177996
0.00666666666666671 1.0709045305044522 1.0982803928628526
0.02000000000000013 1.1173164044435069 1.154916924808857
0.03333333333333344 1.0143789335094784 1.0290666174479277
0.046666666666666745 0.9481630242121639 0.9726065948220841
0.06000000000000005 1.0325778579030611 1.0654425619173733
0.07333333333333336 1.173608300255004 1.2072111813096449
0.08666666666666678 1.1681505693098895 1.2087937093784704
0.10000000000000009 1.0466534553664761 1.057681917776614
0.1133333333333334 1.0191647004114146 1.0566868632873867
0.1266666666666667 1.1464606091213603 1.1815648694107024
0.14 1.2700556717958942 1.3128086131892087
0.15333333333333343 1.2091602965038868 1.2471843354058632
0.16666666666666674 1.0885232284660187 1.1040299670563178
0.18000000000000005 1.1106009612218983 1.1556309298836696
0.19333333333333347 1.271053361436104 1.3102787980792572
0.20666666666666678 1.3547926723923618 1.4071553491785997
0.22000000000000008 1.2449742775128136 1.276011897105583
0.2333333333333334 1.1456075808636867 1.175851603144965
0.2466666666666667 1.2235156142301815 1.2723639189310552
0.2600000000000001 1.3996970845728023 1.4465809169317865
0.27333333333333343 1.4249662284723499 1.4836554801048076
0.28666666666666674 1.2820138571613124 1.3047013896327253
0.30000000000000004 1.222865454024635 1.2695755306271623
0.31333333333333335 1.3567381505509952 1.4063888659989638
0.32666666666666677 1.52438102220459 1.5799331233562905
0.3400000000000001 1.4812825029968215 1.5384474537618287
0.3533333333333334 1.327508111994942 1.3486076406959175
0.3666666666666668 1.3242034937204838 1.382602008653373
0.3800000000000001 1.5062706954359295 1.5586424640401386
0.3933333333333334 1.637437079708439 1.704022378440646
0.40666666666666673 1.5280351966687262 1.5778193192012129
0.42000000000000004 1.3886719311644231 1.4223751965932458
0.43333333333333346 1.4519350936922373 1.5173898223122866
0.44666666666666677 1.665099912928256 1.7259611416005591
0.4600000000000001 1.7335630114813156 1.8117061304879674
0.4733333333333335 1.5723035465089397 1.612205371972402
0.4866666666666668 1.4721235034930071 1.527526287487194
0.5000000000000001 1.6060255341656768 1.674772456690856
0.5133333333333334 1.8238506295544294 1.8960118540752013
0.5266666666666667 1.811446349930398 1.8934024835999446
0.5400000000000001 1.6227481406271718 1.656241719012816
0.5533333333333335 1.5834163340282732 1.6587847661315402
0.5666666666666668 1.7832529435255708 1.8566830350896861
0.5800000000000001 1.9724713813442964 2.060902597697266
0.5933333333333334 1.874370739773256 1.9538844028380833
0.6066666666666668 1.6884613079622577 1.7322600028566462
0.6200000000000001 1.7264752982558076 1.816804152035026
0.6333333333333334 1.976654441912191 2.0609344718171485
0.6466666666666668 2.1026566335546026 2.2090804490821
0.6600000000000001 1.9296620512353324 1.9993362064673663
0.6733333333333335 1.7781068401930846 1.8466317720035428
0.6866666666666668 1.902781550483078 2.000744299211538
0.7000000000000001 2.175784019136112 2.2744377868876984
0.7133333333333335 2.2102217362480867 2.3277663695057393
0.7266666666666668 1.9873507409155875 2.0458704661022535
0.7400000000000001 1.8992999557788306 1.996480535919933
0.7533333333333334 2.110339533835245 2.2144259020416714
0.7666666666666667 2.368200786353242 2.486070502529353
0.7800000000000001 2.2965266873568067 2.4155030541258116
0.7933333333333334 2.0586509795371217 2.1190994602852835
0.8066666666666668 2.0579950037099004 2.177355631646474
0.8200000000000002 2.342743967945468 2.4561796662045934
0.8333333333333335 2.5421353734881333 2.680755280384523
0.8466666666666668 2.368451960218606 2.4765248579608894
0.8600000000000001 2.1547057155034843 2.236498042854402
0.8733333333333334 2.2576332155701717 2.3891191535065657
0.8866666666666668 2.5889355333501096 2.717517173558103
0.9000000000000001 2.6896193186265975 2.8463277718290523
0.9133333333333334 2.437111486154478 2.5296134145202096
0.9266666666666667 2.285699234475751 2.4032594444991497
0.9400000000000001 2.4979610058994766 2.638216954234923
0.9533333333333335 2.8342844744867346 2.9854604211038733
0.9666666666666668 2.8089431247985335 2.97441874971621
0.9800000000000001 2.5159785485817583 2.6015726001035997
0.9933333333333334 2.460133231305546 2.611604911751487
