-0.9933333333333334 0.4064820503519311 0.4038890010824444
-0.98 0.39745966855070874 0.40076411446535587
-0.9666666666666667 0.35600578422951235 0.3592603021662074
-0.9533333333333334 0.35282273498008415 0.35292991454115297
-0.94 0.40032650535307923 0.3971232057594358
-0.9266666666666667 0.4375028809200964 0.4335855682547978
-0.9133333333333333 0.4103218115712467 0.4131178116854841
-0.8999999999999999 0.371799827981095 0.3720369217612715
-0.8866666666666667 0.38625913512260796 0.38378980015650255
-0.8733333333333333 0.44294174673871833 0.4360560488103505
-0.86 0.4641005000380445 0.45970233966457735
-0.8466666666666667 0.4222167123489807 0.42327526200347537
-0.8333333333333333 0.3933700818724979 0.39056180221216097
-0.8200000000000001 0.4268498878590554 0.42102115380969274
-0.8066666666666666 0.48590982883696204 0.4754348185207771
-0.7933333333333333 0.4857549968109915 0.4813079445899727
-0.78 0.43544018256149747 0.43351447417195965
-0.7666666666666666 0.4222614930974185 0.4164265994210501
-0.7533333333333333 0.47385739781059893 0.4637948282453994
-0.74 0.5265097790148362 0.5133334572997635
-0.7266666666666667 0.5031824425412151 0.4983800161880775
-0.7133333333333334 0.4524432927247961 0.44648512044087024
-0.7 0.4596044419873287 0.44962632713455386
-0.6866666666666666 0.6255464032358944 0.5092606888357952
-0.6733333333333333 0.6623959018634729 0.5464078958494796
-0.6599999999999999 0.6182254578514494 0.5111421008573833
-0.6466666666666666 0.5755888260792587 0.4656861397038458
-0.6333333333333333 0.6059053210295138 0.49256918505591885
-0.62 0.679214774176186 0.5592077832958158
-0.6066666666666667 0.6922552061360904 0.5776195492944585
-0.5933333333333333 0.6335123829989846 0.5250215512222187
-0.58 0.6069782048338117 0.4944596516264546
-0.5666666666666667 0.660772942296653 0.5437665438800072
-0.5533333333333333 0.7315458407934703 0.6091333104884648
-0.54 0.7162385739129619 0.6036374064521361
-0.5266666666666666 0.6520450550679698 0.5412540548017488
-0.5133333333333333 0.6482905144728343 0.5332260539387754
-0.49999999999999994 0.6226551064890122 0.6010193679023492
-0.48666666666666664 0.6792908323433683 0.6559126405930418
-0.47333333333333333 0.6360095047933627 0.6244856603451145
-0.45999999999999996 0.5768466409222172 0.5632467715897229
-0.4466666666666666 0.6005645620636632 0.5825746622348555
-0.4333333333333333 0.6887360215648651 0.662155095367668
-0.42 0.7201124884561353 0.6970200576640159
-0.4066666666666666 0.6544351872130316 0.6412412569722238
-0.39333333333333326 0.6107104892104064 0.5932069381637889
-0.37999999999999995 0.6638912932649151 0.6414885489654233
-0.36666666666666664 0.7551709421868383 0.7248397469708648
-0.35333333333333333 0.7532910653911019 0.7333023969531902
-0.33999999999999997 0.675090671750239 0.6610914777262995
-0.3266666666666666 0.656003968452573 0.6379442163554425
-0.3133333333333333 0.7370619007019764 0.7141289867936397
-0.3 0.8177514514854016 0.7938137950612799
-0.2866666666666666 0.7800227699677444 0.7757959738615149
-0.27333333333333326 0.7017710174591715 0.7048232497612501
-0.25999999999999995 0.7144402964197131 0.7238885612790074
-0.24666666666666665 0.8173169090524328 0.8336279961166821
-0.23333333333333328 0.8728992516321238 0.9053593942849849
-0.21999999999999992 0.8032294466338534 0.8572332706936292
-0.2066666666666666 0.7381203193505238 0.7935328390435727
-0.1933333333333333 0.7867490306387674 0.8531923185838286
-0.17999999999999994 0.9004134112217832 0.9805597955235397
-0.16666666666666657 0.918675848019551 1.022259508367588
-0.15333333333333327 0.827020208066172 0.9389612526724395
-0.13999999999999996 0.7873670597336668 0.8945645424024112
-0.12666666666666665 0.8722497677145612 0.9891794069818227
-0.11333333333333329 0.9811956787713725 1.1079752178324873
-0.09999999999999992 0.955426072376418 1.0955569530881482
-0.08666666666666661 0.85605402785599 0.981460438122862
-0.0733333333333333 0.8520730466738504 0.9680117787789557
-0.05999999999999994 0.9684499743494225 1.0904749192101846
-0.04666666666666658 1.0546709526359224 1.1868516605046802
-0.03333333333333327 0.9858248894624293 1.1266977996134546
-0.019999999999999962 0.8950016271335975 1.0160231396915718
-0.006666666666666654 0.9337900545895983 1.052591050345796
0.00666666666666671 1.0709045305044522 1.1957694834960093
0.02000000000000013 1.1173164044435069 1.2556100498798184
0.03333333333333344 1.0143789335094784 1.1519195065133414
0.046666666666666745 0.9481630242121639 1.0625097843472004
0.06000000000000005 1.0325778579030611 1.1370548284816908
0.07333333333333336 1.173608300255004 1.2501531983478034
0.08666666666666678 1.1681505693098895 1.2109528442423745
0.10000000000000009 1.0466534553664761 1.0424341029061308
0.1133333333333334 1.0191647004114146 0.9864850665103276
0.1266666666666667 1.1464606091213603 1.094204978655921
0.14 1.2700556717958942 1.2051147098647261
0.15333333333333343 1.2091602965038868 1.1647277483249732
0.16666666666666674 1.0885232284660187 1.0444817420149295
0.18000000000000005 1.1106009612218983 1.0579911369909707
0.19333333333333347 1.271053361436104 1.20069072359143
0.20666666666666678 1.3547926723923618 1.2849616487942401
0.22000000000000008 1.2449742775128136 1.1983424381684813
0.2333333333333334 1.1456075808636867 1.0938728145024739
0.2466666666666667 1.2235156142301815 1.1612660695867338
0.2600000000000001 1.3996970845728023 1.3172520154279468
0.27333333333333343 1.4249662284723499 1.355340469107568
0.28666666666666674 1.2820138571613124 1.2292319447706013
0.30000000000000004 1.222865454024635 1.1614173925905091
0.31333333333333335 1.3567381505509952 1.280277301801046
0.32666666666666677 1.52438102220459 1.431127526187136
0.3400000000000001 1.4812825029968215 1.412881422905013
0.3533333333333334 1.327508111994942 1.2668960594714411
0.3666666666666668 1.3242034937204838 1.2538975578180098
0.3800000000000001 1.5062706954359295 1.414841903224806
0.3933333333333334 1.637437079708439 1.5384847422701018
0.40666666666666673 1.5280351966687262 1.4586048983712796
0.42000000000000004 1.3886719311644231 1.3169995871975138
0.43333333333333346 1.4519350936922373 1.368314944703852
0.44666666666666677 1.665099912928256 1.5557541708768603
0.4600000000000001 1.7335630114813156 1.6323538330101255
0.4733333333333335 1.5723035465089397 1.4981801240983006
0.4866666666666668 1.4721235034930071 1.3899656665674756
0.5000000000000001 1.6060255341656768 1.507161859008615
0.5133333333333334 1.8238506295544294 1.6991888520108334
0.5266666666666667 1.811446349930398 1.71074667281829
0.5400000000000001 1.6227481406271718 1.5386532883535076
0.5533333333333335 1.5834163340282732 1.4881820723172243
0.5666666666666668 1.7832529435255708 1.664013485420258
0.5800000000000001 1.9724713813442964 1.836045228451594
0.5933333333333334 1.874370739773256 1.7738856837563817
0.6066666666666668 1.6884613079622577 1.5924542976916856
0.6200000000000001 1.7264752982558076 1.6169268635223122
0.6333333333333334 1.976654441912191 1.8351172096376553
0.6466666666666668 2.1026566335546026 1.9598054918876473
0.6600000000000001 1.9296620512353324 1.8239835075400541
0.6733333333333335 1.7781068401930846 1.6662545547048004
0.6866666666666668 1.902781550483078 1.7721232779161475
0.7000000000000001 2.175784019136112 2.009591804690831
0.7133333333333335 2.2102217362480867 2.0642855390463115
0.7266666666666668 1.9873507409155875 1.8711328121513076
0.7400000000000001 1.8992999557788306 1.7718353025594198
0.7533333333333334 2.110339533835245 1.955897426382065
0.7666666666666667 2.368200786353242 2.183595867867353
0.7800000000000001 2.2965266873568067 2.1508159149971218
0.7933333333333334 2.0586509795371217 1.9274408133933063
0.8066666666666668 2.0579950037099004 1.9111474654573284
0.8200000000000002 2.342743967945468 2.1574673005026517
0.8333333333333335 2.5421353734881333 2.3423177630016205
0.8466666666666668 2.368451960218606 2.2169635100295446
0.8600000000000001 2.1547057155034843 2.003593575547878
0.8733333333333334 2.2576332155701717 2.0862569981733143
0.8866666666666668 2.5889355333501096 2.371802177593744
0.9000000000000001 2.6896193186265975 2.483804055458374
0.9133333333333334 2.437111486154478 2.276464178323436
0.9266666666666667 2.285699234475751 2.1151904180652528
0.9400000000000001 2.4979610058994766 2.2972370796698036
0.9533333333333335 2.8342844744867346 2.587863777112597
0.9666666666666668 2.8089431247985335 2.600247330629868
0.9800000000000001 2.5159785485817583 2.337134493122481
0.9933333333333334 2.460133231305546 2.264843086230425
