-0.9933333333333334 0.4064820503519311 0.40655254221256776
-0.98 0.39745966855070874 0.40272944692247725
-0.9666666666666667 0.35600578422951235 0.35586512456533254
-0.9533333333333334 0.35282273498008415 0.35156347299324553
-0.94 0.40032650535307923 0.3982671903968569
-0.9266666666666667 0.4375028809200964 0.4374248436610114
-0.9133333333333333 0.4103218115712467 0.4139284752435037
-0.8999999999999999 0.371799827981095 0.3686631774525548
-0.8866666666666667 0.38625913512260796 0.3835939677891807
-0.8733333333333333 0.44294174673871833 0.4386193317200993
-0.86 0.4641005000380445 0.4642600795511209
-0.8466666666666667 0.4222167123489807 0.4224877827080217
-0.8333333333333333 0.3933700818724979 0.3881526325282847
-0.8200000000000001 0.4268498878590554 0.4219990648478144
-0.8066666666666666 0.48590982883696204 0.4796603538674222
-0.7933333333333333 0.4857549968109915 0.48582416053924266
-0.78 0.43544018256149747 0.4312952456811256
-0.7666666666666666 0.4222614930974185 0.4154459690200773
-0.7533333333333333 0.47385739781059893 0.4659673920165136
-0.74 0.5265097790148362 0.5188784333078749
-0.7266666666666667 0.5031824425412151 0.5013516199889014
-0.7133333333333334 0.4524432927247961 0.4431553036521442
-0.7 0.4596044419873287 0.44990513892761697
-0.6866666666666666 0.6255464032358944 0.513222247830043
-0.6733333333333333 0.6623959018634729 0.5538566514489494
-0.6599999999999999 0.6182254578514494 0.5133152772257057
-0.6466666666666666 0.5755888260792587 0.4638364053868324
-0.6333333333333333 0.6059053210295138 0.49474170341128887
-0.62 0.679214774176186 0.5651969087585024
-0.6066666666666667 0.6922552061360904 0.5851828017952185
-0.5933333333333333 0.6335123829989846 0.5248349499673628
-0.58 0.6069782048338117 0.49405349559670986
-0.5666666666666667 0.660772942296653 0.5473796295486347
-0.5533333333333333 0.7315458407934703 0.6169727230668447
-0.54 0.7162385739129619 0.6100671962587672
-0.5266666666666666 0.6520450550679698 0.5391901686695154
-0.5133333333333333 0.6482905144728343 0.5343095237649631
-0.49999999999999994 0.6226551064890122 0.6062125795556184
-0.48666666666666664 0.6792908323433683 0.6652845229067594
-0.47333333333333333 0.6360095047933627 0.6286905159762816
-0.45999999999999996 0.5768466409222172 0.5607269475476747
-0.4466666666666666 0.6005645620636632 0.5849697467136219
-0.4333333333333333 0.6887360215648651 0.6692041484015261
-0.42 0.7201124884561353 0.7073816999648317
-0.4066666666666666 0.6544351872130316 0.6433080814451452
-0.39333333333333326 0.6107104892104064 0.5927113506257895
-0.37999999999999995 0.6638912932649151 0.6460078557485005
-0.36666666666666664 0.7551709421868383 0.7342611304348785
-0.35333333333333333 0.7532910653911019 0.742592521208793
-0.33999999999999997 0.675090671750239 0.65948404008544
-0.3266666666666666 0.656003968452573 0.6381015171167773
-0.3133333333333333 0.7370619007019764 0.7191478351525931
-0.3 0.8177514514854016 0.8042467225280763
-0.2866666666666666 0.7800227699677444 0.7824057107787573
-0.27333333333333326 0.7017710174591715 0.7014430068858368
-0.25999999999999995 0.7144402964197131 0.7249390575605607
-0.24666666666666665 0.8173169090524328 0.8393190319272208
-0.23333333333333328 0.8728992516321238 0.9156791708503539
-0.21999999999999992 0.8032294466338534 0.8583912910134424
-0.2066666666666666 0.7381203193505238 0.7879475278722274
-0.1933333333333333 0.7867490306387674 0.8538594710347276
-0.17999999999999994 0.9004134112217832 0.9876350159624847
-0.16666666666666657 0.918675848019551 1.032498106307162
-0.15333333333333327 0.827020208066172 0.936532045725857
-0.13999999999999996 0.7873670597336668 0.8927864159545817
-0.12666666666666665 0.8722497677145612 0.9963020981870793
-0.11333333333333329 0.9811956787713725 1.1246893012979304
-0.09999999999999992 0.955426072376418 1.110080024116481
-0.08666666666666661 0.85605402785599 0.9804895052756744
-0.0733333333333333 0.8520730466738504 0.9731301331377182
-0.05999999999999994 0.9684499743494225 1.1037898370815595
-0.04666666666666658 1.0546709526359224 1.2084943882149712
-0.03333333333333327 0.9858248894624293 1.1389598409688095
-0.019999999999999962 0.8950016271335975 1.016359146978722
-0.006666666666666654 0.9337900545895983 1.0622144968402307
0.00666666666666671 1.0709045305044522 1.2145465379507183
0.02000000000000013 1.1173164044435069 1.2803268014555222
0.03333333333333344 1.0143789335094784 1.1608952069733902
0.046666666666666745 0.9481630242121639 1.0683616262889661
0.06000000000000005 1.0325778579030611 1.1584083560914562
0.07333333333333336 1.173608300255004 1.2976102521177855
0.08666666666666678 1.1681505693098895 1.2679104914248802
0.10000000000000009 1.0466534553664761 1.0682302905690586
0.1133333333333334 1.0191647004114146 0.9996881592933209
0.1266666666666667 1.1464606091213603 1.1098061150752985
0.14 1.2700556717958942 1.2269855972865638
0.15333333333333343 1.2091602965038868 1.179609771656568
0.16666666666666674 1.0885232284660187 1.0442114324774943
0.18000000000000005 1.1106009612218983 1.065893268677184
0.19333333333333347 1.271053361436104 1.217180427878013
0.20666666666666678 1.3547926723923618 1.3087851475554824
0.22000000000000008 1.2449742775128136 1.2081629560310403
0.2333333333333334 1.1456075808636867 1.0946529997810155
0.2466666666666667 1.2235156142301815 1.1721139664207585
0.2600000000000001 1.3996970845728023 1.3380459686380064
0.27333333333333343 1.4249662284723499 1.3795199151465662
0.28666666666666674 1.2820138571613124 1.234180868196129
0.30000000000000004 1.222865454024635 1.1665900475371005
0.31333333333333335 1.3567381505509952 1.2959598499402982
0.32666666666666677 1.52438102220459 1.4579591752332122
0.3400000000000001 1.4812825029968215 1.4357234088054949
0.3533333333333334 1.327508111994942 1.2688810896749214
0.3666666666666668 1.3242034937204838 1.2633394338339659
0.3800000000000001 1.5062706954359295 1.4347713609140123
0.3933333333333334 1.637437079708439 1.5690764771295425
0.40666666666666673 1.5280351966687262 1.4764113823949454
0.42000000000000004 1.3886719311644231 1.3195412189685303
0.43333333333333346 1.4519350936922373 1.3829881999381206
0.44666666666666677 1.665099912928256 1.5823703149642443
0.4600000000000001 1.7335630114813156 1.666078328746026
0.4733333333333335 1.5723035465089397 1.5101970699901293
0.4866666666666668 1.4721235034930071 1.396160642812715
0.5000000000000001 1.6060255341656768 1.52623372144024
0.5133333333333334 1.8238506295544294 1.7317408559631309
0.5266666666666667 1.811446349930398 1.7431652767710903
0.5400000000000001 1.6227481406271718 1.5450821962910213
0.5533333333333335 1.5834163340282732 1.4998194620441074
0.5666666666666668 1.7832529435255708 1.6886085088105967
0.5800000000000001 1.9724713813442964 1.8745503783522193
0.5933333333333334 1.874370739773256 1.8016389664941224
0.6066666666666668 1.6884613079622577 1.596691504693914
0.6200000000000001 1.7264752982558076 1.6339724769284558
0.6333333333333334 1.976654441912191 1.8662570182281533
0.6466666666666668 2.1026566335546026 2.0026863194070925
0.6600000000000001 1.9296620512353324 1.8449994013646542
0.6733333333333335 1.7781068401930846 1.674069121333289
0.6866666666666668 1.902781550483078 1.7961553280365061
0.7000000000000001 2.175784019136112 2.0499700033531507
0.7133333333333335 2.2102217362480867 2.1094972652885646
0.7266666666666668 1.9873507409155875 1.8854895351317607
0.7400000000000001 1.8992999557788306 1.78612254233853
0.7533333333333334 2.110339533835245 1.9863940780580314
0.7666666666666667 2.368200786353242 2.231750599892771
0.7800000000000001 2.2965266873568067 2.1922973270812918
0.7933333333333334 2.0586509795371217 1.9369252251182814
0.8066666666666668 2.0579950037099004 1.9329213543261534
0.8200000000000002 2.342743967945468 2.1966152509501238
0.8333333333333335 2.5421353734881333 2.398583710678554
0.8466666666666668 2.368451960218606 2.252662904161597
0.8600000000000001 2.1547057155034843 2.0155788128431276
0.8733333333333334 2.2576332155701717 2.117012990228696
0.8866666666666668 2.5889355333501096 2.421885548584137
0.9000000000000001 2.6896193186265975 2.5447684219503066
0.9133333333333334 2.437111486154478 2.3031504793099336
0.9266666666666667 2.285699234475751 2.1333387064188747
0.9400000000000001 2.4979610058994766 2.335871999328583
0.9533333333333335 2.8342844744867346 2.648396841716785
0.9666666666666668 2.8089431247985335 2.6600539951704025
0.9800000000000001 2.5159785485817583 2.356306128664653
0.9933333333333334 2.460133231305546 2.292540215201317
