-0.9933333333333334 0.4064820503519311 0.4038890010824444
-0.98 0.39745966855070874 0.40076411446535587
-0.9666666666666667 0.35600578422951235 0.35926030216620763
-0.9533333333333334 0.35282273498008415 0.35292991454115274
-0.94 0.40032650535307923 0.397123205759436
-0.9266666666666667 0.4375028809200964 0.433585568254798
-0.9133333333333333 0.4103218115712467 0.41311781168548306
-0.8999999999999999 0.371799827981095 0.37203692176127295
-0.8866666666666667 0.38625913512260796 0.38378980015649977
-0.8733333333333333 0.44294174673871833 0.43605604881035087
-0.86 0.4641005000380445 0.45970233966457996
-0.8466666666666667 0.4222167123489807 0.4232752620034732
-0.8333333333333333 0.3933700818724979 0.39056180221217435
-0.8200000000000001 0.4268498878590554 0.42102115380965477
-0.8066666666666666 0.48590982883696204 0.47543481852082975
-0.7933333333333333 0.4857549968109915 0.48130794458993664
-0.78 0.43544018256149747 0.433514474171834
-0.7666666666666666 0.4222614930974185 0.41642659942257765
-0.7533333333333333 0.47385739781059893 0.4637948282413352
-0.74 0.5265097790148362 0.5133334572909556
-0.7266666666666667 0.5031824425412151 0.49838001624414496
-0.7133333333333334 0.4524432927247961 0.44648511941121016
-0.7 0.4596044419873287 0.4496263278562621
-0.6866666666666666 0.5255464032358944 0.5092606933055714
-0.6733333333333333 0.5623959018634729 0.546407882221513
-0.6599999999999999 0.5182254578514495 0.5111420982533794
-0.6466666666666666 0.4755888260792587 0.46568617508966836
-0.6333333333333333 0.5059053210295138 0.4925691024814824
-0.62 0.579214774176186 0.5592078199260703
-0.6066666666666667 0.5922552061360904 0.5776195592636587
-0.5933333333333333 0.5335123829989846 0.5250214535469631
-0.58 0.5069782048338117 0.4944600314737285
-0.5666666666666667 0.560772942296653 0.5437667230338976
-0.5533333333333333 0.6315458407934703 0.6091333536236748
-0.54 0.6162385739129619 0.6036367237887392
-0.5266666666666666 0.5520450550679699 0.5412533945022224
-0.5133333333333333 0.5482905144728343 0.5332297251672377
-0.49999999999999994 0.6226551064890122 0.6010299483248238
-0.48666666666666664 0.6792908323433683 0.6559218950727721
-0.47333333333333333 0.6360095047933627 0.6244922254168801
-0.45999999999999996 0.5768466409222172 0.5632365874315566
-0.4466666666666666 0.6005645620636632 0.582570339074936
-0.4333333333333333 0.6887360215648651 0.662172184399473
-0.42 0.7201124884561353 0.6970928461399444
-0.4066666666666666 0.6544351872130316 0.6414410402596713
-0.39333333333333326 0.6107104892104064 0.5935109598071187
-0.37999999999999995 0.6638912932649151 0.6417107375383424
-0.36666666666666664 0.7551709421868383 0.7247501652918817
-0.35333333333333333 0.7532910653911019 0.7326537567761275
-0.33999999999999997 0.675090671750239 0.6597097270915081
-0.3266666666666666 0.656003968452573 0.6353098396693931
-0.3133333333333333 0.7370619007019764 0.7088994429977087
-0.3 0.8177514514854016 0.7843616983186529
-0.2866666666666666 0.7800227699677444 0.7608791009057622
-0.27333333333333326 0.7017710174591715 0.6827879411948532
-0.25999999999999995 0.7144402964197131 0.6901909477057167
-0.24666666666666665 0.8173169090524328 0.7828530453524566
-0.23333333333333328 0.8728992516321238 0.8390549884183246
-0.21999999999999992 0.8032294466338534 0.783747737207491
-0.2066666666666666 0.7381203193505238 0.7148088330045803
-0.1933333333333333 0.7867490306387674 0.7576577737960883
-0.17999999999999994 0.9004134112217832 0.8599689656138927
-0.16666666666666657 0.918675848019551 0.8866477772349031
-0.15333333333333327 0.827020208066172 0.8049707360443361
-0.13999999999999996 0.7873670597336668 0.7591068430567944
-0.12666666666666665 0.8722497677145612 0.835628847352609
-0.11333333333333329 0.9811956787713725 0.9351295321713924
-0.09999999999999992 0.955426072376418 0.9251139644188153
-0.08666666666666661 0.85605402785599 0.8297305255357059
-0.0733333333333333 0.8520730466738504 0.8193262639849034
-0.05999999999999994 0.9684499743494225 0.9237528454111742
-0.04666666666666658 1.0546709526359224 1.005950537568994
-0.03333333333333327 0.9858248894624293 0.9554473566187381
-0.019999999999999962 0.8950016271335975 0.8622578624175885
-0.006666666666666654 0.9337900545895983 0.8942870518732668
0.00666666666666671 1.0709045305044522 1.01710036685175
0.02000000000000013 1.1173164044435069 1.069236185094043
0.03333333333333344 1.0143789335094784 0.9825716229946171
0.046666666666666745 0.9481630242121639 0.9099414159339085
0.06000000000000005 1.0325778579030611 0.9848463963363386
0.07333333333333336 1.173608300255004 1.1111982377680218
0.08666666666666678 1.1681505693098895 1.121236247234891
0.10000000000000009 1.0466534553664761 1.0094481186730504
0.1133333333333334 1.0191647004114146 0.9746118995672494
0.1266666666666667 1.1464606091213603 1.0886771883836017
0.14 1.2700556717958942 1.2026032315380433
0.15333333333333343 1.2091602965038868 1.1637781366999416
0.16666666666666674 1.0885232284660187 1.04412542503555
0.18000000000000005 1.1106009612218983 1.0577807507267964
0.19333333333333347 1.271053361436104 1.2005036154395454
0.20666666666666678 1.3547926723923618 1.2848138768591366
0.22000000000000008 1.2449742775128136 1.1982589947284907
0.2333333333333334 1.1456075808636867 1.093841284499558
0.2466666666666667 1.2235156142301815 1.1612528343602184
0.2600000000000001 1.3996970845728023 1.3172432290350051
0.27333333333333343 1.4249662284723499 1.3553328563500393
0.28666666666666674 1.2820138571613124 1.2292255525976323
0.30000000000000004 1.222865454024635 1.1614126520879733
0.31333333333333335 1.3567381505509952 1.2802746395928666
0.32666666666666677 1.52438102220459 1.4311270269640672
0.3400000000000001 1.4812825029968215 1.4128825798075013
0.3533333333333334 1.327508111994942 1.266897848468212
0.3666666666666668 1.3242034937204838 1.2538989794689472
0.3800000000000001 1.5062706954359295 1.4148427441680582
0.3933333333333334 1.637437079708439 1.5384850357982043
0.40666666666666673 1.5280351966687262 1.458604798266271
0.42000000000000004 1.3886719311644231 1.3169993806530027
0.43333333333333346 1.4519350936922373 1.368314817385634
0.44666666666666677 1.665099912928256 1.5557541537741013
0.4600000000000001 1.7335630114813156 1.6323538977699845
0.4733333333333335 1.5723035465089397 1.4981802224799567
0.4866666666666668 1.4721235034930071 1.3899657522040507
0.5000000000000001 1.6060255341656768 1.507161918797611
0.5133333333333334 1.8238506295544294 1.6991888861404518
0.5266666666666667 1.811446349930398 1.7107466826347428
0.5400000000000001 1.6227481406271718 1.5386532836499047
0.5533333333333335 1.5834163340282732 1.4881820652779658
0.5666666666666668 1.7832529435255708 1.664013480645743
0.5800000000000001 1.9724713813442964 1.8360452265591114
0.5933333333333334 1.874370739773256 1.7738856842165096
0.6066666666666668 1.6884613079622577 1.5924542991753037
0.6200000000000001 1.7264752982558076 1.6169268648750081
0.6333333333333334 1.976654441912191 1.8351172105762612
0.6466666666666668 2.1026566335546026 1.959805492363028
0.6600000000000001 1.9296620512353324 1.8239835076395923
0.6733333333333335 1.7781068401930846 1.6662545546603056
0.6866666666666668 1.902781550483078 1.7721232778780467
0.7000000000000001 2.175784019136112 2.0095918046953885
0.7133333333333335 2.2102217362480867 2.0642855390768533
0.7266666666666668 1.9873507409155875 1.8711328121837962
0.7400000000000001 1.8992999557788306 1.7718353025819862
0.7533333333333334 2.110339533835245 1.9558974263959348
0.7666666666666667 2.368200786353242 2.1835958678749092
0.7800000000000001 2.2965266873568067 2.1508159149999697
0.7933333333333334 2.0586509795371217 1.9274408133938457
0.8066666666666668 2.0579950037099004 1.9111474654574199
0.8200000000000002 2.342743967945468 2.1574673005027485
0.8333333333333335 2.5421353734881333 2.3423177630018013
0.8466666666666668 2.368451960218606 2.216963510029747
0.8600000000000001 2.1547057155034843 2.003593575548046
0.8733333333333334 2.2576332155701717 2.0862569981734604
0.8866666666666668 2.5889355333501096 2.371802177593887
0.9000000000000001 2.6896193186265975 2.4838040554585037
0.9133333333333334 2.437111486154478 2.2764641783235335
0.9266666666666667 2.285699234475751 2.1151904180653203
0.9400000000000001 2.4979610058994766 2.2972370796698525
0.9533333333333335 2.8342844744867346 2.5878637771126316
0.9666666666666668 2.8089431247985335 2.600247330629886
0.9800000000000001 2.5159785485817583 2.3371344931224853
0.9933333333333334 2.460133231305546 2.264843086230422
