-0.9933333333333334 0.4064820503519311 0.4058485209670091
-0.98 0.39745966855070874 0.3984108388805602
-0.9666666666666667 0.35600578422951235 0.34893804790299937
-0.9533333333333334 0.35282273498008415 0.355540160253546
-0.94 0.40032650535307923 0.40019851597971434
-0.9266666666666667 0.4375028809200964 0.4397069589472448
-0.9133333333333333 0.4103218115712467 0.409932176582441
-0.8999999999999999 0.371799827981095 0.36758429146321275
-0.8866666666666667 0.38625913512260796 0.390378892355327
-0.8733333333333333 0.44294174673871833 0.44388286745841177
-0.86 0.4641005000380445 0.46896923472201757
-0.8466666666666667 0.4222167123489807 0.4193026353794721
-0.8333333333333333 0.3933700818724979 0.39440166789839515
-0.8200000000000001 0.4268498878590554 0.4311935213675133
-0.8066666666666666 0.48590982883696204 0.48911857717402507
-0.7933333333333333 0.4857549968109915 0.4921632581343207
-0.78 0.43544018256149747 0.4309321047489204
-0.7666666666666666 0.4222614930974185 0.428535699756037
-0.7533333333333333 0.47385739781059893 0.47859939753295233
-0.74 0.5265097790148362 0.5333402175465198
-0.7266666666666667 0.5031824425412151 0.5094626030451148
-0.7133333333333334 0.4524432927247961 0.4503138935658015
-0.7 0.4596044419873287 0.46997415855451197
-0.6866666666666666 0.6255464032358944 0.5327007132158474
-0.6733333333333333 0.6623959018634729 0.5742627670940248
-0.6599999999999999 0.6182254578514494 0.522525153900302
-0.6466666666666666 0.5755888260792587 0.47913189777378057
-0.6333333333333333 0.6059053210295138 0.5170110907668075
-0.62 0.679214774176186 0.5880071107947722
-0.6066666666666667 0.6922552061360904 0.6060105745766607
-0.5933333333333333 0.6335123829989846 0.5340543253505143
-0.58 0.6069782048338117 0.5170703179348364
-0.5666666666666667 0.660772942296653 0.5717399606669075
-0.5533333333333333 0.7315458407934703 0.6434266735979223
-0.54 0.7162385739129619 0.6296623002701437
-0.5266666666666666 0.6520450550679698 0.5515743706689805
-0.5133333333333333 0.6482905144728343 0.5631925833460235
-0.49999999999999994 0.6226551064890122 0.6342439011265664
-0.48666666666666664 0.6792908323433683 0.6956568647186502
-0.47333333333333333 0.6360095047933627 0.6468400922445535
-0.45999999999999996 0.5768466409222172 0.58068163105177
-0.4466666666666666 0.6005645620636632 0.6172279276145513
-0.4333333333333333 0.6887360215648651 0.7014692549088501
-0.42 0.7201124884561353 0.73916203536769
-0.4066666666666666 0.6544351872130316 0.6594477282695552
-0.39333333333333326 0.6107104892104064 0.6213833275009497
-0.37999999999999995 0.6638912932649151 0.6794764769957371
-0.36666666666666664 0.7551709421868383 0.7697874758102592
-0.35333333333333333 0.7532910653911019 0.772377375017943
-0.33999999999999997 0.675090671750239 0.6760746352925162
-0.3266666666666666 0.656003968452573 0.6743894024340942
-0.3133333333333333 0.7370619007019764 0.7550551426504525
-0.3 0.8177514514854016 0.8427436282524885
-0.2866666666666666 0.7800227699677444 0.8071145087299696
-0.27333333333333326 0.7017710174591715 0.7196565772791841
-0.25999999999999995 0.7144402964197131 0.7595606063407842
-0.24666666666666665 0.8173169090524328 0.8715220472074565
-0.23333333333333328 0.8728992516321238 0.9488673407919617
-0.21999999999999992 0.8032294466338534 0.8734158348304153
-0.2066666666666666 0.7381203193505238 0.8132378177790519
-0.1933333333333333 0.7867490306387674 0.8915068995661581
-0.17999999999999994 0.9004134112217832 1.0279488326015231
-0.16666666666666657 0.918675848019551 1.0707255046044253
-0.15333333333333327 0.827020208066172 0.9556111955379814
-0.13999999999999996 0.7873670597336668 0.939509561907937
-0.12666666666666665 0.8722497677145612 1.0537980706464678
-0.11333333333333329 0.9811956787713725 1.1969382683452485
-0.09999999999999992 0.955426072376418 1.1763161900067076
-0.08666666666666661 0.85605402785599 1.0327792093653079
-0.0733333333333333 0.8520730466738504 1.0573146440076258
-0.05999999999999994 0.9684499743494225 1.1900131014348143
-0.04666666666666658 1.0546709526359224 1.3003354277383676
-0.03333333333333327 0.9858248894624293 1.2036250210862522
-0.019999999999999962 0.8950016271335975 1.0808635731011251
-0.006666666666666654 0.9337900545895983 1.1494360512749902
0.00666666666666671 1.0709045305044522 1.3059391588223659
0.02000000000000013 1.1173164044435069 1.373110277998065
0.03333333333333344 1.0143789335094784 1.223286327008501
0.046666666666666745 0.9481630242121639 1.1556051556892486
0.06000000000000005 1.0325778579030611 1.2644805853704186
0.07333333333333336 1.173608300255004 1.4296971278473611
0.08666666666666678 1.1681505693098895 1.4256722026528041
0.10000000000000009 1.0466534553664761 1.2304559801423314
0.1133333333333334 1.0191647004114146 1.188534486315565
0.1266666666666667 1.1464606091213603 1.2539534628231133
0.14 1.2700556717958942 1.3322893703173704
0.15333333333333343 1.2091602965038868 1.2547095140771656
0.16666666666666674 1.0885232284660187 1.1066396750575689
0.18000000000000005 1.1106009612218983 1.156088959496476
0.19333333333333347 1.271053361436104 1.3104724994572408
0.20666666666666678 1.3547926723923618 1.4072595329102422
0.22000000000000008 1.2449742775128136 1.2759904683430616
0.2333333333333334 1.1456075808636867 1.175805436969847
0.2466666666666667 1.2235156142301815 1.2723351465790067
0.2600000000000001 1.3996970845728023 1.4465927856758989
0.27333333333333343 1.4249662284723499 1.4836899823928418
0.28666666666666674 1.2820138571613124 1.3047229509218388
0.30000000000000004 1.222865454024635 1.2695829024165366
0.31333333333333335 1.3567381505509952 1.4063812062354668
0.32666666666666677 1.52438102220459 1.5799162387640704
0.3400000000000001 1.4812825029968215 1.5384340885209515
0.3533333333333334 1.327508111994942 1.3486029808622637
0.3666666666666668 1.3242034937204838 1.3826030198818169
0.3800000000000001 1.5062706954359295 1.5586487646519684
0.3933333333333334 1.637437079708439 1.704030136171275
0.40666666666666673 1.5280351966687262 1.577824399282977
0.42000000000000004 1.3886719311644231 1.422377672578922
0.43333333333333346 1.4519350936922373 1.5173906978150176
0.44666666666666677 1.665099912928256 1.7259607316998062
0.4600000000000001 1.7335630114813156 1.8117052794078365
0.4733333333333335 1.5723035465089397 1.6122048006609717
0.4866666666666668 1.4721235034930071 1.5275259467963398
0.5000000000000001 1.6060255341656768 1.6747723296980992
0.5133333333333334 1.8238506295544294 1.8960118820641034
0.5266666666666667 1.811446349930398 1.8934025700556945
0.5400000000000001 1.6227481406271718 1.6562417810772139
0.5533333333333335 1.5834163340282732 1.658784807710247
0.5666666666666668 1.7832529435255708 1.8566830506913066
0.5800000000000001 1.9724713813442964 2.0609025971132593
0.5933333333333334 1.874370739773256 1.953884396989904
0.6066666666666668 1.6884613079622577 1.7322599976573283
0.6200000000000001 1.7264752982558076 1.816804147599214
0.6333333333333334 1.976654441912191 2.0609344694811442
0.6466666666666668 2.1026566335546026 2.2090804488707807
0.6600000000000001 1.9296620512353324 1.9993362073175616
0.6733333333333335 1.7781068401930846 1.8466317731194357
0.6866666666666668 1.902781550483078 2.000744300561301
0.7000000000000001 2.175784019136112 2.2744377882211446
0.7133333333333335 2.2102217362480867 2.3277663705287885
0.7266666666666668 1.9873507409155875 2.045870466670844
0.7400000000000001 1.8992999557788306 1.996480536215069
0.7533333333333334 2.110339533835245 2.2144259020942867
0.7666666666666667 2.368200786353242 2.486070502419833
0.7800000000000001 2.2965266873568067 2.4155030539652724
0.7933333333333334 2.0586509795371217 2.119099460162615
0.8066666666666668 2.0579950037099004 2.1773556315593825
0.8200000000000002 2.342743967945468 2.4561796661706103
0.8333333333333335 2.5421353734881333 2.6807552804030887
0.8466666666666668 2.368451960218606 2.476524858008142
0.8600000000000001 2.1547057155034843 2.236498042903241
0.8733333333333334 2.2576332155701717 2.389119153555087
0.8866666666666668 2.5889355333501096 2.7175171735970647
0.9000000000000001 2.6896193186265975 2.8463277718496762
0.9133333333333334 2.437111486154478 2.5296134145235807
0.9266666666666667 2.285699234475751 2.4032594444947066
0.9400000000000001 2.4979610058994766 2.6382169542244993
0.9533333333333335 2.8342844744867346 2.9854604210920326
0.9666666666666668 2.8089431247985335 2.974418749707457
0.9800000000000001 2.5159785485817583 2.6015726000990878
0.9933333333333334 2.460133231305546 2.6116049117493763
