-0.9933333333333334 0.4064820503519311 0.44010030300066705
-0.98 0.39745966855070874 0.4041083515791585
-0.9666666666666667 0.35600578422951235 0.36398372385935407
-0.9533333333333334 0.35282273498008415 0.3617692858885789
-0.94 0.40032650535307923 0.4221757519727502
-0.9266666666666667 0.4375028809200964 0.4523501123559168
-0.9133333333333333 0.4103218115712467 0.41576498271562035
-0.8999999999999999 0.371799827981095 0.38819772624262083
-0.8866666666666667 0.38625913512260796 0.40291682769246673
-0.8733333333333333 0.44294174673871833 0.47091935969513055
-0.86 0.4641005000380445 0.48418247654352187
-0.8466666666666667 0.4222167123489807 0.4338808779413216
-0.8333333333333333 0.3933700818724979 0.414158945947651
-0.8200000000000001 0.4268498878590554 0.44517117995749017
-0.8066666666666666 0.48590982883696204 0.5391121093545459
-0.7933333333333333 0.4857549968109915 0.5115171087164959
-0.78 0.43544018256149747 0.4565750198658743
-0.7666666666666666 0.4222614930974185 0.4468479830859719
-0.7533333333333333 0.47385739781059893 0.496277352847335
-0.74 0.5265097790148362 0.5709833965450704
-0.7266666666666667 0.5031824425412151 0.5148802427256773
-0.7133333333333334 0.4524432927247961 0.4673444572413169
-0.7 0.4596044419873287 0.4734773383533615
-0.6866666666666666 0.5255464032358944 0.5561608220417615
-0.6733333333333333 0.5623959018634729 0.5841836219574998
-0.6599999999999999 0.5182254578514495 0.5296667097327488
-0.6466666666666666 0.4755888260792587 0.5003203712416393
-0.6333333333333333 0.5059053210295138 0.5295910898468389
-0.62 0.579214774176186 0.6276311167519857
-0.6066666666666667 0.5922552061360904 0.6218104529337642
-0.5933333333333333 0.5335123829989846 0.5532540774761328
-0.58 0.5069782048338117 0.534688179708467
-0.5666666666666667 0.560772942296653 0.5805022325937874
-0.5533333333333333 0.6315458407934703 0.6996672427244515
-0.54 0.6162385739129619 0.6421159284852376
-0.5266666666666666 0.5520450550679699 0.580328135093403
-0.5133333333333333 0.5482905144728343 0.5791852927356426
-0.49999999999999994 0.6226551064890122 0.676126260843027
-0.48666666666666664 0.6792908323433683 0.7193233413141817
-0.47333333333333333 0.6360095047933627 0.6569965439187276
-0.45999999999999996 0.5768466409222172 0.6096970037438609
-0.4466666666666666 0.6005645620636632 0.6310212889982874
-0.4333333333333333 0.6887360215648651 0.7363170128539283
-0.42 0.7201124884561353 0.7555244876117473
-0.4066666666666666 0.6544351872130316 0.6771815976494256
-0.39333333333333326 0.6107104892104064 0.6478741379262911
-0.37999999999999995 0.6638912932649151 0.6975061002549935
-0.36666666666666664 0.7551709421868383 0.8459057709344547
-0.35333333333333333 0.7532910653911019 0.7979137471986469
-0.33999999999999997 0.675090671750239 0.7122777516295896
-0.3266666666666666 0.656003968452573 0.6996262520291621
-0.3133333333333333 0.7370619007019764 0.779763199963805
-0.3 0.8177514514854016 0.906930154862557
-0.2866666666666666 0.7800227699677444 0.8192451575646447
-0.27333333333333326 0.7017710174591715 0.748414811359531
-0.25999999999999995 0.7144402964197131 0.7625254743324112
-0.24666666666666665 0.8173169090524328 0.8957024990920825
-0.23333333333333328 0.8728992516321238 0.938263257154524
-0.21999999999999992 0.8032294466338534 0.8480265615193936
-0.2066666666666666 0.7381203193505238 0.7988502901110774
-0.1933333333333333 0.7867490306387674 0.843988979313661
-0.17999999999999994 0.9004134112217832 0.9969895130865589
-0.16666666666666657 0.918675848019551 0.9765322511760666
-0.15333333333333327 0.827020208066172 0.8702734868772236
-0.13999999999999996 0.7873670597336668 0.8474993320139776
-0.12666666666666665 0.8722497677145612 0.9279164746136794
-0.11333333333333329 0.9811956787713725 1.1206525937303273
-0.09999999999999992 0.955426072376418 1.0239056998785836
-0.08666666666666661 0.85605402785599 0.9212600677447581
-0.0733333333333333 0.8520730466738504 0.9153405856392368
-0.05999999999999994 0.9684499743494225 1.065969132030713
-0.04666666666666658 1.0546709526359224 1.132971751316222
-0.03333333333333327 0.9858248894624293 1.0372370278454945
-0.019999999999999962 0.8950016271335975 0.9695481851875385
-0.006666666666666654 0.9337900545895983 1.0101040644432153
0.00666666666666671 1.0709045305044522 1.1805562908977645
0.02000000000000013 1.1173164044435069 1.209370589090627
0.03333333333333344 1.0143789335094784 1.083003813531344
0.046666666666666745 0.9481630242121639 1.0371393264125934
0.06000000000000005 1.0325778579030611 1.117751511192187
0.07333333333333336 1.173608300255004 1.3568903295611128
0.08666666666666678 1.1681505693098895 1.2743755455976278
0.10000000000000009 1.0466534553664761 1.1392308397712316
0.1133333333333334 1.0191647004114146 1.1148186973596408
0.1266666666666667 1.1464606091213603 1.251418289094472
0.14 1.2700556717958942 1.4428433037698065
0.15333333333333343 1.2091602965038868 1.3043334259288595
0.16666666666666674 1.0885232284660187 1.1923052500178386
0.18000000000000005 1.1106009612218983 1.2155125442039167
0.19333333333333347 1.271053361436104 1.4261094773097807
0.20666666666666678 1.3547926723923618 1.490647794990225
0.22000000000000008 1.2449742775128136 1.3464207947054985
0.2333333333333334 1.1456075808636867 1.2718691362964694
0.2466666666666667 1.2235156142301815 1.347513720561846
0.2600000000000001 1.3996970845728023 1.6056207267116342
0.27333333333333343 1.4249662284723499 1.5663055024605577
0.28666666666666674 1.2820138571613124 1.3926098151096649
0.30000000000000004 1.222865454024635 1.3526471998211642
0.31333333333333335 1.3567381505509952 1.4759423467351493
0.32666666666666677 1.52438102220459 1.774890803625028
0.3400000000000001 1.4812825029968215 1.6190809500776906
0.3533333333333334 1.327508111994942 1.4625563394902725
0.3666666666666668 1.3242034937204838 1.4625039527202697
0.3800000000000001 1.5062706954359295 1.7120099984311503
0.3933333333333334 1.637437079708439 1.8237264125183321
0.40666666666666673 1.5280351966687262 1.6704410103318121
0.42000000000000004 1.3886719311644231 1.565097793605059
0.43333333333333346 1.4519350936922373 1.6340464715416494
0.44666666666666677 1.665099912928256 1.9072625118290398
0.4600000000000001 1.7335630114813156 1.9461317525047286
0.4733333333333335 1.5723035465089397 1.738321479887893
0.4866666666666668 1.4721235034930071 1.6625776603306894
0.5000000000000001 1.6060255341656768 1.7900428622869358
0.5133333333333334 1.8238506295544294 2.1717013790233604
0.5266666666666667 1.811446349930398 2.03237581628767
0.5400000000000001 1.6227481406271718 1.8225349871283845
0.5533333333333335 1.5834163340282732 1.7855544919611734
0.5666666666666668 1.7832529435255708 2.0274745932941185
0.5800000000000001 1.9724713813442964 2.326302364170714
0.5933333333333334 1.874370739773256 2.107908035617557
0.6066666666666668 1.6884613079622577 1.9328186187543948
0.6200000000000001 1.7264752982558076 1.9749505045006117
0.6333333333333334 1.976654441912191 2.3137498640085377
0.6466666666666668 2.1026566335546026 2.410554547346496
0.6600000000000001 1.9296620512353324 2.1714024816639013
0.6733333333333335 1.7781068401930846 2.0496770597587806
0.6866666666666668 1.902781550483078 2.1727563692118506
0.7000000000000001 2.175784019136112 2.594417472231789
0.7133333333333335 2.2102217362480867 2.5224072051635336
0.7266666666666668 1.9873507409155875 2.246049232165066
0.7400000000000001 1.8992999557788306 2.19039586390767
0.7533333333333334 2.110339533835245 2.3987869570875175
0.7666666666666667 2.368200786353242 2.8831009437570243
0.7800000000000001 2.2965266873568067 2.6262018580678825
0.7933333333333334 2.0586509795371217 2.3739996249164674
0.8066666666666668 2.0579950037099004 2.376577059316843
0.8200000000000002 2.342743967945468 2.78033049165147
0.8333333333333335 2.5421353734881333 2.951301329932351
0.8466666666666668 2.368451960218606 2.696125991390443
0.8600000000000001 2.1547057155034843 2.5238623837440124
0.8733333333333334 2.2576332155701717 2.636895528432481
0.8866666666666668 2.5889355333501096 3.0750624781470517
0.9000000000000001 2.6896193186265975 3.1290882690885633
0.9133333333333334 2.437111486154478 2.794631988267273
0.9266666666666667 2.285699234475751 2.6764191772806383
0.9400000000000001 2.4979610058994766 2.8992692684229926
0.9533333333333335 2.8342844744867346 3.454606998861152
0.9666666666666668 2.8089431247985335 3.2768882532691714
0.9800000000000001 2.5159785485817583 2.8715419289234494
0.9933333333333334 2.460133231305546 3.1290357318311206
