-0.9933333333333334 0.4064820503519311 0.4401003030006669
-0.98 0.39745966855070874 0.4041083515791588
-0.9666666666666667 0.35600578422951235 0.3639837238593545
-0.9533333333333334 0.35282273498008415 0.3617692858885772
-0.94 0.40032650535307923 0.4221757519727395
-0.9266666666666667 0.4375028809200964 0.45235011235594086
-0.9133333333333333 0.4103218115712467 0.4157649827156575
-0.8999999999999999 0.371799827981095 0.38819772624261467
-0.8866666666666667 0.38625913512260796 0.40291682769287473
-0.8733333333333333 0.44294174673871833 0.4709193596991236
-0.86 0.4641005000380445 0.48418247652338386
-0.8466666666666667 0.4222167123489807 0.43388087788319085
-0.8333333333333333 0.3933700818724979 0.41415894617635524
-0.8200000000000001 0.4268498878590554 0.44517117803527245
-0.8066666666666666 0.48590982883696204 0.5391121158969604
-0.7933333333333333 0.4857549968109915 0.5115171286461389
-0.78 0.43544018256149747 0.45657501547619894
-0.7666666666666666 0.4222614930974185 0.4468480120877145
-0.7533333333333333 0.47385739781059893 0.4962773095275813
-0.74 0.5265097790148362 0.570983355255268
-0.7266666666666667 0.5031824425412151 0.5148802066652067
-0.7133333333333334 0.4524432927247961 0.46734445714333106
-0.7 0.4596044419873287 0.4734774018192287
-0.6866666666666666 0.6255464032358944 0.5561609376342633
-0.6733333333333333 0.6623959018634729 0.584183186846357
-0.6599999999999999 0.6182254578514494 0.529665913359957
-0.6466666666666666 0.5755888260792587 0.5003226310761348
-0.6333333333333333 0.6059053210295138 0.5295608935012814
-0.62 0.679214774176186 0.6277308093348446
-0.6066666666666667 0.6922552061360904 0.6220128914578686
-0.5933333333333333 0.6335123829989846 0.5533606180165882
-0.58 0.6069782048338117 0.5346145556101926
-0.5666666666666667 0.660772942296653 0.5802291192497926
-0.5533333333333333 0.7315458407934703 0.6992690842800273
-0.54 0.7162385739129619 0.6420426764439964
-0.5266666666666666 0.6520450550679698 0.580632407203226
-0.5133333333333333 0.6482905144728343 0.5798186834189578
-0.49999999999999994 0.6226551064890122 0.6767683105112409
-0.48666666666666664 0.6792908323433683 0.7191891238594623
-0.47333333333333333 0.6360095047933627 0.6561027725742558
-0.45999999999999996 0.5768466409222172 0.6084657099553177
-0.4466666666666666 0.6005645620636632 0.6300500515737948
-0.4333333333333333 0.6887360215648651 0.73666387310456
-0.42 0.7201124884561353 0.7574546745122468
-0.4066666666666666 0.6544351872130316 0.6798119026534514
-0.39333333333333326 0.6107104892104064 0.650338613485117
-0.37999999999999995 0.6638912932649151 0.6987448415291564
-0.36666666666666664 0.7551709421868383 0.8433360789297674
-0.35333333333333333 0.7532910653911019 0.791062264548165
-0.33999999999999997 0.675090671750239 0.7026393184540649
-0.3266666666666666 0.656003968452573 0.693232362926117
-0.3133333333333333 0.7370619007019764 0.7717417703544733
-0.3 0.8177514514854016 0.9151797371533283
-0.2866666666666666 0.7800227699677444 0.8295014751075575
-0.27333333333333326 0.7017710174591715 0.7651817780264405
-0.25999999999999995 0.7144402964197131 0.7874455194483854
-0.24666666666666665 0.8173169090524328 0.9337452786192741
-0.23333333333333328 0.8728992516321238 0.9875733171582244
-0.21999999999999992 0.8032294466338534 0.9019610948315131
-0.2066666666666666 0.7381203193505238 0.8638516037567497
-0.1933333333333333 0.7867490306387674 0.9302508683523761
-0.17999999999999994 0.9004134112217832 1.1060205069263422
-0.16666666666666657 0.918675848019551 1.10903888530552
-0.15333333333333327 0.827020208066172 1.0006085630962849
-0.13999999999999996 0.7873670597336668 0.9871216047627294
-0.12666666666666665 0.8722497677145612 1.0914346759279674
-0.11333333333333329 0.9811956787713725 1.3301916502338418
-0.09999999999999992 0.955426072376418 1.2213582813795787
-0.08666666666666661 0.85605402785599 1.1050546822509135
-0.0733333333333333 0.8520730466738504 1.1039721283112591
-0.05999999999999994 0.9684499743494225 1.289411449180919
-0.04666666666666658 1.0546709526359224 1.3735274466648497
-0.03333333333333327 0.9858248894624293 1.2575218742376268
-0.019999999999999962 0.8950016271335975 1.1723164587418902
-0.006666666666666654 0.9337900545895983 1.2164857680920336
0.00666666666666671 1.0709045305044522 1.4138810986105523
0.02000000000000013 1.1173164044435069 1.4407538457207283
0.03333333333333344 1.0143789335094784 1.2860998401111337
0.046666666666666745 0.9481630242121639 1.2303518797730955
0.06000000000000005 1.0325778579030611 1.3287701086958723
0.07333333333333336 1.173608300255004 1.6196334276550408
0.08666666666666678 1.1681505693098895 1.5324338297887987
0.10000000000000009 1.0466534553664761 1.374377614553934
0.1133333333333334 1.0191647004114146 1.317749309564943
0.1266666666666667 1.1464606091213603 1.4466538568902052
0.14 1.2700556717958942 1.4910414621543935
0.15333333333333343 1.2091602965038868 1.363750342404684
0.16666666666666674 1.0885232284660187 1.2262154887157284
0.18000000000000005 1.1106009612218983 1.2265574270885926
0.19333333333333347 1.271053361436104 1.4296661070535168
0.20666666666666678 1.3547926723923618 1.4931664711232127
0.22000000000000008 1.2449742775128136 1.3501592254236838
0.2333333333333334 1.1456075808636867 1.2747994119526718
0.2466666666666667 1.2235156142301815 1.3489270765189936
0.2600000000000001 1.3996970845728023 1.605666636492963
0.27333333333333343 1.4249662284723499 1.5660018481315046
0.28666666666666674 1.2820138571613124 1.3923538970928853
0.30000000000000004 1.222865454024635 1.3525298436833761
0.31333333333333335 1.3567381505509952 1.475953765469406
0.32666666666666677 1.52438102220459 1.7749497770437692
0.3400000000000001 1.4812825029968215 1.6191212994456123
0.3533333333333334 1.327508111994942 1.462574540432329
0.3666666666666668 1.3242034937204838 1.4625048008230561
0.3800000000000001 1.5062706954359295 1.7120013950989632
0.3933333333333334 1.637437079708439 1.8237104010953376
0.40666666666666673 1.5280351966687262 1.67042596972083
0.42000000000000004 1.3886719311644231 1.565086865515291
0.43333333333333346 1.4519350936922373 1.6340402994898064
0.44666666666666677 1.665099912928256 1.9072613192071832
0.4600000000000001 1.7335630114813156 1.9461341087175636
0.4733333333333335 1.5723035465089397 1.73832427345527
0.4866666666666668 1.4721235034930071 1.6625798561564873
0.5000000000000001 1.6060255341656768 1.790043867589978
0.5133333333333334 1.8238506295544294 2.1717009863042955
0.5266666666666667 1.811446349930398 2.032375068241776
0.5400000000000001 1.6227481406271718 1.8225343338518358
0.5533333333333335 1.5834163340282732 1.7855540709709552
0.5666666666666668 1.7832529435255708 2.0274744919127303
0.5800000000000001 1.9724713813442964 2.326302486232824
0.5933333333333334 1.874370739773256 2.1079081613866397
0.6066666666666668 1.6884613079622577 1.932818755243945
0.6200000000000001 1.7264752982558076 1.974950641115732
0.6333333333333334 1.976654441912191 2.3137499810647277
0.6466666666666668 2.1026566335546026 2.410554625489154
0.6600000000000001 1.9296620512353324 2.171402516578963
0.6733333333333335 1.7781068401930846 2.0496770592669407
0.6866666666666668 1.902781550483078 2.172756350043791
0.7000000000000001 2.175784019136112 2.5944174396798805
0.7133333333333335 2.2102217362480867 2.5224071817677007
0.7266666666666668 1.9873507409155875 2.24604921928675
0.7400000000000001 1.8992999557788306 2.1903958603771807
0.7533333333333334 2.110339533835245 2.3987869604079313
0.7666666666666667 2.368200786353242 2.8831009502086786
0.7800000000000001 2.2965266873568067 2.6262018632259583
0.7933333333333334 2.0586509795371217 2.3739996276076756
0.8066666666666668 2.0579950037099004 2.376577059658624
0.8200000000000002 2.342743967945468 2.780330490155375
0.8333333333333335 2.5421353734881333 2.951301327136763
0.8466666666666668 2.368451960218606 2.696125988790903
0.8600000000000001 2.1547057155034843 2.523862381785879
0.8733333333333334 2.2576332155701717 2.6368955271324284
0.8866666666666668 2.5889355333501096 3.0750624774884043
0.9000000000000001 2.6896193186265975 3.129088269061519
0.9133333333333334 2.437111486154478 2.794631988507729
0.9266666666666667 2.285699234475751 2.6764191776460473
0.9400000000000001 2.4979610058994766 2.899269268750542
0.9533333333333335 2.8342844744867346 3.4546069991089663
0.9666666666666668 2.8089431247985335 3.2768882533316988
0.9800000000000001 2.5159785485817583 2.8715419288781523
0.9933333333333334 2.460133231305546 3.129035731728945
